32601;POLYGON((203238718 424201172,203238718 424201172,203238718 424201172,203238718 424201172,203238718 424201172))
32602;POLYGON((169461503 331169357,169461503 331169357,169461503 331169357,169461503 331169357,169461503 331169357))
32603;POLYGON((141136116 256963315,141136116 256963315,141136116 256963315,141136116 256963315,141136116 256963315))
32604;POLYGON((117464478 198160505,117464478 198160505,117464478 198160505,117464478 198160505,117464478 198160505))
32605;POLYGON((97748179 151881095,97748179 151881095,97748179 151881095,97748179 151881095,97748179 151881095))
32606;POLYGON((81378548 115715911,81378548 115715911,81378548 115715911,81378548 115715911,81378548 115715911))
32607;POLYGON((67827431 87661895,67827431 87661895,67827431 87661895,67827431 87661895,67827431 87661895))
32608;POLYGON((56638640 66064534,56638640 66064534,56638640 66064534,56638640 66064534,56638640 66064534))
32609;POLYGON((47420047 49566730,47420047 49566730,47420047 49566730,47420047 49566730,47420047 49566730))
32610;POLYGON((39836304 37063613,39836304 37063613,39836304 37063613,39836304 37063613,39836304 37063613))
32611;POLYGON((33602153 27662786,33602153 27662786,33602153 27662786,33602153 27662786,33602153 27662786))
32612;POLYGON((28476302 20649574,28476302 20649574,28476302 20649574,28476302 20649574,28476302 20649574))
32613;POLYGON((24255854 15456795,24255854 15456795,24255854 15456795,24255854 15456795,24255854 15456795))
32614;POLYGON((20771233 11638669,20771233 11638669,20771233 11638669,20771233 11638669,20771233 11638669))
32615;POLYGON((17881616 8848426,17881616 8848426,17881616 8848426,17881616 8848426,17881616 8848426))
32616;POLYGON((15470819 6819265,15470819 6819265,15470819 6819265,15470819 6819265,15470819 6819265))
32617;POLYGON((13443616 5348286,13443616 5348286,13443616 5348286,13443616 5348286,13443616 5348286))
32618;POLYGON((11722476 4283061,11722476 4283061,11722476 4283061,11722476 4283061,11722476 4283061))
32619;POLYGON((10244676 3510535,10244676 3510535,10244676 3510535,10244676 3510535,10244676 3510535))
32620;POLYGON((8959773 2947947,8959773 2947947,8959773 2947947,8959773 2947947,8959773 2947947))
32621;POLYGON((7827409 2535512,7827409 2535512,7827409 2535512,7827409 2535512,7827409 2535512))
32622;POLYGON((6815414 2230600,6815414 2230600,6815414 2230600,6815414 2230600,6815414 2230600))
32623;POLYGON((5898189 2003185,5898189 2003185,5898189 2003185,5898189 2003185,5898189 2003185))
32624;POLYGON((5055346 1832348,5055346 1832348,5055346 1832348,5055346 1832348,5055346 1832348))
32625;POLYGON((4270559 1703648,4270559 1703648,4270559 1703648,4270559 1703648,4270559 1703648))
32626;POLYGON((3530629 1607196,3530629 1607196,3530629 1607196,3530629 1607196,3530629 1607196))
32627;POLYGON((2824708 1536272,2824708 1536272,2824708 1536272,2824708 1536272,2824708 1536272))
32628;POLYGON((2143673 1486367,2143673 1486367,2143673 1486367,2143673 1486367,2143673 1486367))
32629;POLYGON((1479622 1454548,1479622 1454548,1479622 1454548,1479622 1454548,1479622 1454548))
32630;POLYGON((825458 1439053,825458 1439053,825458 1439053,825458 1439053,825458 1439053))
32631;POLYGON((174541 1439053,174541 1439053,174541 1439053,174541 1439053,174541 1439053))
32632;POLYGON((-479622 1454548,-479622 1454548,-479622 1454548,-479622 1454548,-479622 1454548))
32633;POLYGON((-1143673 1486367,-1143673 1486367,-1143673 1486367,-1143673 1486367,-1143673 1486367))
32634;POLYGON((-1824708 1536272,-1824708 1536272,-1824708 1536272,-1824708 1536272,-1824708 1536272))
32635;POLYGON((-2530629 1607196,-2530629 1607196,-2530629 1607196,-2530629 1607196,-2530629 1607196))
32636;POLYGON((-3270559 1703648,-3270559 1703648,-3270559 1703648,-3270559 1703648,-3270559 1703648))
32637;POLYGON((-4055346 1832348,-4055346 1832348,-4055346 1832348,-4055346 1832348,-4055346 1832348))
32638;POLYGON((-4898189 2003185,-4898189 2003185,-4898189 2003185,-4898189 2003185,-4898189 2003185))
32639;POLYGON((-5815414 2230600,-5815414 2230600,-5815414 2230600,-5815414 2230600,-5815414 2230600))
32640;POLYGON((-6827409 2535512,-6827409 2535512,-6827409 2535512,-6827409 2535512,-6827409 2535512))
32641;POLYGON((-7959773 2947947,-7959773 2947947,-7959773 2947947,-7959773 2947947,-7959773 2947947))
32642;POLYGON((-9244676 3510535,-9244676 3510535,-9244676 3510535,-9244676 3510535,-9244676 3510535))
32643;POLYGON((-10722476 4283061,-10722476 4283061,-10722476 4283061,-10722476 4283061,-10722476 4283061))
32644;POLYGON((-12443616 5348286,-12443616 5348286,-12443616 5348286,-12443616 5348286,-12443616 5348286))
32645;POLYGON((-14470819 6819265,-14470819 6819265,-14470819 6819265,-14470819 6819265,-14470819 6819265))
32646;POLYGON((-16881616 8848426,-16881616 8848426,-16881616 8848426,-16881616 8848426,-16881616 8848426))
32647;POLYGON((-19771233 11638669,-19771233 11638669,-19771233 11638669,-19771233 11638669,-19771233 11638669))
32648;POLYGON((-23255854 15456795,-23255854 15456795,-23255854 15456795,-23255854 15456795,-23255854 15456795))
32649;POLYGON((-27476302 20649574,-27476302 20649574,-27476302 20649574,-27476302 20649574,-27476302 20649574))
32650;POLYGON((-32602153 27662786,-32602153 27662786,-32602153 27662786,-32602153 27662786,-32602153 27662786))
32651;POLYGON((-38836304 37063613,-38836304 37063613,-38836304 37063613,-38836304 37063613,-38836304 37063613))
32652;POLYGON((-46420047 49566730,-46420047 49566730,-46420047 49566730,-46420047 49566730,-46420047 49566730))
32653;POLYGON((-55638640 66064534,-55638640 66064534,-55638640 66064534,-55638640 66064534,-55638640 66064534))
32654;POLYGON((-66827431 87661895,-66827431 87661895,-66827431 87661895,-66827431 87661895,-66827431 87661895))
32655;POLYGON((-80378548 115715911,-80378548 115715911,-80378548 115715911,-80378548 115715911,-80378548 115715911))
32656;POLYGON((-96748179 151881095,-96748179 151881095,-96748179 151881095,-96748179 151881095,-96748179 151881095))
32657;POLYGON((-116464478 198160505,-116464478 198160505,-116464478 198160505,-116464478 198160505,-116464478 198160505))
32658;POLYGON((-140136116 256963315,-140136116 256963315,-140136116 256963315,-140136116 256963315,-140136116 256963315))
32659;POLYGON((-168461503 331169357,-168461503 331169357,-168461503 331169357,-168461503 331169357,-168461503 331169357))
32660;POLYGON((-202238718 424201172,-202238718 424201172,-202238718 424201172,-202238718 424201172,-202238718 424201172))
