32601;POLYGON((220619949 408167906,220619949 408167906,220619949 408167906,220619949 408167906,220619949 408167906))
32602;POLYGON((183364412 318467529,183364412 318467529,183364412 318467529,183364412 318467529,183364412 318467529))
32603;POLYGON((152185178 246945735,152185178 246945735,152185178 246945735,152185178 246945735,152185178 246945735))
32604;POLYGON((126186504 190293861,126186504 190293861,126186504 190293861,126186504 190293861,126186504 190293861))
32605;POLYGON((104585086 145728360,104585086 145728360,104585086 145728360,104585086 145728360,104585086 145728360))
32606;POLYGON((86698826 110921039,86698826 110921039,86698826 110921039,86698826 110921039,86698826 110921039))
32607;POLYGON((71936387 83936568,71936387 83936568,71936387 83936568,71936387 83936568,71936387 83936568))
32608;POLYGON((59787516 63176748,59787516 63176748,59787516 63176748,59787516 63176748,59787516 63176748))
32609;POLYGON((49814102 47331017,49814102 47331017,49814102 47331017,49814102 47331017,49814102 47331017))
32610;POLYGON((41641935 35332701,41641935 35332701,41641935 35332701,41641935 35332701,41641935 35332701))
32611;POLYGON((34953141 26320545,34953141 26320545,34953141 26320545,34953141 26320545,34953141 26320545))
32612;POLYGON((29479261 19605074,29479261 19605074,29479261 19605074,29479261 19605074,29479261 19605074))
32613;POLYGON((24994945 14639349,24994945 14639349,24994945 14639349,24994945 14639349,24994945 14639349))
32614;POLYGON((21312231 10993710,21312231 10993710,21312231 10993710,21312231 10993710,21312231 10993710))
32615;POLYGON((18275375 8334125,18275375 8334125,18275375 8334125,18275375 8334125,18275375 8334125))
32616;POLYGON((15756211 6403766,15756211 6403766,15756211 6403766,15756211 6403766,15756211 6403766))
32617;POLYGON((13649998 5007470,13649998 5007470,13649998 5007470,13649998 5007470,13649998 5007470))
32618;POLYGON((11871740 3998758,11871740 3998758,11871740 3998758,11871740 3998758,11871740 3998758))
32619;POLYGON((10352935 3269105,10352935 3269105,10352935 3269105,10352935 3269105,10352935 3269105))
32620;POLYGON((9038728 2739168,9038728 2739168,9038728 2739168,9038728 2739168,9038728 2739168))
32621;POLYGON((7885444 2351718,7885444 2351718,7885444 2351718,7885444 2351718,7885444 2351718))
32622;POLYGON((6858458 2066017,6858458 2066017,6858458 2066017,6858458 2066017,6858458 2066017))
32623;POLYGON((5930390 1853432,5930390 1853432,5930390 1853432,5930390 1853432,5930390 1853432))
32624;POLYGON((5079571 1694060,5079571 1694060,5079571 1694060,5079571 1694060,5079571 1694060))
32625;POLYGON((4288776 1574199,4288776 1574199,4288776 1574199,4288776 1574199,4288776 1574199))
32626;POLYGON((3544179 1484488,3544179 1484488,3544179 1484488,3544179 1484488,3544179 1484488))
32627;POLYGON((2834494 1418584,2834494 1418584,2834494 1418584,2834494 1418584,2834494 1418584))
32628;POLYGON((2150294 1372243,2150294 1372243,2150294 1372243,2150294 1372243,2150294 1372243))
32629;POLYGON((1483456 1342711,1483456 1342711,1483456 1342711,1483456 1342711,1483456 1342711))
32630;POLYGON((826714 1328333,826714 1328333,826714 1328333,826714 1328333,826714 1328333))
32631;POLYGON((173285 1328333,173285 1328333,173285 1328333,173285 1328333,173285 1328333))
32632;POLYGON((-483456 1342711,-483456 1342711,-483456 1342711,-483456 1342711,-483456 1342711))
32633;POLYGON((-1150294 1372243,-1150294 1372243,-1150294 1372243,-1150294 1372243,-1150294 1372243))
32634;POLYGON((-1834494 1418584,-1834494 1418584,-1834494 1418584,-1834494 1418584,-1834494 1418584))
32635;POLYGON((-2544179 1484488,-2544179 1484488,-2544179 1484488,-2544179 1484488,-2544179 1484488))
32636;POLYGON((-3288776 1574199,-3288776 1574199,-3288776 1574199,-3288776 1574199,-3288776 1574199))
32637;POLYGON((-4079571 1694060,-4079571 1694060,-4079571 1694060,-4079571 1694060,-4079571 1694060))
32638;POLYGON((-4930390 1853432,-4930390 1853432,-4930390 1853432,-4930390 1853432,-4930390 1853432))
32639;POLYGON((-5858458 2066017,-5858458 2066017,-5858458 2066017,-5858458 2066017,-5858458 2066017))
32640;POLYGON((-6885444 2351718,-6885444 2351718,-6885444 2351718,-6885444 2351718,-6885444 2351718))
32641;POLYGON((-8038728 2739168,-8038728 2739168,-8038728 2739168,-8038728 2739168,-8038728 2739168))
32642;POLYGON((-9352935 3269105,-9352935 3269105,-9352935 3269105,-9352935 3269105,-9352935 3269105))
32643;POLYGON((-10871740 3998758,-10871740 3998758,-10871740 3998758,-10871740 3998758,-10871740 3998758))
32644;POLYGON((-12649998 5007470,-12649998 5007470,-12649998 5007470,-12649998 5007470,-12649998 5007470))
32645;POLYGON((-14756211 6403766,-14756211 6403766,-14756211 6403766,-14756211 6403766,-14756211 6403766))
32646;POLYGON((-17275375 8334125,-17275375 8334125,-17275375 8334125,-17275375 8334125,-17275375 8334125))
32647;POLYGON((-20312231 10993710,-20312231 10993710,-20312231 10993710,-20312231 10993710,-20312231 10993710))
32648;POLYGON((-23994945 14639349,-23994945 14639349,-23994945 14639349,-23994945 14639349,-23994945 14639349))
32649;POLYGON((-28479261 19605074,-28479261 19605074,-28479261 19605074,-28479261 19605074,-28479261 19605074))
32650;POLYGON((-33953141 26320545,-33953141 26320545,-33953141 26320545,-33953141 26320545,-33953141 26320545))
32651;POLYGON((-40641935 35332701,-40641935 35332701,-40641935 35332701,-40641935 35332701,-40641935 35332701))
32652;POLYGON((-48814102 47331017,-48814102 47331017,-48814102 47331017,-48814102 47331017,-48814102 47331017))
32653;POLYGON((-58787516 63176748,-58787516 63176748,-58787516 63176748,-58787516 63176748,-58787516 63176748))
32654;POLYGON((-70936387 83936568,-70936387 83936568,-70936387 83936568,-70936387 83936568,-70936387 83936568))
32655;POLYGON((-85698826 110921039,-85698826 110921039,-85698826 110921039,-85698826 110921039,-85698826 110921039))
32656;POLYGON((-103585086 145728360,-103585086 145728360,-103585086 145728360,-103585086 145728360,-103585086 145728360))
32657;POLYGON((-125186504 190293861,-125186504 190293861,-125186504 190293861,-125186504 190293861,-125186504 190293861))
32658;POLYGON((-151185178 246945735,-151185178 246945735,-151185178 246945735,-151185178 246945735,-151185178 246945735))
32659;POLYGON((-182364412 318467529,-182364412 318467529,-182364412 318467529,-182364412 318467529,-182364412 318467529))
32660;POLYGON((-219619949 408167906,-219619949 408167906,-219619949 408167906,-219619949 408167906,-219619949 408167906))
