32601;POLYGON((237231275 388600407,237231275 388600407,237231275 388600407,237231275 388600407,237231275 388600407))
32602;POLYGON((196647021 303043899,196647021 303043899,196647021 303043899,196647021 303043899,196647021 303043899))
32603;POLYGON((162737308 234849009,162737308 234849009,162737308 234849009,162737308 234849009,162737308 234849009))
32604;POLYGON((134512752 180852565,134512752 180852565,134512752 180852565,134512752 180852565,134512752 180852565))
32605;POLYGON((111108670 138393814,111108670 138393814,111108670 138393814,111108670 138393814,111108670 138393814))
32606;POLYGON((91772576 105247635,91772576 105247635,91772576 105247635,91772576 105247635,91772576 105247635))
32607;POLYGON((75852575 79564714,75852575 79564714,75852575 79564714,75852575 79564714,75852575 79564714))
32608;POLYGON((62786604 59818202,62786604 59818202,62786604 59818202,62786604 59818202,62786604 59818202))
32609;POLYGON((52092489 44756333,52092489 44756333,52092489 44756333,52092489 44756333,52092489 44756333))
32610;POLYGON((43358788 33360554,43358788 33360554,43358788 33360554,43358788 33360554,43358788 33360554))
32611;POLYGON((36236386 24808709,36236386 24808709,36236386 24808709,36236386 24808709,36236386 24808709))
32612;POLYGON((30430806 18442847,30430806 18442847,30430806 18442847,30430806 18442847,30430806 18442847))
32613;POLYGON((25695202 13741237,25695202 13741237,25695202 13741237,25695202 13741237,25695202 13741237))
32614;POLYGON((21824012 10294206,21824012 10294206,21824012 10294206,21824012 10294206,21824012 10294206))
32615;POLYGON((18647215 7783424,18647215 7783424,18647215 7783424,18647215 7783424,18647215 7783424))
32616;POLYGON((16025182 5964285,16025182 5964285,16025182 5964285,16025182 5964285,16025182 5964285))
32617;POLYGON((13844077 4651044,13844077 4651044,13844077 4651044,13844077 4651044,13844077 4651044))
32618;POLYGON((12011770 3704404,12011770 3704404,12011770 3704404,12011770 3704404,12011770 3704404))
32619;POLYGON((10454239 3021262,10454239 3021262,10454239 3021262,10454239 3021262,10454239 3021262))
32620;POLYGON((9112418 2526326,9112418 2526326,9112418 2526326,9112418 2526326,9112418 2526326))
32621;POLYGON((7939470 2165362,7939470 2165362,7939470 2165362,7939470 2165362,7939470 2165362))
32622;POLYGON((6898434 1899825,6898434 1899825,6898434 1899825,6898434 1899825,6898434 1899825))
32623;POLYGON((5960231 1702675,5960231 1702675,5960231 1702675,5960231 1702675,5960231 1702675))
32624;POLYGON((5101981 1555152,5101981 1555152,5101981 1555152,5101981 1555152,5101981 1555152))
32625;POLYGON((4305605 1444374,4305605 1444374,4305605 1444374,4305605 1444374,4305605 1444374))
32626;POLYGON((3556682 1361562,3556682 1361562,3556682 1361562,3556682 1361562,3556682 1361562))
32627;POLYGON((2843517 1300780,2843517 1300780,2843517 1300780,2843517 1300780,2843517 1300780))
32628;POLYGON((2156396 1258069,2156396 1258069,2156396 1258069,2156396 1258069,2156396 1258069))
32629;POLYGON((1486989 1230861,1486989 1230861,1486989 1230861,1486989 1230861,1486989 1230861))
32630;POLYGON((827871 1217618,827871 1217618,827871 1217618,827871 1217618,827871 1217618))
32631;POLYGON((172128 1217618,172128 1217618,172128 1217618,172128 1217618,172128 1217618))
32632;POLYGON((-486989 1230861,-486989 1230861,-486989 1230861,-486989 1230861,-486989 1230861))
32633;POLYGON((-1156396 1258069,-1156396 1258069,-1156396 1258069,-1156396 1258069,-1156396 1258069))
32634;POLYGON((-1843517 1300780,-1843517 1300780,-1843517 1300780,-1843517 1300780,-1843517 1300780))
32635;POLYGON((-2556682 1361562,-2556682 1361562,-2556682 1361562,-2556682 1361562,-2556682 1361562))
32636;POLYGON((-3305605 1444374,-3305605 1444374,-3305605 1444374,-3305605 1444374,-3305605 1444374))
32637;POLYGON((-4101981 1555152,-4101981 1555152,-4101981 1555152,-4101981 1555152,-4101981 1555152))
32638;POLYGON((-4960231 1702675,-4960231 1702675,-4960231 1702675,-4960231 1702675,-4960231 1702675))
32639;POLYGON((-5898434 1899825,-5898434 1899825,-5898434 1899825,-5898434 1899825,-5898434 1899825))
32640;POLYGON((-6939470 2165362,-6939470 2165362,-6939470 2165362,-6939470 2165362,-6939470 2165362))
32641;POLYGON((-8112418 2526326,-8112418 2526326,-8112418 2526326,-8112418 2526326,-8112418 2526326))
32642;POLYGON((-9454239 3021262,-9454239 3021262,-9454239 3021262,-9454239 3021262,-9454239 3021262))
32643;POLYGON((-11011770 3704404,-11011770 3704404,-11011770 3704404,-11011770 3704404,-11011770 3704404))
32644;POLYGON((-12844077 4651044,-12844077 4651044,-12844077 4651044,-12844077 4651044,-12844077 4651044))
32645;POLYGON((-15025182 5964285,-15025182 5964285,-15025182 5964285,-15025182 5964285,-15025182 5964285))
32646;POLYGON((-17647215 7783424,-17647215 7783424,-17647215 7783424,-17647215 7783424,-17647215 7783424))
32647;POLYGON((-20824012 10294206,-20824012 10294206,-20824012 10294206,-20824012 10294206,-20824012 10294206))
32648;POLYGON((-24695202 13741237,-24695202 13741237,-24695202 13741237,-24695202 13741237,-24695202 13741237))
32649;POLYGON((-29430806 18442847,-29430806 18442847,-29430806 18442847,-29430806 18442847,-29430806 18442847))
32650;POLYGON((-35236386 24808709,-35236386 24808709,-35236386 24808709,-35236386 24808709,-35236386 24808709))
32651;POLYGON((-42358788 33360554,-42358788 33360554,-42358788 33360554,-42358788 33360554,-42358788 33360554))
32652;POLYGON((-51092489 44756333,-51092489 44756333,-51092489 44756333,-51092489 44756333,-51092489 44756333))
32653;POLYGON((-61786604 59818202,-61786604 59818202,-61786604 59818202,-61786604 59818202,-61786604 59818202))
32654;POLYGON((-74852575 79564714,-74852575 79564714,-74852575 79564714,-74852575 79564714,-74852575 79564714))
32655;POLYGON((-90772576 105247635,-90772576 105247635,-90772576 105247635,-90772576 105247635,-90772576 105247635))
32656;POLYGON((-110108670 138393814,-110108670 138393814,-110108670 138393814,-110108670 138393814,-110108670 138393814))
32657;POLYGON((-133512752 180852565,-133512752 180852565,-133512752 180852565,-133512752 180852565,-133512752 180852565))
32658;POLYGON((-161737308 234849009,-161737308 234849009,-161737308 234849009,-161737308 234849009,-161737308 234849009))
32659;POLYGON((-195647021 303043899,-195647021 303043899,-195647021 303043899,-195647021 303043899,-195647021 303043899))
32660;POLYGON((-236231275 388600407,-236231275 388600407,-236231275 388600407,-236231275 388600407,-236231275 388600407))
