32601;POLYGON((304053677 243224490,304053677 243224490,304053677 243224490,304053677 243224490,304053677 243224490))
32602;POLYGON((250040460 189339453,250040460 189339453,250040460 189339453,250040460 189339453,250040460 189339453))
32603;POLYGON((205120592 146438294,205120592 146438294,205120592 146438294,205120592 146438294,205120592 146438294))
32604;POLYGON((167925445 112512891,167925445 112512891,167925445 112512891,167925445 112512891,167925445 112512891))
32605;POLYGON((137260785 85874937,137260785 85874937,137260785 85874937,137260785 85874937,137260785 85874937))
32606;POLYGON((112089168 65113332,112089168 65113332,112089168 65113332,112089168 65113332,112089168 65113332))
32607;POLYGON((91513590 49056037,91513590 49056037,91513590 49056037,91513590 49056037,91513590 49056037))
32608;POLYGON((74762336 36736064,74762336 36736064,74762336 36736064,74762336 36736064,74762336 36736064))
32609;POLYGON((61174990 27361266,61174990 27361266,61174990 27361266,61174990 27361266,61174990 27361266))
32610;POLYGON((50189554 20287659,50189554 20287659,50189554 20287659,50189554 20287659,50189554 20287659))
32611;POLYGON((41330629 14995961,41330629 14995961,41330629 14995961,41330629 14995961,41330629 14995961))
32612;POLYGON((34198608 11071083,34198608 11071083,34198608 11071083,34198608 11071083,34198608 11071083))
32613;POLYGON((28459845 8184316,28459845 8184316,28459845 8184316,28459845 8184316,28459845 8184316))
32614;POLYGON((23837734 6077948,23837734 6077948,23837734 6077948,23837734 6077948,23837734 6077948))
32615;POLYGON((20104675 4552085,20104675 4552085,20104675 4552085,20104675 4552085,20104675 4552085))
32616;POLYGON((17074850 3453445,17074850 3453445,17074850 3453445,17074850 3453445,17074850 3453445))
32617;POLYGON((14597794 2665914,14597794 2665914,14597794 2665914,14597794 2665914,14597794 2665914))
32618;POLYGON((12552688 2102665,12552688 2102665,12552688 2102665,12552688 2102665,12552688 2102665))
32619;POLYGON((10843339 1699647,10843339 1699647,10843339 1699647,10843339 1699647,10843339 1699647))
32620;POLYGON((9393799 1410272,9393799 1410272,9393799 1410272,9393799 1410272,9393799 1410272))
32621;POLYGON((8144575 1201142,8144575 1201142,8144575 1201142,8144575 1201142,8144575 1201142))
32622;POLYGON((7049375 1048653,7049375 1048653,7049375 1048653,7049375 1048653,7049375 1048653))
32623;POLYGON((6072362 936352,6072362 936352,6072362 936352,6072362 936352,6072362 936352))
32624;POLYGON((5185845 852912,5185845 852912,5185845 852912,5185845 852912,5185845 852912))
32625;POLYGON((4368375 790619,4368375 790619,4368375 790619,4368375 790619,4368375 790619))
32626;POLYGON((3603203 744263,3603203 744263,3603203 744263,3603203 744263,3603203 744263))
32627;POLYGON((2877030 710355,2877030 710355,2877030 710355,2877030 710355,2877030 710355))
32628;POLYGON((2179031 686584,2179031 686584,2179031 686584,2179031 686584,2179031 686584))
32629;POLYGON((1500082 671466,1500082 671466,1500082 671466,1500082 671466,1500082 671466))
32630;POLYGON((832157 664114,832157 664114,832157 664114,832157 664114,832157 664114))
32631;POLYGON((167842 664114,167842 664114,167842 664114,167842 664114,167842 664114))
32632;POLYGON((-500082 671466,-500082 671466,-500082 671466,-500082 671466,-500082 671466))
32633;POLYGON((-1179031 686584,-1179031 686584,-1179031 686584,-1179031 686584,-1179031 686584))
32634;POLYGON((-1877030 710355,-1877030 710355,-1877030 710355,-1877030 710355,-1877030 710355))
32635;POLYGON((-2603203 744263,-2603203 744263,-2603203 744263,-2603203 744263,-2603203 744263))
32636;POLYGON((-3368375 790619,-3368375 790619,-3368375 790619,-3368375 790619,-3368375 790619))
32637;POLYGON((-4185845 852912,-4185845 852912,-4185845 852912,-4185845 852912,-4185845 852912))
32638;POLYGON((-5072362 936352,-5072362 936352,-5072362 936352,-5072362 936352,-5072362 936352))
32639;POLYGON((-6049375 1048653,-6049375 1048653,-6049375 1048653,-6049375 1048653,-6049375 1048653))
32640;POLYGON((-7144575 1201142,-7144575 1201142,-7144575 1201142,-7144575 1201142,-7144575 1201142))
32641;POLYGON((-8393799 1410272,-8393799 1410272,-8393799 1410272,-8393799 1410272,-8393799 1410272))
32642;POLYGON((-9843339 1699647,-9843339 1699647,-9843339 1699647,-9843339 1699647,-9843339 1699647))
32643;POLYGON((-11552688 2102665,-11552688 2102665,-11552688 2102665,-11552688 2102665,-11552688 2102665))
32644;POLYGON((-13597794 2665914,-13597794 2665914,-13597794 2665914,-13597794 2665914,-13597794 2665914))
32645;POLYGON((-16074850 3453445,-16074850 3453445,-16074850 3453445,-16074850 3453445,-16074850 3453445))
32646;POLYGON((-19104675 4552085,-19104675 4552085,-19104675 4552085,-19104675 4552085,-19104675 4552085))
32647;POLYGON((-22837734 6077948,-22837734 6077948,-22837734 6077948,-22837734 6077948,-22837734 6077948))
32648;POLYGON((-27459845 8184316,-27459845 8184316,-27459845 8184316,-27459845 8184316,-27459845 8184316))
32649;POLYGON((-33198608 11071083,-33198608 11071083,-33198608 11071083,-33198608 11071083,-33198608 11071083))
32650;POLYGON((-40330629 14995961,-40330629 14995961,-40330629 14995961,-40330629 14995961,-40330629 14995961))
32651;POLYGON((-49189554 20287659,-49189554 20287659,-49189554 20287659,-49189554 20287659,-49189554 20287659))
32652;POLYGON((-60174990 27361266,-60174990 27361266,-60174990 27361266,-60174990 27361266,-60174990 27361266))
32653;POLYGON((-73762336 36736064,-73762336 36736064,-73762336 36736064,-73762336 36736064,-73762336 36736064))
32654;POLYGON((-90513590 49056037,-90513590 49056037,-90513590 49056037,-90513590 49056037,-90513590 49056037))
32655;POLYGON((-111089168 65113332,-111089168 65113332,-111089168 65113332,-111089168 65113332,-111089168 65113332))
32656;POLYGON((-136260785 85874937,-136260785 85874937,-136260785 85874937,-136260785 85874937,-136260785 85874937))
32657;POLYGON((-166925445 112512891,-166925445 112512891,-166925445 112512891,-166925445 112512891,-166925445 112512891))
32658;POLYGON((-204120592 146438294,-204120592 146438294,-204120592 146438294,-204120592 146438294,-204120592 146438294))
32659;POLYGON((-249040460 189339453,-249040460 189339453,-249040460 189339453,-249040460 189339453,-249040460 189339453))
32660;POLYGON((-303053677 243224490,-303053677 243224490,-303053677 243224490,-303053677 243224490,-303053677 243224490))
