32601;POLYGON((7983127 5855543,8248525 6128533,8565138 5841848,8273534 5567428,7983127 5855543))
32602;POLYGON((7199991 5161341,7458612 5373743,7703308 5085897,7424778 4874827,7199991 5161341))
32603;POLYGON((6440697 4619836,6690917 4785737,6880891 4503541,6615460 4340388,6440697 4619836))
32604;POLYGON((5708009 4196043,5949222 4325996,6097275 4052751,5844331 3926106,5708009 4196043))
32605;POLYGON((5002233 3863861,5234560 3965722,5350160 3702531,5108665 3604019,5002233 3863861))
32606;POLYGON((4321963 3603938,4546024 3683520,4636129 3430171,4404776 3353684,4321963 3603938))
32607;POLYGON((3664656 3402017,3881396 3463590,3951088 3219139,3728419 3160250,3664656 3402017))
32608;POLYGON((3027071 3247681,3237627 3294354,3290586 3057482,3075081 3013010,3027071 3247681))
32609;POLYGON((2405576 3133421,2611187 3167421,2650042 2936645,2440170 2904338,2405576 3133421))
32610;POLYGON((1796355 3053962,1998304 3076831,2024882 2850619,1819133 2828929,1796355 3053962))
32611;POLYGON((1195529 3005787,1395111 3018524,1410608 2795340,1207506 2783273,1195529 3005787))
32612;POLYGON((599218 2986828,797726 2989975,802818 2768300,600913 2765319,599218 2986828))
32613;POLYGON((3551 2996285,202273 2989975,197181 2768300,-4963 2774275,3551 2996285))
32614;POLYGON((-595339 3034557,-395111 3018524,-410608 2795340,-614430 2810533,-595339 3034557))
32615;POLYGON((-1201330 3103274,-998304 3076831,-1024882 2850619,-1231839 2875712,-1201330 3103274))
32616;POLYGON((-1818305 3205443,-1611187 3167421,-1650042 2936645,-1861623 2972804,-1818305 3205443))
32617;POLYGON((-2450110 3345708,-2237627 3294354,-2290586 3057482,-2508309 3106469,-2450110 3345708))
32618;POLYGON((-3100458 3530770,-2881396 3463590,-2951088 3219139,-3176484 3283486,-3100458 3530770))
32619;POLYGON((-3772749 3769986,-3546024 3683520,-3636129 3430171,-3870706 3513434,-3772749 3769986))
32620;POLYGON((-4469800 4076213,-4234560 3965722,-4350160 3702531,-4595336 3809643,-4469800 4076213))
32621;POLYGON((-5193454 4466941,-4949222 4325996,-5097275 4052751,-5354283 4190504,-5193454 4466941))
32622;POLYGON((-5944048 4965811,-5690917 4785737,-5880891 4503541,-6150648 4681223,-5944048 4965811))
32623;POLYGON((-6719731 5604573,-6458612 5373743,-6703308 5085897,-6986237 5316136,-6719731 5604573))
32624;POLYGON((-7515597 6425609,-7248525 6128533,-7565138 5841848,-7860950 6141687,-7515597 6425609))
32625;POLYGON((-8322622 7485104,-8053137 7101293,-8464595 6827959,-8772014 7220215,-8322622 7485104))
32626;POLYGON((-9126385 8856999,-8859983 8359555,-9396613 8119734,-9713046 8634696,-9126385 8856999))
32627;POLYGON((-9905545 10637848,-9650212 9991731,-10351798 9817092,-10672942 10494610,-9905545 10637848))
32628;POLYGON((-10630068 12952723,-10396903 12112662,-11315181 12051063,-11634562 12943089,-10630068 12952723))
32629;POLYGON((-11259164 15962321,-11063097 14870299,-12264766 14991919,-12573208 16165564,-11259164 15962321))
32630;POLYGON((-11738935 19871433,-11599548 18453702,-13169855 18858921,-13454869 20400103,-11738935 19871433))
32631;POLYGON((-11999700 24938956,-11942152 23102519,-13989138 23931902,-14234229 25949655,-11999700 24938956))
32632;POLYGON((-11952977 31489637,-12009051 29118127,-14668524 30564924,-14852408 33196454,-11952977 31489637))
32633;POLYGON((-11488114 39927733,-11697382 36876634,-15138708 39202249,-15234441 42618810,-11488114 39927733))
32634;POLYGON((-10468532 50752819,-10879649 46843944,-15312450 50396872,-15286454 54810569,-10468532 50752819))
32635;POLYGON((-8727574 64577948,-9399707 59593113,-15081560 64831911,-14892549 70503508,-8727574 64577948))
32636;POLYGON((-6063930 82150405,-7068332 75824205,-14313562 83345121,-13911359 90592960,-6063930 82150405))
32637;POLYGON((-2236625 104375298,-3658358 96386914,-12848034 106956848,-12172269 116166984,-2236625 104375298))
32638;POLYGON((3040450 132342239,1100644 122306184,-10492595 136901728,-9471296 148539387,3040450 132342239))
32639;POLYGON((10104504 167355388,7528157 154811103,-7018538 174664471,-5566589 189286945,10104504 167355388))
32640;POLYGON((19350284 210967133,15999001 195367336,-2156086 222020074,-173556 240291168,19350284 210967133))
32641;POLYGON((31237062 265015699,26950130 245713397,4410748 281078813,7040402 303784973,31237062 265015699))
32642;POLYGON((46296145 331666994,40887971 307901042,13049707 354336403,16461585 382404646,46296145 331666994))
32643;POLYGON((-34875813 285715231,-39887971 307901042,-12049707 354336403,-8914811 328167997,-34875813 285715231))
32644;POLYGON((-21994419 227723884,-25950130 245713397,-3410748 281078813,-1010856 259946679,-21994419 227723884))
32645;POLYGON((-11922734 180852725,-14999001 195367336,3156086 222020074,4949665 205046162,-11922734 180852725))
32646;POLYGON((-4178337 143159167,-6528157 154811103,8018538 174664471,9316601 161105116,-4178337 143159167))
32647;POLYGON((1654227 112999925,-100644 122306184,11492595 136901728,12389940 126130336,1654227 112999925))
32648;POLYGON((5930602 88992027,4658358 96386914,13848034 106956848,14425218 98448342,5930602 88992027))
32649;POLYGON((8953246 69977857,8068332 75824205,15313562 83345121,15638525 76662025,8953246 69977857))
32650;POLYGON((10977548 54993930,10399707 59593113,16081560 64831911,16211121 59611945,10977548 54993930))
32651;POLYGON((12217458 43243123,11879649 46843944,16312450 50396872,16293686 46341951,12217458 43243123))
32652;POLYGON((12850656 34070078,12697382 36876634,16138708 39202249,16010209 36068764,12850656 34070078))
32653;POLYGON((13023265 26939536,13009051 29118127,15668524 30564924,15461543 28155203,13023265 26939536))
32654;POLYGON((12854143 21417335,12942152 23102519,14989138 23931902,14728628 22086747,12854143 21417335))
32655;POLYGON((12438768 17153845,12599548 18453702,14169855 18858921,13875411 17451129,12438768 17153845))
32656;POLYGON((11852737 13869615,12063097 14870299,13264766 14991919,12951466 13920683,11852737 13869615))
32657;POLYGON((11154895 11343010,11396903 12112662,12315181 12051063,11994339 11237178,11154895 11343010))
32658;POLYGON((10390124 9399649,10650212 9991731,11351798 9817092,11031624 9198876,10390124 9399649))
32659;POLYGON((9591801 7903440,9859983 8359555,10396613 8119734,10082801 7649582,9591801 7903440))
32660;POLYGON((8783953 6749035,9053137 7101293,9464595 6827959,9160830 6469466,8783953 6749035))
