32701;POLYGON((12793375 10000000,13462121 10000000,13431785 9230761,12766279 9288284,12793375 10000000))
32702;POLYGON((11015404 10000000,11573231 10000000,11551600 9385604,10996065 9426663,11015404 10000000))
32703;POLYGON((9517431 10000000,9990014 10000000,9974529 9496254,9503559 9525691,9517431 10000000))
32704;POLYGON((8234117 10000000,8641427 10000000,8630264 9575752,8224087 9597014,8234117 10000000))
32705;POLYGON((7114872 10000000,7472336 10000000,7464212 9633340,7107547 9648847,7114872 10000000))
32706;POLYGON((6120754 10000000,6440230 10000000,6434255 9675476,6115350 9686902,6120754 10000000))
32707;POLYGON((5221871 10000000,5512457 10000000,5508024 9706611,5217853 9715100,5221871 10000000))
32708;POLYGON((4395241 10000000,4663945 10000000,4660642 9729778,4392247 9736105,4395241 10000000))
32709;POLYGON((3623058 10000000,3875332 10000000,3872882 9747024,3620847 9751709,3623058 10000000))
32710;POLYGON((2891304 10000000,3131474 10000000,3129692 9759720,2889716 9763108,2891304 10000000))
32711;POLYGON((2188658 10000000,2420254 10000000,2419020 9768774,2187588 9771092,2188658 10000000))
32712;POLYGON((1505646 10000000,1731665 10000000,1730901 9774776,1505028 9776166,1505646 10000000))
32713;POLYGON((833978 10000000,1057087 10000000,1056748 9778089,833776 9778633,833978 10000000))
32714;POLYGON((166021 10000000,388719 10000000,388786 9778905,166223 9778633,166021 10000000))
32715;POLYGON((-505646 10000000,-280882 10000000,-280405 9777268,-505028 9776166,-505646 10000000))
32716;POLYGON((-1188658 10000000,-959235 10000000,-958320 9773088,-1187588 9771092,-1188658 10000000))
32717;POLYGON((-1891304 10000000,-1654353 10000000,-1652947 9766119,-1889716 9763108,-1891304 10000000))
32718;POLYGON((-2623058 10000000,-2375253 10000000,-2373265 9755930,-2620847 9751709,-2623058 10000000))
32719;POLYGON((-3395241 10000000,-3132555 10000000,-3129845 9741837,-3392247 9736105,-3395241 10000000))
32720;POLYGON((-4221871 10000000,-3939270 10000000,-3935627 9722798,-4217853 9715100,-4221871 10000000))
32721;POLYGON((-5120754 10000000,-4811803 10000000,-4806911 9697243,-5115350 9686902,-5120754 10000000))
32722;POLYGON((-6114872 10000000,-5771236 10000000,-5764625 9662838,-6107547 9648847,-6114872 10000000))
32723;POLYGON((-7234117 10000000,-6844941 10000000,-6835919 9616132,-7224087 9597014,-7234117 10000000))
32724;POLYGON((-8517431 10000000,-8068578 10000000,-8056140 9552077,-8503559 9525691,-8517431 10000000))
32725;POLYGON((-10015404 10000000,-9488537 10000000,-9471238 9463387,-9996065 9426663,-10015404 10000000))
32726;POLYGON((-11793375 10000000,-11164860 10000000,-11140654 9339677,-11766279 9288284,-11793375 10000000))
32727;POLYGON((-13935104 10000000,-13174723 10000000,-13140757 9166368,-13897074 9094283,-13935104 10000000))
32728;POLYGON((-16547061 10000000,-15616510 10000000,-15568861 8923289,-16493750 8822254,-16547061 10000000))
32729;POLYGON((-19763381 10000000,-18614538 10000000,-18547893 8582933,-19688927 8441791,-19763381 10000000))
32730;POLYGON((-23751552 10000000,-22324500 10000000,-22231757 8108312,-23648155 7912190,-23751552 10000000))
32731;POLYGON((-28718872 10000000,-26939655 10000000,-26811445 7450346,-28576286 7179672,-28718872 10000000))
32732;POLYGON((-34919750 10000000,-32697845 10000000,-32521962 6544726,-34724676 6174052,-34919750 10000000))
32733;POLYGON((-42663882 10000000,-39889371 10000000,-39650090 5308176,-42399254 4804788,-42663882 10000000))
32734;POLYGON((-52325378 10000000,-48865797 10000000,-48543079 3634049,-51969517 2956334,-52325378 10000000))
32735;POLYGON((-64352870 10000000,-60049728 10000000,-59618289 1387163,-63878514 482712,-64352870 10000000))
32736;POLYGON((-79280678 10000000,-73945613 10000000,-73373851 -1602180,-78653851 -2798771,-79280678 10000000))
32737;POLYGON((-97741075 10000000,-91151643 10000000,-90400395 -5545114,-96919791 -7114767,-97741075 10000000))
32738;POLYGON((-120477699 10000000,-112372768 10000000,-111393904 -10702118,-119410489 -12744153,-120477699 10000000))
32739;POLYGON((-148360186 10000000,-138434924 10000000,-137169732 -17392051,-146984418 -20027459,-148360186 10000000))
32740;POLYGON((-182400052 10000000,-170300489 10000000,-168677861 -26002382,-180640045 -29377521,-182400052 10000000))
32741;POLYGON((-223767904 10000000,-209085042 10000000,-207019428 -37000735,-221532795 -41291492,-223767904 10000000))
32742;POLYGON((-273812009 10000000,-256075481 10000000,-253464593 -50947861,-270993376 -56364305,-273812009 10000000))
32743;POLYGON((-334078293 10000000,-312749534 10000000,-309471787 -68512132,-330547501 -75303714,-334078293 10000000))
32744;POLYGON((335078293 10000000,357736975 10000000,353936301 -82616736,331547501 -75303714,335078293 10000000))
32745;POLYGON((274812009 10000000,293682532 10000000,290641886 -62209307,271993376 -56364305,274812009 10000000))
32746;POLYGON((224767904 10000000,240413169 10000000,237996540 -45932304,222532795 -41291492,224767904 10000000))
32747;POLYGON((183400052 10000000,196312376 10000000,194404913 -33036736,181640045 -29377521,183400052 10000000))
32748;POLYGON((149360186 10000000,159968293 10000000,158473558 -22891813,147984418 -20027459,149360186 10000000))
32749;POLYGON((121477699 10000000,130153226 10000000,128990726 -14969363,120410489 -12744153,121477699 10000000))
32750;POLYGON((98741075 10000000,105804608 10000000,104907582 -8829846,97919791 -7114767,98741075 10000000))
32751;POLYGON((80280678 10000000,86007338 10000000,85320793 -4109879,79653851 -2798771,80280678 10000000))
32752;POLYGON((65352870 10000000,69977465 10000000,69456427 -511139,64878514 482712,65352870 10000000))
32753;POLYGON((53325378 10000000,57047143 10000000,56655120 2209458,52969517 2956334,53325378 10000000))
32754;POLYGON((43663882 10000000,46650822 10000000,46358446 4248406,43399254 4804788,43663882 10000000))
32755;POLYGON((35919750 10000000,38312598 10000000,38096445 5763178,35724676 6174052,35919750 10000000))
32756;POLYGON((29718872 10000000,31634697 10000000,31476263 6878821,29576286 7179672,29718872 10000000))
32757;POLYGON((24751552 10000000,26287011 10000000,26171827 7693657,24648155 7912190,24751552 10000000))
32758;POLYGON((20763381 10000000,21997659 10000000,21914533 8284186,20688927 8441791,20763381 10000000))
32759;POLYGON((17547061 10000000,18544490 10000000,18484869 8709255,17493750 8822254,17547061 10000000))
32760;POLYGON((14935104 10000000,15747506 10000000,15704932 9013593,14897074 9094283,14935104 10000000))
32601;POLYGON((12793375 0,13462121 0,13431785 -769238,12766279 -711715,12793375 0))
32602;POLYGON((11015404 0,11573231 0,11551600 -614395,10996065 -573336,11015404 0))
32603;POLYGON((9517431 0,9990014 0,9974529 -503745,9503559 -474308,9517431 0))
32604;POLYGON((8234117 0,8641427 0,8630264 -424247,8224087 -402985,8234117 0))
32605;POLYGON((7114872 0,7472336 0,7464212 -366659,7107547 -351152,7114872 0))
32606;POLYGON((6120754 0,6440230 0,6434255 -324523,6115350 -313097,6120754 0))
32607;POLYGON((5221871 0,5512457 0,5508024 -293388,5217853 -284899,5221871 0))
32608;POLYGON((4395241 0,4663945 0,4660642 -270221,4392247 -263894,4395241 0))
32609;POLYGON((3623058 0,3875332 0,3872882 -252975,3620847 -248290,3623058 0))
32610;POLYGON((2891304 0,3131474 0,3129692 -240279,2889716 -236891,2891304 0))
32611;POLYGON((2188658 0,2420254 0,2419020 -231225,2187588 -228907,2188658 0))
32612;POLYGON((1505646 0,1731665 0,1730901 -225223,1505028 -223833,1505646 0))
32613;POLYGON((833978 0,1057087 0,1056748 -221910,833776 -221366,833978 0))
32614;POLYGON((166021 0,388719 0,388786 -221094,166223 -221366,166021 0))
32615;POLYGON((-505646 0,-280882 0,-280405 -222731,-505028 -223833,-505646 0))
32616;POLYGON((-1188658 0,-959235 0,-958320 -226911,-1187588 -228907,-1188658 0))
32617;POLYGON((-1891304 0,-1654353 0,-1652947 -233880,-1889716 -236891,-1891304 0))
32618;POLYGON((-2623058 0,-2375253 0,-2373265 -244069,-2620847 -248290,-2623058 0))
32619;POLYGON((-3395241 0,-3132555 0,-3129845 -258162,-3392247 -263894,-3395241 0))
32620;POLYGON((-4221871 0,-3939270 0,-3935627 -277201,-4217853 -284899,-4221871 0))
32621;POLYGON((-5120754 0,-4811803 0,-4806911 -302756,-5115350 -313097,-5120754 0))
32622;POLYGON((-6114872 0,-5771236 0,-5764625 -337161,-6107547 -351152,-6114872 0))
32623;POLYGON((-7234117 0,-6844941 0,-6835919 -383867,-7224087 -402985,-7234117 0))
32624;POLYGON((-8517431 0,-8068578 0,-8056140 -447922,-8503559 -474308,-8517431 0))
32625;POLYGON((-10015404 0,-9488537 0,-9471238 -536612,-9996065 -573336,-10015404 0))
32626;POLYGON((-11793375 0,-11164860 0,-11140654 -660322,-11766279 -711715,-11793375 0))
32627;POLYGON((-13935104 0,-13174723 0,-13140757 -833631,-13897074 -905716,-13935104 0))
32628;POLYGON((-16547061 0,-15616510 0,-15568861 -1076710,-16493750 -1177745,-16547061 0))
32629;POLYGON((-19763381 0,-18614538 0,-18547893 -1417066,-19688927 -1558208,-19763381 0))
32630;POLYGON((-23751552 0,-22324500 0,-22231757 -1891687,-23648155 -2087809,-23751552 0))
32631;POLYGON((-28718872 0,-26939655 0,-26811445 -2549653,-28576286 -2820327,-28718872 0))
32632;POLYGON((-34919750 0,-32697845 0,-32521962 -3455273,-34724676 -3825947,-34919750 0))
32633;POLYGON((-42663882 0,-39889371 0,-39650090 -4691823,-42399254 -5195211,-42663882 0))
32634;POLYGON((-52325378 0,-48865797 0,-48543079 -6365950,-51969517 -7043665,-52325378 0))
32635;POLYGON((-64352870 0,-60049728 0,-59618289 -8612836,-63878514 -9517287,-64352870 0))
32636;POLYGON((-79280678 0,-73945613 0,-73373851 -11602180,-78653851 -12798771,-79280678 0))
32637;POLYGON((-97741075 0,-91151643 0,-90400395 -15545114,-96919791 -17114767,-97741075 0))
32638;POLYGON((-120477699 0,-112372768 0,-111393904 -20702118,-119410489 -22744153,-120477699 0))
32639;POLYGON((-148360186 0,-138434924 0,-137169732 -27392051,-146984418 -30027459,-148360186 0))
32640;POLYGON((-182400052 0,-170300489 0,-168677861 -36002382,-180640045 -39377521,-182400052 0))
32641;POLYGON((-223767904 0,-209085042 0,-207019428 -47000735,-221532795 -51291492,-223767904 0))
32642;POLYGON((-273812009 0,-256075481 0,-253464593 -60947861,-270993376 -66364305,-273812009 0))
32643;POLYGON((-334078293 0,-312749534 0,-309471787 -78512132,-330547501 -85303714,-334078293 0))
32644;POLYGON((335078293 0,357736975 0,353936301 -92616736,331547501 -85303714,335078293 0))
32645;POLYGON((274812009 0,293682532 0,290641886 -72209307,271993376 -66364305,274812009 0))
32646;POLYGON((224767904 0,240413169 0,237996540 -55932304,222532795 -51291492,224767904 0))
32647;POLYGON((183400052 0,196312376 0,194404913 -43036736,181640045 -39377521,183400052 0))
32648;POLYGON((149360186 0,159968293 0,158473558 -32891813,147984418 -30027459,149360186 0))
32649;POLYGON((121477699 0,130153226 0,128990726 -24969363,120410489 -22744153,121477699 0))
32650;POLYGON((98741075 0,105804608 0,104907582 -18829846,97919791 -17114767,98741075 0))
32651;POLYGON((80280678 0,86007338 0,85320793 -14109879,79653851 -12798771,80280678 0))
32652;POLYGON((65352870 0,69977465 0,69456427 -10511139,64878514 -9517287,65352870 0))
32653;POLYGON((53325378 0,57047143 0,56655120 -7790541,52969517 -7043665,53325378 0))
32654;POLYGON((43663882 0,46650822 0,46358446 -5751593,43399254 -5195211,43663882 0))
32655;POLYGON((35919750 0,38312598 0,38096445 -4236821,35724676 -3825947,35919750 0))
32656;POLYGON((29718872 0,31634697 0,31476263 -3121178,29576286 -2820327,29718872 0))
32657;POLYGON((24751552 0,26287011 0,26171827 -2306342,24648155 -2087809,24751552 0))
32658;POLYGON((20763381 0,21997659 0,21914533 -1715813,20688927 -1558208,20763381 0))
32659;POLYGON((17547061 0,18544490 0,18484869 -1290744,17493750 -1177745,17547061 0))
32660;POLYGON((14935104 0,15747506 0,15704932 -986406,14897074 -905716,14935104 0))
