32701;POLYGON((2399004 743985,2424871 676865,2206930 597667,2184172 657173,2399004 743985))
32702;POLYGON((2307446 938875,2340246 875082,2132517 773433,2103691 830033,2307446 938875))
32703;POLYGON((2196018 1122212,2235273 1062519,2040244 939812,2005717 992853,2196018 1122212))
32704;POLYGON((2066342 1291910,2111485 1236974,1931309 1094923,1891538 1143833,2066342 1291910))
32705;POLYGON((1920247 1446231,1970651 1396594,1807152 1237128,1762656 1281415,1920247 1446231))
32706;POLYGON((1759677 1583755,1814686 1539855,1669370 1365035,1620706 1404286,1759677 1583755))
32707;POLYGON((1586630 1703349,1645575 1665536,1519660 1477484,1467407 1511364,1586630 1703349))
32708;POLYGON((1403113 1804137,1465326 1772676,1359770 1573538,1304516 1601779,1403113 1804137))
32709;POLYGON((1211108 1885454,1275932 1860545,1191467 1652456,1133801 1674853,1211108 1885454))
32710;POLYGON((1012561 1946820,1079352 1928605,1016516 1713675,957025 1730074,1012561 1946820))
32711;POLYGON((809380 1987901,877506 1976476,836670 1756785,775935 1767080,809380 1987901))
32712;POLYGON((603433 2008491,672275 2003913,653668 1781511,592264 1785639,603433 2008491))
32713;POLYGON((396566 2008491,465510 2010781,469234 1787703,407735 1785639,396566 2008491))
32714;POLYGON((190619 1987901,259053 1997048,285086 1775324,224064 1767080,190619 1987901))
32715;POLYGON((-12561 1946820,54743 1962780,102944 1744447,42974 1730074,-12561 1946820))
32716;POLYGON((-211108 1885454,-145558 1908146,-75463 1695264,-133801 1674853,-211108 1885454))
32717;POLYGON((-403113 1804137,-339957 1833433,-248393 1628092,-304516 1601779,-403113 1804137))
32718;POLYGON((-586630 1703349,-526523 1739072,-414089 1543391,-467407 1511364,-586630 1703349))
32719;POLYGON((-759677 1583755,-703282 1625660,-570781 1441780,-620706 1404286,-759677 1583755))
32720;POLYGON((-920247 1446231,-868234 1494000,-716708 1324064,-762656 1281415,-920247 1446231))
32721;POLYGON((-1066342 1291910,-1019374 1345136,-850133 1191252,-891538 1143833,-1066342 1291910))
32722;POLYGON((-1196018 1122212,-1154733 1180386,-969387 1044577,-1005717 992853,-1196018 1122212))
32723;POLYGON((-1307446 938875,-1272436 1001381,-1072918 885516,-1103691 830033,-1307446 938875))
32724;POLYGON((-1399004 743985,-1370781 810089,-1159356 715787,-1184172 657173,-1399004 743985))
32725;POLYGON((-1469385 539980,-1448341 608829,-1227605 537351,-1246174 476308,-1469385 539980))
32726;POLYGON((-1517733 329649,-1504094 400276,-1276943 352382,-1289132 289675,-1517733 329649))
32727;POLYGON((-1543813 116105,-1537577 187440,-1307156 163222,-1313033 99659,-1543813 116105))
32728;POLYGON((-1548208 -97272,-1549076 -26382,-1318693 -27685,-1318582 -91287,-1548208 -97272))
32729;POLYGON((-1532555 -306926,-1539848 -237678,-1312840 -217912,-1307394 -280768,-1532555 -306926))
32730;POLYGON((-1499810 -509247,-1512378 -442841,-1291936 -405181,-1282208 -466598,-1499810 -509247))
32731;POLYGON((-1454562 -700756,-1470673 -638325,-1259610 -587559,-1247143 -647010,-1454562 -700756))
32732;POLYGON((-1403383 -878329,-1420603 -820856,-1221052 -763703,-1207975 -820921,-1403383 -878329))
32733;POLYGON((-1355227 -1039495,-1370280 -987711,-1183323 -933160,-1172463 -988255,-1355227 -1039495))
32734;POLYGON((-1321870 -1182799,-1330487 -1137051,-1155697 -1096740,-1150702 -1150338,-1321870 -1182799))
32735;POLYGON((-1318405 -1308252,-1315154 -1268342,-1150041 -1256967,-1155516 -1310379,-1318405 -1308252))
32736;POLYGON((-1363790 -1417858,-1341887 -1382859,-1181245 -1418610,-1202903 -1474030,-1363790 -1417858))
32737;POLYGON((-1481444 -1516255,-1432547 -1484285,-1267680 -1589312,-1312506 -1650052,-1481444 -1516255))
32738;POLYGON((-1699908 -1611455,-1613892 -1579418,-1431714 -1780328,-1508146 -1851084,-1699908 -1611455))
32739;POLYGON((-2053565 -1715709,-1918272 -1678992,-1700267 -2007370,-1818395 -2094535,-2053565 -1715709))
32740;POLYGON((-2583414 -1846503,-2384392 -1798628,-2105420 -2291584,-2277195 -2403600,-2583414 -1846503))
32741;POLYGON((-3337921 -2027696,-3058130 -1959926,-2685066 -2660657,-2924533 -2808423,-3337921 -2027696))
32742;POLYGON((-4373930 -2290817,-3993433 -2191702,-3483628 -3150086,-3807176 -3347408,-4373930 -2290817))
32743;POLYGON((5373930 -2290817,5792976 -2403463,5162835 -3564893,4807176 -3347408,5373930 -2290817))
32744;POLYGON((4337921 -2027696,4648912 -2104495,4190083 -2971016,3924533 -2808423,4337921 -2027696))
32745;POLYGON((3583414 -1846503,3807328 -1899915,3469863 -2526188,3277195 -2403600,3583414 -1846503))
32746;POLYGON((3053565 -1715709,3208373 -1755323,2952979 -2188932,2818395 -2094535,3053565 -1715709))
32747;POLYGON((2699908 -1611455,2800892 -1644455,2597269 -1926505,2508146 -1851084,2699908 -1611455))
32748;POLYGON((2481444 -1516255,2541493 -1547835,2366852 -1713531,2312506 -1650052,2481444 -1516255))
32749;POLYGON((2363790 -1417858,2393680 -1451584,2231439 -1530793,2202903 -1474030,2363790 -1417858))
32750;POLYGON((2318405 -1308252,2327047 -1346380,2165691 -1364166,2155516 -1310379,2318405 -1308252))
32751;POLYGON((2321870 -1182799,2316543 -1226548,2148633 -1203689,2150702 -1150338,2321870 -1182799))
32752;POLYGON((2355227 -1039495,2341792 -1089282,2163108 -1042751,2172463 -988255,2355227 -1039495))
32753;POLYGON((2403383 -878329,2386477 -933971,2195285 -877397,2207975 -820921,2403383 -878329))
32754;POLYGON((2454562 -700756,2437772 -761634,2234203 -705731,2247143 -647010,2454562 -700756))
32755;POLYGON((2499810 -509247,2485836 -574449,2271369 -527408,2282208 -466598,2499810 -509247))
32756;POLYGON((2532555 -306926,2523349 -375357,2300382 -343215,2307394 -280768,2532555 -306926))
32757;POLYGON((2548208 -97272,2545102 -167749,2316603 -154724,2318582 -91287,2548208 -97272))
32758;POLYGON((2543813 116105,2547631 44788,2316862 35993,2313033 99659,2543813 116105))
32759;POLYGON((2517733 329649,2528890 258663,2299198 226591,2289132 289675,2517733 329649))
32760;POLYGON((2469385 539980,2487975 470425,2262623 414622,2246174 476308,2469385 539980))
