32601;POLYGON((1691950 11798550,1748386 11893355,2359765 12379120,2256643 12250705,1691950 11798550))
32602;POLYGON((1563885 11552974,1600231 11629001,2084514 12022953,2013833 11921757,1563885 11552974))
32603;POLYGON((1487053 11353134,1507753 11415551,1899355 11740575,1854124 11659116,1487053 11353134))
32604;POLYGON((1449408 11185751,1458271 11238633,1784371 11511199,1758628 11443593,1449408 11185751))
32605;POLYGON((1440670 11040487,1440938 11086983,1722609 11318571,1711305 11260280,1440670 11040487))
32606;POLYGON((1452147 10909471,1446552 10951957,1699758 11150244,1698658 11097850,1452147 10909471))
32607;POLYGON((1476554 10786888,1467378 10827098,1703850 10996930,1709435 10947941,1476554 10786888))
32608;POLYGON((1507856 10668609,1496981 10707752,1724982 10851942,1734367 10804619,1507856 10668609))
32609;POLYGON((1541120 10551884,1530077 10590742,1755068 10710700,1765921 10663911,1541120 10551884))
32610;POLYGON((1572381 10435057,1562392 10474075,1787607 10570312,1798076 10523403,1572381 10435057))
32611;POLYGON((1598521 10317341,1590538 10356698,1817472 10429209,1826121 10381895,1598521 10317341))
32612;POLYGON((1617153 10198608,1611897 10238284,1840722 10286836,1846469 10239113,1617153 10198608))
32613;POLYGON((1626524 10079230,1624514 10119055,1854428 10143397,1856496 10095464,1626524 10079230))
32614;POLYGON((1625423 9959931,1627008 9999632,1856521 9999638,1854386 9951832,1625423 9959931))
32615;POLYGON((1613100 9841676,1618484 9880912,1845654 9856674,1839007 9809423,1613100 9841676))
32616;POLYGON((1589195 9725575,1598458 9763964,1821080 9715843,1809787 9669624,1589195 9725575))
32617;POLYGON((1553673 9612811,1566794 9649954,1782549 9578599,1766619 9533905,1553673 9612811))
32618;POLYGON((1506768 9504579,1523644 9540080,1730208 9446424,1709767 9403744,1506768 9504579))
32619;POLYGON((1448939 9402042,1469393 9435519,1664530 9320763,1639793 9280562,1448939 9402042))
32620;POLYGON((1380820 9306303,1404624 9337396,1586239 9202979,1557493 9165688,1380820 9306303))
32621;POLYGON((1303192 9218376,1330071 9246759,1496253 9094324,1463840 9060331,1303192 9218376))
32622;POLYGON((1216948 9139176,1246594 9164555,1395641 8995916,1359943 8965564,1216948 9139176))
32623;POLYGON((1123071 9069507,1155147 9091626,1285579 8908734,1247007 8882316,1123071 9069507))
32624;POLYGON((1022611 9010059,1056762 9028702,1167323 8833610,1126309 8811372,1022611 9010059))
32625;POLYGON((916671 8961406,952524 8976394,1042183 8771236,999172 8753378,916671 8961406))
32626;POLYGON((806390 8924008,843561 8935200,911505 8722166,866951 8708842,806390 8924008))
32627;POLYGON((692933 8898211,731032 8905504,776658 8686821,731022 8678144,692933 8898211))
32628;POLYGON((577483 8884250,616114 8887579,639026 8665496,592770 8661538,577483 8884250))
32629;POLYGON((461235 8882252,500000 8881585,500000 8658369,453588 8659161,461235 8882252))
32630;POLYGON((345387 8892234,383885 8887579,360973 8665496,314872 8671033,345387 8892234))
32631;POLYGON((231134 8914106,268967 8905504,223341 8686821,178014 8697057,231134 8914106))
32632;POLYGON((119663 8947670,156438 8935200,88494 8722166,44404 8737016,119663 8947670))
32633;POLYGON((12148 8992617,47475 8976394,-42183 8771236,-84579 8790574,12148 8992617))
32634;POLYGON((-90262 9048525,-56762 9028702,-167323 8833610,-207572 8857266,-90262 9048525))
32635;POLYGON((-186453 9114858,-155147 9091626,-285579 8908734,-323240 8936493,-186453 9114858))
32636;POLYGON((-275354 9190965,-246594 9164555,-395641 8995916,-430288 9027517,-275354 9190965))
32637;POLYGON((-355958 9276079,-330071 9246759,-496253 9094324,-527484 9129456,-355958 9276079))
32638;POLYGON((-427340 9369322,-404624 9337396,-586239 9202979,-613684 9241285,-427340 9369322))
32639;POLYGON((-488678 9469711,-469393 9435519,-664530 9320763,-687865 9361840,-488678 9469711))
32640;POLYGON((-539284 9576172,-523644 9540080,-730208 9446424,-749166 9489829,-539284 9576172))
32641;POLYGON((-578638 9687557,-566794 9649954,-782549 9578599,-796941 9623857,-578638 9687557))
32642;POLYGON((-606426 9802679,-598458 9763964,-821080 9715843,-830819 9762461,-606426 9802679))
32643;POLYGON((-622587 9920344,-618484 9880912,-845654 9856674,-850773 9904161,-622587 9920344))
32644;POLYGON((-627366 10039411,-627008 9999632,-856521 9999638,-857210 10047530,-627366 10039411))
32645;POLYGON((-621376 10158857,-624514 10119055,-854428 10143397,-851063 10191291,-621376 10158857))
32646;POLYGON((-605665 10277866,-611897 10238284,-840722 10286836,-833907 10334435,-605665 10277866))
32647;POLYGON((-581796 10395935,-590538 10356698,-817472 10429209,-808080 10476375,-581796 10395935))
32648;POLYGON((-551933 10513008,-562392 10474075,-787607 10570312,-776830 10617134,-551933 10513008))
32649;POLYGON((-518940 10629630,-530077 10590742,-755068 10710700,-744476 10757573,-518940 10629630))
32650;POLYGON((-486487 10747144,-496981 10707752,-724982 10851942,-716578 10899667,-486487 10747144))
32651;POLYGON((-459168 10867909,-467378 10827098,-703850 10996930,-700143 11046827,-459168 10867909))
32652;POLYGON((-442637 10995558,-446552 10951957,-699758 11150244,-703836 11204284,-442637 10995558))
32653;POLYGON((-443743 11135308,-440938 11086983,-722609 11318571,-738217 11379536,-443743 11135308))
32654;POLYGON((-470693 11294300,-458271 11238633,-784371 11511199,-816005 11582857,-470693 11294300))
32655;POLYGON((-533215 11482001,-507753 11415551,-899355 11740575,-952358 11827886,-533215 11482001))
32656;POLYGON((-642746 11710653,-600231 11629001,-1084514 12022953,-1165179 12132304,-642746 11710653))
32657;POLYGON((-812627 11995786,-748386 11893355,-1359765 12379120,-1475447 12518588,-812627 11995786))
32658;POLYGON((-1058315 12356789,-966948 12226650,-1748335 12835221,-1907579 13014867,-1058315 12356789))
32659;POLYGON((2160062 12497970,-1272910 12651201,-2277141 13423684,3083465 13210532,2160062 12497970))
32660;POLYGON((1885271 12106610,1966948 12226650,2748335 12835221,2604639 12670222,1885271 12106610))
