32701;POLYGON((10244676 6489464,10713579 6258832,10451757 5773666,10008979 6027030,10244676 6489464))
32702;POLYGON((8959773 7052052,9369318 6883756,9177934 6461487,8787117 6647506,8959773 7052052))
32703;POLYGON((7827409 7464487,8190050 7340763,8049158 6967570,7699953 7105146,7827409 7464487))
32704;POLYGON((6815414 7769399,7141070 7677638,7036456 7342830,6720498 7445439,6815414 7769399))
32705;POLYGON((5898189 7996814,6194753 7928173,6116411 7623435,5826933 7700576,5898189 7996814))
32706;POLYGON((5055346 8167651,5329109 8115991,5270066 7834803,5001579 7893106,5055346 8167651))
32707;POLYGON((4270559 8296351,4526574 8257446,4482012 7994627,4230031 8038684,4270559 8296351))
32708;POLYGON((3530629 8392803,3772999 8363767,3739616 8115133,3500431 8148100,3530629 8392803))
32709;POLYGON((2824708 8463727,3056829 8442606,3032377 8204704,2802868 8228730,2824708 8463727))
32710;POLYGON((2143673 8513632,2368427 8499124,2351400 8269025,2128882 8285551,2143673 8513632))
32711;POLYGON((1479622 8545451,1699536 8536724,1688960 8311867,1471052 8321815,1479622 8545451))
32712;POLYGON((825458 8560946,1042830 8557526,1038133 8335585,822650 8339486,825458 8560946))
32713;POLYGON((174541 8560946,391553 8562651,392487 8341431,177349 8339486,174541 8560946))
32714;POLYGON((-479622 8545451,-260803 8552371,-254189 8329706,-471052 8321815,-479622 8545451))
32715;POLYGON((-1143673 8513632,-920799 8526140,-908154 8299803,-1128882 8285551,-1143673 8513632))
32716;POLYGON((-1824708 8463727,-1595342 8482525,-1575971 8250125,-1802868 8228730,-1824708 8463727))
32717;POLYGON((-2530629 8392803,-2292024 8419020,-2264794 8177887,-2500431 8148100,-2530629 8392803))
32718;POLYGON((-3270559 8296351,-3019509 8331698,-2982694 8078751,-3230031 8038684,-3270559 8296351))
32719;POLYGON((-4055346 8167651,-3788007 8214666,-3739050 7946232,-4001579 7893106,-4055346 8167651))
32720;POLYGON((-4898189 7996814,-4609857 8059221,-4545007 7770816,-4826933 7700576,-4898189 7996814))
32721;POLYGON((-5815414 7769399,-5500244 7852623,-5414049 7538664,-5720498 7445439,-5815414 7769399))
32722;POLYGON((-6827409 7464487,-6478088 7576367,-6362673 7229792,-6699953 7105146,-6827409 7464487))
32723;POLYGON((-7959773 7052052,-7567110 7203805,-7411214 6815579,-7787117 6647506,-7959773 7052052))
32724;POLYGON((-9244676 6489464,-8797123 6696956,-8584811 6255438,-9008979 6027030,-9244676 6489464))
32725;POLYGON((-10722476 5716938,-10205559 6002335,-9914560 5492455,-10398907 5180184,-10722476 5716938))
32726;POLYGON((-12443616 4651713,-11839272 5045574,-11438853 4447789,-11998060 4019327,-12443616 4651713))
32727;POLYGON((-14470819 3180734,-13756626 3724631,-13204931 3013603,-13857013 2425095,-14470819 3180734))
32728;POLYGON((-16881616 1151573,-16029916 1901330,-15270670 1044265,-16037627 236964,-16881616 1151573))
32729;POLYGON((-19771233 -1638669,-18748123 -609033,-17706616 -1654450,-18615168 -2758275,-19771233 -1638669))
32730;POLYGON((-23255854 -5456795,-22020059 -4050313,-20598288 -5338462,-21680709 -6840462,-23255854 -5456795))
32731;POLYGON((-27476302 -10649574,-25977900 -8740659,-24048774 -10341102,-25343823 -12372727,-27476302 -10649574))
32732;POLYGON((-32602153 -17662786,-30781150 -15090535,-28181631 -17091798,-29735589 -19821247,-32602153 -17662786))
32733;POLYGON((-38836304 -27063613,-36621063 -23623946,-33144110 -26138081,-35011936 -29778439,-38836304 -27063613))
32734;POLYGON((-46420047 -39566730,-43725539 -35003257,-39110734 -38171302,-41357329 -42990010,-46420047 -39566730))
32735;POLYGON((-55638640 -56064534,-52364526 -50057996,-46287228 -54056470,-48988840 -60386257,-55638640 -56064534))
32736;POLYGON((-66827431 -77661895,-62855963 -69818047,-54914849 -74866630,-58160595 -83118063,-66827431 -77661895))
32737;POLYGON((-80378548 -105715911,-75572271 -95551691,-65275102 -101922245,-69168639 -112598044,-80378548 -105715911))
32738;POLYGON((-96748179 -141881095,-90947437 -128808922,-77694891 -136836044,-82356226 -150547334,-96748179 -141881095))
32739;POLYGON((-116464478 -188160505,-109484709 -171470551,-92552100 -181563833,-98119557 -199048494,-116464478 -188160505))
32740;POLYGON((-140136116 -246963315,-131764928 -225803564,-110281644 -238461787,-116913980 -260605083,-140136116 -246963315))
32741;POLYGON((-168461503 -321169357,-158455524 -294523282,-131381989 -310350760,-139260682 -338208435,-168461503 -321169357))
32742;POLYGON((-202238718 -414201172,-190320206 -380862851,-156422178 -400588172,-165753880 -435412191,-202238718 -414201172))
32743;POLYGON((203238718 -414201172,215862921 -450074888,176620568 -472874517,166753880 -435412191,203238718 -414201172))
32744;POLYGON((169461503 -321169357,180072333 -349902067,148599434 -368238632,140260682 -338208435,169461503 -321169357))
32745;POLYGON((141136116 -246963315,150023567 -269830079,124940414 -284526734,117913980 -260605083,141136116 -246963315))
32746;POLYGON((117464478 -188160505,124882991 -206238082,105023260 -217979751,99119557 -199048494,117464478 -188160505))
32747;POLYGON((97748179 -141881095,103920111 -156073735,88303269 -165427597,83356226 -150547334,97748179 -141881095))
32748;POLYGON((81378548 -105715911,86497402 -116778511,74303911 -124211910,70168639 -112598044,81378548 -105715911))
32749;POLYGON((67827431 -77661895,72060853 -86220708,62609984 -92116761,59160595 -83118063,67827431 -77661895))
32750;POLYGON((56638640 -56064534,60131197 -62635619,52861245 -67306737,49988840 -60386257,56638640 -56064534))
32751;POLYGON((47420047 -39566730,50295793 -44572314,44746522 -48271873,42357329 -42990010,47420047 -39566730))
32752;POLYGON((39836304 -27063613,42201138 -30846521,37998276 -33778881,36011936 -29778439,39836304 -27063613))
32753;POLYGON((33602153 -17662786,35545984 -20499119,32387600 -22828180,30735589 -19821247,33602153 -17662786))
32754;POLYGON((28476302 -10649574,30075031 -12759764,27719629 -14616235,26343823 -12372727,28476302 -10649574))
32755;POLYGON((24255854 -5456795,25573171 -7015206,23829350 -8502737,22680709 -6840462,24255854 -5456795))
32756;POLYGON((20771233 -1638669,21860252 -2781859,20577790 -3982189,19615168 -2758275,20771233 -1638669))
32757;POLYGON((17881616 1151573,18786347 317775,17848556 -659469,17037627 236964,17881616 1151573))
32758;POLYGON((15470819 3180734,16227488 2575230,15544725 1771028,14857013 2425095,15470819 3180734))
32759;POLYGON((13443616 4651713,14081845 4213090,13586041 3543048,12998060 4019327,13443616 4651713))
32760;POLYGON((11722476 5716938,12266329 5399265,11906424 4833281,11398907 5180184,11722476 5716938))
