32601;POLYGON((6677446 7546003,6808840 7800832,7146112 7656296,6995266 7385882,6677446 7546003))
32602;POLYGON((6237569 6863496,6390779 7077952,6672556 6893274,6502679 6669322,6237569 6863496))
32603;POLYGON((5748745 6291384,5915803 6470774,6150101 6262059,5968822 6077250,5748745 6291384))
32604;POLYGON((5230235 5814791,5405434 5963892,5599251 5741835,5411940 5589968,5230235 5814791))
32605;POLYGON((4695536 5420539,4874930 5543548,5034269 5315036,4844553 5190922,4695536 5420539))
32606;POLYGON((4153722 5097226,4334704 5197746,4464629 4967027,4274813 4866386,4153722 5097226))
32607;POLYGON((3610543 4835204,3791508 4916260,3896207 4685790,3707625 4605144,3610543 4835204))
32608;POLYGON((3069306 4626509,3249377 4690575,3332247 4461615,3145530 4398188,3069306 4626509))
32609;POLYGON((2531572 4464737,2710386 4513782,2774114 4286807,2589405 4238436,2531572 4464737))
32610;POLYGON((1997689 4344916,2175237 4380447,2221878 4155429,2038990 4120485,1997689 4344916))
32611;POLYGON((1467196 4263375,1643703 4286479,1674745 4063074,1493282 4040396,1467196 4263375))
32612;POLYGON((939122 4217628,1114952 4229007,1131380 4006684,950816 3995527,939122 4217628))
32613;POLYGON((412201 4206286,587798 4206286,590129 3984410,409870 3984410,412201 4206286))
32614;POLYGON((-114952 4229007,60877 4217628,49183 3995527,-131380 4006684,-114952 4229007))
32615;POLYGON((-643703 4286479,-467196 4263375,-493282 4040396,-674745 4063074,-643703 4286479))
32616;POLYGON((-1175237 4380447,-997689 4344916,-1038990 4120485,-1221878 4155429,-1175237 4380447))
32617;POLYGON((-1710386 4513782,-1531572 4464737,-1589405 4238436,-1774114 4286807,-1710386 4513782))
32618;POLYGON((-2249377 4690575,-2069306 4626509,-2145530 4398188,-2332247 4461615,-2249377 4690575))
32619;POLYGON((-2791508 4916260,-2610543 4835204,-2707625 4605144,-2896207 4685790,-2791508 4916260))
32620;POLYGON((-3334704 5197746,-3153722 5097226,-3274813 4866386,-3464629 4967027,-3334704 5197746))
32621;POLYGON((-3874930 5543548,-3695536 5420539,-3844553 5190922,-4034269 5315036,-3874930 5543548))
32622;POLYGON((-4405434 5963892,-4230235 5814791,-4411940 5589968,-4599251 5741835,-4405434 5963892))
32623;POLYGON((-4915803 6470774,-4748745 6291384,-4968822 6077250,-5150101 6262059,-4915803 6470774))
32624;POLYGON((-5390779 7077952,-5237569 6863496,-5502679 6669322,-5672556 6893274,-5390779 7077952))
32625;POLYGON((-5808840 7800832,-5677446 7546003,-5995266 7385882,-6146112 7656296,-5808840 7800832))
32626;POLYGON((-6140486 8656230,-6041746 8355288,-6420970 8250081,-6542281 8575491,-6140486 8656230))
32627;POLYGON((-6346238 9661955,-6294559 9308887,-6744857 9288809,-6822532 9679052,-6346238 9661955))
32628;POLYGON((-6374280 10836197,-6388463 10424945,-6920385 10532936,-6935884 10999224,-6374280 10836197))
32629;POLYGON((-6157761 12196654,-6261943 11721438,-6886754 12017510,-6816128 12572476,-6157761 12196654))
32630;POLYGON((-5611697 13759376,-5836430 13215116,-6565863 13781874,-6378646 14439594,-5611697 13759376))
32631;POLYGON((-4629458 15537252,-5012924 14920110,-5858840 15869691,-5516795 16645670,-4629458 15537252))
32632;POLYGON((-3078813 17538110,-3668197 16846174,-4642126 18328870,-4097838 19239988,-3078813 17538110))
32633;POLYGON((-797505 19762360,-1650523 18996485,-2763087 21211346,-1958382 22275751,-797505 19762360))
32634;POLYGON((2411670 22200130,1225076 21364948,-35103 24572717,1100698 25809666,2411670 22200130))
32635;POLYGON((6786325 24827820,5182102 23932961,3767859 28471693,5319883 29901326,6786325 24827820))
32636;POLYGON((12610469 27604028,10488397 26665551,8917253 32969350,10987198 34612387,12610469 27604028))
32637;POLYGON((20221104 30464754,17462531 29506830,15736540 38128147,18445012 40005510,20221104 30464754))
32638;POLYGON((30015411 33317835,26480786 32374693,24608403 44010687,28097463 46143021,30015411 33317835))
32639;POLYGON((42458580 36036513,37984773 35154684,35982607 50678196,40418540 53085294,42458580 36036513))
32640;POLYGON((58092297 38452078,52489694 37692956,50384541 58188673,55960858 60888783,58092297 38452078))
32641;POLYGON((77543932 40345476,70593294 39788233,68424457 66594703,75365137 69603717,77543932 40345476))
32642;POLYGON((101536430 41437831,92985514 41182708,90807453 75940879,99370439 79271381,101536430 41437831))
32643;POLYGON((-119458886 41551762,120458886 41551762,118344209 86260811,-117344209 86260811,-119458886 41551762))
32644;POLYGON((-91985514 41182708,-100536430 41437831,-98370439 79271381,-89807453 75940879,-91985514 41182708))
32645;POLYGON((-69593294 39788233,-76543932 40345476,-74365137 69603717,-67424457 66594703,-69593294 39788233))
32646;POLYGON((-51489694 37692956,-57092297 38452078,-54960858 60888783,-49384541 58188673,-51489694 37692956))
32647;POLYGON((-36984773 35154684,-41458580 36036513,-39418540 53085294,-34982607 50678196,-36984773 35154684))
32648;POLYGON((-25480786 32374693,-29015411 33317835,-27097463 46143021,-23608403 44010687,-25480786 32374693))
32649;POLYGON((-16462531 29506830,-19221104 30464754,-17445012 40005510,-14736540 38128147,-16462531 29506830))
32650;POLYGON((-9488397 26665551,-11610469 27604028,-9987198 34612387,-7917253 32969350,-9488397 26665551))
32651;POLYGON((-4182102 23932961,-5786325 24827820,-4319883 29901326,-2767859 28471693,-4182102 23932961))
32652;POLYGON((-225076 21364948,-1411670 22200130,-100698 25809666,1035103 24572717,-225076 21364948))
32653;POLYGON((2650523 18996485,1797505 19762360,2958382 22275751,3763087 21211346,2650523 18996485))
32654;POLYGON((4668197 16846174,4078813 17538110,5097838 19239988,5642126 18328870,4668197 16846174))
32655;POLYGON((6012924 14920110,5629458 15537252,6516795 16645670,6858840 15869691,6012924 14920110))
32656;POLYGON((6836430 13215116,6611697 13759376,7378646 14439594,7565863 13781874,6836430 13215116))
32657;POLYGON((7261943 11721438,7157761 12196654,7816128 12572476,7886754 12017510,7261943 11721438))
32658;POLYGON((7388463 10424945,7374280 10836197,7935884 10999224,7920385 10532936,7388463 10424945))
32659;POLYGON((7294559 9308887,7346238 9661955,7822532 9679052,7744857 9288809,7294559 9308887))
32660;POLYGON((7041746 8355288,7140486 8656230,7542281 8575491,7420970 8250081,7041746 8355288))
