32701;POLYGON((9312240 3355310,9617864 2980335,9187878 2710924,8918473 3078603,9312240 3355310))
32702;POLYGON((8418803 4298390,8712526 4011560,8381874 3726075,8115595 4010838,8418803 4298390))
32703;POLYGON((7563492 5021922,7844223 4801492,7588872 4513248,7328977 4734660,7563492 5021922))
32704;POLYGON((6747639 5579769,7015225 5409517,6817124 5126074,6565439 5298908,6747639 5579769))
32705;POLYGON((5970302 6011899,6225264 5879821,6070960 5604962,5828238 5740297,5970302 6011899))
32706;POLYGON((5228961 6347755,5472279 6245032,5351812 5980153,5118036 6086245,5228961 6347755))
32707;POLYGON((4520060 6608887,4753005 6529076,4659048 6274138,4433667 6357100,4520060 6608887))
32708;POLYGON((3839423 6810964,4063435 6749393,3990629 6503543,3772744 6567874,3839423 6810964))
32709;POLYGON((3182567 6965301,3399160 6918605,3343619 6680570,3132117 6729550,3182567 6965301))
32710;POLYGON((2544903 7079978,2755608 7045767,2714549 6814082,2508202 6850070,2544903 7079978))
32711;POLYGON((1921867 7160644,2128199 7137267,2099673 6910401,1897204 6935042,1921867 7160644))
32712;POLYGON((1308977 7211079,1512419 7197458,1495135 6973875,1295248 6988251,1308977 7211079))
32713;POLYGON((701845 7233563,903851 7229088,897051 7007265,698454 7011991,701845 7233563))
32714;POLYGON((96148 7229088,298154 7233563,301545 7011991,102948 7007265,96148 7229088))
32715;POLYGON((-512419 7197458,-308977 7211079,-295248 6988251,-495135 6973875,-512419 7197458))
32716;POLYGON((-1128199 7137267,-921867 7160644,-897204 6935042,-1099673 6910401,-1128199 7137267))
32717;POLYGON((-1755608 7045767,-1544903 7079978,-1508202 6850070,-1714549 6814082,-1755608 7045767))
32718;POLYGON((-2399160 6918605,-2182567 6965301,-2132117 6729550,-2343619 6680570,-2399160 6918605))
32719;POLYGON((-3063435 6749393,-2839423 6810964,-2772744 6567874,-2990629 6503543,-3063435 6749393))
32720;POLYGON((-3753005 6529076,-3520060 6608887,-3433667 6357100,-3659048 6274138,-3753005 6529076))
32721;POLYGON((-4472279 6245032,-4228961 6347755,-4118036 6086245,-4351812 5980153,-4472279 6245032))
32722;POLYGON((-5225264 5879821,-4970302 6011899,-4828238 5740297,-5070960 5604962,-5225264 5879821))
32723;POLYGON((-6015225 5409517,-5747639 5579769,-5565439 5298908,-5817124 5126074,-6015225 5409517))
32724;POLYGON((-6844223 4801492,-6563492 5021922,-6328977 4734660,-6588872 4513248,-6844223 4801492))
32725;POLYGON((-7712526 4011560,-7418803 4298390,-7115595 4010838,-7381874 3726075,-7712526 4011560))
32726;POLYGON((-8617864 2980335,-8312240 3355310,-7918473 3078603,-8187878 2710924,-8617864 2980335))
32727;POLYGON((-9554530 1628651,-9239353 2120682,-8726063 1873439,-8993459 1397123,-9554530 1628651))
32728;POLYGON((-10512292 -148090,-10191549 499088,-9520691 310766,-9778547 -307732,-10512292 -148090))
32729;POLYGON((-11475115 -2486858,-11154883 -1634793,-10276907 -1719416,-10514691 -2523503,-11475115 -2486858))
32730;POLYGON((-12419677 -5565364,-12108642 -4444065,-10959576 -4359025,-11163048 -5404398,-12419677 -5565364))
32731;POLYGON((-13313651 -9612106,-13023704 -8139069,-11521667 -7789653,-11672085 -9147208,-13313651 -9612106))
32732;POLYGON((-14113754 -14918280,-13860670 -12988655,-11901745 -12241790,-11974947 -14001048,-14113754 -14918280))
32733;POLYGON((-14763535 -21851809,-14567743 -19333470,-12021128 -18005674,-11986514 -20278793,-14763535 -21851809))
32734;POLYGON((-15190896 -30873714,-15078332 -27601527,-11780695 -25443970,-11600076 -28370413,-15190896 -30873714))
32735;POLYGON((-15305326 -42557113,-15308389 -38326295,-11057323 -35006476,-10683654 -38758401,-15305326 -42557113))
32736;POLYGON((-14994825 -57609104,-15153438 -52167590,-9699938 -47247081,-9075909 -52035529,-14994825 -57609104))
32737;POLYGON((-14122525 -76895836,-14485296 -69935551,-7525157 -62843187,-6581644 -68925152,-14122525 -76895836))
32738;POLYGON((-12522963 -101471062,-13148467 -92617993,-4312492 -82617855,-2966862 -90304307,-12522963 -101471062))
32739;POLYGON((-9998018 -132608497,-10956191 -121411469,200886 -107564907,2046625 -117229865,-9998018 -132608497))
32740;POLYGON((-6312478 -171838315,-7686135 -157756341,6325861 -138877252,8787073 -150967989,-6312478 -171838315))
32741;POLYGON((-1189233 -220988134,-3075711 -203376234,14427571 -177978715,17639171 -193027193,-1189233 -220988134))
32742;POLYGON((5695935 -282228843,3182991 -260322205,24932122 -226559645,29050929 -245195278,5695935 -282228843))
32743;POLYGON((14719962 -358125653,11448686 -331022016,38333828 -286616601,43541102 -309580440,14719962 -358125653))
32744;POLYGON((-10448686 -331022016,-13719962 -358125653,-42541102 -309580440,-37333828 -286616601,-10448686 -331022016))
32745;POLYGON((-2182991 -260322205,-4695935 -282228843,-28050929 -245195278,-23932122 -226559645,-2182991 -260322205))
32746;POLYGON((4075711 -203376234,2189233 -220988134,-16639171 -193027193,-13427571 -177978715,4075711 -203376234))
32747;POLYGON((8686135 -157756341,7312478 -171838315,-7787073 -150967989,-5325861 -138877252,8686135 -157756341))
32748;POLYGON((11956191 -121411469,10998018 -132608497,-1046625 -117229865,799113 -107564907,11956191 -121411469))
32749;POLYGON((14148467 -92617993,13522963 -101471062,3966862 -90304307,5312492 -82617855,14148467 -92617993))
32750;POLYGON((15485296 -69935551,15122525 -76895836,7581644 -68925152,8525157 -62843187,15485296 -69935551))
32751;POLYGON((16153438 -52167590,15994825 -57609104,10075909 -52035529,10699938 -47247081,16153438 -52167590))
32752;POLYGON((16308389 -38326295,16305326 -42557113,11683654 -38758401,12057323 -35006476,16308389 -38326295))
32753;POLYGON((16078332 -27601527,16190896 -30873714,12600076 -28370413,12780695 -25443970,16078332 -27601527))
32754;POLYGON((15567743 -19333470,15763535 -21851809,12986514 -20278793,13021128 -18005674,15567743 -19333470))
32755;POLYGON((14860670 -12988655,15113754 -14918280,12974947 -14001048,12901745 -12241790,14860670 -12988655))
32756;POLYGON((14023704 -8139069,14313651 -9612106,12672085 -9147208,12521667 -7789653,14023704 -8139069))
32757;POLYGON((13108642 -4444065,13419677 -5565364,12163048 -5404398,11959576 -4359025,13108642 -4444065))
32758;POLYGON((12154883 -1634793,12475115 -2486858,11514691 -2523503,11276907 -1719416,12154883 -1634793))
32759;POLYGON((11191549 499088,11512292 -148090,10778547 -307732,10520691 310766,11191549 499088))
32760;POLYGON((10239353 2120682,10554530 1628651,9993459 1397123,9726063 1873439,10239353 2120682))
