32601;POLYGON((3934440 7786326,4017642 7906531,4231254 7760773,4140999 7633390,3934440 7786326))
32602;POLYGON((3660412 7449956,3755499 7557940,3947400 7392153,3844801 7278456,3660412 7449956))
32603;POLYGON((3356165 7151549,3460480 7246727,3629660 7065109,3517709 6965483,3356165 7151549))
32604;POLYGON((3028637 6891865,3140029 6974125,3286355 6780266,3167415 6694616,3028637 6891865))
32605;POLYGON((2683415 6670627,2800159 6740147,2924030 6537020,2799944 6464972,2683415 6670627))
32606;POLYGON((2324964 6486969,2445682 6544080,2547777 6334090,2419972 6275138,2324964 6486969))
32607;POLYGON((1956825 6339768,2080427 6384857,2161523 6169911,2031091 6123521,1956825 6339768))
32608;POLYGON((1581807 6227877,1707429 6261317,1768271 6042914,1636045 6008597,1581807 6227877))
32609;POLYGON((1202154 6150287,1329100 6172392,1370317 5951712,1236941 5929068,1202154 6150287))
32610;POLYGON((819703 6106230,947397 6117225,969448 5895222,835434 5883972,819703 6106230))
32611;POLYGON((436032 6095248,563967 6095248,567109 5872738,432890 5872738,436032 6095248))
32612;POLYGON((52602 6117225,180296 6106230,164565 5883972,30551 5895222,52602 6117225))
32613;POLYGON((-329100 6172392,-202154 6150287,-236941 5929068,-370317 5951712,-329100 6172392))
32614;POLYGON((-707429 6261317,-581807 6227877,-636045 6008597,-768271 6042914,-707429 6261317))
32615;POLYGON((-1080427 6384857,-956825 6339768,-1031091 6123521,-1161523 6169911,-1080427 6384857))
32616;POLYGON((-1445682 6544080,-1324964 6486969,-1419972 6275138,-1547777 6334090,-1445682 6544080))
32617;POLYGON((-1800159 6740147,-1683415 6670627,-1799944 6464972,-1924030 6537020,-1800159 6740147))
32618;POLYGON((-2140029 6974125,-2028637 6891865,-2167415 6694616,-2286355 6780266,-2140029 6974125))
32619;POLYGON((-2460480 7246727,-2356165 7151549,-2517709 6965483,-2629660 7065109,-2460480 7246727))
32620;POLYGON((-2755499 7557940,-2660412 7449956,-2844801 7278456,-2947400 7392153,-2755499 7557940))
32621;POLYGON((-3017642 7906531,-2934440 7786326,-3140999 7633390,-3231254 7760773,-3017642 7906531))
32622;POLYGON((-3237774 8289383,-3169707 8158253,-3396594 8028447,-3470751 8168378,-3237774 8289383))
32623;POLYGON((-3404771 8700630,-3355787 8560899,-3599449 8459195,-3652842 8609430,-3404771 8700630))
32624;POLYGON((-3505206 9130556,-3480058 8985970,-3734531 8917454,-3761417 9074186,-3505206 9130556))
32625;POLYGON((-3522980 9564203,-3527355 9420429,-3783384 9389808,-3776750 9547094,-3522980 9564203))
32626;POLYGON((-3438929 9979650,-3479582 9844890,-3723529 9855751,-3674873 10004793,-3438929 9979650))
32627;POLYGON((-3230376 10345902,-3315286 10231644,-3527790 10285377,-3426879 10413651,-3230376 10345902))
32628;POLYGON((-2870650 10620332,-3009183 10542256,-3163534 10636578,-2998138 10726765,-2870650 10620332))
32629;POLYGON((-2328544 10745624,-2531641 10724679,-2591834 10851640,-2347417 10880357,-2328544 10745624))
32630;POLYGON((-1567723 10646136,-1848104 10709822,-1766528 10853197,-1425921 10789480,-1567723 10646136))
32631;POLYGON((-546087 10223626,-918469 10407494,-633187 10539427,-176215 10342953,-546087 10223626))
32632;POLYGON((784940 9352263,303600 9701662,872026 9778423,1468946 9397434,784940 9352263))
32633;POLYGON((2481177 7872844,1871418 8444941,2823609 8401639,3587910 7770530,2481177 7872844))
32634;POLYGON((4606511 5586129,3846086 6452236,5308082 6196305,6271531 5232857,4606511 5586129))
32635;POLYGON((7233801 2245223,6297369 3493447,8425483 2896724,9624704 1498928,7233801 2245223))
32636;POLYGON((10445853 -2453098,9304644 -714842,12290980 -1825674,13768024 -3783225,10445853 -2453098))
32637;POLYGON((14336462 -8878224,12957921 -6518799,17036626 -8373632,18839586 -11043828,14336462 -8878224))
32638;POLYGON((19011540 -17476768,17358945 -14337983,22813250 -17236820,24996924 -20804635,19011540 -17476768))
32639;POLYGON((24590322 -28785000,22622369 -24677312,29792497 -29006198,32419098 -33693856,24590322 -28785000))
32640;POLYGON((31206660 -43442723,28877025 -38140439,38169012 -44390095,41308935 -50462831,31206660 -43442723))
32641;POLYGON((-35267268 -55444677,36267268 -55444677,48162793 -64232144,-47162793 -64232144,-35267268 -55444677))
32642;POLYGON((-27877025 -38140439,-30206660 -43442723,-40308935 -50462831,-37169012 -44390095,-27877025 -38140439))
32643;POLYGON((-21622369 -24677312,-23590322 -28785000,-31419098 -33693856,-28792497 -29006198,-21622369 -24677312))
32644;POLYGON((-16358945 -14337983,-18011540 -17476768,-23996924 -20804635,-21813250 -17236820,-16358945 -14337983))
32645;POLYGON((-11957921 -6518799,-13336462 -8878224,-17839586 -11043828,-16036626 -8373632,-11957921 -6518799))
32646;POLYGON((-8304644 -714842,-9445853 -2453098,-12768024 -3783225,-11290980 -1825674,-8304644 -714842))
32647;POLYGON((-5297369 3493447,-6233801 2245223,-8624704 1498928,-7425483 2896724,-5297369 3493447))
32648;POLYGON((-2846086 6452236,-3606511 5586129,-5271531 5232857,-4308082 6196305,-2846086 6452236))
32649;POLYGON((-871418 8444941,-1481177 7872844,-2587910 7770530,-1823609 8401639,-871418 8444941))
32650;POLYGON((696399 9701662,215059 9352263,-468946 9397434,127973 9778423,696399 9701662))
32651;POLYGON((1918469 10407494,1546087 10223626,1176215 10342953,1633187 10539427,1918469 10407494))
32652;POLYGON((2848104 10709822,2567723 10646136,2425921 10789480,2766528 10853197,2848104 10709822))
32653;POLYGON((3531641 10724679,3328544 10745624,3347417 10880357,3591834 10851640,3531641 10724679))
32654;POLYGON((4009183 10542256,3870650 10620332,3998138 10726765,4163534 10636578,4009183 10542256))
32655;POLYGON((4315286 10231644,4230376 10345902,4426879 10413651,4527790 10285377,4315286 10231644))
32656;POLYGON((4479582 9844890,4438929 9979650,4674873 10004793,4723529 9855751,4479582 9844890))
32657;POLYGON((4527355 9420429,4522980 9564203,4776750 9547094,4783384 9389808,4527355 9420429))
32658;POLYGON((4480058 8985970,4505206 9130556,4761417 9074186,4734531 8917454,4480058 8985970))
32659;POLYGON((4355787 8560899,4404771 8700630,4652842 8609430,4599449 8459195,4355787 8560899))
32660;POLYGON((4169707 8158253,4237774 8289383,4470751 8168378,4396594 8028447,4169707 8158253))
