32601;POLYGON((8980591 3443134,9379290 3638893,9580847 3207199,9162351 3029910,8980591 3443134))
32602;POLYGON((7873008 2961936,8228519 3106523,8376706 2725968,8006998 2595810,7873008 2961936))
32603;POLYGON((6877243 2604629,7198234 2712314,7308102 2371742,6976878 2275355,6877243 2604629))
32604;POLYGON((5970691 2337087,6264170 2417946,6346337 2108692,6045400 2036686,5970691 2337087))
32605;POLYGON((5135047 2135367,5406697 2196445,5468573 1911723,5191390 1857569,5135047 2135367))
32606;POLYGON((4355416 1982824,4609872 2029004,4656584 1763437,4397918 1722637,4355416 1982824))
32607;POLYGON((3619559 1867971,3860646 1902614,3895712 1651873,3651321 1621349,3619559 1867971))
32608;POLYGON((2917278 1782944,3148202 1808344,3174022 1568868,2940404 1546533,2917278 1782944))
32609;POLYGON((2239901 1722421,2463412 1740120,2481597 1508906,2255798 1493365,2239901 1722421))
32610;POLYGON((1579861 1682897,1798381 1693896,1809982 1468331,1589426 1458683,1579861 1682897))
32611;POLYGON((930334 1662218,1146074 1667104,1151726 1444832,934084 1440548,930334 1662218))
32612;POLYGON((284946 1659297,500000 1658325,500000 1437135,283077 1437987,284946 1659297))
32613;POLYGON((-362505 1673984,-146074 1667104,-151726 1444832,-370091 1450865,-362505 1673984))
32614;POLYGON((-1018311 1707044,-798381 1693896,-809982 1468331,-1032018 1479868,-1018311 1707044))
32615;POLYGON((-1689111 1760252,-1463412 1740120,-1481597 1508906,-1709700 1526591,-1689111 1760252))
32616;POLYGON((-2382190 1836622,-2148202 1808344,-2174022 1568868,-2410879 1593748,-2382190 1836622))
32617;POLYGON((-3105807 1940803,-2860646 1902614,-2895712 1651873,-3144441 1685548,-3105807 1940803))
32618;POLYGON((-3869599 2079712,-3609872 2029004,-3656584 1763437,-3920907 1808286,-3869599 2079712))
32619;POLYGON((-4685062 2263482,-4406697 2196445,-4468573 1911723,-4753035 1971241,-4685062 2263482))
32620;POLYGON((-5566129 2506835,-5264170 2417946,-5346337 2108692,-5656570 2187978,-5566129 2506835))
32621;POLYGON((-6529878 2831000,-6198234 2712314,-6308102 2371742,-6651149 2478172,-6529878 2831000))
32622;POLYGON((-7597370 3266335,-7228519 3106523,-7376706 2725968,-7761414 2870117,-7597370 3266335))
32623;POLYGON((-8794653 3855815,-8379290 3638893,-8580847 3207199,-9018333 3404056,-8794653 3855815))
32624;POLYGON((-10153942 4659583,-9680563 4363265,-9956571 3866000,-10460779 4136547,-10153942 4659583))
32625;POLYGON((-11714988 5760778,-11169411 5354377,-11549024 4772827,-12137368 5146058,-11714988 5760778))
32626;POLYGON((-13526675 7272876,-12891483 6714672,-13414493 6024572,-14108610 6540015,-13526675 7272876))
32627;POLYGON((-15648841 9348799,-14902749 8582792,-15622768 7752719,-16449378 8463571,-15648841 9348799))
32628;POLYGON((-18154362 12192077,-17271490 11144019,-18259843 10133409,-19251732 11110349,-18154362 12192077))
32629;POLYGON((-21131495 16070365,-20080557 14642972,-21430990 13399656,-22628120 14735459,-21131495 16070365))
32630;POLYGON((-24686532 21331628,-23429918 19398868,-25264226 17856057,-26714985 19671104,-24686532 21331628))
32631;POLYGON((-28946743 28423355,-27439503 25823685,-29914209 23896309,-31676805 26345104,-28946743 28423355))
32632;POLYGON((-34063668 37915153,-32252376 34443590,-35566573 32023871,-37710587 35302699,-34063668 37915153))
32633;POLYGON((-40216746 50525128,-38038249 45924008,-42442747 42876160,-45050848 47232000,-40216746 50525128))
32634;POLYGON((-47617315 67150444,-44997360 61098745,-50805277 57252662,-53975110 62993498,-47617315 67150444))
32635;POLYGON((-56512999 88902508,-53364726 81003581,-60963666 76147365,-64809924 83654031,-56512999 88902508))
32636;POLYGON((-67192501 117147223,-63414799 106914781,-73280778 100785954,-77937465 110525673,-67192501 117147223))
32637;POLYGON((-79990821 153550800,-75466538 140393001,-88179823 132668227,-93802712 145209983,-79990821 153550800))
32638;POLYGON((-95294918 200131612,-89888927 183333071,-106151945 173616187,-112921250 189648113,-95294918 200131612))
32639;POLYGON((-113549829 259318618,-107106933 238020168,-127764445 225828333,-135887706 246177263,-113549829 259318618))
32640;POLYGON((-135265285 334016893,-127607957 307192919,-153669668 291940642,-163384866 317594026,-135265285 334016893))
32641;POLYGON((-161022808 427680841,-151948771 394113987,-184614573 375094801,-196193476 407225154,-161022808 427680841))
32642;POLYGON((171618682 463802976,-180762965 502648712,-221451018 479014236,209460359 441810902,171618682 463802976))
32643;POLYGON((144371078 362942982,152948771 394113987,185614573 375094801,174689332 345266227,144371078 362942982))
32644;POLYGON((121376641 282336029,128607957 307192919,154669668 291940642,145513572 268176017,121376641 282336029))
32645;POLYGON((102028245 218326931,108106933 238020168,128764445 225828333,121117376 207019712,102028245 218326931))
32646;POLYGON((85793046 167836031,90888927 183333071,107151945 173616187,100786428 158832245,85793046 167836031))
32647;POLYGON((72205200 128283313,76466538 140393001,89179823 132668227,83897761 121130678,72205200 128283313))
32648;POLYGON((60859093 97520375,64414799 106914781,74280778 100785954,69910414 91848444,60859093 97520375))
32649;POLYGON((51403055 73769693,54364726 81003581,61963666 76147365,58356769 69276658,51403055 73769693))
32650;POLYGON((43533555 55570639,45997360 61098745,51805277 57252662,48834546 52011947,43533555 55570639))
32651;POLYGON((36989826 41731711,39038249 45924008,43442747 42876160,40999412 38910303,36989826 41731711))
32652;POLYGON((31548944 31288481,33252376 34443590,36566573 32023871,34558200 29046461,31548944 31288481))
32653;POLYGON((27021298 23466773,28439503 25823685,30914209 23896309,29262694 21678339,27021298 23466773))
32654;POLYGON((23246473 17650607,24429918 19398868,26264226 17856057,24903962 16216094,23246473 17650607))
32655;POLYGON((20089487 13354479,21080557 14642972,22430990 13399656,21307206 12195362,20089487 13354479))
32656;POLYGON((17437402 10199542,18271490 11144019,19259843 10133409,18327108 9254278,17437402 10199542))
32657;POLYGON((15196257 7893312,15902749 8582792,16622768 7752719,15843644 7113907,15196257 7893312))
32658;POLYGON((13288324 6212512,13891483 6714672,14414493 6024572,13758333 5561697,13288324 6212512))
32659;POLYGON((11649663 4988700,12169411 5354377,12549024 4772827,11990905 4437638,11649663 4988700))
32660;POLYGON((10227955 4096358,10680563 4363265,10956571 3866000,10476354 3622795,10227955 4096358))
