32601;POLYGON((2798695 8516147,2851618 8596843,3052944 8467939,2994758 8380470,2798695 8516147))
32602;POLYGON((2623664 8287356,2684596 8361311,2869400 8212883,2802525 8132962,2623664 8287356))
32603;POLYGON((2426784 8080255,2494639 8146763,2661106 7981274,2586841 7909637,2426784 8080255))
32604;POLYGON((2211235 7896522,2284969 7955091,2431869 7775041,2351420 7712163,2211235 7896522))
32605;POLYGON((1980037 7737293,2058663 7787595,2185209 7595404,2099682 7541568,1980037 7737293))
32606;POLYGON((1736015 7603296,1818614 7645127,1924342 7443066,1834741 7398421,1736015 7603296))
32607;POLYGON((1481797 7494963,1567515 7528205,1652183 7318375,1559417 7282980,1481797 7494963))
32608;POLYGON((1219810 7412526,1307859 7437119,1371367 7221451,1276257 7195314,1219810 7412526))
32609;POLYGON((952318 7356092,1041960 7372010,1084286 7152287,987586 7135392,952318 7356092))
32610;POLYGON((681447 7325699,771986 7332935,793142 7110827,695550 7103152,681447 7325699))
32611;POLYGON((409239 7321357,500000 7319910,500000 7097014,402187 7098548,409239 7321357))
32612;POLYGON((137698 7343066,228013 7332935,206857 7110827,109487 7121573,137698 7343066))
32613;POLYGON((-131151 7390822,-41960 7372010,-84286 7152287,-180537 7172261,-131151 7390822))
32614;POLYGON((-395216 7464599,-307859 7437119,-371367 7221451,-465782 7250673,-395216 7464599))
32615;POLYGON((-652285 7564319,-567515 7528205,-652183 7318375,-743989 7356856,-652285 7564319))
32616;POLYGON((-899987 7689798,-818614 7645127,-924342 7443066,-1012690 7490785,-899987 7689798))
32617;POLYGON((-1135764 7840680,-1058663 7787595,-1185209 7595404,-1269160 7652276,-1135764 7840680))
32618;POLYGON((-1356856 8016349,-1284969 7955091,-1431869 7775041,-1510385 7840878,-1356856 8016349))
32619;POLYGON((-1560305 8215817,-1494639 8146763,-1661106 7981274,-1733047 8055736,-1560305 8215817))
32620;POLYGON((-1742980 8437604,-1684596 8361311,-1869400 8212883,-1933526 8295416,-1742980 8437604))
32621;POLYGON((-1901626 8679584,-1851618 8596843,-2052944 8467939,-2107932 8557705,-1901626 8679584))
32622;POLYGON((-2032942 8938823,-1992409 8850713,-2207692 8743574,-2252150 8839360,-2032942 8938823))
32623;POLYGON((-2133690 9211382,-2103697 9119340,-2329429 9035701,-2361931 9135819,-2133690 9211382))
32624;POLYGON((-2200841 9492108,-2182364 9398000,-2413872 9338691,-2432999 9440861,-2200841 9492108))
32625;POLYGON((-2231755 9774394,-2225618 9680601,-2456810 9644999,-2461204 9746204,-2231755 9774394))
32626;POLYGON((-2224404 10049919,-2231198 9959421,-2454281 9944718,-2442711 10041045,-2224404 10049919))
32627;POLYGON((-2177643 10308355,-2197634 10224837,-2402782 10225075,-2374227 10311532,-2177643 10308355))
32628;POLYGON((-2091525 10537053,-2124541 10465011,-2299534 10469847,-2253278 10540147,-2091525 10537053))
32629;POLYGON((-1967672 10720697,-2012972 10665555,-2142783 10658694,-2078532 10705013,-1967672 10720697))
32630;POLYGON((-1809693 10840927,-1865825 10809167,-1932161 10766400,-1850168 10779103,-1809693 10840927))
32631;POLYGON((-1623675 10875928,-1688303 10875233,-1669091 10762010,-1570308 10729340,-1623675 10875928))
32632;POLYGON((-1418718 10799991,-1488437 10839391,-1357256 10607860,-1243500 10515585,-1418718 10799991))
32633;POLYGON((-1207547 10583030,-1277673 10673072,-1003119 10258481,-877264 10089503,-1207547 10583030))
32634;POLYGON((-1007193 10190070,-1071526 10342989,-616515 9659372,-482697 9393283,-1007193 10190070))
32635;POLYGON((-839736 9580686,-890304 9810599,-211299 8745627,-75154 8358222,-839736 9580686))
32636;POLYGON((-733133 8708410,-759911 9031515,193930 7440410,325013 6903136,-733133 8708410))
32637;POLYGON((-722120 7520084,-712717 7954886,575037 5653255,691636 4932608,-722120 7520084))
32638;POLYGON((-849198 5955175,-788521 6522716,901482 3278187,991833 2335043,-849198 5955175))
32639;POLYGON((-1165703 3945037,-1035587 4669147,1135377 191646,1185041 -1019476,-1165703 3945037))
32640;POLYGON((-1732962 1412121,-1511780 2319691,1230454 -3749796,1221958 -5281550,-1732962 1412121))
32641;POLYGON((2989966 436854,-2285779 -609598,1130960 -8711949,-189612 -6933248,2989966 436854))
32642;POLYGON((2323587 3162920,2511780 2319691,-230454 -3749796,-217420 -2331247,2323587 3162920))
32643;POLYGON((1930841 5338237,2035587 4669147,-135377 191646,-70367 1307963,1930841 5338237))
32644;POLYGON((1746793 7043506,1788521 6522716,98517 3278187,199082 4142441,1746793 7043506))
32645;POLYGON((1716911 8350249,1712717 7954886,424962 5653255,547574 6308723,1716911 8350249))
32646;POLYGON((1795873 9321619,1759911 9031515,806069 7440410,939780 7924264,1795873 9321619))
32647;POLYGON((1946467 10013154,1890304 9810599,1211299 8745627,1347397 9089648,1946467 10013154))
32648;POLYGON((2138582 10473478,2071526 10342989,1616515 9659372,1748226 9890599,2138582 10473478))
32649;POLYGON((2348272 10744961,2277673 10673072,2003119 10258481,2125334 10399797,2348272 10744961))
32650;POLYGON((2556913 10864333,2488437 10839391,2357256 10607860,2466284 10678516,2556913 10864333))
32651;POLYGON((2750421 10863249,2688303 10875233,2669091 10762010,2762433 10778104,2750421 10863249))
32652;POLYGON((2918559 10768822,2865825 10809167,2932161 10766400,3008308 10741296,2918559 10768822))
32653;POLYGON((3054301 10604114,3012972 10665555,3142783 10658694,3201033 10603406,3054301 10604114))
32654;POLYGON((3153266 10388589,3124541 10465011,3299534 10469847,3339833 10393373,3153266 10388589))
32655;POLYGON((3213222 10138536,3197634 10224837,3402782 10225075,3425579 10134697,3213222 10138536))
32656;POLYGON((3233634 9867453,3231198 9959421,3454281 9944718,3460404 9846267,3233634 9867453))
32657;POLYGON((3215288 9586403,3225618 9680601,3456810 9644999,3447361 9543085,3215288 9586403))
32658;POLYGON((3159947 9304344,3182364 9398000,3413872 9338691,3390131 9236909,3159947 9304344))
32659;POLYGON((3070076 9028423,3103697 9119340,3329429 9035701,3292782 8936804,3070076 9028423))
32660;POLYGON((2948597 8764252,2992409 8850713,3207692 8743574,3159567 8649633,2948597 8764252))
