32701;POLYGON((9056140 9552077,9503559 9525691,9462147 9054568,9018998 9106868,9056140 9552077))
32702;POLYGON((7835919 9616132,8224087 9597014,8194119 9195994,7808956 9233935,7835919 9616132))
32703;POLYGON((6764625 9662838,7107547 9648847,7085644 9298902,6744850 9326702,6764625 9662838))
32704;POLYGON((5806911 9697243,6115350 9686902,6099179 9374543,5792267 9395113,5806911 9697243))
32705;POLYGON((4935627 9722798,5217853 9715100,5205821 9430649,4924716 9445974,4935627 9722798))
32706;POLYGON((4129845 9741837,4392247 9736105,4383280 9472478,4121724 9483898,4129845 9741837))
32707;POLYGON((3373265 9755930,3620847 9751709,3614222 9503571,3367305 9511985,3373265 9755930))
32708;POLYGON((2652947 9766119,2889716 9763108,2884954 9526296,2648731 9532300,2652947 9766119))
32709;POLYGON((1958320 9773088,2187588 9771092,2184377 9542219,1955578 9546200,1958320 9773088))
32710;POLYGON((1280405 9777268,1505028 9776166,1503172 9552341,1278974 9554540,1280405 9777268))
32711;POLYGON((611213 9778905,833776 9778633,833168 9557263,611011 9557805,611213 9778905))
32712;POLYGON((-56748 9778089,166223 9778633,166831 9557263,-55732 9556177,-56748 9778089))
32713;POLYGON((-730901 9774776,-505028 9776166,-503172 9552341,-728610 9549567,-730901 9774776))
32714;POLYGON((-1419020 9768774,-1187588 9771092,-1184377 9542219,-1415319 9537596,-1419020 9768774))
32715;POLYGON((-2129692 9759720,-1889716 9763108,-1884954 9526296,-2124351 9519541,-2129692 9759720))
32716;POLYGON((-2872882 9747024,-2620847 9751709,-2614222 9503571,-2865540 9494233,-2872882 9747024))
32717;POLYGON((-3660642 9729778,-3392247 9736105,-3383280 9472478,-3650748 9459874,-3660642 9729778))
32718;POLYGON((-4508024 9706611,-4217853 9715100,-4205821 9430649,-4494754 9413751,-4508024 9706611))
32719;POLYGON((-5434255 9675476,-5115350 9686902,-5099179 9374543,-5416382 9351822,-5434255 9675476))
32720;POLYGON((-6464212 9633340,-6107547 9648847,-6085644 9298902,-6439925 9268101,-6464212 9633340))
32721;POLYGON((-7630264 9575752,-7224087 9597014,-7194119 9195994,-7596919 9153814,-7630264 9575752))
32722;POLYGON((-8974529 9496254,-8503559 9525691,-8462147 9054568,-8928315 8996246,-8974529 9496254))
32723;POLYGON((-10551600 9385604,-9996065 9426663,-9938381 8858457,-10487096 8777212,-10551600 9385604))
32724;POLYGON((-12431785 9230761,-11766279 9288284,-11685525 8584759,-12341397 8471071,-12431785 9230761))
32725;POLYGON((-14704932 9013593,-13897074 9094283,-13783816 8201493,-14578172 8042196,-14704932 9013593))
32726;POLYGON((-17484869 8709255,-16493750 8822254,-16335090 7664652,-17307466 7441791,-17484869 8709255))
32727;POLYGON((-20914533 8284186,-19688927 8441791,-19467474 6914532,-20667332 6603970,-20914533 8284186))
32728;POLYGON((-25171827 7693657,-23648155 7912190,-23340774 5871246,-24829460 5440956,-25171827 7693657))
32729;POLYGON((-30476263 6878821,-28576286 7179672,-28152596 4429274,-30005546 3837293,-30476263 6878821))
32730;POLYGON((-37096445 5763178,-34724676 6174052,-34145249 2450946,-36454481 1642940,-37096445 5763178))
32731;POLYGON((-45358446 4248406,-42399254 4804788,-41613492 -241297,-44490381 -1334910,-45358446 4248406))
32732;POLYGON((-55655120 2209458,-51969517 2956334,-50913168 -3874009,-54491528 -5341423,-55655120 2209458))
32733;POLYGON((-68456427 -511139,-63878514 482712,-62470776 -8733359,-66910271 -10685287,-68456427 -511139))
32734;POLYGON((-84320793 -4109879,-78653851 -2798771,-76794034 -15177440,-82283927 -17751623,-84320793 -4109879))
32735;POLYGON((-103907582 -8829846,-96919791 -7114767,-94483482 -23650440,-101246744 -27016811,-103907582 -8829846))
32736;POLYGON((-127990726 -14969363,-119410489 -12744153,-116245181 -34698849,-124542970 -39065422,-127990726 -14969363))
32737;POLYGON((-157473558 -22891813,-146984418 -20027459,-142904547 -48989892,-153041088 -54609441,-157473558 -22891813))
32738;POLYGON((-193404913 -33036736,-180640045 -29377521,-175421385 -67332404,-187749253 -74509991,-193404913 -33036736))
32739;POLYGON((-236996540 -45932304,-221532795 -41291492,-214906161 -90700332,-229831992 -99801767,-236996540 -45932304))
32740;POLYGON((-289641886 -62209307,-270993376 -56364305,-262637578 -120259098,-280628220 -131720400,-289641886 -62209307))
32741;POLYGON((-352936301 -82616736,-330547501 -75303714,-320081487 -157395036,-341670617 -171732971,-352936301 -82616736))
32742;POLYGON((310471787 -68512132,331547501 -75303714,321081487 -157395036,300755562 -144078849,310471787 -68512132))
32743;POLYGON((254464593 -50947861,271993376 -56364305,263637578 -120259098,246724395 -109637619,254464593 -50947861))
32744;POLYGON((208019428 -37000735,222532795 -41291492,215906161 -90700332,201895084 -82284953,208019428 -37000735))
32745;POLYGON((169677861 -26002382,181640045 -29377521,176421385 -67332404,164866349 -60711624,169677861 -26002382))
32746;POLYGON((138169732 -17392051,147984418 -20027459,143904547 -48989892,134417598 -43819150,138169732 -17392051))
32747;POLYGON((112393904 -10702118,120410489 -12744153,117245181 -34698849,109490474 -30691405,112393904 -10702118))
32748;POLYGON((91400395 -5545114,97919791 -7114767,95483482 -23650440,89171712 -20569235,91400395 -5545114))
32749;POLYGON((74373851 -1602180,79653851 -2798771,77794034 -15177440,72677294 -12827853,74373851 -1602180))
32750;POLYGON((60618289 1387163,64878514 482712,63470776 -8733359,59337812 -6956805,60618289 1387163))
32751;POLYGON((49543079 3634049,52969517 2956334,51913168 -3874009,48585022 -2542298,49543079 3634049))
32752;POLYGON((40650090 5308176,43399254 4804788,42613492 -241297,39939515 748307,40650090 5308176))
32753;POLYGON((33521962 6544726,35724676 6174052,35145249 2450946,32999470 3180030,33521962 6544726))
32754;POLYGON((27811445 7450346,29576286 7179672,29152596 4429274,27430419 4961987,27811445 7450346))
32755;POLYGON((23231757 8108312,24648155 7912190,24340774 5871246,22956002 6257502,23231757 8108312))
32756;POLYGON((19547893 8582933,20688927 8441791,20467474 6914532,19349629 7192730,19547893 8582933))
32757;POLYGON((16568861 8923289,17493750 8822254,17335090 7664652,16427022 7863979,16568861 8923289))
32758;POLYGON((14140757 9166368,14897074 9094283,14783816 8201493,14039576 8343854,14140757 9166368))
32759;POLYGON((12140654 9339677,12766279 9288284,12685525 8584759,12068492 8686370,12140654 9339677))
32760;POLYGON((10471238 9463387,10996065 9426663,10938381 8858457,10419623 8931155,10471238 9463387))
