32701;POLYGON((1845955 818870,1874258 771406,1676375 658804,1652335 699449,1845955 818870))
32702;POLYGON((1751499 954608,1784533 910525,1600126 777991,1572026 815795,1751499 954608))
32703;POLYGON((1643660 1079273,1681014 1039029,1512019 888249,1480192 922816,1643660 1079273))
32704;POLYGON((1523765 1191615,1564983 1155606,1413099 988437,1377920 1019417,1523765 1191615))
32705;POLYGON((1393246 1290567,1437841 1259129,1304526 1077552,1266404 1104644,1393246 1290567))
32706;POLYGON((1253603 1375242,1301070 1348651,1187546 1154737,1146908 1177687,1253603 1375242))
32707;POLYGON((1106380 1444923,1156200 1423400,1063461 1219278,1020751 1237878,1106380 1444923))
32708;POLYGON((953136 1499048,1004789 1482763,933611 1270598,889283 1284687,953136 1499048))
32709;POLYGON((795444 1537201,848405 1526278,799363 1308255,753875 1317712,795444 1537201))
32710;POLYGON((634874 1559100,688620 1553619,662099 1331931,615914 1336679,634874 1559100))
32711;POLYGON((472996 1564585,527003 1564585,523208 1341432,476791 1341432,472996 1564585))
32712;POLYGON((311379 1553619,365125 1559100,384085 1336679,337900 1331931,311379 1553619))
32713;POLYGON((151594 1526278,204555 1537201,246124 1317712,200636 1308255,151594 1526278))
32714;POLYGON((-4789 1482763,46863 1499048,110716 1284687,66388 1270598,-4789 1482763))
32715;POLYGON((-156200 1423400,-106380 1444923,-20751 1237878,-63461 1219278,-156200 1423400))
32716;POLYGON((-301070 1348651,-253603 1375242,-146908 1177687,-187546 1154737,-301070 1348651))
32717;POLYGON((-437841 1259129,-393246 1290567,-266404 1104644,-304526 1077552,-437841 1259129))
32718;POLYGON((-564983 1155606,-523765 1191615,-377920 1019417,-413099 988437,-564983 1155606))
32719;POLYGON((-681014 1039029,-643660 1079273,-480192 922816,-512019 888249,-681014 1039029))
32720;POLYGON((-784533 910525,-751499 954608,-572026 815795,-600126 777991,-784533 910525))
32721;POLYGON((-874258 771406,-845955 818870,-652335 699449,-676375 658804,-874258 771406))
32722;POLYGON((-949086 623160,-925858 673490,-720172 575009,-739874 531960,-949086 623160))
32723;POLYGON((-1008157 467438,-990258 520068,-774775 443820,-789938 398838,-1008157 467438))
32724;POLYGON((-1050936 306016,-1038503 360343,-815628 307319,-826144 260893,-1050936 306016))
32725;POLYGON((-1077315 140744,-1070330 196147,-842522 166983,-848403 119608,-1077315 140744))
32726;POLYGON((-1087728 -26531,-1085978 29338,-855637 24277,-857044 -23576,-1087728 -26531))
32727;POLYGON((-1083290 -194076,-1086318 -138297,-855628 -119433,-852904 -167351,-1083290 -194076))
32728;POLYGON((-1065950 -360406,-1073003 -305174,-843735 -262989,-837442 -310652,-1065950 -360406))
32729;POLYGON((-1038675 -524467,-1048639 -470072,-821897 -405571,-812861 -452810,-1038675 -524467))
32730;POLYGON((-1005655 -685865,-1016985 -632351,-792890 -546871,-782246 -593732,-1005655 -685865))
32731;POLYGON((-972528 -845142,-983167 -792204,-760475 -687300,-749725 -734121,-972528 -845142))
32732;POLYGON((-946637 -1004114,-953931 -950981,-729568 -828238,-720640 -875746,-946637 -1004114))
32733;POLYGON((-937320 -1166272,-937917 -1111567,-706428 -972334,-701741 -1021752,-937320 -1166272))
32734;POLYGON((-956214 -1337264,-945958 -1278832,-698861 -1123859,-701400 -1177040,-956214 -1337264))
32735;POLYGON((-1017613 -1525449,-991422 -1460164,-716449 -1289116,-729844 -1348694,-1017613 -1525449))
32736;POLYGON((-1138835 -1742546,-1090575 -1666084,-770798 -1476922,-799415 -1546488,-1138835 -1742546))
32737;POLYGON((-1340642 -2004382,-1262983 -1910961,-875810 -1699156,-924842 -1783456,-1340642 -2004382))
32738;POLYGON((-1647686 -2331744,-1531949 -2213827,-1047975 -1971389,-1123549 -2076555,-1647686 -2331744))
32739;POLYGON((-2088992 -2751350,-1924985 -2599307,-1306691 -2313598,-1415978 -2447405,-2088992 -2751350))
32740;POLYGON((-2698488 -3296948,-2474323 -3098675,-1674610 -2750973,-1825946 -2923130,-2698488 -3296948))
32741;POLYGON((4217467 -3751040,-3217467 -3751040,-2178006 -3314827,3178006 -3314827,4217467 -3751040))
32742;POLYGON((3474323 -3098675,3698488 -3296948,2825946 -2923130,2674610 -2750973,3474323 -3098675))
32743;POLYGON((2924985 -2599307,3088992 -2751350,2415978 -2447405,2306691 -2313598,2924985 -2599307))
32744;POLYGON((2531949 -2213827,2647686 -2331744,2123549 -2076555,2047975 -1971389,2531949 -2213827))
32745;POLYGON((2262983 -1910961,2340642 -2004382,1924842 -1783456,1875810 -1699156,2262983 -1910961))
32746;POLYGON((2090575 -1666084,2138835 -1742546,1799415 -1546488,1770798 -1476922,2090575 -1666084))
32747;POLYGON((1991422 -1460164,2017613 -1525449,1729844 -1348694,1716449 -1289116,1991422 -1460164))
32748;POLYGON((1945958 -1278832,1956214 -1337264,1701400 -1177040,1698861 -1123859,1945958 -1278832))
32749;POLYGON((1937917 -1111567,1937320 -1166272,1701741 -1021752,1706428 -972334,1937917 -1111567))
32750;POLYGON((1953931 -950981,1946637 -1004114,1720640 -875746,1729568 -828238,1953931 -950981))
32751;POLYGON((1983167 -792204,1972528 -845142,1749725 -734121,1760475 -687300,1983167 -792204))
32752;POLYGON((2016985 -632351,2005655 -685865,1782246 -593732,1792890 -546871,2016985 -632351))
32753;POLYGON((2048639 -470072,2038675 -524467,1812861 -452810,1821897 -405571,2048639 -470072))
32754;POLYGON((2073003 -305174,2065950 -360406,1837442 -310652,1843735 -262989,2073003 -305174))
32755;POLYGON((2086318 -138297,2083290 -194076,1852904 -167351,1855628 -119433,2086318 -138297))
32756;POLYGON((2085978 29338,2087728 -26531,1857044 -23576,1855637 24277,2085978 29338))
32757;POLYGON((2070330 196147,2077315 140744,1848403 119608,1842522 166983,2070330 196147))
32758;POLYGON((2038503 360343,2050936 306016,1826144 260893,1815628 307319,2038503 360343))
32759;POLYGON((1990258 520068,2008157 467438,1789938 398838,1774775 443820,1990258 520068))
32760;POLYGON((1925858 673490,1949086 623160,1739874 531960,1720172 575009,1925858 673490))
