32701;POLYGON((5905223 3052396,6046495 2853408,5783505 2686551,5655492 2875950,5905223 3052396))
32702;POLYGON((5450854 3587538,5606681 3419071,5382233 3227257,5238415 3389660,5450854 3587538))
32703;POLYGON((4964297 4038039,5129148 3896649,4939455 3689273,4785349 3827021,4964297 4038039))
32704;POLYGON((4458752 4413818,4628746 4296282,4470068 4079752,4309621 4195267,4458752 4413818))
32705;POLYGON((3943262 4723901,4115778 4627326,3984626 4405886,3820573 4501487,3943262 4723901))
32706;POLYGON((3423725 4976209,3597093 4898086,3490355 4674439,3324510 4752230,3423725 4976209))
32707;POLYGON((2903717 5177463,3076960 5115687,2991969 4891452,2825464 4953254,2903717 5177463))
32708;POLYGON((2385134 5333162,2557773 5286033,2492333 5062078,2325806 5109399,2385134 5333162))
32709;POLYGON((1868700 5447626,2040598 5413834,1992986 5190515,1826727 5224538,1868700 5447626))
32710;POLYGON((1354342 5524051,1525592 5502650,1494541 5279990,1328606 5301577,1354342 5524051))
32711;POLYGON((841487 5564573,1012321 5554965,997001 5332777,831298 5342478,841487 5564573))
32712;POLYGON((329274 5570327,500000 5572242,500000 5350223,334361 5348288,329274 5570327))
32713;POLYGON((-183262 5541471,-12321 5554965,2998 5332777,-162764 5319156,-183262 5541471))
32714;POLYGON((-697037 5477201,-525592 5502650,-494541 5279990,-660579 5254335,-697037 5477201))
32715;POLYGON((-1212741 5375718,-1040598 5413834,-992986 5190515,-1159350 5152172,-1212741 5375718))
32716;POLYGON((-1730642 5234187,-1557773 5286033,-1492333 5062078,-1658900 5010078,-1730642 5234187))
32717;POLYGON((-2250319 5048670,-2076960 5115687,-1991969 4891452,-2158346 4824504,-2250319 5048670))
32718;POLYGON((-2770315 4814066,-2597093 4898086,-2490355 4674439,-2655759 4590930,-2770315 4814066))
32719;POLYGON((-3287680 4524063,-3115778 4627326,-2984626 4405886,-3147719 4303894,-3287680 4524063))
32720;POLYGON((-3797371 4171134,-3628746 4296282,-3470068 4079752,-3628758 3957092,-3797371 4171134))
32721;POLYGON((-4291495 3746605,-4129148 3896649,-3939455 3689273,-4090640 3543576,-4291495 3746605))
32722;POLYGON((-4758365 3240820,-4606681 3419071,-4382233 3227257,-4521485 3056105,-4758365 3240820))
32723;POLYGON((-5181335 2643463,-5046495 2853408,-4783505 2686551,-4904690 2487683,-5181335 2643463))
32724;POLYGON((-5537404 1944048,-5427878 2189160,-5122818 2060743,-5217641 1832344,-5537404 1944048))
32725;POLYGON((-5795551 1132658,-5722685 1416123,-5372714 1345138,-5430178 1086245,-5795551 1132658))
32726;POLYGON((-5914779 200968,-5893479 525308,-5497023 538093,-5502802 249124,-5914779 200968))
32727;POLYGON((-5841842 -856392,-5891373 -489816,-5448883 -357238,-5384594 -673793,-5841842 -856392))
32728;POLYGON((-5508636 -2040053,-5653526 -1631686,-5168456 -1330663,-5010827 -1669374,-5508636 -2040053))
32729;POLYGON((-4829215 -3343654,-5100295 -2896555,-4580314 -2362134,-4300240 -2713549,-4829215 -3343654))
32730;POLYGON((-3696416 -4751032,-4131990 -4271875,-3590487 -3418272,-3151959 -3767593,-3696416 -4751032))
32731;POLYGON((-1978071 -6232789,-2625226 -5733085,-2083134 -4448131,-1442046 -4773620,-1978071 -6232789))
32732;POLYGON((487234 -7742142,-428836 -7239705,83182 -5378112,980368 -5649186,487234 -7742142))
32733;POLYGON((3894871 -9209973,2640678 -8730665,3079638 -6105912,4297366 -6280892,3894871 -9209973))
32734;POLYGON((8479361 -10538991,6804179 -10118773,7111724 -6493397,8726975 -6516878,8479361 -10538991))
32735;POLYGON((14520110 -11596896,12325441 -11284223,12424294 -6358295,14528377 -6158087,14520110 -11596896))
32736;POLYGON((22347675 -12208459,19517239 -12067049,19307100 -5464564,22007604 -4948167,22347675 -12208459))
32737;POLYGON((32350608 -12146390,28747998 -12258406,28100832 -3511320,31523761 -2561892,32350608 -12146390))
32738;POLYGON((44982904 -11120901,40449031 -11590586,39203697 -120186,43495785 1408051,44982904 -11120901))
32739;POLYGON((60772059 -8767838,55122400 -9725634,53078552 5179083,58409767 7466046,60772059 -8767838))
32740;POLYGON((80327793 -4635249,73349407 -6242459,70260619 12964847,76826870 16230442,80327793 -4635249))
32741;POLYGON((104351441 1831710,95799762 -622299,91365802 23941846,99391847 28452540,104351441 1831710))
32742;POLYGON((-112487856 4618918,123241435 7767571,117099630 38961652,-106959869 33446569,-112487856 4618918))
32743;POLYGON((-86801778 -2769649,-94799762 -622299,-90365802 23941846,-82853234 19878960,-86801778 -2769649))
32744;POLYGON((-65839473 -7613161,-72349407 -6242459,-69260619 12964847,-63129532 10052628,-65839473 -7613161))
32745;POLYGON((-48866862 -10504430,-54122400 -9725634,-52078552 5179083,-47114140 3167359,-48866862 -10504430))
32746;POLYGON((-35244766 -11927938,-39449031 -11590586,-38203697 -120186,-34219012 -1437297,-35244766 -11927938))
32747;POLYGON((-24419280 -12275534,-27747998 -12258406,-27100832 -3511320,-23933941 -4301737,-24419280 -12275534))
32748;POLYGON((-15912838 -11860403,-18517239 -12067049,-18307100 -5464564,-15818448 -5863874,-15912838 -11860403))
32749;POLYGON((-9315930 -10929437,-11325441 -11284223,-11424294 -6358295,-9494263 -6474743,-9315930 -10929437))
32750;POLYGON((-4279456 -9674144,-5804179 -10118773,-6111724 -6493397,-4638379 -6412291,-4279456 -9674144))
32751;POLYGON((-507687 -8240196,-1640678 -8730665,-2079638 -6105912,-976656 -5893480,-507687 -8240196))
32752;POLYGON((2248200 -6735742,1428836 -7239705,916817 -5378112,1722047 -5084867,2248200 -6735742))
32753;POLYGON((4196022 -5238595,3625226 -5733085,3083134 -4448131,3651249 -4111779,4196022 -5238595))
32754;POLYGON((5507964 -3802392,5131990 -4271875,4590487 -3418272,4971723 -3066217,5507964 -3802392))
32755;POLYGON((6325451 -2461826,6100295 -2896555,5580314 -2362134,5815936 -2013604,6325451 -2461826))
32756;POLYGON((6763538 -1237058,6653526 -1631686,6168456 -1330663,6292046 -998511,6763538 -1237058))
32757;POLYGON((6914848 -137373,6891373 -489816,6448883 -357238,6487490 -49441,6914848 -137373))
32758;POLYGON((6853083 835803,6893479 525308,6497023 538093,6472189 817194,6853083 835803))
32759;POLYGON((6636133 1686482,6722685 1416123,6372714 1345138,6301383 1593832,6636133 1686482))
32760;POLYGON((6308808 2422174,6427878 2189160,6122818 2060743,6018131 2279140,6308808 2422174))
