32601;POLYGON((8117042 4180076,8450596 4387255,8673980 4025392,8319866 3828253,8117042 4180076))
32602;POLYGON((7170488 3663747,7477482 3820053,7645097 3487052,7323052 3339510,7170488 3663747))
32603;POLYGON((6295136 3272447,6579752 3391189,6706453 3083185,6410729 2971918,6295136 3272447))
32604;POLYGON((5479425 2974071,5745358 3064776,5841747 2777950,5567503 2693493,5479425 2974071))
32605;POLYGON((4713142 2745750,4963658 2815186,5037240 2545953,4780384 2481639,4713142 2745750))
32606;POLYGON((3987252 2571311,4225241 2624254,4281292 2369351,4038341 2320519,3987252 2571311))
32607;POLYGON((3293733 2439398,3521768 2479191,3563968 2235693,3331929 2199107,3293733 2439398))
32608;POLYGON((2625413 2342104,2845799 2371066,2876696 2136358,2652958 2109792,2625413 2342104))
32609;POLYGON((1975803 2274024,2190638 2293724,2211956 2065452,1994203 2047411,1975803 2274024))
32610;POLYGON((1338944 2231604,1550165 2243050,1563025 2019061,1349149 2008589,1338944 2231604))
32611;POLYGON((709243 2212730,918683 2216485,923730 1994761,711760 1991327,709243 2212730))
32612;POLYGON((81316 2216485,290756 2212730,288239 1991327,76269 1994761,81316 2216485))
32613;POLYGON((-550165 2243050,-338944 2231604,-349149 2008589,-563025 2019061,-550165 2243050))
32614;POLYGON((-1190638 2293724,-975803 2274024,-994203 2047411,-1211956 2065452,-1190638 2293724))
32615;POLYGON((-1845799 2371066,-1625413 2342104,-1652958 2109792,-1876696 2136358,-1845799 2371066))
32616;POLYGON((-2521768 2479191,-2293733 2439398,-2331929 2199107,-2563968 2235693,-2521768 2479191))
32617;POLYGON((-3225241 2624254,-2987252 2571311,-3038341 2320519,-3281292 2369351,-3225241 2624254))
32618;POLYGON((-3963658 2815186,-3713142 2745750,-3780384 2481639,-4037240 2545953,-3963658 2815186))
32619;POLYGON((-4745358 3064776,-4479425 2974071,-4567503 2693493,-4841747 2777950,-4745358 3064776))
32620;POLYGON((-5579752 3391189,-5295136 3272447,-5410729 2971918,-5706453 3083185,-5579752 3391189))
32621;POLYGON((-6477482 3820053,-6170488 3663747,-6323052 3339510,-6645097 3487052,-6477482 3820053))
32622;POLYGON((-7450596 4387255,-7117042 4180076,-7319866 3828253,-7673980 4025392,-7450596 4387255))
32623;POLYGON((-8512722 5142610,-8147879 4866136,-8419458 4483012,-8812478 4748318,-8512722 5142610))
32624;POLYGON((-9679243 6154583,-9277776 5783580,-9643589 5366080,-10083648 5725152,-9679243 6154583))
32625;POLYGON((-10967479 7516286,-10523388 7016550,-11018136 6562973,-11514902 7050688,-10967479 7516286))
32626;POLYGON((-12396874 9352938,-11903431 8678632,-12573838 8189718,-13138777 8853037,-12396874 9352938))
32627;POLYGON((-13989187 11831077,-13438870 10921451,-14347124 10401878,-14993804 11303286,-13989187 11831077))
32628;POLYGON((-15768688 15169746,-15153115 13945170,-16381052 13405597,-17125474 14627284,-15768688 15169746))
32629;POLYGON((-17762360 19653967,-17072222 18011168,-18726353 17470947,-19587331 19119823,-17762360 19653967))
32630;POLYGON((-20000108 25650796,-19225100 23457201,-21442597 22947905,-22442171 25161566,-20000108 25650796))
32631;POLYGON((-22514971 33628273,-21643717 30715348,-24599481 30285288,-25763378 33239049,-22514971 33628273))
32632;POLYGON((-25343347 44177637,-24363329 40333098,-28278258 40053014,-29636393 43968130,-25343347 44177637))
32633;POLYGON((-28525221 58039141,-27422696 52997926,-32573294 52968058,-34160331 58121273,-28525221 58039141))
32634;POLYGON((-32104400 76131872,-30864327 69565730,-37593789 69924523,-39449741 76659068,-32104400 76131872))
32635;POLYGON((-36128758 99587973,-34734711 91093545,-43465642 92028216,-45636535 100766428,-36128758 99587973))
32636;POLYGON((-40650489 129791694,-39084574 118876930,-50333490 120636219,-52872075 131893906,-40650489 129791694))
32637;POLYGON((-45726371 168423704,-43969136 154492477,-58362911 157401872,-61329443 171804603,-45726371 168423704))
32638;POLYGON((-51418034 217511155,-49448380 199845910,-67742814 204325693,-71205884 222627174,-51418034 217511155))
32639;POLYGON((-57792242 279483952,-55587327 257226226,-78688008 263812720,-82725450 286915427,-57792242 279483952))
32640;POLYGON((-64921185 357237758,-62456323 329366397,-91441977 338736816,-96141831 367715072,-64921185 357237758))
32641;POLYGON((-72882776 454204244,-70131341 419511149,-106279846 432512481,-111741395 468638159,-72882776 454204244))
32642;POLYGON((71131341 419511149,73882776 454204244,112741395 468638159,107279846 432512481,71131341 419511149))
32643;POLYGON((63456323 329366397,65921185 357237758,97141831 367715072,92441977 338736816,63456323 329366397))
32644;POLYGON((56587327 257226226,58792242 279483952,83725450 286915427,79688008 263812720,56587327 257226226))
32645;POLYGON((50448380 199845910,52418034 217511155,72205884 222627174,68742814 204325693,50448380 199845910))
32646;POLYGON((44969136 154492477,46726371 168423704,62329443 171804603,59362911 157401872,44969136 154492477))
32647;POLYGON((40084574 118876930,41650489 129791694,53872075 131893906,51333490 120636219,40084574 118876930))
32648;POLYGON((35734711 91093545,37128758 99587973,46636535 100766428,44465642 92028216,35734711 91093545))
32649;POLYGON((31864327 69565730,33104400 76131872,40449741 76659068,38593789 69924523,31864327 69565730))
32650;POLYGON((28422696 52997926,29525221 58039141,35160331 58121273,33573294 52968058,28422696 52997926))
32651;POLYGON((25363329 40333098,26343347 44177637,30636393 43968130,29278258 40053014,25363329 40333098))
32652;POLYGON((22643717 30715348,23514971 33628273,26763378 33239049,25599481 30285288,22643717 30715348))
32653;POLYGON((20225100 23457201,21000108 25650796,23442171 25161566,22442597 22947905,20225100 23457201))
32654;POLYGON((18072222 18011168,18762360 19653967,20587331 19119823,19726353 17470947,18072222 18011168))
32655;POLYGON((16153115 13945170,16768688 15169746,18125474 14627284,17381052 13405597,16153115 13945170))
32656;POLYGON((14438870 10921451,14989187 11831077,15993804 11303286,15347124 10401878,14438870 10921451))
32657;POLYGON((12903431 8678632,13396874 9352938,14138777 8853037,13573838 8189718,12903431 8678632))
32658;POLYGON((11523388 7016550,11967479 7516286,12514902 7050688,12018136 6562973,11523388 7016550))
32659;POLYGON((10277776 5783580,10679243 6154583,11083648 5725152,10643589 5366080,10277776 5783580))
32660;POLYGON((9147879 4866136,9512722 5142610,9812478 4748318,9419458 4483012,9147879 4866136))
