32701;POLYGON((1006387 238432,1014366 220603,808427 133005,803660 143691,1006387 238432))
32702;POLYGON((978802 290077,988594 273189,793025 164531,787168 174658,978802 290077))
32703;POLYGON((945986 338530,957485 322767,774415 194268,767533 203726,945986 338530))
32704;POLYGON((908303 383265,921380 368797,752802 221892,744971 230578,908303 383265))
32705;POLYGON((866168 423798,880680 410782,728424 247102,719729 254920,866168 423798))
32706;POLYGON((820049 459693,835834 448268,701549 269622,692086 276488,820049 459693))
32707;POLYGON((770454 490567,787339 480855,672472 289208,662345 295047,770454 490567))
32708;POLYGON((717926 516089,735726 508194,641512 305647,630831 310396,717926 516089))
32709;POLYGON((663039 535990,681560 529995,609008 318762,597891 322369,663039 535990))
32710;POLYGON((606390 550061,625431 546029,575315 328410,563883 330836,606390 550061))
32711;POLYGON((548592 558153,567947 556127,540801 334487,529179 335707,548592 558153))
32712;POLYGON((490269 560182,509730 560182,505842 336928,494157 336928,490269 560182))
32713;POLYGON((432052 556127,451407 558153,470820 335707,459198 334487,432052 556127))
32714;POLYGON((374568 546029,393609 550061,436116 330836,424684 328410,374568 546029))
32715;POLYGON((318439 529995,336960 535990,402108 322369,390991 318762,318439 529995))
32716;POLYGON((264273 508194,282073 516089,369168 310396,358487 305647,264273 508194))
32717;POLYGON((212660 480855,229545 490567,337654 295047,327527 289208,212660 480855))
32718;POLYGON((164165 448268,179950 459693,307913 276488,298450 269622,164165 448268))
32719;POLYGON((119319 410782,133831 423798,280270 254920,271575 247102,119319 410782))
32720;POLYGON((78619 368797,91696 383265,255028 230578,247197 221892,78619 368797))
32721;POLYGON((42514 322767,54013 338530,232466 203726,225584 194268,42514 322767))
32722;POLYGON((11405 273189,21197 290077,212831 174658,206974 164531,11405 273189))
32723;POLYGON((-14366 220603,-6387 238432,196339 143691,191572 133005,-14366 220603))
32724;POLYGON((-34525 165578,-28443 184155,183171 111163,179546 100034,-34525 165578))
32725;POLYGON((-48866 108708,-44741 127833,173468 77428,171023 65978,-48866 108708))
32726;POLYGON((-57267 50599,-55131 70069,167334 42853,166093 31205,-57267 50599))
32727;POLYGON((-59691 -8145,-59545 11470,164825 7811,164798 -3908,-59691 -8145))
32728;POLYGON((-56202 -66935,-58014 -47368,165956 -27324,167138 -38993,-56202 -66935))
32729;POLYGON((-46966 -125218,-50668 -105879,170695 -62185,173065 -73683,-46966 -125218))
32730;POLYGON((-32264 -182496,-37750 -163543,178963 -96417,182482 -107629,-32264 -182496))
32731;POLYGON((-12503 -238352,-19622 -219913,190630 -129683,195245 -140504,-12503 -238352))
32732;POLYGON((11776 -292479,3219 -274642,205520 -161678,211162 -172013,11776 -292479))
32733;POLYGON((39890 -344712,30141 -327515,223407 -192134,229990 -201904,39890 -344712))
32734;POLYGON((70999 -395066,60356 -378481,244017 -220829,251438 -229972,70999 -395066))
32735;POLYGON((104095 -443780,92912 -427699,267028 -247600,275170 -256078,104095 -443780))
32736;POLYGON((137992 -491364,126685 -475584,292072 -272354,300801 -280153,137992 -491364))
32737;POLYGON((171312 -538652,160363 -522855,318736 -295082,327906 -302219,171312 -538652))
32738;POLYGON((202471 -586867,192431 -570599,346565 -315867,356017 -322394,202471 -586867))
32739;POLYGON((229670 -637689,221165 -620334,375068 -334904,384628 -340913,229670 -637689))
32740;POLYGON((250874 -693327,244608 -674085,403714 -352513,413199 -358141,250874 -693327))
32741;POLYGON((263799 -756609,260562 -734463,431945 -369157,441162 -374593,263799 -756609))
32742;POLYGON((733427 -804758,266572 -804758,459173 -385457,540826 -385457,733427 -804758))
32743;POLYGON((739437 -734463,736200 -756609,558837 -374593,568054 -369157,739437 -734463))
32744;POLYGON((755391 -674085,749125 -693327,586800 -358141,596285 -352513,755391 -674085))
32745;POLYGON((778834 -620334,770329 -637689,615371 -340913,624931 -334904,778834 -620334))
32746;POLYGON((807568 -570599,797528 -586867,643982 -322394,653434 -315867,807568 -570599))
32747;POLYGON((839636 -522855,828687 -538652,672093 -302219,681263 -295082,839636 -522855))
32748;POLYGON((873314 -475584,862007 -491364,699198 -280153,707927 -272354,873314 -475584))
32749;POLYGON((907087 -427699,895904 -443780,724829 -256078,732971 -247600,907087 -427699))
32750;POLYGON((939643 -378481,929000 -395066,748561 -229972,755982 -220829,939643 -378481))
32751;POLYGON((969858 -327515,960109 -344712,770009 -201904,776592 -192134,969858 -327515))
32752;POLYGON((996780 -274642,988223 -292479,788837 -172013,794479 -161678,996780 -274642))
32753;POLYGON((1019622 -219913,1012503 -238352,804754 -140504,809369 -129683,1019622 -219913))
32754;POLYGON((1037750 -163543,1032264 -182496,817517 -107629,821036 -96417,1037750 -163543))
32755;POLYGON((1050668 -105879,1046966 -125218,826934 -73683,829304 -62185,1050668 -105879))
32756;POLYGON((1058014 -47368,1056202 -66935,832861 -38993,834043 -27324,1058014 -47368))
32757;POLYGON((1059545 11470,1059691 -8145,835201 -3908,835174 7811,1059545 11470))
32758;POLYGON((1055131 70069,1057267 50599,833906 31205,832665 42853,1055131 70069))
32759;POLYGON((1044741 127833,1048866 108708,828976 65978,826531 77428,1044741 127833))
32760;POLYGON((1028443 184155,1034525 165578,820453 100034,816828 111163,1028443 184155))
