32701;POLYGON((7495980 5525589,7791543 5327208,7563492 5021922,7287164 5224057,7495980 5525589))
32702;POLYGON((6645227 6025008,6923033 5873008,6747639 5579769,6484345 5736138,6645227 6025008))
32703;POLYGON((5843836 6408982,6105852 6291918,5970302 6011899,5719348 6133343,5843836 6408982))
32704;POLYGON((5085746 6705327,5334011 6614909,5228961 6347755,4989253 6442224,5085746 6705327))
32705;POLYGON((4364827 6934112,4601378 6864371,4520060 6608887,4290258 6682172,4364827 6934112))
32706;POLYGON((3675063 7109722,3901886 7056390,3839423 6810964,3618055 6867258,3675063 7109722))
32707;POLYGON((3010656 7242388,3229655 7202441,3182567 6965301,2968107 7007611,3010656 7242388))
32708;POLYGON((2366083 7339301,2579066 7310625,2544903 7079978,2335822 7110424,2366083 7339301))
32709;POLYGON((1736092 7405391,1944782 7386558,1921867 7160644,1716661 7180674,1736092 7405391))
32710;POLYGON((1115676 7443852,1321718 7433965,1308977 7211079,1106175 7221605,1115676 7443852))
32711;POLYGON((500000 7456480,704992 7455081,701845 7233563,500000 7235052,500000 7456480))
32712;POLYGON((-115676 7443852,89840 7450879,96148 7229088,-106175 7221605,-115676 7443852))
32713;POLYGON((-736092 7405391,-528464 7421166,-512419 7197458,-716661 7180674,-736092 7405391))
32714;POLYGON((-1366083 7339301,-1154717 7364567,-1128199 7137267,-1335822 7110424,-1366083 7339301))
32715;POLYGON((-2010656 7242388,-1793859 7278381,-1755608 7045767,-1968107 7007611,-2010656 7242388))
32716;POLYGON((-2675063 7109722,-2451055 7158306,-2399160 6918605,-2618055 6867258,-2675063 7109722))
32717;POLYGON((-3364827 6934112,-3131736 6997979,-3063435 6749393,-3290258 6682172,-3364827 6934112))
32718;POLYGON((-4085746 6705327,-3841610 6788285,-3753005 6529076,-3989253 6442224,-4085746 6705327))
32719;POLYGON((-4843836 6408982,-4586632 6516372,-4472279 6245032,-4719348 6133343,-4843836 6408982))
32720;POLYGON((-5645227 6025008,-5372907 6164266,-5225264 5879821,-5484345 5736138,-5645227 6025008))
32721;POLYGON((-6495980 5525589,-6206546 5707003,-6015225 5409517,-6287164 5224057,-6495980 5525589))
32722;POLYGON((-7401842 4872433,-7093433 5110129,-6844223 4801492,-7129342 4560973,-7401842 4872433))
32723;POLYGON((-8367898 4013241,-8038917 4326464,-7712526 4011560,-8010392 3698082,-8367898 4013241))
32724;POLYGON((-9398140 2877210,-9047409 3291941,-8617864 2980335,-8927006 2569961,-9398140 2877210))
32725;POLYGON((-10494921 1369390,-10121875 1920362,-9554530 1628651,-9872099 1089656,-10494921 1369390))
32726;POLYGON((-11658301 -636298,-11263221 96893,-10512292 -148090,-10833657 -857384,-11658301 -636298))
32727;POLYGON((-12885263 -3305604,-12469551 -2329938,-11475115 -2486858,-11793392 -3420701,-12885263 -3305604))
32728;POLYGON((-14168796 -6854261,-13735294 -5557938,-12419677 -5565364,-12725181 -6793731,-14168796 -6854261))
32729;POLYGON((-15496832 -11560337,-15050197 -9842888,-13313651 -9612106,-13593276 -11224450,-15496832 -11560337))
32730;POLYGON((-16851034 -17778875,-16398156 -15512393,-14113754 -14918280,-14350263 -17027959,-16851034 -17778875))
32731;POLYGON((-18205412 -25959106,-17755898 -22982205,-14763535 -21851809,-14934764 -24601271,-18205412 -25959106))
32732;POLYGON((-19524776 -36664532,-19091481 -32775313,-15190896 -30873714,-15268867 -34440524,-19524776 -36664532))
32733;POLYGON((-20762999 -50596195,-20362628 -45544119,-15305326 -42557113,-15255253 -47160914,-20762999 -50596195))
32734;POLYGON((-21861087 -68619464,-21514862 -62096007,-14994825 -57609104,-14774026 -63519605,-21861087 -68619464))
32735;POLYGON((-22745055 -91794681,-22479443 -83422670,-14122525 -76895836,-13679215 -84441926,-22745055 -91794681))
32736;POLYGON((-23323581 -121412041,-23171103 -110733534,-12522963 -101471062,-11794942 -111051159,-23323581 -121412041))
32737;POLYGON((-23485449 -159031088,-23485555 -145493669,-9998018 -132608497,-8911234 -144702235,-23485449 -159031088))
32738;POLYGON((-23096748 -206525215,-23296779 -189466582,-6312478 -171838315,-4779464 -187019692,-23096748 -206525215))
32739;POLYGON((-21997849 -266131599,-22454070 -244762288,-1189233 -220988134,892580 -239940228,-21997849 -266131599))
32740;POLYGON((-20000112 -340506995,-20778838 -313891102,5695935 -282228843,8446047 -305760230,-20000112 -340506995))
32741;POLYGON((-16882346 -432789845,-18061155 -399823594,14719962 -358125653,18276763 -387188659,-16882346 -432789845))
32742;POLYGON((21000112 -340506995,20097236 -369108083,-10448686 -331022016,-7446047 -305760230,21000112 -340506995))
32743;POLYGON((22997849 -266131599,22442025 -289137954,-2182991 -260322205,107419 -239940228,22997849 -266131599))
32744;POLYGON((24096748 -206525215,23818045 -224926207,4075711 -203376234,5779464 -187019692,24096748 -206525215))
32745;POLYGON((24485449 -159031088,24424379 -173662750,8686135 -157756341,9911234 -144702235,24485449 -159031088))
32746;POLYGON((24323581 -121412041,24429950 -132977047,11956191 -121411469,12794942 -111051159,24323581 -121412041))
32747;POLYGON((23745055 -91794681,23976892 -100880273,14148467 -92617993,14679215 -84441926,23745055 -91794681))
32748;POLYGON((22861087 -68619464,23183663 -75713472,15485296 -69935551,15774026 -63519605,22861087 -68619464))
32749;POLYGON((21762999 -50596195,22147922 -56101294,16153438 -52167590,16255253 -47160914,21762999 -50596195))
32750;POLYGON((20524776 -36664532,20949162 -40910873,16308389 -38326295,16268867 -34440524,20524776 -36664532))
32751;POLYGON((19205412 -25959106,19651126 -29215456,16078332 -27601527,15934764 -24601271,19205412 -25959106))
32752;POLYGON((17851034 -17778875,18304006 -20262386,15567743 -19333470,15350263 -17027959,17851034 -17778875))
32753;POLYGON((16496832 -11560337,16946437 -13445066,14860670 -12988655,14593276 -11224450,16496832 -11560337))
32754;POLYGON((15168796 -6854261,15607294 -8278556,14023704 -8139069,13725181 -6793731,15168796 -6854261))
32755;POLYGON((13885263 -3305604,14307303 -4378465,13108642 -4444065,12793392 -3420701,13885263 -3305604))
32756;POLYGON((12658301 -636298,13060478 -1442816,12154883 -1634793,11833657 -857384,12658301 -636298))
32757;POLYGON((11494921 1369390,11875392 763424,11191549 499088,10872099 1089656,11494921 1369390))
32758;POLYGON((10398140 2877210,10756283 2421424,10239353 2120682,9927006 2569961,10398140 2877210))
32759;POLYGON((9367898 4013241,9704025 3669455,9312240 3355310,9010392 3698082,9367898 4013241))
32760;POLYGON((8401842 4872433,8716948 4611995,8418803 4298390,8129342 4560973,8401842 4872433))
