32701;POLYGON((7206546 5707003,7495980 5525589,7287164 5224057,7015225 5409517,7206546 5707003))
32702;POLYGON((6372907 6164266,6645227 6025008,6484345 5736138,6225264 5879821,6372907 6164266))
32703;POLYGON((5586632 6516372,5843836 6408982,5719348 6133343,5472279 6245032,5586632 6516372))
32704;POLYGON((4841610 6788285,5085746 6705327,4989253 6442224,4753005 6529076,4841610 6788285))
32705;POLYGON((4131736 6997979,4364827 6934112,4290258 6682172,4063435 6749393,4131736 6997979))
32706;POLYGON((3451055 7158306,3675063 7109722,3618055 6867258,3399160 6918605,3451055 7158306))
32707;POLYGON((2793859 7278381,3010656 7242388,2968107 7007611,2755608 7045767,2793859 7278381))
32708;POLYGON((2154717 7364567,2366083 7339301,2335822 7110424,2128199 7137267,2154717 7364567))
32709;POLYGON((1528464 7421166,1736092 7405391,1716661 7180674,1512419 7197458,1528464 7421166))
32710;POLYGON((910159 7450879,1115676 7443852,1106175 7221605,903851 7229088,910159 7450879))
32711;POLYGON((295007 7455081,500000 7456480,500000 7235052,298154 7233563,295007 7455081))
32712;POLYGON((-321718 7433965,-115676 7443852,-106175 7221605,-308977 7211079,-321718 7433965))
32713;POLYGON((-944782 7386558,-736092 7405391,-716661 7180674,-921867 7160644,-944782 7386558))
32714;POLYGON((-1579066 7310625,-1366083 7339301,-1335822 7110424,-1544903 7079978,-1579066 7310625))
32715;POLYGON((-2229655 7202441,-2010656 7242388,-1968107 7007611,-2182567 6965301,-2229655 7202441))
32716;POLYGON((-2901886 7056390,-2675063 7109722,-2618055 6867258,-2839423 6810964,-2901886 7056390))
32717;POLYGON((-3601378 6864371,-3364827 6934112,-3290258 6682172,-3520060 6608887,-3601378 6864371))
32718;POLYGON((-4334011 6614909,-4085746 6705327,-3989253 6442224,-4228961 6347755,-4334011 6614909))
32719;POLYGON((-5105852 6291918,-4843836 6408982,-4719348 6133343,-4970302 6011899,-5105852 6291918))
32720;POLYGON((-5923033 5873008,-5645227 6025008,-5484345 5736138,-5747639 5579769,-5923033 5873008))
32721;POLYGON((-6791543 5327208,-6495980 5525589,-6287164 5224057,-6563492 5021922,-6791543 5327208))
32722;POLYGON((-7716948 4611995,-7401842 4872433,-7129342 4560973,-7418803 4298390,-7716948 4611995))
32723;POLYGON((-8704025 3669455,-8367898 4013241,-8010392 3698082,-8312240 3355310,-8704025 3669455))
32724;POLYGON((-9756283 2421424,-9398140 2877210,-8927006 2569961,-9239353 2120682,-9756283 2421424))
32725;POLYGON((-10875392 763424,-10494921 1369390,-9872099 1089656,-10191549 499088,-10875392 763424))
32726;POLYGON((-12060478 -1442816,-11658301 -636298,-10833657 -857384,-11154883 -1634793,-12060478 -1442816))
32727;POLYGON((-13307303 -4378465,-12885263 -3305604,-11793392 -3420701,-12108642 -4444065,-13307303 -4378465))
32728;POLYGON((-14607294 -8278556,-14168796 -6854261,-12725181 -6793731,-13023704 -8139069,-14607294 -8278556))
32729;POLYGON((-15946437 -13445066,-15496832 -11560337,-13593276 -11224450,-13860670 -12988655,-15946437 -13445066))
32730;POLYGON((-17304006 -20262386,-16851034 -17778875,-14350263 -17027959,-14567743 -19333470,-17304006 -20262386))
32731;POLYGON((-18651126 -29215456,-18205412 -25959106,-14934764 -24601271,-15078332 -27601527,-18651126 -29215456))
32732;POLYGON((-19949162 -40910873,-19524776 -36664532,-15268867 -34440524,-15308389 -38326295,-19949162 -40910873))
32733;POLYGON((-21147922 -56101294,-20762999 -50596195,-15255253 -47160914,-15153438 -52167590,-21147922 -56101294))
32734;POLYGON((-22183663 -75713472,-21861087 -68619464,-14774026 -63519605,-14485296 -69935551,-22183663 -75713472))
32735;POLYGON((-22976892 -100880273,-22745055 -91794681,-13679215 -84441926,-13148467 -92617993,-22976892 -100880273))
32736;POLYGON((-23429950 -132977047,-23323581 -121412041,-11794942 -111051159,-10956191 -121411469,-23429950 -132977047))
32737;POLYGON((-23424379 -173662750,-23485449 -159031088,-8911234 -144702235,-7686135 -157756341,-23424379 -173662750))
32738;POLYGON((-22818045 -224926207,-23096748 -206525215,-4779464 -187019692,-3075711 -203376234,-22818045 -224926207))
32739;POLYGON((-21442025 -289137954,-21997849 -266131599,892580 -239940228,3182991 -260322205,-21442025 -289137954))
32740;POLYGON((-19097236 -369108083,-20000112 -340506995,8446047 -305760230,11448686 -331022016,-19097236 -369108083))
32741;POLYGON((19061155 -399823594,-16882346 -432789845,18276763 -387188659,-13719962 -358125653,19061155 -399823594))
32742;POLYGON((21778838 -313891102,21000112 -340506995,-7446047 -305760230,-4695935 -282228843,21778838 -313891102))
32743;POLYGON((23454070 -244762288,22997849 -266131599,107419 -239940228,2189233 -220988134,23454070 -244762288))
32744;POLYGON((24296779 -189466582,24096748 -206525215,5779464 -187019692,7312478 -171838315,24296779 -189466582))
32745;POLYGON((24485555 -145493669,24485449 -159031088,9911234 -144702235,10998018 -132608497,24485555 -145493669))
32746;POLYGON((24171103 -110733534,24323581 -121412041,12794942 -111051159,13522963 -101471062,24171103 -110733534))
32747;POLYGON((23479443 -83422670,23745055 -91794681,14679215 -84441926,15122525 -76895836,23479443 -83422670))
32748;POLYGON((22514862 -62096007,22861087 -68619464,15774026 -63519605,15994825 -57609104,22514862 -62096007))
32749;POLYGON((21362628 -45544119,21762999 -50596195,16255253 -47160914,16305326 -42557113,21362628 -45544119))
32750;POLYGON((20091481 -32775313,20524776 -36664532,16268867 -34440524,16190896 -30873714,20091481 -32775313))
32751;POLYGON((18755898 -22982205,19205412 -25959106,15934764 -24601271,15763535 -21851809,18755898 -22982205))
32752;POLYGON((17398156 -15512393,17851034 -17778875,15350263 -17027959,15113754 -14918280,17398156 -15512393))
32753;POLYGON((16050197 -9842888,16496832 -11560337,14593276 -11224450,14313651 -9612106,16050197 -9842888))
32754;POLYGON((14735294 -5557938,15168796 -6854261,13725181 -6793731,13419677 -5565364,14735294 -5557938))
32755;POLYGON((13469551 -2329938,13885263 -3305604,12793392 -3420701,12475115 -2486858,13469551 -2329938))
32756;POLYGON((12263221 96893,12658301 -636298,11833657 -857384,11512292 -148090,12263221 96893))
32757;POLYGON((11121875 1920362,11494921 1369390,10872099 1089656,10554530 1628651,11121875 1920362))
32758;POLYGON((10047409 3291941,10398140 2877210,9927006 2569961,9617864 2980335,10047409 3291941))
32759;POLYGON((9038917 4326464,9367898 4013241,9010392 3698082,8712526 4011560,9038917 4326464))
32760;POLYGON((8093433 5110129,8401842 4872433,8129342 4560973,7844223 4801492,8093433 5110129))
