32701;POLYGON((1266801 464223,1282590 437175,1086492 327692,1074715 347963,1266801 464223))
32702;POLYGON((1213950 541767,1232459 516550,1049085 387197,1035263 406112,1213950 541767))
32703;POLYGON((1153349 613272,1174370 590156,1005691 442424,989977 459779,1153349 613272))
32704;POLYGON((1085681 677980,1108977 657209,956793 492781,939363 508388,1085681 677980))
32705;POLYGON((1011708 735213,1037017 717004,902934 537726,883981 551421,1011708 735213))
32706;POLYGON((932252 784381,959293 768920,844712 576783,824444 588420,932252 784381))
32707;POLYGON((848186 824984,876665 812428,782766 609540,761406 618998,848186 824984))
32708;POLYGON((760423 856618,790031 847091,717774 635655,695554 642835,760423 856618))
32709;POLYGON((669905 878968,700325 872565,650440 654857,627600 659686,669905 878968))
32710;POLYGON((577593 891816,608502 888598,581492 666949,558278 669375,577593 891816))
32711;POLYGON((484463 895036,515536 895036,511669 671804,488330 671804,484463 895036))
32712;POLYGON((391497 888598,422406 891816,441721 669375,418507 666949,391497 888598))
32713;POLYGON((299674 872565,330094 878968,372399 659686,349559 654857,299674 872565))
32714;POLYGON((209968 847091,239576 856618,304445 642835,282225 635655,209968 847091))
32715;POLYGON((123334 812428,151813 824984,238593 618998,217233 609540,123334 812428))
32716;POLYGON((40706 768920,67747 784381,175555 588420,155287 576783,40706 768920))
32717;POLYGON((-37017 717004,-11708 735213,116018 551421,97065 537726,-37017 717004))
32718;POLYGON((-108977 657209,-85681 677980,60636 508388,43206 492781,-108977 657209))
32719;POLYGON((-174370 590156,-153349 613272,10022 459779,-5691 442424,-174370 590156))
32720;POLYGON((-232459 516550,-213950 541767,-35263 406112,-49085 387197,-232459 516550))
32721;POLYGON((-282590 437175,-266801 464223,-74715 347963,-86492 327692,-282590 437175))
32722;POLYGON((-324206 352882,-311310 381471,-107898 285963,-117501 264555,-324206 352882))
32723;POLYGON((-356872 264579,-346999 294401,-134452 220780,-141782 198467,-356872 264579))
32724;POLYGON((-380291 173208,-373523 203947,-154110 153118,-159098 130137,-380291 173208))
32725;POLYGON((-394336 79719,-390696 111059,-166703 83695,-169318 60287,-394336 79719))
32726;POLYGON((-399075 -14960,-398516 16676,-172178 13230,-172429 -10368,-399075 -14960))
32727;POLYGON((-394803 -109972,-397199 -78313,-170606 -57580,-168550 -81147,-394803 -109972))
32728;POLYGON((-382083 -204572,-387215 -173123,-162206 -128088,-157949 -151421,-382083 -204572))
32729;POLYGON((-361780 -298202,-369323 -267125,-147353 -197720,-141057 -220653,-361780 -298202))
32730;POLYGON((-335111 -390561,-344617 -359921,-126598 -266021,-118492 -288435,-335111 -390561))
32731;POLYGON((-303691 -481700,-314574 -451435,-100690 -332692,-91069 -354530,-303691 -481700))
32732;POLYGON((-269590 -572130,-281107 -542011,-70593 -397641,-59830 -418930,-269590 -572130))
32733;POLYGON((-235392 -662952,-246619 -632538,-37508 -461044,-26060 -481912,-235392 -662952))
32734;POLYGON((-204258 -756001,-214074 -724588,-2899 -523409,8681 -544111,-204258 -756001))
32735;POLYGON((-180002 -854020,-187059 -820582,31482 -585650,42546 -606598,-180002 -854020))
32736;POLYGON((-167163 -960856,-169861 -923975,63574 -649181,73356 -670973,-167163 -960856))
32737;POLYGON((-171089 -1081684,-167551 -1039472,90966 -716009,98584 -739465,-171089 -1081684))
32738;POLYGON((-198030 -1223260,-186067 -1173273,110879 -788848,115316 -815049,-198030 -1223260))
32739;POLYGON((-255232 -1394205,-232311 -1333342,120123 -871240,120220 -901576,-255232 -1394205))
32740;POLYGON((-351042 -1605328,-314252 -1529722,115069 -967699,109511 -1003917,-351042 -1605328))
32741;POLYGON((1441032 -1774877,-441032 -1774877,91606 -1083864,908393 -1083864,1441032 -1774877))
32742;POLYGON((1314252 -1529722,1351042 -1605328,890488 -1003917,884930 -967699,1314252 -1529722))
32743;POLYGON((1232311 -1333342,1255232 -1394205,879779 -901576,879876 -871240,1232311 -1333342))
32744;POLYGON((1186067 -1173273,1198030 -1223260,884683 -815049,889120 -788848,1186067 -1173273))
32745;POLYGON((1167551 -1039472,1171089 -1081684,901415 -739465,909033 -716009,1167551 -1039472))
32746;POLYGON((1169861 -923975,1167163 -960856,926643 -670973,936425 -649181,1169861 -923975))
32747;POLYGON((1187059 -820582,1180002 -854020,957453 -606598,968517 -585650,1187059 -820582))
32748;POLYGON((1214074 -724588,1204258 -756001,991318 -544111,1002899 -523409,1214074 -724588))
32749;POLYGON((1246619 -632538,1235392 -662952,1026060 -481912,1037508 -461044,1246619 -632538))
32750;POLYGON((1281107 -542011,1269590 -572130,1059830 -418930,1070593 -397641,1281107 -542011))
32751;POLYGON((1314574 -451435,1303691 -481700,1091069 -354530,1100690 -332692,1314574 -451435))
32752;POLYGON((1344617 -359921,1335111 -390561,1118492 -288435,1126598 -266021,1344617 -359921))
32753;POLYGON((1369323 -267125,1361780 -298202,1141057 -220653,1147353 -197720,1369323 -267125))
32754;POLYGON((1387215 -173123,1382083 -204572,1157949 -151421,1162206 -128088,1387215 -173123))
32755;POLYGON((1397199 -78313,1394803 -109972,1168550 -81147,1170606 -57580,1397199 -78313))
32756;POLYGON((1398516 16676,1399075 -14960,1172429 -10368,1172178 13230,1398516 16676))
32757;POLYGON((1390696 111059,1394336 79719,1169318 60287,1166703 83695,1390696 111059))
32758;POLYGON((1373523 203947,1380291 173208,1159098 130137,1154110 153118,1373523 203947))
32759;POLYGON((1346999 294401,1356872 264579,1141782 198467,1134452 220780,1346999 294401))
32760;POLYGON((1311310 381471,1324206 352882,1117501 264555,1107898 285963,1311310 381471))
