32701;POLYGON((1561923 1000883,1596502 963473,1427566 813332,1398468 845048,1561923 1000883))
32702;POLYGON((1450870 1105374,1489059 1071872,1337107 905276,1304922 933721,1450870 1105374))
32703;POLYGON((1329874 1197490,1371226 1168216,1237748 987118,1202844 1012011,1329874 1197490))
32704;POLYGON((1200317 1276378,1244366 1251598,1130620 1058053,1093388 1079154,1200317 1276378))
32705;POLYGON((1063628 1341343,1109894 1321272,1016911 1117406,977759 1134518,1063628 1341343))
32706;POLYGON((921265 1391836,969259 1376641,897855 1164627,857199 1177595,921265 1391836))
32707;POLYGON((774699 1427446,823930 1417249,774712 1199291,732978 1207999,774699 1427446))
32708;POLYGON((625413 1447891,675386 1442773,648763 1221093,606380 1225466,625413 1447891))
32709;POLYGON((474889 1453013,525110 1453013,521300 1229843,478699 1229843,474889 1453013))
32710;POLYGON((324613 1442773,374586 1447891,393619 1225466,351236 1221093,324613 1442773))
32711;POLYGON((176069 1417249,225300 1427446,267021 1207999,225287 1199291,176069 1417249))
32712;POLYGON((30740 1376641,78734 1391836,142800 1177595,102144 1164627,30740 1376641))
32713;POLYGON((-109894 1321272,-63628 1341343,22240 1134518,-16911 1117406,-109894 1321272))
32714;POLYGON((-244366 1251598,-200317 1276378,-93388 1079154,-130620 1058053,-244366 1251598))
32715;POLYGON((-371226 1168216,-329874 1197490,-202844 1012011,-237748 987118,-371226 1168216))
32716;POLYGON((-489059 1071872,-450870 1105374,-304922 933721,-337107 905276,-489059 1071872))
32717;POLYGON((-596502 963473,-561923 1000883,-398468 845048,-427566 813332,-596502 963473))
32718;POLYGON((-692276 844083,-661722 885028,-482406 746880,-508076 712220,-692276 844083))
32719;POLYGON((-775225 714932,-749066 758985,-555754 640234,-577698 602994,-775225 714932))
32720;POLYGON((-844354 577397,-822899 624082,-617663 526240,-635634 486819,-844354 577397))
32721;POLYGON((-898897 432990,-882373 481791,-667453 406126,-681268 364951,-898897 432990))
32722;POLYGON((-938384 283318,-926909 333692,-704656 281190,-714217 238704,-938384 283318))
32723;POLYGON((-962723 130035,-956280 181428,-729075 152766,-734386 109411,-962723 130035))
32724;POLYGON((-972302 -25235,-970702 26645,-740843 22162,-742034 -21642,-972302 -25235))
32725;POLYGON((-968105 -180996,-970946 -129105,-740497 -109406,-737851 -153292,-968105 -180996))
32726;POLYGON((-951840 -336012,-958463 -284484,-729063 -240911,-723046 -284594,-951840 -336012))
32727;POLYGON((-926097 -489467,-935530 -438515,-708148 -371625,-699445 -414957,-926097 -489467))
32728;POLYGON((-894513 -641180,-905417 -590781,-680052 -501271,-669603 -544288,-894513 -641180))
32729;POLYGON((-861967 -791851,-872564 -741655,-647883 -630198,-636925 -673189,-861967 -791851))
32730;POLYGON((-834793 -943367,-842796 -892591,-615692 -759588,-605811 -803177,-834793 -943367))
32731;POLYGON((-821017 -1099166,-823547 -1046469,-588622 -891716,-581803 -936954,-821017 -1099166))
32732;POLYGON((-830621 -1264668,-824117 -1207992,-573072 -1030243,-571757 -1078716,-830621 -1264668))
32733;POLYGON((-875830 -1447768,-855948 -1384173,-576874 -1180562,-584026 -1234520,-875830 -1447768))
32734;POLYGON((-971427 -1659421,-932935 -1584875,-609490 -1350200,-628661 -1412703,-971427 -1659421))
32735;POLYGON((-1135097 -1914306,-1071755 -1823459,-682226 -1549277,-717635 -1624366,-1135097 -1914306))
32736;POLYGON((-1387797 -2231589,-1292231 -2117502,-808463 -1791036,-865073 -1883918,-1387797 -2231589))
32737;POLYGON((-1754167 -2635783,-1617729 -2489633,-1003908 -2092433,-1087519 -2209701,-1754167 -2635783))
32738;POLYGON((-2262958 -3157727,-2075579 -2968466,-1286865 -2474816,-1404205 -2624688,-2262958 -3157727))
32739;POLYGON((3697533 -3589657,-2697533 -3589657,-1678526 -2964677,2678526 -2964677,3697533 -3589657))
32740;POLYGON((3075579 -2968466,3262958 -3157727,2404205 -2624688,2286865 -2474816,3075579 -2968466))
32741;POLYGON((2617729 -2489633,2754167 -2635783,2087519 -2209701,2003908 -2092433,2617729 -2489633))
32742;POLYGON((2292231 -2117502,2387797 -2231589,1865073 -1883918,1808463 -1791036,2292231 -2117502))
32743;POLYGON((2071755 -1823459,2135097 -1914306,1717635 -1624366,1682226 -1549277,2071755 -1823459))
32744;POLYGON((1932935 -1584875,1971427 -1659421,1628661 -1412703,1609490 -1350200,1932935 -1584875))
32745;POLYGON((1855948 -1384173,1875830 -1447768,1584026 -1234520,1576874 -1180562,1855948 -1384173))
32746;POLYGON((1824117 -1207992,1830621 -1264668,1571757 -1078716,1573072 -1030243,1824117 -1207992))
32747;POLYGON((1823547 -1046469,1821017 -1099166,1581803 -936954,1588622 -891716,1823547 -1046469))
32748;POLYGON((1842796 -892591,1834793 -943367,1605811 -803177,1615692 -759588,1842796 -892591))
32749;POLYGON((1872564 -741655,1861967 -791851,1636925 -673189,1647883 -630198,1872564 -741655))
32750;POLYGON((1905417 -590781,1894513 -641180,1669603 -544288,1680052 -501271,1905417 -590781))
32751;POLYGON((1935530 -438515,1926097 -489467,1699445 -414957,1708148 -371625,1935530 -438515))
32752;POLYGON((1958463 -284484,1951840 -336012,1723046 -284594,1729063 -240911,1958463 -284484))
32753;POLYGON((1970946 -129105,1968105 -180996,1737851 -153292,1740497 -109406,1970946 -129105))
32754;POLYGON((1970702 26645,1972302 -25235,1742034 -21642,1740843 22162,1970702 26645))
32755;POLYGON((1956280 181428,1962723 130035,1734386 109411,1729075 152766,1956280 181428))
32756;POLYGON((1926909 333692,1938384 283318,1714217 238704,1704656 281190,1926909 333692))
32757;POLYGON((1882373 481791,1898897 432990,1681268 364951,1667453 406126,1882373 481791))
32758;POLYGON((1822899 624082,1844354 577397,1635634 486819,1617663 526240,1822899 624082))
32759;POLYGON((1749066 758985,1775225 714932,1577698 602994,1555754 640234,1749066 758985))
32760;POLYGON((1661722 885028,1692276 844083,1508076 712220,1482406 746880,1661722 885028))
