32601;POLYGON((5782427 3729755,6038943 3849141,6170925 3564932,5903484 3450457,5782427 3729755))
32602;POLYGON((5038230 3426831,5282253 3519366,5384169 3249434,5131746 3161315,5038230 3426831))
32603;POLYGON((4328158 3192249,4561373 3263825,4640035 3006537,4400230 2938756,4328158 3192249))
32604;POLYGON((3647060 3011752,3871194 3066608,3931475 2820050,3702042 2768330,3647060 3011752))
32605;POLYGON((2989773 2875139,3206538 2916298,3251902 2678489,3030745 2639812,2989773 2875139))
32606;POLYGON((2351240 2775206,2562306 2804788,2595176 2573785,2380345 2546053,2351240 2775206))
32607;POLYGON((1726565 2706992,1933545 2726436,1955574 2500373,1745240 2482174,1726565 2706992))
32608;POLYGON((1111018 2667271,1315472 2677484,1327714 2454571,1120145 2445021,1111018 2667271))
32609;POLYGON((500000 2654226,703449 2655671,706472 2434177,500000 2432826,500000 2654226))
32610;POLYGON((-111018 2667271,92932 2660012,86873 2438235,-120145 2445021,-111018 2667271))
32611;POLYGON((-726565 2706992,-520598 2690702,-536016 2466933,-745240 2482174,-726565 2706992))
32612;POLYGON((-1351240 2775206,-1141712 2749135,-1167210 2521627,-1380345 2546053,-1351240 2775206))
32613;POLYGON((-1989773 2875139,-1775090 2838038,-1811907 2604978,-2030745 2639812,-1989773 2875139))
32614;POLYGON((-2647060 3011752,-2425572 2961747,-2475593 2721241,-2702042 2768330,-2647060 3011752))
32615;POLYGON((-3328158 3192249,-3098163 3126649,-3164125 2876734,-3400230 2938756,-3328158 3192249))
32616;POLYGON((-4038230 3426831,-3798000 3341845,-3883788 3080547,-4131746 3161315,-4038230 3426831))
32617;POLYGON((-4782427 3729755,-4530257 3620099,-4641324 3345568,-4903484 3450457,-4782427 3729755))
32618;POLYGON((-5565700 4120793,-5299978 3979154,-5443929 3689920,-5722781 3826454,-5565700 4120793))
32619;POLYGON((-6392513 4627192,-6111826 4443512,-6299193 4138916,-6597343 4317563,-6392513 4627192))
32620;POLYGON((-7266466 5286246,-6969738 5046789,-7215013 4727674,-7535131 4962879,-7266466 5286246))
32621;POLYGON((-8189794 6148632,-7876468 5834778,-8199424 5504520,-8544187 5816054,-8189794 6148632))
32622;POLYGON((-9162755 7282631,-8833008 6869360,-9260389 6535371,-9632388 6950032,-9162755 7282631))
32623;POLYGON((-10182862 8779428,-9837881 8233425,-10405513 7909258,-10807140 8463006,-10182862 8779428))
32624;POLYGON((-11243976 10759652,-10886276 10036975,-11641673 9745210,-12074987 10485799,-11243976 10759652))
32625;POLYGON((-12335231 13381365,-11969032 12424608,-12974582 12200708,-13441138 13190897,-12335231 13381365))
32626;POLYGON((-13439783 16849700,-13071449 15584585,-14408253 15481959,-14908907 16803376,-13439783 16849700))
32627;POLYGON((-14533369 21428393,-14171910 19759701,-15944374 19856230,-16479049 21614001,-14533369 21428393))
32628;POLYGON((-15582670 27453434,-15240308 25260201,-17581580 25666538,-18149001 27994748,-15582670 27453434))
32629;POLYGON((-16543448 35349110,-16236265 32479000,-19314619 33348978,-19912010 36417087,-16543448 35349110))
32630;POLYGON((-17358471 45646717,-17107128 41909468,-21133400 43452992,-21756142 47473309,-17358471 45646717))
32631;POLYGON((-17955190 59006212,-17785724 54166076,-23021928 56664936,-23663174 61901256,-17955190 59006212))
32632;POLYGON((-18243159 76241143,-18187878 70008188,-24957106 73835257,-25607352 80612795,-18243159 76241143))
32633;POLYGON((-18111207 98347146,-18209657 90367344,-26907403 96009679,-27554017 104726418,-18111207 98347146))
32634;POLYGON((-17424316 126534379,-17724356 116378336,-28831392 124464762,-29458089 135604345,-17424316 126534379))
32635;POLYGON((-16020219 162264225,-16579189 149414446,-30676127 160748241,-31262399 174894553,-16020219 162264225))
32636;POLYGON((-13705691 207290635,-14591680 191127207,-32375381 206724565,-32895871 224578148,-13705691 207290635))
32637;POLYGON((-10252528 263706514,-11545752 243491059,-33847715 264626088,-34271542 287022527,-10252528 263706514))
32638;POLYGON((-5393200 333995534,-7187489 308853308,-34994391 337110336,-35284410 365040798,-5393200 333995534))
32639;POLYGON((1183843 421089792,-1220554 389989791,-35697103 427323870,-35809113 461957924,1183843 421089792))
32640;POLYGON((6393200 333995534,4408458 361000799,36520376 395066324,36284410 365040798,6393200 333995534))
32641;POLYGON((11252528 263706514,9803425 285459746,35655225 311145194,35271542 287022527,11252528 263706514))
32642;POLYGON((14705691 207290635,13693510 224716349,34387865 243845933,33895871 224578148,14705691 207290635))
32643;POLYGON((17020219 162264225,16360378 176144171,32829819 190192513,32262399 174894553,17020219 162264225))
32644;POLYGON((18424316 126534379,18044841 137526088,31073816 147675890,30458089 135604345,18424316 126534379))
32645;POLYGON((19111207 98347146,18951322 107000577,29195998 114192401,28554017 104726418,19111207 98347146))
32646;POLYGON((19243159 76241143,19251978 83013566,27257961 87988565,26607352 80612795,19243159 76241143))
32647;POLYGON((18955190 59006212,19090519 64275459,25308621 67611834,24663174 61901256,18955190 59006212))
32648;POLYGON((18358471 45646717,18585706 49722915,23385935 51866833,22756142 47473309,18358471 45646717))
32649;POLYGON((17543448 35349110,17834561 38485046,21518466 39776655,20912010 36417087,17543448 35349110))
32650;POLYGON((16582670 27453434,16915302 29853637,19726803 30548810,19149001 27994748,16582670 27453434))
32651;POLYGON((15533369 21428393,15889998 23257067,18024848 23545414,17479049 21614001,15533369 21428393))
32652;POLYGON((14439783 16849700,14806972 18237596,16420963 18257256,15908907 16803376,14439783 16849700))
32653;POLYGON((13335231 13381365,13702968 14431711,14919007 14281367,14441138 13190897,13335231 13381365))
32654;POLYGON((12243976 10759652,12605075 11553221,13519240 11301770,13074987 10485799,12243976 10759652))
32655;POLYGON((11182862 8779428,11532439 9378838,12219122 9073060,11807140 8463006,11182862 8779428))
32656;POLYGON((10162755 7282631,10497771 7735971,11014010 7406536,10632388 6950032,10162755 7282631))
32657;POLYGON((9189794 6148632,9508658 6492478,9897748 6158581,9544187 5816054,9189794 6148632))
32658;POLYGON((8266466 5286246,8568695 5548152,8863169 5221021,8535131 4962879,8266466 5286246))
32659;POLYGON((7392513 4627192,7678449 4827724,7902516 4513225,7597343 4317563,7392513 4627192))
32660;POLYGON((6565700 4120793,6836267 4275168,7007771 3975691,6722781 3826454,6565700 4120793))
