32701;POLYGON((7454077 9450455,7824666 9424721,7788834 9043976,7421793 9086450,7454077 9450455))
32702;POLYGON((6426799 9513486,6756374 9494579,6730077 9159334,6403025 9190589,6426799 9513486))
32703;POLYGON((5502490 9560082,5800803 9546061,5781318 9244476,5484829 9267684,5502490 9560082))
32704;POLYGON((4656516 9594766,4931077 9584315,4916551 9307821,4643342 9325139,4656516 9594766))
32705;POLYGON((3869821 9620594,4126460 9612826,4115644 9355080,3860041 9367965,3869821 9620594))
32706;POLYGON((3127466 9639612,3370780 9633934,3362840 9390097,3120350 9399520,3127466 9639612))
32707;POLYGON((2417477 9653176,2651190 9649198,2645571 9415434,2412545 9422039,2417477 9653176))
32708;POLYGON((1729946 9662169,1957177 9659640,1953522 9432773,1726892 9436974,1729946 9662169))
32709;POLYGON((1056324 9667133,1279809 9665904,1277901 9443178,1054970 9445221,1056324 9667133))
32710;POLYGON((388870 9668356,611129 9668356,610859 9447251,389140 9447251,388870 9668356))
32711;POLYGON((-279809 9665904,-56324 9667133,-54970 9445221,-277901 9443178,-279809 9665904))
32712;POLYGON((-957177 9659640,-729946 9662169,-726892 9436974,-953522 9432773,-957177 9659640))
32713;POLYGON((-1651190 9649198,-1417477 9653176,-1412545 9422039,-1645571 9415434,-1651190 9649198))
32714;POLYGON((-2370780 9633934,-2127466 9639612,-2120350 9399520,-2362840 9390097,-2370780 9633934))
32715;POLYGON((-3126460 9612826,-2869821 9620594,-2860041 9367965,-3115644 9355080,-3126460 9612826))
32716;POLYGON((-3931077 9584315,-3656516 9594766,-3643342 9325139,-3916551 9307821,-3931077 9584315))
32717;POLYGON((-4800803 9546061,-4502490 9560082,-4484829 9267684,-4781318 9244476,-4800803 9546061))
32718;POLYGON((-5756374 9494579,-5426799 9513486,-5403025 9190589,-5730077 9159334,-5756374 9494579))
32719;POLYGON((-6824666 9424721,-6454077 9450455,-6421793 9086450,-6788834 9043976,-6824666 9424721))
32720;POLYGON((-8040633 9328966,-7616344 9364351,-7572052 8944418,-7991310 8886112,-8040633 9328966))
32721;POLYGON((-9449680 9196453,-8955229 9245552,-8893889 8748784,-9381189 8668018,-9449680 9196453))
32722;POLYGON((-11110503 9011714,-10524652 9080288,-10439099 8477095,-11014816 8364482,-11110503 9011714))
32723;POLYGON((-13098468 8753038,-12394011 8849135,-12274210 8097709,-12964392 7940143,-13098468 8753038))
32724;POLYGON((-15509560 8390390,-14651941 8525095,-14484040 7566678,-15321724 7346125,-15509560 8390390))
32725;POLYGON((-18464979 7882824,-17410686 8071183,-17175839 6823838,-18202563 6515832,-18464979 7882824))
32726;POLYGON((-22116409 7175289,-20811137 7437444,-20484057 5787974,-21751604 5359779,-22116409 7175289))
32727;POLYGON((-26652030 6194747,-25028595 6557312,-24575794 4350916,-26148168 3759294,-26652030 6194747))
32728;POLYGON((-32303319 4845505,-30279297 5343219,-29656984 2370422,-31612635 1558960,-32303319 4845505))
32729;POLYGON((-39352696 3003666,-36827780 3681345,-35979346 -338328,-38413678 -1442389,-39352696 3003666))
32730;POLYGON((-48142053 510567,-44995105 1425410,-43848176 -4012795,-46876332 -5502291,-48142053 510567))
32731;POLYGON((-59082242 -2834883,-55168023 -1610608,-53631007 -8954874,-57390956 -10947073,-59082242 -2834883))
32732;POLYGON((-72663548 -7285115,-67809114 -5660956,-65767197 -15544641,-70423150 -18186284,-72663548 -7285115))
32733;POLYGON((-89467224 -13154165,-83467961 -11017904,-80778492 -24256224,-86524645 -27729337,-89467224 -13154165))
32734;POLYGON((-110178116 -20829456,-102793405 -18043004,-99280613 -35676050,-106345248 -40204583,-110178116 -20829456))
32735;POLYGON((-135598450 -30785216,-126546939 -27179952,-121995921 -50523664,-130645869 -56381050,-135598450 -30785216))
32736;POLYGON((-166662822 -43597692,-155617296 -38969180,-149767194 -69675384,-160312693 -77193090,-166662822 -43597692))
32737;POLYGON((-204454446 -59962319,-191036264 -54064360,-183572588 -94191015,-196372532 -103768180,-204454446 -59962319))
32738;POLYGON((-250222711 -80712995,-233995807 -73250956,-224541809 -125343909,-240009423 -137458146,-250222711 -80712995))
32739;POLYGON((-305402101 -106843639,-285866521 -97467004,-273973560 -164654617,-292582505 -179874079,-305402101 -106843639))
32740;POLYGON((349217496 -127826288,-348217496 -127826288,-333354308 -213928426,334354308 -213928426,349217496 -127826288))
32741;POLYGON((286866521 -97467004,306402101 -106843639,293582505 -179874079,274973560 -164654617,286866521 -97467004))
32742;POLYGON((234995807 -73250956,251222711 -80712995,241009423 -137458146,225541809 -125343909,234995807 -73250956))
32743;POLYGON((192036264 -54064360,205454446 -59962319,197372532 -103768180,184572588 -94191015,192036264 -54064360))
32744;POLYGON((156617296 -38969180,167662822 -43597692,161312693 -77193090,150767194 -69675384,156617296 -38969180))
32745;POLYGON((127546939 -27179952,136598450 -30785216,131645869 -56381050,122995921 -50523664,127546939 -27179952))
32746;POLYGON((103793405 -18043004,111178116 -20829456,107345248 -40204583,100280613 -35676050,103793405 -18043004))
32747;POLYGON((84467961 -11017904,90467224 -13154165,87524645 -27729337,81778492 -24256224,84467961 -11017904))
32748;POLYGON((68809114 -5660956,73663548 -7285115,71423150 -18186284,66767197 -15544641,68809114 -5660956))
32749;POLYGON((56168023 -1610608,60082242 -2834883,58390956 -10947073,54631007 -8954874,56168023 -1610608))
32750;POLYGON((45995105 1425410,49142053 510567,47876332 -5502291,44848176 -4012795,45995105 1425410))
32751;POLYGON((37827780 3681345,40352696 3003666,39413678 -1442389,36979346 -338328,37827780 3681345))
32752;POLYGON((31279297 5343219,33303319 4845505,32612635 1558960,30656984 2370422,31279297 5343219))
32753;POLYGON((26028595 6557312,27652030 6194747,27148168 3759294,25575794 4350916,26028595 6557312))
32754;POLYGON((21811137 7437444,23116409 7175289,22751604 5359779,21484057 5787974,21811137 7437444))
32755;POLYGON((18410686 8071183,19464979 7882824,19202563 6515832,18175839 6823838,18410686 8071183))
32756;POLYGON((15651941 8525095,16509560 8390390,16321724 7346125,15484040 7566678,15651941 8525095))
32757;POLYGON((13394011 8849135,14098468 8753038,13964392 7940143,13274210 8097709,13394011 8849135))
32758;POLYGON((11524652 9080288,12110503 9011714,12014816 8364482,11439099 8477095,11524652 9080288))
32759;POLYGON((9955229 9245552,10449680 9196453,10381189 8668018,9893889 8748784,9955229 9245552))
32760;POLYGON((8616344 9364351,9040633 9328966,8991310 8886112,8572052 8944418,8616344 9364351))
