32601;POLYGON((2440242 12292170,2555078 12421056,3126572 12549904,2965252 12419423,2440242 12292170))
32602;POLYGON((2170413 11962263,2248869 12063752,2694770 12189603,2582995 12088031,2170413 11962263))
32603;POLYGON((1993455 11698442,2043524 11780376,2400353 11906624,2327265 11825054,1993455 11698442))
32604;POLYGON((1887824 11480714,1916297 11549203,2212452 11676384,2168856 11607965,1887824 11480714))
32605;POLYGON((1835318 11293708,1847915 11353412,2105000 11480109,2083177 11419698,1835318 11293708))
32606;POLYGON((1820693 11125897,1822189 11180275,2056184 11303840,2049721 11247701,1820693 11125897))
32607;POLYGON((1831323 10968916,1825655 11020444,2047941 11137566,2051570 11083104,1831323 10968916))
32608;POLYGON((1856871 10816973,1847250 10867329,2065496 10974467,2074946 10920006,1856871 10816973))
32609;POLYGON((1889004 10666330,1878001 10716560,2096931 10810270,2108798 10754849,1889004 10666330))
32610;POLYGON((1921124 10514867,1910762 10565522,2132806 10642682,2144431 10585896,1921124 10514867))
32611;POLYGON((1948124 10361710,1939953 10412963,2165803 10470925,2175163 10412779,1948124 10361710))
32612;POLYGON((1966174 10206912,1961342 10258660,2190411 10295336,2196021 10236132,1966174 10206912))
32613;POLYGON((1972523 10051198,1971837 10103139,2202643 10117040,2203469 10057280,1972523 10051198))
32614;POLYGON((1965326 9895748,1969312 9947449,2199785 9937683,2195164 9877994,1965326 9895748))
32615;POLYGON((1943489 9742022,1952435 9792975,2180168 9759219,2169743 9700290,1943489 9742022))
32616;POLYGON((1906532 9591634,1920539 9641290,2142976 9583742,2126632 9526279,1906532 9591634))
32617;POLYGON((1854474 9446235,1873486 9494045,2088071 9413360,2065889 9358053,1854474 9446235))
32618;POLYGON((1787730 9307447,1811571 9352879,2015850 9250103,1988059 9197598,1787730 9307447))
32619;POLYGON((1707021 9176799,1735420 9219354,1927120 9095856,1894059 9046743,1707021 9176799))
32620;POLYGON((1613307 9055693,1645923 9094920,1822990 8952324,1785082 8907126,1613307 9055693))
32621;POLYGON((1507723 8945383,1544161 8980882,1704788 8821005,1662512 8780175,1507723 8945383))
32622;POLYGON((1391530 8846963,1431358 8878388,1573993 8703188,1527866 8667109,1391530 8846963))
32623;POLYGON((1266077 8761364,1308837 8788422,1432178 8599954,1382739 8568941,1266077 8761364))
32624;POLYGON((1132773 8689360,1177992 8711810,1280975 8512186,1228774 8486494,1132773 8689360))
32625;POLYGON((993064 8631571,1040255 8649222,1122040 8440590,1067632 8420416,993064 8631571))
32626;POLYGON((848415 8588477,897089 8601185,957039 8385704,900978 8371194,848415 8588477))
32627;POLYGON((700304 8560423,749967 8568087,787633 8347922,730473 8339177,700304 8560423))
32628;POLYGON((550213 8547627,600372 8550188,615480 8327502,557770 8324580,550213 8547627))
32629;POLYGON((399627 8550188,449786 8547627,442229 8324580,384519 8327502,399627 8550188))
32630;POLYGON((250032 8568087,299695 8560423,269526 8339177,212366 8347922,250032 8568087))
32631;POLYGON((102910 8601185,151584 8588477,99021 8371194,42960 8385704,102910 8601185))
32632;POLYGON((-40255 8649222,6935 8631571,-67632 8420416,-122040 8440590,-40255 8649222))
32633;POLYGON((-177992 8711810,-132773 8689360,-228774 8486494,-280975 8512186,-177992 8711810))
32634;POLYGON((-308837 8788422,-266077 8761364,-382739 8568941,-432178 8599954,-308837 8788422))
32635;POLYGON((-431358 8878388,-391530 8846963,-527866 8667109,-573993 8703188,-431358 8878388))
32636;POLYGON((-544161 8980882,-507723 8945383,-662512 8780175,-704788 8821005,-544161 8980882))
32637;POLYGON((-645923 9094920,-613307 9055693,-785082 8907126,-822990 8952324,-645923 9094920))
32638;POLYGON((-735420 9219354,-707021 9176799,-894059 9046743,-927120 9095856,-735420 9219354))
32639;POLYGON((-811571 9352879,-787730 9307447,-988059 9197598,-1015850 9250103,-811571 9352879))
32640;POLYGON((-873486 9494045,-854474 9446235,-1065889 9358053,-1088071 9413360,-873486 9494045))
32641;POLYGON((-920539 9641290,-906532 9591634,-1126632 9526279,-1142976 9583742,-920539 9641290))
32642;POLYGON((-952435 9792975,-943489 9742022,-1169743 9700290,-1180168 9759219,-952435 9792975))
32643;POLYGON((-969312 9947449,-965326 9895748,-1195164 9877994,-1199785 9937683,-969312 9947449))
32644;POLYGON((-971837 10103139,-972523 10051198,-1203469 10057280,-1202643 10117040,-971837 10103139))
32645;POLYGON((-961342 10258660,-966174 10206912,-1196021 10236132,-1190411 10295336,-961342 10258660))
32646;POLYGON((-939953 10412963,-948124 10361710,-1175163 10412779,-1165803 10470925,-939953 10412963))
32647;POLYGON((-910762 10565522,-921124 10514867,-1144431 10585896,-1132806 10642682,-910762 10565522))
32648;POLYGON((-878001 10716560,-889004 10666330,-1108798 10754849,-1096931 10810270,-878001 10716560))
32649;POLYGON((-847250 10867329,-856871 10816973,-1074946 10920006,-1065496 10974467,-847250 10867329))
32650;POLYGON((-825655 11020444,-831323 10968916,-1051570 11083104,-1047941 11137566,-825655 11020444))
32651;POLYGON((-822189 11180275,-820693 11125897,-1049721 11247701,-1056184 11303840,-822189 11180275))
32652;POLYGON((-847915 11353412,-835318 11293708,-1083177 11419698,-1105000 11480109,-847915 11353412))
32653;POLYGON((-916297 11549203,-887824 11480714,-1168856 11607965,-1212452 11676384,-916297 11549203))
32654;POLYGON((-1043524 11780376,-993455 11698442,-1327265 11825054,-1400353 11906624,-1043524 11780376))
32655;POLYGON((-1248869 12063752,-1170413 11962263,-1582995 12088031,-1694770 12189603,-1248869 12063752))
32656;POLYGON((-1555078 12421056,-1440242 12292170,-1965252 12419423,-2126572 12549904,-1555078 12421056))
32657;POLYGON((-1988790 12879833,-1828235 12713662,-2508435 12848300,-2732028 13019039,-1988790 12879833))
32658;POLYGON((-2580986 13474488,-2363872 13258732,-3252762 13411491,-3553442 13636721,-2580986 13474488))
32659;POLYGON((3363872 13258732,3580986 13474488,4553442 13636721,4252762 13411491,3363872 13258732))
32660;POLYGON((2828235 12713662,2988790 12879833,3732028 13019039,3508435 12848300,2828235 12713662))
