32601;POLYGON((2910678 7727752,2992409 7810134,3165441 7642367,3076899 7554856,2910678 7727752))
32602;POLYGON((2651139 7500428,2739882 7572860,2892231 7390665,2796466 7314045,2651139 7500428))
32603;POLYGON((2373315 7303489,2467715 7365726,2598907 7171835,2497420 7106253,2373315 7303489))
32604;POLYGON((2080916 7137304,2179793 7189276,2289737 6986119,2183800 6931544,2080916 7137304))
32605;POLYGON((1777169 7001868,1879498 7043607,1968329 6833305,1859014 6789604,1777169 7001868))
32606;POLYGON((1464876 6896968,1569765 6928559,1637728 6712946,1525942 6679949,1464876 6896968))
32607;POLYGON((1146492 6822319,1253158 6843859,1300515 6624528,1187034 6602069,1146492 6822319))
32608;POLYGON((824200 6777654,931938 6789224,958914 6567582,844417 6555531,824200 6777654))
32609;POLYGON((500000 6762787,608160 6764438,614893 6541771,500000 6540052,500000 6762787))
32610;POLYGON((175799 6777654,283749 6769393,270278 6546929,155582 6555531,175799 6777654))
32611;POLYGON((-146492 6822319,-39394 6804110,-73143 6583091,-187034 6602069,-146492 6822319))
32612;POLYGON((-464876 6896968,-359312 6868738,-413511 6650482,-525942 6679949,-464876 6896968))
32613;POLYGON((-777169 7001868,-673893 6963522,-748782 6749491,-859014 6789604,-777169 7001868))
32614;POLYGON((-1080916 7137304,-980782 7088750,-1076626 6880612,-1183800 6931544,-1080916 7137304))
32615;POLYGON((-1373315 7303489,-1277300 7244671,-1394319 7044351,-1497420 7106253,-1373315 7303489))
32616;POLYGON((-1651139 7500428,-1560369 7431377,-1698639 7241099,-1796466 7314045,-1651139 7500428))
32617;POLYGON((-1910678 7727752,-1826447 7648647,-1985768 7470944,-2076899 7554856,-1910678 7727752))
32618;POLYGON((-2147684 7984488,-2071471 7895734,-2251196 7733428,-2333960 7827980,-2147684 7984488))
32619;POLYGON((-2357341 8268773,-2290816 8171112,-2489635 8027226,-2562079 8131713,-2357341 8268773))
32620;POLYGON((-2534241 8577498,-2479272 8472130,-2694927 8349727,-2754793 8462905,-2534241 8577498))
32621;POLYGON((-2672381 8905863,-2631035 8794608,-2859972 8696505,-2904670 8816384,-2672381 8905863))
32622;POLYGON((-2765188 9246828,-2739718 9132318,-2976651 9060652,-3003240 9184244,-2765188 9246828))
32623;POLYGON((-2805553 9590452,-2798384 9476371,-3035770 9431962,-3040934 9554960,-2805553 9590452))
32624;POLYGON((-2785898 9923097,-2799603 9814457,-3026999 9795912,-3007033 9912313,-2785898 9923097))
32625;POLYGON((-2698270 10226476,-2735535 10129955,-2938826 10132447,-2889627 10234091,-2698270 10226476))
32626;POLYGON((-2534457 10476528,-2598039 10400864,-2758528 10414514,-2675579 10490534,-2534457 10476528))
32627;POLYGON((-2286139 10642093,-2378813 10598552,-2472139 10606311,-2350506 10642484,-2286139 10642093))
32628;POLYGON((-1945071 10683372,-2069565 10686286,-2064440 10661235,-1898772 10639221,-1945071 10683372))
32629;POLYGON((-1503299 10550139,-1662217 10617530,-1518958 10519471,-1303485 10415922,-1503299 10550139))
32630;POLYGON((-953413 10179674,-1149147 10333976,-817975 10105187,-546520 9890722,-953413 10179674))
32631;POLYGON((-288838 9494405,-523468 9763285,57441 9323303,391454 8961322,-288838 9494405))
32632;POLYGON((495833 8399206,220657 8816504,1127406 8055770,1530933 7501104,495833 8399206))
32633;POLYGON((1404470 6778347,1087654 7385134,2413153 6157332,2893511 5354699,1404470 6778347))
32634;POLYGON((2438978 4492033,2080133 5337811,3936970 3450700,4501807 2332965,2438978 4492033))
32635;POLYGON((3598841 1372524,3198439 2516570,5722109 -278889,6379372 -1792684,3598841 1372524))
32636;POLYGON((4880604 -2780220,4440156 -1267347,7792683 -5289817,8550580 -7296655,4880604 -2780220))
32637;POLYGON((6277308 -8203397,5799560 -6238182,10173540 -11890944,11040495 -14506299,6277308 -8203397))
32638;POLYGON((7777877 -15176756,7267020 -12660864,12890127 -20449290,13874727 -23809874,7777877 -15176756))
32639;POLYGON((9366445 -24028590,8828343 -20846802,15968324 -31398563,17079260 -35665373,9366445 -24028590))
32640;POLYGON((-6777877 -15176756,-7298557 -17900914,-13900469 -27453351,-12874727 -23809874,-6777877 -15176756))
32641;POLYGON((-5277308 -8203397,-5766635 -10340455,-10945704 -17353739,-10040495 -14506299,-5277308 -8203397))
32642;POLYGON((-3880604 -2780220,-4333857 -4433902,-8343885 -9492511,-7550580 -7296655,-3880604 -2780220))
32643;POLYGON((-2598841 1372524,-3012817 113979,-6069256 -3459191,-5379372 -1792684,-2598841 1372524))
32644;POLYGON((-1438978 4492033,-1811776 3553944,-4096555 1092948,-3501807 2332965,-1438978 4492033))
32645;POLYGON((-404470 6778347,-735291 6097851,-2401162 4455132,-1893511 5354699,-404470 6778347))
32646;POLYGON((504166 8399206,215200 7923699,-959240 6870473,-530933 7501104,504166 8399206))
32647;POLYGON((1288838 9494405,1040851 9180146,252153 8540598,608545 8961322,1288838 9494405))
32648;POLYGON((1953413 10179674,1744926 9990538,1254963 9631545,1546520 9890722,1953413 10179674))
32649;POLYGON((2503299 10550139,2332361 10456511,2070058 10278996,2303485 10415922,2503299 10550139))
32650;POLYGON((2945071 10683372,2809382 10661170,2717163 10592898,2898772 10639221,2945071 10683372))
32651;POLYGON((3286139 10642093,3183156 10671909,3214810 10661527,3350506 10642484,3286139 10642093))
32652;POLYGON((3534457 10476528,3461484 10542875,3580304 10555038,3675579 10490534,3534457 10476528))
32653;POLYGON((3698270 10226476,3652541 10317131,3829700 10328553,3889627 10234091,3698270 10226476))
32654;POLYGON((3785898 9923097,3764643 10028533,3977800 10024823,4007033 9912313,3785898 9923097))
32655;POLYGON((3805553 9590452,3806056 9703351,4038152 9676522,4040934 9554960,3805553 9590452))
32656;POLYGON((3765188 9246828,3784835 9361662,4023073 9308192,4003240 9184244,3765188 9246828))
32657;POLYGON((3672381 8905863,3708695 9018542,3943677 8937892,3904670 8816384,3672381 8905863))
32658;POLYGON((3534241 8577498,3584907 8685067,3809908 8578582,3754793 8462905,3534241 8577498))
32659;POLYGON((3357341 8268773,3420232 8369163,3630598 8239267,3562079 8131713,3357341 8268773))
32660;POLYGON((3147684 7984488,3220863 8076312,3413516 7925944,3333960 7827980,3147684 7984488))
