32601;POLYGON((8015989 589193,8411628 619331,8432755 206800,8034983 196700,8015989 589193))
32602;POLYGON((6925763 515618,7274460 537648,7289867 179434,6939662 172058,6925763 515618))
32603;POLYGON((5953463 461484,6266343 477750,6277694 159384,5963737 153941,5953463 461484))
32604;POLYGON((5071014 421305,5356630 433407,5365063 144550,5078661 140503,5071014 421305))
32605;POLYGON((4256774 391359,4521732 400379,4528017 133508,4262469 130493,4256774 391359))
32606;POLYGON((3493907 369143,3743371 375806,3748025 125296,3498101 123070,3493907 369143))
32607;POLYGON((2769084 352988,3007176 357777,3010542 119274,2772076 117674,2769084 352988))
32608;POLYGON((2071464 341796,2301574 345025,2303877 115015,2073447 113937,2071464 341796))
32609;POLYGON((1391894 334868,1616926 336734,1618308 112246,1392989 111623,1391894 334868))
32610;POLYGON((722292 331796,944855 332406,945396 110801,722561 110597,722292 331796))
32611;POLYGON((55144 332406,277707 331796,277438 110597,54603 110801,55144 332406))
32612;POLYGON((-616926 336734,-391894 334868,-392989 111623,-618308 112246,-616926 336734))
32613;POLYGON((-1301574 345025,-1071464 341796,-1073447 113937,-1303877 115015,-1301574 345025))
32614;POLYGON((-2007176 357777,-1769084 352988,-1772076 117674,-2010542 119274,-2007176 357777))
32615;POLYGON((-2743371 375806,-2493907 369143,-2498101 123070,-2748025 125296,-2743371 375806))
32616;POLYGON((-3521732 400379,-3256774 391359,-3262469 130493,-3528017 133508,-3521732 400379))
32617;POLYGON((-4356630 433407,-4071014 421305,-4078661 140503,-4365063 144550,-4356630 433407))
32618;POLYGON((-5266343 477750,-4953463 461484,-4963737 153941,-5277694 159384,-5266343 477750))
32619;POLYGON((-6274460 537648,-5925763 515618,-5939662 172058,-6289867 179434,-6274460 537648))
32620;POLYGON((-7411628 619331,-7015989 589193,-7034983 196700,-7432755 206800,-7411628 619331))
32621;POLYGON((-8717701 731853,-8260662 690213,-8286883 230562,-8746956 244528,-8717701 731853))
32622;POLYGON((-10244343 888198,-9707190 830210,-9743692 277530,-10285157 296995,-10244343 888198))
32623;POLYGON((-12058128 1106726,-11416799 1025567,-11467894 343124,-12115323 370389,-12058128 1106726))
32624;POLYGON((-14244197 1413020,-13467998 1299227,-13539687 435083,-14324450 473339,-14244197 1413020))
32625;POLYGON((-16910530 1842209,-15960641 1682847,-16061149 564085,-17022950 617697,-16910530 1842209))
32626;POLYGON((-20192863 2441853,-19020621 2219484,-19161067 744659,-20349706 819513,-20192863 2441853))
32627;POLYGON((-24260328 3275466,-22805267 2966898,-23000475 996301,-24477863 1100225,-24260328 3275466))
32628;POLYGON((-29321854 4426775,-27509481 4001558,-27778965 1344826,-29621408 1488101,-29321854 4426775))
32629;POLYGON((-35633379 6004821,-33372677 5423442,-33741810 1823994,-36042576 2019963,-35633379 6004821))
32630;POLYGON((-43505933 8150000,-40686569 7361762,-41187975 2477439,-44060163 2743226,-43505933 8150000))
32631;POLYGON((-53314642 11041154,-49803856 9981686,-50479039 3360950,-54058775 3718298,-53314642 11041154))
32632;POLYGON((-65508702 14903849,-61147876 13492209,-62049111 4545124,-66499078 5021377,-65508702 14903849))
32633;POLYGON((-80622371 20019943,-75223243 18155274,-76415778 6118455,-81929102 6747687,-80622371 20019943))
32634;POLYGON((-99287050 26738595,-92627570 24296291,-94192136 8190884,-100996650 9015198,-99287050 26738595))
32635;POLYGON((-122244477 35488844,-114064276 32316171,-116099969 10897877,-124462870 11968881,-122244477 35488844))
32636;POLYGON((-150361113 46793908,-140356575 42705037,-142984121 14405050,-153217032 15785540,-150361113 46793908))
32637;POLYGON((-184643751 61287354,-172462670 56057756,-175828115 18913427,-188292583 20679284,-184643751 61287354))
32638;POLYGON((-226256413 79731300,-211492214 73091439,-215771079 24665359,-230884511 26907673,-226256413 79731300))
32639;POLYGON((-276538584 103036811,-258724094 94665095,-264126026 31951159,-282368093 34778621,-276538584 103036811))
32640;POLYGON((-337024830 132286662,-315625582 121801579,-322399536 41116535,-344319062 44658093,-337024830 132286662))
32641;POLYGON((316625582 121801579,338024830 132286662,345319062 44658093,323399536 41116535,316625582 121801579))
32642;POLYGON((259724094 94665095,277538584 103036811,283368093 34778621,265126026 31951159,259724094 94665095))
32643;POLYGON((212492214 73091439,227256413 79731300,231884511 26907673,216771079 24665359,212492214 73091439))
32644;POLYGON((173462670 56057756,185643751 61287354,189292583 20679284,176828115 18913427,173462670 56057756))
32645;POLYGON((141356575 42705037,151361113 46793908,154217032 15785540,143984121 14405050,141356575 42705037))
32646;POLYGON((115064276 32316171,123244477 35488844,125462870 11968881,117099969 10897877,115064276 32316171))
32647;POLYGON((93627570 24296291,100287050 26738595,101996650 9015198,95192136 8190884,93627570 24296291))
32648;POLYGON((76223243 18155274,81622371 20019943,82929102 6747687,77415778 6118455,76223243 18155274))
32649;POLYGON((62147876 13492209,66508702 14903849,67499078 5021377,63049111 4545124,62147876 13492209))
32650;POLYGON((50803856 9981686,54314642 11041154,55058775 3718298,51479039 3360950,50803856 9981686))
32651;POLYGON((41686569 7361762,44505933 8150000,45060163 2743226,42187975 2477439,41686569 7361762))
32652;POLYGON((34372677 5423442,36633379 6004821,37042576 2019963,34741810 1823994,34372677 5423442))
32653;POLYGON((28509481 4001558,30321854 4426775,30621408 1488101,28778965 1344826,28509481 4001558))
32654;POLYGON((23805267 2966898,25260328 3275466,25477863 1100225,24000475 996301,23805267 2966898))
32655;POLYGON((20020621 2219484,21192863 2441853,21349706 819513,20161067 744659,20020621 2219484))
32656;POLYGON((16960641 1682847,17910530 1842209,18022950 617697,17061149 564085,16960641 1682847))
32657;POLYGON((14467998 1299227,15244197 1413020,15324450 473339,14539687 435083,14467998 1299227))
32658;POLYGON((12416799 1025567,13058128 1106726,13115323 370389,12467894 343124,12416799 1025567))
32659;POLYGON((10707190 830210,11244343 888198,11285157 296995,10743692 277530,10707190 830210))
32660;POLYGON((9260662 690213,9717701 731853,9746956 244528,9286883 230562,9260662 690213))
