32701;POLYGON((8037363 10000000,8435402 10000000,8424822 9586667,8027852 9606826,8037363 10000000))
32702;POLYGON((6941403 10000000,7291796 10000000,7284083 9641294,6934445 9656022,6941403 10000000))
32703;POLYGON((5965022 10000000,6279115 10000000,6273434 9681332,5959881 9692201,5965022 10000000))
32704;POLYGON((5079618 10000000,5366119 10000000,5361899 9710960,5075792 9719043,5079618 10000000))
32705;POLYGON((4263181 10000000,4528804 10000000,4525659 9733019,4260333 9739042,4263181 10000000))
32706;POLYGON((3498625 10000000,3748607 10000000,3746279 9749427,3496528 9753875,3498625 10000000))
32707;POLYGON((2772450 10000000,3010963 10000000,3009279 9761463,2770954 9764659,2772450 10000000))
32708;POLYGON((2073695 10000000,2304165 10000000,2303013 9769974,2072703 9772129,2073695 10000000))
32709;POLYGON((1393126 10000000,1618481 10000000,1617790 9775508,1392578 9776753,1393126 10000000))
32710;POLYGON((722595 10000000,945464 10000000,945193 9778395,722460 9778803,722595 10000000))
32711;POLYGON((54535 10000000,277404 10000000,277539 9778803,54806 9778395,54535 10000000))
32712;POLYGON((-618481 10000000,-393126 10000000,-392578 9776753,-617790 9775508,-618481 10000000))
32713;POLYGON((-1304165 10000000,-1073695 10000000,-1072703 9772129,-1303013 9769974,-1304165 10000000))
32714;POLYGON((-2010963 10000000,-1772450 10000000,-1770954 9764659,-2009279 9761463,-2010963 10000000))
32715;POLYGON((-2748607 10000000,-2498625 10000000,-2496528 9753875,-2746279 9749427,-2748607 10000000))
32716;POLYGON((-3528804 10000000,-3263181 10000000,-3260333 9739042,-3525659 9733019,-3528804 10000000))
32717;POLYGON((-4366119 10000000,-4079618 10000000,-4075792 9719043,-4361899 9710960,-4366119 10000000))
32718;POLYGON((-5279115 10000000,-4965022 10000000,-4959881 9692201,-5273434 9681332,-5279115 10000000))
32719;POLYGON((-6291796 10000000,-5941403 10000000,-5934445 9656022,-6284083 9641294,-6291796 10000000))
32720;POLYGON((-7435402 10000000,-7037363 10000000,-7027852 9606826,-7424822 9586667,-7435402 10000000))
32721;POLYGON((-8750623 10000000,-8290169 10000000,-8277035 9539243,-8735968 9511376,-8750623 10000000))
32722;POLYGON((-10290275 10000000,-9748269 10000000,-9729980 9445536,-10269824 9406707,-10290275 10000000))
32723;POLYGON((-12122499 10000000,-11474304 10000000,-11448695 9314704,-12093830 9260333,-12122499 10000000))
32724;POLYGON((-14334524 10000000,-13548684 10000000,-13512743 9131342,-14294286 9055074,-14334524 10000000))
32725;POLYGON((-17037067 10000000,-16073768 10000000,-16023366 8874187,-16980686 8767332,-17037067 10000000))
32726;POLYGON((-20369407 10000000,-19178707 10000000,-19108260 8514314,-20290730 8365155,-20369407 10000000))
32727;POLYGON((-24505196 10000000,-23025000 10000000,-22927066 8012913,-24396053 7805868,-24505196 10000000))
32728;POLYGON((-29659055 10000000,-27812830 10000000,-27677609 7318599,-29508737 7033204,-29659055 10000000))
32729;POLYGON((-36094014 10000000,-33788209 10000000,-33602957 6364180,-35888646 5973878,-36094014 10000000))
32730;POLYGON((-44129845 10000000,-41251012 10000000,-40999346 5062810,-43851655 4533524,-44129845 10000000))
32731;POLYGON((-54152348 10000000,-50563937 10000000,-50225011 3303463,-53778798 2591921,-54152348 10000000))
32732;POLYGON((-66623633 10000000,-62162451 10000000,-61710007 945648,-66126424 -2564,-66623633 10000000))
32733;POLYGON((-82093464 10000000,-76565771 10000000,-75967037 -2186736,-81437379 -3439425,-82093464 10000000))
32734;POLYGON((-101211708 10000000,-94388943 10000000,-93603366 -6312468,-100353290 -7953411,-101211708 10000000))
32735;POLYGON((-124741957 10000000,-116356064 10000000,-115333866 -11701098,-123627997 -13832989,-124741957 10000000))
32736;POLYGON((-153576353 10000000,-143314700 10000000,-141995236 -18682175,-152142183 -21429964,-153576353 10000000))
32737;POLYGON((-188751698 10000000,-176251563 10000000,-174561467 -27655688,-186919260 -31170353,-188751698 10000000))
32738;POLYGON((-231466879 10000000,-216309492 10000000,-214160590 -39103844,-229142557 -43566631,-231466879 10000000))
32739;POLYGON((-283101680 10000000,-264805794 10000000,-262092767 -53604279,-280173874 -59231446,-283101680 10000000))
32740;POLYGON((-345237017 10000000,-323252002 10000000,-319849781 -71844828,-341573447 -78892932,-345237017 10000000))
32741;POLYGON((324252002 10000000,346237017 10000000,342573447 -78892932,320849781 -71844828,324252002 10000000))
32742;POLYGON((265805794 10000000,284101680 10000000,281173874 -59231446,263092767 -53604279,265805794 10000000))
32743;POLYGON((217309492 10000000,232466879 10000000,230142557 -43566631,215160590 -39103844,217309492 10000000))
32744;POLYGON((177251563 10000000,189751698 10000000,187919260 -31170353,175561467 -27655688,177251563 10000000))
32745;POLYGON((144314700 10000000,154576353 10000000,153142183 -21429964,142995236 -18682175,144314700 10000000))
32746;POLYGON((117356064 10000000,125741957 10000000,124627997 -13832989,116333866 -11701098,117356064 10000000))
32747;POLYGON((95388943 10000000,102211708 10000000,101353290 -7953411,94603366 -6312468,95388943 10000000))
32748;POLYGON((77565771 10000000,83093464 10000000,82437379 -3439425,76967037 -2186736,77565771 10000000))
32749;POLYGON((63162451 10000000,67623633 10000000,67126424 -2564,62710007 945648,63162451 10000000))
32750;POLYGON((51563937 10000000,55152348 10000000,54778798 2591921,51225011 3303463,51563937 10000000))
32751;POLYGON((42251012 10000000,45129845 10000000,44851655 4533524,41999346 5062810,42251012 10000000))
32752;POLYGON((34788209 10000000,37094014 10000000,36888646 5973878,34602957 6364180,34788209 10000000))
32753;POLYGON((28812830 10000000,30659055 10000000,30508737 7033204,28677609 7318599,28812830 10000000))
32754;POLYGON((24025000 10000000,25505196 10000000,25396053 7805868,23927066 8012913,24025000 10000000))
32755;POLYGON((20178707 10000000,21369407 10000000,21290730 8365155,20108260 8514314,20178707 10000000))
32756;POLYGON((17073768 10000000,18037067 10000000,17980686 8767332,17023366 8874187,17073768 10000000))
32757;POLYGON((14548684 10000000,15334524 10000000,15294286 9055074,14512743 9131342,14548684 10000000))
32758;POLYGON((12474304 10000000,13122499 10000000,13093830 9260333,12448695 9314704,12474304 10000000))
32759;POLYGON((10748269 10000000,11290275 10000000,11269824 9406707,10729980 9445536,10748269 10000000))
32760;POLYGON((9290169 10000000,9750623 10000000,9735968 9511376,9277035 9539243,9290169 10000000))
32601;POLYGON((8037363 0,8435402 0,8424822 -413332,8027852 -393173,8037363 0))
32602;POLYGON((6941403 0,7291796 0,7284083 -358705,6934445 -343977,6941403 0))
32603;POLYGON((5965022 0,6279115 0,6273434 -318667,5959881 -307798,5965022 0))
32604;POLYGON((5079618 0,5366119 0,5361899 -289039,5075792 -280956,5079618 0))
32605;POLYGON((4263181 0,4528804 0,4525659 -266980,4260333 -260957,4263181 0))
32606;POLYGON((3498625 0,3748607 0,3746279 -250572,3496528 -246124,3498625 0))
32607;POLYGON((2772450 0,3010963 0,3009279 -238536,2770954 -235340,2772450 0))
32608;POLYGON((2073695 0,2304165 0,2303013 -230025,2072703 -227870,2073695 0))
32609;POLYGON((1393126 0,1618481 0,1617790 -224491,1392578 -223246,1393126 0))
32610;POLYGON((722595 0,945464 0,945193 -221604,722460 -221196,722595 0))
32611;POLYGON((54535 0,277404 0,277539 -221196,54806 -221604,54535 0))
32612;POLYGON((-618481 0,-393126 0,-392578 -223246,-617790 -224491,-618481 0))
32613;POLYGON((-1304165 0,-1073695 0,-1072703 -227870,-1303013 -230025,-1304165 0))
32614;POLYGON((-2010963 0,-1772450 0,-1770954 -235340,-2009279 -238536,-2010963 0))
32615;POLYGON((-2748607 0,-2498625 0,-2496528 -246124,-2746279 -250572,-2748607 0))
32616;POLYGON((-3528804 0,-3263181 0,-3260333 -260957,-3525659 -266980,-3528804 0))
32617;POLYGON((-4366119 0,-4079618 0,-4075792 -280956,-4361899 -289039,-4366119 0))
32618;POLYGON((-5279115 0,-4965022 0,-4959881 -307798,-5273434 -318667,-5279115 0))
32619;POLYGON((-6291796 0,-5941403 0,-5934445 -343977,-6284083 -358705,-6291796 0))
32620;POLYGON((-7435402 0,-7037363 0,-7027852 -393173,-7424822 -413332,-7435402 0))
32621;POLYGON((-8750623 0,-8290169 0,-8277035 -460756,-8735968 -488623,-8750623 0))
32622;POLYGON((-10290275 0,-9748269 0,-9729980 -554463,-10269824 -593292,-10290275 0))
32623;POLYGON((-12122499 0,-11474304 0,-11448695 -685295,-12093830 -739666,-12122499 0))
32624;POLYGON((-14334524 0,-13548684 0,-13512743 -868657,-14294286 -944925,-14334524 0))
32625;POLYGON((-17037067 0,-16073768 0,-16023366 -1125812,-16980686 -1232667,-17037067 0))
32626;POLYGON((-20369407 0,-19178707 0,-19108260 -1485685,-20290730 -1634844,-20369407 0))
32627;POLYGON((-24505196 0,-23025000 0,-22927066 -1987086,-24396053 -2194131,-24505196 0))
32628;POLYGON((-29659055 0,-27812830 0,-27677609 -2681400,-29508737 -2966795,-29659055 0))
32629;POLYGON((-36094014 0,-33788209 0,-33602957 -3635819,-35888646 -4026121,-36094014 0))
32630;POLYGON((-44129845 0,-41251012 0,-40999346 -4937189,-43851655 -5466475,-44129845 0))
32631;POLYGON((-54152348 0,-50563937 0,-50225011 -6696536,-53778798 -7408078,-54152348 0))
32632;POLYGON((-66623633 0,-62162451 0,-61710007 -9054351,-66126424 -10002564,-66623633 0))
32633;POLYGON((-82093464 0,-76565771 0,-75967037 -12186736,-81437379 -13439425,-82093464 0))
32634;POLYGON((-101211708 0,-94388943 0,-93603366 -16312468,-100353290 -17953411,-101211708 0))
32635;POLYGON((-124741957 0,-116356064 0,-115333866 -21701098,-123627997 -23832989,-124741957 0))
32636;POLYGON((-153576353 0,-143314700 0,-141995236 -28682175,-152142183 -31429964,-153576353 0))
32637;POLYGON((-188751698 0,-176251563 0,-174561467 -37655688,-186919260 -41170353,-188751698 0))
32638;POLYGON((-231466879 0,-216309492 0,-214160590 -49103844,-229142557 -53566631,-231466879 0))
32639;POLYGON((-283101680 0,-264805794 0,-262092767 -63604279,-280173874 -69231446,-283101680 0))
32640;POLYGON((-345237017 0,-323252002 0,-319849781 -81844828,-341573447 -88892932,-345237017 0))
32641;POLYGON((324252002 0,346237017 0,342573447 -88892932,320849781 -81844828,324252002 0))
32642;POLYGON((265805794 0,284101680 0,281173874 -69231446,263092767 -63604279,265805794 0))
32643;POLYGON((217309492 0,232466879 0,230142557 -53566631,215160590 -49103844,217309492 0))
32644;POLYGON((177251563 0,189751698 0,187919260 -41170353,175561467 -37655688,177251563 0))
32645;POLYGON((144314700 0,154576353 0,153142183 -31429964,142995236 -28682175,144314700 0))
32646;POLYGON((117356064 0,125741957 0,124627997 -23832989,116333866 -21701098,117356064 0))
32647;POLYGON((95388943 0,102211708 0,101353290 -17953411,94603366 -16312468,95388943 0))
32648;POLYGON((77565771 0,83093464 0,82437379 -13439425,76967037 -12186736,77565771 0))
32649;POLYGON((63162451 0,67623633 0,67126424 -10002564,62710007 -9054351,63162451 0))
32650;POLYGON((51563937 0,55152348 0,54778798 -7408078,51225011 -6696536,51563937 0))
32651;POLYGON((42251012 0,45129845 0,44851655 -5466475,41999346 -4937189,42251012 0))
32652;POLYGON((34788209 0,37094014 0,36888646 -4026121,34602957 -3635819,34788209 0))
32653;POLYGON((28812830 0,30659055 0,30508737 -2966795,28677609 -2681400,28812830 0))
32654;POLYGON((24025000 0,25505196 0,25396053 -2194131,23927066 -1987086,24025000 0))
32655;POLYGON((20178707 0,21369407 0,21290730 -1634844,20108260 -1485685,20178707 0))
32656;POLYGON((17073768 0,18037067 0,17980686 -1232667,17023366 -1125812,17073768 0))
32657;POLYGON((14548684 0,15334524 0,15294286 -944925,14512743 -868657,14548684 0))
32658;POLYGON((12474304 0,13122499 0,13093830 -739666,12448695 -685295,12474304 0))
32659;POLYGON((10748269 0,11290275 0,11269824 -593292,10729980 -554463,10748269 0))
32660;POLYGON((9290169 0,9750623 0,9735968 -488623,9277035 -460756,9290169 0))
