32701;POLYGON((3375796 2663991,3473606 2567003,3296949 2396414,3206300 2488307,3375796 2663991))
32702;POLYGON((3066497 2930227,3172023 2845617,3017016 2660813,2918775 2741367,3066497 2930227))
32703;POLYGON((2737692 3159292,2849153 3087049,2715994 2891007,2611783 2960092,2737692 3159292))
32704;POLYGON((2394041 3351651,2509992 3291563,2398474 3086830,2289649 3144515,2394041 3351651))
32705;POLYGON((2039305 3508147,2158581 3459907,2068286 3248617,1955974 3295079,2039305 3508147))
32706;POLYGON((1676515 3629750,1798178 3593033,1728612 3376951,1613752 3412409,1676515 3629750))
32707;POLYGON((1308127 3717380,1431413 3691894,1382108 3472485,1265486 3497146,1308127 3717380))
32708;POLYGON((936166 3771786,1060438 3757306,1031017 3535806,913311 3549836,936166 3771786))
32709;POLYGON((562366 3793469,687071 3789858,677292 3567352,559107 3570852,562366 3793469))
32710;POLYGON((188309 3782633,312928 3789858,322707 3567352,204618 3560348,188309 3782633))
32711;POLYGON((-184447 3739176,-60438 3757306,-31017 3535806,-148432 3518248,-184447 3739176))
32712;POLYGON((-554234 3662693,-431413 3691894,-382108 3472485,-498223 3444246,-554234 3662693))
32713;POLYGON((-919138 3552510,-798178 3593033,-728612 3376951,-842717 3337849,-919138 3552510))
32714;POLYGON((-1276864 3407754,-1158581 3459907,-1068286 3248617,-1179548 3198437,-1276864 3407754))
32715;POLYGON((-1624588 3227454,-1509992 3291563,-1398474 3086830,-1505896 3025362,-1624588 3227454))
32716;POLYGON((-1958812 3010700,-1849153 3087049,-1715994 2891007,-1818378 2818100,-1958812 3010700))
32717;POLYGON((-2275194 2756869,-2172023 2845617,-2017016 2660813,-2112922 2576452,-2275194 2756869))
32718;POLYGON((-2568379 2465940,-2473606 2567003,-2296949 2396414,-2384653 2300822,-2568379 2465940))
32719;POLYGON((-2831811 2138915,-2747767 2251814,-2550312 2098814,-2627774 1992583,-2831811 2138915))
32720;POLYGON((-3057527 1778391,-2987035 1902041,-2770626 1770292,-2835440 1654560,-3057527 1778391))
32721;POLYGON((-3235934 1389287,-3182388 1521737,-2950285 1414970,-2999645 1291638,-3235934 1389287))
32722;POLYGON((-3355566 979789,-3323011 1117881,-3080437 1039526,-3111094 911538,-3355566 979789))
32723;POLYGON((-3402819 562530,-3396046 701474,-3150861 654093,-3159085 525779,-3402819 562530))
32724;POLYGON((-3361660 156059,-3386302 288911,-3149847 273362,-3131380 150858,-3361660 156059))
32725;POLYGON((-3213313 -213360,-3275954 -96338,-3064068 -82063,-3014086 -190304,-3213313 -213360))
32726;POLYGON((-2935905 -509573,-3044203 -421685,-2878454 -384046,-2791525 -466643,-2935905 -509573))
32727;POLYGON((-2504101 -683913,-2666910 -642950,-2576067 -594959,-2446109 -636874,-2504101 -683913))
32728;POLYGON((-1888684 -672099,-2116201 -701437,-2137973 -665384,-1958208 -647065,-1888684 -672099))
32729;POLYGON((-1056119 -390581,-1360030 -520462,-1543112 -531389,-1306024 -427769,-1056119 -390581))
32730;POLYGON((31935 267736,-361716 -1294,-768163 -111367,-465455 109303,31935 267736))
32731;POLYGON((1419142 1438452,920569 981570,212581 697636,590033 1075133,1419142 1438452))
32732;POLYGON((3155051 3291385,2534351 2585857,1427358 2024151,1889551 2607819,3155051 3291385))
32733;POLYGON((5295701 6037119,4533434 5007779,2907062 4027123,3464911 4877635,5295701 6037119))
32734;POLYGON((7904273 9934461,6978543 8489182,4685392 6901423,5350775 8092776,7904273 9934461))
32735;POLYGON((11051787 15298898,9938004 13325655,6798984 10884089,7584790 12505858,11051787 15298898))
32736;POLYGON((14817847 22512132,13488475 19875698,9287557 16261368,10207737 18421245,14817847 22512132))
32737;POLYGON((19291446 32032784,17715726 28571026,12194058 23376619,13263670 26203246,19291446 32032784))
32738;POLYGON((24571810 44408372,22715474 39928112,15564807 32639148,16800067 36285289,24571810 44408372))
32739;POLYGON((30769314 60288644,28594274 54561059,19449648 44534056,20867979 49180108,30769314 60288644))
32740;POLYGON((-25529950 49277079,-27594274 54561059,-18449648 44534056,-17094353 40243215,-25529950 49277079))
32741;POLYGON((-19956714 35810918,-21715474 39928112,-14564807 32639148,-13386638 29284782,-19956714 35810918))
32742;POLYGON((-15225751 25404216,-16715726 28571026,-11194058 23376619,-10175999 20787955,-15225751 25404216))
32743;POLYGON((-11234219 17476932,-12488475 19875698,-8287557 16261368,-7413785 14294058,-11234219 17476932))
32744;POLYGON((-7889815 11542207,-8938004 13325655,-5798984 10884089,-5054815 9416808,-7889815 11542207))
32745;POLYGON((-5109895 7193950,-5978543 8489182,-3685392 6901423,-3057236 5832818,-5109895 7193950))
32746;POLYGON((-2820663 4095718,-3533434 5007779,-1907062 4027123,-1382370 3273079,-2820663 4095718))
32747;POLYGON((-956406 1970802,-1534351 2585857,-427358 2024151,5421 1515350,-956406 1970802))
32748;POLYGON((541221 593419,79430 981570,787418 697636,1138889 377390,541221 593419))
32749;POLYGON((1723863 -219067,1361716 -1294,1768163 -111367,2048025 -289027,1723863 -219067))
32750;POLYGON((2637080 -612986,2360030 -520462,2543112 -531389,2760209 -603403,2637080 -612986))
32751;POLYGON((3320926 -704349,3116201 -701437,3137973 -665384,3300338 -661134,3320926 -704349))
32752;POLYGON((3810485 -584048,3666910 -642950,3576067 -594959,3690963 -537554,3810485 -584048))
32753;POLYGON((4136360 -322350,4044203 -421685,3878454 -384046,3952423 -291427,4136360 -322350))
32754;POLYGON((4325134 27244,4275954 -96338,4064068 -82063,4102972 32038,4325134 27244))
32755;POLYGON((4399790 424722,4386302 288911,4149847 273362,4158911 398616,4399790 424722))
32756;POLYGON((4380097 840787,4396046 701474,4150861 654093,4134713 782881,4380097 840787))
32757;POLYGON((4282967 1254534,4323011 1117881,4080437 1039526,4043155 1166366,4282967 1254534))
32758;POLYGON((4122778 1651538,4182388 1521737,3950285 1414970,3895436 1536038,4122778 1651538))
32759;POLYGON((3911678 2022275,3987035 1902041,3770626 1770292,3701306 1883026,3911678 2022275))
32760;POLYGON((3659858 2360853,3747767 2251814,3550312 2098814,3469188 2201594,3659858 2360853))
