32601;POLYGON((2292052 8619000,2340611 8681803,2527059 8541741,2473031 8472754,2292052 8619000))
32602;POLYGON((2134141 8442116,2188733 8499093,2358198 8341209,2297593 8278784,2134141 8442116))
32603;POLYGON((1959659 8283742,2019518 8334392,2170509 8160920,2104228 8105577,1959659 8283742))
32604;POLYGON((1770914 8145136,1835272 8189077,1966675 8002279,1895596 7954393,1770914 8145136))
32605;POLYGON((1570186 8027242,1638288 8064192,1749298 7866289,1674262 7826118,1570186 8027242))
32606;POLYGON((1359693 7930746,1430808 7960501,1520860 7753637,1442667 7721356,1359693 7930746))
32607;POLYGON((1141577 7856129,1215000 7878548,1283716 7664776,1203121 7640495,1141577 7856129))
32608;POLYGON((917903 7803713,992954 7818704,1040092 7599988,957814 7583772,917903 7803713))
32609;POLYGON((690670 7773697,766689 7781205,792109 7559435,708833 7551319,690670 7773697))
32610;POLYGON((461830 7766186,538169 7766186,541803 7543202,458196 7543202,461830 7766186))
32611;POLYGON((233310 7781205,309329 7773697,291166 7551319,207890 7559435,233310 7781205))
32612;POLYGON((7045 7818704,82096 7803713,42185 7583772,-40092 7599988,7045 7818704))
32613;POLYGON((-215000 7878548,-141577 7856129,-203121 7640495,-283716 7664776,-215000 7878548))
32614;POLYGON((-430808 7960501,-359693 7930746,-442667 7721356,-520860 7753637,-430808 7960501))
32615;POLYGON((-638288 8064192,-570186 8027242,-674262 7826118,-749298 7866289,-638288 8064192))
32616;POLYGON((-835272 8189077,-770914 8145136,-895596 7954393,-966675 8002279,-835272 8189077))
32617;POLYGON((-1019518 8334392,-959659 8283742,-1104228 8105577,-1170509 8160920,-1019518 8334392))
32618;POLYGON((-1188733 8499093,-1134141 8442116,-1297593 8278784,-1358198 8341209,-1188733 8499093))
32619;POLYGON((-1340611 8681803,-1292052 8619000,-1473031 8472754,-1527059 8541741,-1340611 8681803))
32620;POLYGON((-1472895 8880746,-1431112 8812756,-1627833 8685760,-1674381 8760614,-1472895 8880746))
32621;POLYGON((-1583461 9093691,-1549141 9021312,-1759316 8915507,-1797515 8995318,-1583461 9093691))
32622;POLYGON((-1670433 9317896,-1644166 9242102,-1864931 9159024,-1893982 9242631,-1670433 9317896))
32623;POLYGON((-1732324 9550065,-1714551 9472018,-1942395 9412547,-1961626 9498500,-1732324 9550065))
32624;POLYGON((-1768217 9786312,-1759168 9707374,-1989867 9671407,-1998797 9757928,-1768217 9786312))
32625;POLYGON((-1777973 10022150,-1777594 9943884,-2006157 9929915,-2004577 10014862,-1777973 10022150))
32626;POLYGON((-1762490 10252498,-1770348 10176663,-1990982 10181249,-1979049 10262077,-1762490 10252498))
32627;POLYGON((-1723996 10471718,-1739182 10400250,-1945263 10417350,-1923612 10491082,-1723996 10471718))
32628;POLYGON((-1666391 10673684,-1687395 10608674,-1871478 10628827,-1841347 10692021,-1666391 10673684))
32629;POLYGON((-1595636 10851898,-1620216 10795545,-1774057 10804872,-1737435 10853600,-1595636 10851898))
32630;POLYGON((-1520195 10999644,-1545222 10954198,-1659845 10933195,-1619636 10963021,-1520195 10999644))
32631;POLYGON((-1451533 11110202,-1472820 11077888,-1538611 10999976,-1498821 11005948,-1451533 11110202))
32632;POLYGON((-1404667 11177124,-1416776 11160042,-1423633 10989842,-1389575 10966491,-1404667 11177124))
32633;POLYGON((-1398782 11194577,-1394814 11194578,-1332333 10885872,-1310859 10827220,-1398782 11194577))
32634;POLYGON((-1457907 11157765,-1429270 11176304,-1286997 10669639,-1286748 10569220,-1457907 11157765))
32635;POLYGON((-1611664 11063435,-1547814 11101389,-1315555 10321281,-1347241 10172176,-1611664 11063435))
32636;POLYGON((-1896075 10910487,-1784241 10967942,-1452438 9819623,-1529143 9614509,-1896075 10910487))
32637;POLYGON((-2354457 10700676,-2179331 10776681,-1739524 9142343,-1877034 8873559,-2354457 10700676))
32638;POLYGON((-3038376 10439439,-2781790 10531717,-2227152 8266188,-2444316 7925822,-3038376 10439439))
32639;POLYGON((-4008696 10136846,-3649261 10241461,-2975230 7167251,-3294347 6747249,-4008696 10136846))
32640;POLYGON((5849422 9919665,-4849422 9919665,-4054429 5821319,5054429 5821319,5849422 9919665))
32641;POLYGON((4649261 10241461,5008696 10136846,4294347 6747249,3975230 7167251,4649261 10241461))
32642;POLYGON((3781790 10531717,4038376 10439439,3444316 7925822,3227152 8266188,3781790 10531717))
32643;POLYGON((3179331 10776681,3354457 10700676,2877034 8873559,2739524 9142343,3179331 10776681))
32644;POLYGON((2784241 10967942,2896075 10910487,2529143 9614509,2452438 9819623,2784241 10967942))
32645;POLYGON((2547814 11101389,2611664 11063435,2347241 10172176,2315555 10321281,2547814 11101389))
32646;POLYGON((2429270 11176304,2457907 11157765,2286748 10569220,2286997 10669639,2429270 11176304))
32647;POLYGON((2394814 11194578,2398782 11194577,2310859 10827220,2332333 10885872,2394814 11194578))
32648;POLYGON((2416776 11160042,2404667 11177124,2389575 10966491,2423633 10989842,2416776 11160042))
32649;POLYGON((2472820 11077888,2451533 11110202,2498821 11005948,2538611 10999976,2472820 11077888))
32650;POLYGON((2545222 10954198,2520195 10999644,2619636 10963021,2659845 10933195,2545222 10954198))
32651;POLYGON((2620216 10795545,2595636 10851898,2737435 10853600,2774057 10804872,2620216 10795545))
32652;POLYGON((2687395 10608674,2666391 10673684,2841347 10692021,2871478 10628827,2687395 10608674))
32653;POLYGON((2739182 10400250,2723996 10471718,2923612 10491082,2945263 10417350,2739182 10400250))
32654;POLYGON((2770348 10176663,2762490 10252498,2979049 10262077,2990982 10181249,2770348 10176663))
32655;POLYGON((2777594 9943884,2777973 10022150,3004577 10014862,3006157 9929915,2777594 9943884))
32656;POLYGON((2759168 9707374,2768217 9786312,2998797 9757928,2989867 9671407,2759168 9707374))
32657;POLYGON((2714551 9472018,2732324 9550065,2961626 9498500,2942395 9412547,2714551 9472018))
32658;POLYGON((2644166 9242102,2670433 9317896,2893982 9242631,2864931 9159024,2644166 9242102))
32659;POLYGON((2549141 9021312,2583461 9093691,2797515 8995318,2759316 8915507,2549141 9021312))
32660;POLYGON((2431112 8812756,2472895 8880746,2674381 8760614,2627833 8685760,2431112 8812756))
