32701;POLYGON((1028997 -1030662,1034727 -1071109,758841 -664745,766320 -646559,1028997 -1030662))
32702;POLYGON((1024837 -921823,1024248 -956258,783311 -611828,792667 -595104,1024837 -921823))
32703;POLYGON((1036288 -827079,1031027 -857421,812730 -562550,823298 -546584,1036288 -827079))
32704;POLYGON((1058854 -741550,1050348 -769288,845181 -514978,856374 -499238,1058854 -741550))
32705;POLYGON((1088661 -661504,1078136 -687765,878974 -467669,890275 -451771,1088661 -661504))
32706;POLYGON((1122394 -584188,1110896 -609792,912630 -419604,923592 -403289,1122394 -584188))
32707;POLYGON((1157251 -507656,1145660 -533170,944870 -370115,955107 -353231,1157251 -507656))
32708;POLYGON((1190887 -430639,1179938 -456420,974597 -318836,983783 -301318,1190887 -430639))
32709;POLYGON((1221374 -352411,1211665 -378647,1000889 -265646,1008754 -247500,1221374 -352411))
32710;POLYGON((1247151 -272690,1239164 -299432,1022986 -210624,1029309 -191914,1247151 -272690))
32711;POLYGON((1266993 -191538,1261101 -218732,1040276 -154011,1044886 -134847,1266993 -191538))
32712;POLYGON((1279968 -109286,1276452 -136796,1052287 -96173,1055056 -76698,1279968 -109286))
32713;POLYGON((1285409 -26462,1284464 -54095,1058678 -37570,1059517 -17955,1285409 -26462))
32714;POLYGON((1282881 56262,1284627 28743,1059224 21269,1058085 40836,1282881 56262))
32715;POLYGON((1272155 138127,1276648 110984,1053813 79770,1050681 99093,1272155 138127))
32716;POLYGON((1253181 218316,1260419 191824,1042432 137336,1037323 156212,1253181 218316))
32717;POLYGON((1226069 295995,1235998 270433,1025162 193359,1018122 211586,1226069 295995))
32718;POLYGON((1191063 370336,1203589 345977,1002166 247237,993268 264619,1191063 370336))
32719;POLYGON((1148530 440538,1163517 417645,973687 298389,963027 314736,1148530 440538))
32720;POLYGON((1098935 505844,1116218 484664,940033 346257,927728 361393,1098935 505844))
32721;POLYGON((1042832 565554,1062219 546313,901577 390325,887764 404085,1042832 565554))
32722;POLYGON((980851 619031,1002123 601934,858745 430114,843576 442351,980851 619031))
32723;POLYGON((913681 665715,936603 650940,812010 465197,795653 475780,913681 665715))
32724;POLYGON((842063 705118,866382 692819,761887 495200,744521 504015,842063 705118))
32725;POLYGON((766780 736836,792232 727139,708926 519803,690740 526757,766780 736836))
32726;POLYGON((688648 760547,714957 753550,653704 538745,634897 543765,688648 760547))
32727;POLYGON((608504 776009,635389 771783,596820 551828,577596 554861,608504 776009))
32728;POLYGON((527206 783069,554380 781656,538891 558914,519457 559928,527206 783069))
32729;POLYGON((445619 781656,472793 783069,480542 559928,461108 558914,445619 781656))
32730;POLYGON((364610 771783,391495 776009,422403 554861,403179 551828,364610 771783))
32731;POLYGON((285042 753550,311351 760547,365102 543765,346295 538745,285042 753550))
32732;POLYGON((207767 727139,233219 736836,309259 526757,291073 519803,207767 727139))
32733;POLYGON((133617 692819,157936 705118,255478 504015,238112 495200,133617 692819))
32734;POLYGON((63396 650940,86318 665715,204346 475780,187989 465197,63396 650940))
32735;POLYGON((-2123 601934,19148 619031,156423 442351,141254 430114,-2123 601934))
32736;POLYGON((-62219 546313,-42832 565554,112235 404085,98422 390325,-62219 546313))
32737;POLYGON((-116218 484664,-98935 505844,72271 361393,59966 346257,-116218 484664))
32738;POLYGON((-163517 417645,-148530 440538,36972 314736,26312 298389,-163517 417645))
32739;POLYGON((-203589 345977,-191063 370336,6731 264619,-2166 247237,-203589 345977))
32740;POLYGON((-235998 270433,-226069 295995,-18122 211586,-25162 193359,-235998 270433))
32741;POLYGON((-260419 191824,-253181 218316,-37323 156212,-42432 137336,-260419 191824))
32742;POLYGON((-276648 110984,-272155 138127,-50681 99093,-53813 79770,-276648 110984))
32743;POLYGON((-284627 28743,-282881 56262,-58085 40836,-59224 21269,-284627 28743))
32744;POLYGON((-284464 -54095,-285409 -26462,-59517 -17955,-58678 -37570,-284464 -54095))
32745;POLYGON((-276452 -136796,-279968 -109286,-55056 -76698,-52287 -96173,-276452 -136796))
32746;POLYGON((-261101 -218732,-266993 -191538,-44886 -134847,-40276 -154011,-261101 -218732))
32747;POLYGON((-239164 -299432,-247151 -272690,-29309 -191914,-22986 -210624,-239164 -299432))
32748;POLYGON((-211665 -378647,-221374 -352411,-8754 -247500,-889 -265646,-211665 -378647))
32749;POLYGON((-179938 -456420,-190887 -430639,16216 -301318,25402 -318836,-179938 -456420))
32750;POLYGON((-145660 -533170,-157251 -507656,44892 -353231,55129 -370115,-145660 -533170))
32751;POLYGON((-110896 -609792,-122394 -584188,76407 -403289,87369 -419604,-110896 -609792))
32752;POLYGON((-78136 -687765,-88661 -661504,109724 -451771,121025 -467669,-78136 -687765))
32753;POLYGON((-50348 -769288,-58854 -741550,143625 -499238,154818 -514978,-50348 -769288))
32754;POLYGON((-31027 -857421,-36288 -827079,176701 -546584,187269 -562550,-31027 -857421))
32755;POLYGON((-24248 -956258,-24837 -921823,207332 -595104,216688 -611828,-24248 -956258))
32756;POLYGON((-34727 -1071109,-28997 -1030662,233679 -646559,241158 -664745,-34727 -1071109))
32757;POLYGON((-67885 -1208714,-53947 -1159836,253668 -703257,258524 -723809,-67885 -1208714))
32758;POLYGON((-129910 -1377482,-105611 -1317168,264974 -768136,266373 -792191,-129910 -1377482))
32759;POLYGON((1105611 -1317168,1129910 -1377482,733626 -792191,735025 -768136,1105611 -1317168))
32760;POLYGON((1053947 -1159836,1067885 -1208714,741475 -723809,746331 -703257,1053947 -1159836))
