32701;POLYGON((5053273 4325175,5230235 4185208,5047008 3968403,4881069 4105601,5053273 4325175))
32702;POLYGON((4515379 4694601,4695536 4579460,4543901 4355981,4373335 4469832,4515379 4694601))
32703;POLYGON((3972608 4996497,4153722 4902773,4029585 4676432,3856832 4769768,3972608 4996497))
32704;POLYGON((3429808 5239938,3610543 5164795,3510420 4937870,3337021 5013134,3429808 5239938))
32705;POLYGON((2889634 5432354,3069306 5373490,2990320 5147218,2817156 5206445,2889634 5432354))
32706;POLYGON((2353192 5579657,2531572 5535262,2471424 5310178,2298907 5355003,2353192 5579657))
32707;POLYGON((1820521 5686370,1997689 5655083,1954618 5431263,1782840 5462935,1820521 5686370))
32708;POLYGON((1290961 5755760,1467196 5736624,1439944 5513852,1268783 5533255,1290961 5755760))
32709;POLYGON((763421 5789936,939122 5782371,926893 5560253,756099 5567930,763421 5789936))
32710;POLYGON((236578 5789936,412201 5793713,414639 5571763,243900 5567930,236578 5789936))
32711;POLYGON((-290961 5755760,-114952 5770992,-97776 5548706,-268783 5533255,-290961 5755760))
32712;POLYGON((-820521 5686370,-643703 5713520,-611288 5490436,-782840 5462935,-820521 5686370))
32713;POLYGON((-1353192 5579657,-1175237 5619552,-1126638 5395323,-1298907 5355003,-1353192 5579657))
32714;POLYGON((-1889634 5432354,-1710386 5486217,-1644180 5260710,-1817156 5206445,-1889634 5432354))
32715;POLYGON((-2429808 5239938,-2249377 5309424,-2163629 5082846,-2337021 5013134,-2429808 5239938))
32716;POLYGON((-2972608 4996497,-2791508 5083739,-2683730 4856828,-2856832 4769768,-2972608 4996497))
32717;POLYGON((-3515379 4694601,-3334704 4802253,-3201818 4576549,-3373335 4469832,-3515379 4694601))
32718;POLYGON((-4053273 4325175,-3874930 4456451,-3713249 4234680,-3881069 4105601,-4053273 4325175))
32719;POLYGON((-4578436 3877405,-4405434 4036107,-4210664 3822731,-4371581 3668222,-4578436 3877405))
32720;POLYGON((-5078980 3338705,-4915803 3529225,-4683082 3331193,-4832443 3147904,-5078980 3338705))
32721;POLYGON((-5537731 2694747,-5390779 2922047,-5114775 2749829,-5246055 2534261,-5537731 2694747))
32722;POLYGON((-5930713 1929622,-5808840 2199167,-5483910 2068139,-5588201 1816843,-5930713 1929622))
32723;POLYGON((-6225339 1026128,-6140486 1343769,-5760928 1276048,-5826343 985921,-6225339 1026128))
32724;POLYGON((-6378294 -33751,-6346238 338044,-5906645 364879,-5917608 33554,-6378294 -33751))
32725;POLYGON((-6333072 -1268152,-6374280 -836197,-5870029 -671338,-5806465 -1044969,-6333072 -1268152))
32726;POLYGON((-6017140 -2694370,-6157761 -2196654,-5585648 -1834170,-5422054 -2249289,-6017140 -2694370))
32727;POLYGON((-5338711 -4327584,-5611697 -3759376,-4970754 -3118600,-4675138 -3571620,-5338711 -4327584))
32728;POLYGON((-4183082 -6179231,-4629458 -5537252,-3921971 -4510319,-3454662 -4993850,-4183082 -6179231))
32729;POLYGON((-2408531 -8254951,-3078813 -7538110,-2311582 -5982402,-1623889 -6483993,-2408531 -8254951))
32730;POLYGON((158275 -10552072,-797505 -9762360,16642 -7491285,983915 -7991908,158275 -10552072))
32731;POLYGON((3727381 -13056560,2411670 -12200130,3252062 -8971953,4570269 -9444216,3727381 -13056560))
32732;POLYGON((8551166 -15739366,6786325 -14827820,7622294 -10332256,9376765 -10738291,8551166 -15739366))
32733;POLYGON((14930545 -18552126,12610469 -17604028,13398841 -11446250,15690883 -11735261,14930545 -18552126))
32734;POLYGON((23221749 -21422112,20221104 -20464754,20903275 -12146460,23852354 -12251887,23221749 -21422112))
32735;POLYGON((33843725 -24246387,30015411 -23317835,30513984 -12214960,34260106 -12051225,33843725 -24246387))
32736;POLYGON((47286187 -26885076,42458580 -26036513,42673510 -11373164,47379803 -10831959,47286187 -26885076))
32737;POLYGON((64118327 -29153672,58092297 -28452078,57896513 -9270199,63752026 -8216276,64118327 -29153672))
32738;POLYGON((84998236 -30814293,77543932 -30345476,76778376 -5469751,84001091 -3736173,84998236 -30814293))
32739;POLYGON((110683048 -31565806,101536430 -31437831,100004481 564753,108844563 3181940,110683048 -31565806))
32740;POLYGON((-109683048 -31565806,-119458886 -31551762,-117285418 6146230,-107844563 3181940,-109683048 -31565806))
32741;POLYGON((-83998236 -30814293,-91985514 -31182708,-90733445 -1732713,-83001091 -3736173,-83998236 -30814293))
32742;POLYGON((-63118327 -29153672,-69593294 -29788233,-69037532 -6956061,-62752026 -8216276,-63118327 -29153672))
32743;POLYGON((-46286187 -26885076,-51489694 -27692956,-51446800 -10136337,-46379803 -10831959,-46286187 -26885076))
32744;POLYGON((-32843725 -24246387,-36984773 -25154684,-37306939 -11774940,-33260106 -12051225,-32843725 -24246387))
32745;POLYGON((-22221749 -21422112,-25480786 -22374693,-26050471 -12278144,-22852354 -12251887,-22221749 -21422112))
32746;POLYGON((-13930545 -18552126,-16462531 -19506830,-17187699 -11971340,-14690883 -11735261,-13930545 -18552126))
32747;POLYGON((-7551166 -15739366,-9488397 -16665551,-10298320 -11111678,-8376765 -10738291,-7551166 -15739366))
32748;POLYGON((-2727381 -13056560,-4182102 -13932961,-5023669 -9899194,-3570269 -9444216,-2727381 -13056560))
32749;POLYGON((841724 -10552072,-225076 -11364948,-1059586 -8486593,16084 -7991908,841724 -10552072))
32750;POLYGON((3408531 -8254951,2650523 -8996485,1850145 -6987748,2623889 -6483993,3408531 -8254951))
32751;POLYGON((5183082 -6179231,4668197 -6846174,3919787 -5485076,4454662 -4993850,5183082 -6179231))
32752;POLYGON((6338711 -4327584,6012924 -4920110,5327115 -4035853,5675138 -3571620,6338711 -4327584))
32753;POLYGON((7017140 -2694370,6836430 -3215116,6218360 -2677604,6422054 -2249289,7017140 -2694370))
32754;POLYGON((7333072 -1268152,7261943 -1721438,6712688 -1432638,6806465 -1044969,7333072 -1268152))
32755;POLYGON((7378294 -33751,7388463 -424945,6906206 -311828,6917608 33554,7378294 -33751))
32756;POLYGON((7225339 1026128,7294559 691112,6875542 682274,6826343 985921,7225339 1026128))
32757;POLYGON((6930713 1929622,7041746 1644711,6681022 1552922,6588201 1816843,6930713 1929622))
32758;POLYGON((6537731 2694747,6677446 2453996,6369462 2307156,6246055 2534261,6537731 2694747))
32759;POLYGON((6078980 3338705,6237569 3136503,5976608 2954247,5832443 3147904,6078980 3338705))
32760;POLYGON((5578436 3877405,5748745 3708615,5529246 3504503,5371581 3668222,5578436 3877405))
