32601;POLYGON((185603759 153469416,198280571 167419752,211012932 124133758,197372532 113768180,185603759 153469416))
32602;POLYGON((152062855 117695299,162536127 128676256,172567235 95349293,161312693 87193090,152062855 117695299))
32603;POLYGON((124429229 89667904,133045197 98248785,140890907 72751914,131645869 66381050,124429229 89667904))
32604;POLYGON((101757980 67873332,108816546 74528013,114906633 55143006,107345248 50204583,101757980 67873332))
32605;POLYGON((83233240 51056785,88992914 56177135,93683120 41527095,87524645 37729337,83233240 51056785))
32606;POLYGON((68154110 38185285,72836574 42093106,76419331 31082934,71423150 28186284,68154110 38185285))
32607;POLYGON((55921687 28414632,59716000 31372225,62429928 23137833,58390956 20947073,55921687 28414632))
32608;POLYGON((46027128 21060247,49093592 23279718,51131866 17144981,47876332 15502291,46027128 21060247))
32609;POLYGON((38040710 15571600,40514411 17223006,42032097 12663503,39413678 11442389,38040710 15571600))
32610;POLYGON((31601848 11509886,33595877 12728334,34716332 9341041,32612635 8441039,31601848 11509886))
32611;POLYGON((26410014 8528675,28018400 9420459,28838800 6898601,27148168 6240705,26410014 8528675))
32612;POLYGON((22216523 6357246,23516873 7005120,24112984 5117494,22751604 4640220,22216523 6357246))
32613;POLYGON((18817127 4786339,19873010 5254015,20303248 3828129,19202563 3484167,18817127 4786339))
32614;POLYGON((16045393 3656078,16908465 3992026,17217338 2900493,16321724 2653874,16045393 3656078))
32615;POLYGON((13766802 2845820,14478691 3086448,14699685 2236130,13964392 2059856,13766802 2845820))
32616;POLYGON((11873524 2265714,12467504 2438009,12625478 1761442,12014816 1635517,11873524 2265714))
32617;POLYGON((10279845 1849749,10782288 1973438,10895443 1422157,10381189 1331981,10279845 1849749))
32618;POLYGON((8918172 1550115,9349819 1639413,9431287 1178825,8991310 1113887,8918172 1550115))
32619;POLYGON((7735589 1332672,8112638 1397679,8171762 1003175,7788834 956023,7735589 1332672))
32620;POLYGON((6690923 1173389,7025957 1221177,7069287 875246,6730077 840665,6690923 1173389))
32621;POLYGON((5752256 1055566,6055021 1091030,6087091 781131,5781318 755523,5752256 1055566))
32622;POLYGON((4894855 967739,5172910 994225,5196820 711269,4916551 692178,4894855 967739))
32623;POLYGON((4099472 902113,4358715 921888,4376566 659153,4115644 644919,4099472 902113))
32624;POLYGON((3350957 853430,3596055 868021,3609260 620393,3362840 609902,3350957 853430))
32625;POLYGON((2637157 818174,2871887 828597,2881387 592054,2645571 584565,2637157 818174))
32626;POLYGON((1948047 794032,2175561 800950,2181970 572193,1953522 567226,1948047 794032))
32627;POLYGON((1275042 779540,1498076 783361,1501781 559564,1277901 556821,1275042 779540))
32628;POLYGON((610456 773866,831501 774807,832713 553423,610859 552748,610456 773866))
32629;POLYGON((-52941 776694,168498 774807,167286 553423,-54970 554778,-52941 776694))
32630;POLYGON((-722316 788182,-498076 783361,-501781 559564,-726892 563025,-722316 788182))
32631;POLYGON((-1405159 808979,-1175561 800950,-1181970 572193,-1412545 577960,-1405159 808979))
32632;POLYGON((-2109698 840321,-1871887 828597,-1881387 592054,-2120350 600479,-2109698 840321))
32633;POLYGON((-2845412 884206,-2596055 868021,-2609260 620393,-2860041 632034,-2845412 884206))
32634;POLYGON((-3623658 943700,-3358715 921888,-3376566 659153,-3643342 674860,-3623658 943700))
32635;POLYGON((-4458475 1023406,-4172910 994225,-4196820 711269,-4484829 732315,-4458475 1023406))
32636;POLYGON((-5367607 1130165,-5055021 1091030,-5087091 781131,-5403025 809410,-5367607 1130165))
32637;POLYGON((-6373788 1274069,-6025957 1221177,-6069287 875246,-6421793 913549,-6373788 1274069))
32638;POLYGON((-7506327 1469867,-7112638 1397679,-7171762 1003175,-7572052 1055581,-7506327 1469867))
32639;POLYGON((-8803061 1738875,-8349819 1639413,-8431287 1178825,-8893889 1251215,-8803061 1738875))
32640;POLYGON((-10312685 2111509,-9782288 1973438,-9895443 1422157,-10439099 1522904,-10312685 2111509))
32641;POLYGON((-12097544 2630570,-11467504 2438009,-11625478 1761442,-12274210 1902290,-12097544 2630570))
32642;POLYGON((-14236897 3355434,-13478691 3086448,-13699685 2236130,-14484040 2433321,-14236897 3355434))
32643;POLYGON((-16830722 4367301,-15908465 3992026,-16217338 2900493,-17175839 3176161,-16830722 4367301))
32644;POLYGON((-20004095 5775691,-18873010 5254015,-19303248 3828129,-20484057 4212025,-20004095 5775691))
32645;POLYGON((-23912191 7726363,-22516873 7005120,-23112984 5117494,-24575794 5649083,-23912191 7726363))
32646;POLYGON((-28745951 10410873,-27018400 9420459,-27838800 6898601,-29656984 7629577,-28745951 10410873))
32647;POLYGON((-34738466 14077985,-32595877 12728334,-33716332 9341041,-35979346 10338328,-34738466 14077985))
32648;POLYGON((-42172111 19047164,-39514411 17223006,-41032097 12663503,-43848176 14012795,-42172111 19047164))
32649;POLYGON((-51386487 25724413,-48093592 23279718,-50131866 17144981,-53631007 18954874,-51386487 25724413))
32650;POLYGON((-62787207 34620693,-58716000 31372225,-61429928 23137833,-65767197 25544641,-62787207 34620693))
32651;POLYGON((-76855573 46373224,-71836574 42093106,-75419331 31082934,-80778492 34256224,-76855573 46373224))
32652;POLYGON((-94159193 61769943,-87992914 56177135,-92683120 41527095,-99280613 45676050,-94159193 61769943))
32653;POLYGON((-115363576 81777430,-107816546 74528013,-113906633 55143006,-121995921 60523664,-115363576 81777430))
32654;POLYGON((-141244761 107572618,-132045197 98248785,-139890907 72751914,-149767194 79675384,-141244761 107572618))
32655;POLYGON((-172703005 140578620,-161536127 128676256,-171567235 95349293,-183572588 104191015,-172703005 140578620))
32656;POLYGON((-210777604 182505022,-197280571 167419752,-210012932 124133758,-224541809 135343909,-210777604 182505022))
32657;POLYGON((-256662861 235393004,-240419313 216404597,-256468350 160539485,-273973560 174654617,-256662861 235393004))
32658;POLYGON((-311725270 301665660,-292259465 277920651,-312355199 206272428,-333354308 223928426,-311725270 301665660))
32659;POLYGON((274924525 255865000,293259465 277920651,313355199 206272428,293582505 189874079,274924525 255865000))
32660;POLYGON((226141072 198805108,241419313 216404597,257468350 160539485,241009423 147458146,226141072 198805108))
