32601;POLYGON((2647686 12331744,2778301 12459853,3277195 12403600,3105420 12291584,2647686 12331744))
32602;POLYGON((2340642 12004382,2429959 12105034,2818395 12094535,2700267 12007370,2340642 12004382))
32603;POLYGON((2138835 11742546,2196018 11823938,2508146 11851084,2431714 11780328,2138835 11742546))
32604;POLYGON((2017613 11525449,2050423 11593913,2312506 11650052,2267680 11589312,2017613 11525449))
32605;POLYGON((1956214 11337264,1971169 11397579,2202903 11474030,2181245 11418610,1956214 11337264))
32606;POLYGON((1937320 11166272,1939835 11221937,2155516 11310379,2150041 11256967,1937320 11166272))
32607;POLYGON((1946637 11004114,1941166 11057583,2150702 11150338,2155697 11096740,1946637 11004114))
32608;POLYGON((1972528 10845142,1962676 10898033,2172463 10988255,2183323 10933160,1972528 10845142))
32609;POLYGON((2005655 10685865,1994300 10739133,2207975 10820921,2221052 10763703,2005655 10685865))
32610;POLYGON((2038675 10524467,2028061 10578558,2247143 10647010,2259610 10587559,2038675 10524467))
32611;POLYGON((2065950 10360406,2057782 10415380,2282208 10466598,2291936 10405181,2065950 10360406))
32612;POLYGON((2083290 10194076,2078819 10249717,2307394 10280768,2312840 10217912,2083290 10194076))
32613;POLYGON((2087728 10026531,2087821 10082430,2318582 10091287,2318693 10027685,2087728 10026531))
32614;POLYGON((2077315 9859255,2082520 9914880,2313033 9900340,2307156 9836777,2077315 9859255))
32615;POLYGON((2050936 9693983,2061542 9748738,2289132 9710324,2276943 9647617,2050936 9693983))
32616;POLYGON((2008157 9532561,2024242 9585826,2246174 9523691,2227605 9462648,2008157 9532561))
32617;POLYGON((1949086 9376839,1970561 9428001,2184172 9342826,2159356 9284212,1949086 9376839))
32618;POLYGON((1874258 9228593,1900904 9277073,2103691 9169966,2072918 9114483,1874258 9228593))
32619;POLYGON((1784533 9089474,1816032 9134737,2005717 9007146,1969387 8955422,1784533 9089474))
32620;POLYGON((1681014 8960970,1716977 9002540,1891538 8856166,1850133 8808747,1681014 8960970))
32621;POLYGON((1564983 8844393,1604966 8881853,1762656 8718584,1716708 8675935,1564983 8844393))
32622;POLYGON((1437841 8740870,1481366 8773865,1620706 8595713,1570781 8558219,1437841 8740870))
32623;POLYGON((1301070 8651348,1347636 8679582,1467407 8488635,1414089 8456608,1301070 8651348))
32624;POLYGON((1156200 8576599,1205294 8599833,1304516 8398220,1248393 8371907,1156200 8576599))
32625;POLYGON((1004789 8517236,1055890 8535283,1133801 8325146,1075463 8304735,1004789 8517236))
32626;POLYGON((848405 8473721,900989 8486442,957025 8269925,897055 8255552,848405 8473721))
32627;POLYGON((688620 8446380,742163 8453682,775935 8232919,714913 8224675,688620 8446380))
32628;POLYGON((527003 8435414,580982 8437243,592264 8214360,530765 8212296,527003 8435414))
32629;POLYGON((365125 8440899,419017 8437243,407735 8214360,346331 8218488,365125 8440899))
32630;POLYGON((204555 8462798,257836 8453682,224064 8232919,163329 8243214,204555 8462798))
32631;POLYGON((46863 8500951,99010 8486442,42974 8269925,-16516 8286324,46863 8500951))
32632;POLYGON((-106380 8555076,-55890 8535283,-133801 8325146,-191467 8347543,-106380 8555076))
32633;POLYGON((-253603 8624757,-205294 8599833,-304516 8398220,-359770 8426461,-253603 8624757))
32634;POLYGON((-393246 8709432,-347636 8679582,-467407 8488635,-519660 8522515,-393246 8709432))
32635;POLYGON((-523765 8808384,-481366 8773865,-620706 8595713,-669370 8634964,-523765 8808384))
32636;POLYGON((-643660 8920726,-604966 8881853,-762656 8718584,-807152 8762871,-643660 8920726))
32637;POLYGON((-751499 9045391,-716977 9002540,-891538 8856166,-931309 8905076,-751499 9045391))
32638;POLYGON((-845955 9181129,-816032 9134737,-1005717 9007146,-1040244 9060187,-845955 9181129))
32639;POLYGON((-925858 9326509,-900904 9277073,-1103691 9169966,-1132517 9226566,-925858 9326509))
32640;POLYGON((-990258 9479931,-970561 9428001,-1184172 9342826,-1206930 9402332,-990258 9479931))
32641;POLYGON((-1038503 9639656,-1024242 9585826,-1246174 9523691,-1262623 9585377,-1038503 9639656))
32642;POLYGON((-1070330 9803852,-1061542 9748738,-1289132 9710324,-1299198 9773408,-1070330 9803852))
32643;POLYGON((-1085978 9970661,-1082520 9914880,-1313033 9900340,-1316862 9964006,-1085978 9970661))
32644;POLYGON((-1086318 10138297,-1087821 10082430,-1318582 10091287,-1316603 10154724,-1086318 10138297))
32645;POLYGON((-1073003 10305174,-1078819 10249717,-1307394 10280768,-1300382 10343215,-1073003 10305174))
32646;POLYGON((-1048639 10470072,-1057782 10415380,-1282208 10466598,-1271369 10527408,-1048639 10470072))
32647;POLYGON((-1016985 10632351,-1028061 10578558,-1247143 10647010,-1234203 10705731,-1016985 10632351))
32648;POLYGON((-983167 10792204,-994300 10739133,-1207975 10820921,-1195285 10877397,-983167 10792204))
32649;POLYGON((-953931 10950981,-962676 10898033,-1172463 10988255,-1163108 11042751,-953931 10950981))
32650;POLYGON((-937917 11111567,-941166 11057583,-1150702 11150338,-1148633 11203689,-937917 11111567))
32651;POLYGON((-945958 11278832,-939835 11221937,-1155516 11310379,-1165691 11364166,-945958 11278832))
32652;POLYGON((-991422 11460164,-971169 11397579,-1202903 11474030,-1231439 11530793,-991422 11460164))
32653;POLYGON((-1090575 11666084,-1050423 11593913,-1312506 11650052,-1366852 11713531,-1090575 11666084))
32654;POLYGON((-1262983 11910961,-1196018 11823938,-1508146 11851084,-1597269 11926505,-1262983 11910961))
32655;POLYGON((-1531949 12213827,-1429959 12105034,-1818395 12094535,-1952979 12188932,-1531949 12213827))
32656;POLYGON((-1924985 12599307,-1778301 12459853,-2277195 12403600,-2469863 12526188,-1924985 12599307))
32657;POLYGON((-2474323 13098675,-2271643 12917325,-2924533 12808423,-3190083 12971016,-2474323 13098675))
32658;POLYGON((-3217467 13751040,-2945668 13513809,-3807176 13347408,-4162835 13564893,-3217467 13751040))
32659;POLYGON((3698488 13296948,3945668 13513809,4807176 13347408,4483628 13150086,3698488 13296948))
32660;POLYGON((3088992 12751350,3271643 12917325,3924533 12808423,3685066 12660657,3088992 12751350))
