32701;POLYGON((2391879 2256769,2471377 2192407,2321151 2014613,2248326 2074531,2391879 2256769))
32702;POLYGON((2142636 2431894,2227389 2376538,2097411 2186208,2019534 2237904,2142636 2431894))
32703;POLYGON((1879692 2579640,1968679 2533457,1859460 2332891,1777462 2376143,1879692 2579640))
32704;POLYGON((1605914 2699707,1698212 2662769,1610024 2454096,1524769 2488775,1605914 2699707))
32705;POLYGON((1323893 2792002,1418666 2764323,1351630 2549501,1263916 2575538,1323893 2792002))
32706;POLYGON((1035987 2856544,1132473 2838110,1086617 2618944,997191 2636310,1035987 2856544))
32707;POLYGON((744369 2893393,841859 2884183,817176 2662360,726739 2671044,744369 2893393))
32708;POLYGON((451089 2902602,548910 2902602,545385 2679728,454614 2679728,451089 2902602))
32709;POLYGON((158140 2884183,255630 2893393,273260 2671044,182823 2662360,158140 2884183))
32710;POLYGON((-132473 2838110,-35987 2856544,2808 2636310,-86617 2618944,-132473 2838110))
32711;POLYGON((-418666 2764323,-323893 2792002,-263916 2575538,-351630 2549501,-418666 2764323))
32712;POLYGON((-698212 2662769,-605914 2699707,-524769 2488775,-610024 2454096,-698212 2662769))
32713;POLYGON((-968679 2533457,-879692 2579640,-777462 2376143,-859460 2332891,-968679 2533457))
32714;POLYGON((-1227389 2376538,-1142636 2431894,-1019534 2237904,-1097411 2186208,-1227389 2376538))
32715;POLYGON((-1471377 2192407,-1391879 2256769,-1248326 2074531,-1321151 2014613,-1471377 2192407))
32716;POLYGON((-1697376 1981844,-1624256 2054900,-1460978 1886812,-1527753 1819024,-1697376 1981844))
32717;POLYGON((-1901816 1746171,-1836297 1827409,-1654441 1675962,-1714114 1600828,-1901816 1746171))
32718;POLYGON((-2080847 1487456,-2024241 1576089,-1825513 1443767,-1876994 1362034,-2080847 1487456))
32719;POLYGON((-2230390 1208751,-2184078 1303637,-1970905 1192732,-2013093 1105428,-2230390 1208751))
32720;POLYGON((-2346208 914377,-2311614 1013914,-2087333 926271,-2119154 834766,-2346208 914377))
32721;POLYGON((-2424021 610251,-2402568 712267,-2171642 648899,-2192101 554985,-2424021 610251))
32722;POLYGON((-2459648 304283,-2452709 405894,-2220972 366466,-2229215 272431,-2459648 304283))
32723;POLYGON((-2449184 6819,-2458016 104274,-2232959 86402,-2228348 -4879,-2449184 6819))
32724;POLYGON((-2389230 -268836,-2414895 -180334,-2205979 -182005,-2188189 -266974,-2389230 -268836))
32725;POLYGON((-2277153 -505821,-2320425 -432330,-2139444 -427311,-2108565 -501616,-2277153 -505821))
32726;POLYGON((-2111406 -683040,-2172659 -632107,-2034142 -635578,-1990809 -693957,-2111406 -683040))
32727;POLYGON((-1891889 -774381,-1970970 -755320,-1892632 -790016,-1838169 -826172,-1891889 -774381))
32728;POLYGON((-1620368 -747843,-1716454 -772034,-1719698 -870591,-1656280 -877053,-1620368 -747843))
32729;POLYGON((-1300950 -564541,-1412379 -645776,-1522861 -853599,-1453702 -821570,-1300950 -564541))
32730;POLYGON((-940619 -177588,-1064709 -332460,-1312954 -711204,-1242509 -630404,-940619 -177588))
32731;POLYGON((-549832 469150,-682670 220818,-1104766 -410942,-1038965 -269430,-549832 469150))
32732;POLYGON((-143182 1442458,-279402 1077130,-917753 84813,-864253 300826,-143182 1442458))
32733;POLYGON((259863 2821320,127341 2311209,-776826 819432,-745290 1125785,259863 2821320))
32734;POLYGON((634167 4698654,514405 4011125,-713215 1842644,-715617 2257440,634167 4698654))
32735;POLYGON((948032 7183213,852381 6280130,-765409 3211206,-816367 3755047,948032 7183213))
32736;POLYGON((1162245 10401705,1104674 9238698,-980187 4989611,-1097327 5685846,1162245 10401705))
32737;POLYGON((1229039 14501108,1226489 13026779,-1413731 7250856,-1618074 8125843,1229039 14501108))
32738;POLYGON((-163733 17806269,1163733 17806269,-2132829 10077250,3132829 10077250,-163733 17806269))
32739;POLYGON((-226489 13026779,-229039 14501108,2618074 8125843,2413731 7250856,-226489 13026779))
32740;POLYGON((-104674 9238698,-162245 10401705,2097327 5685846,1980187 4989611,-104674 9238698))
32741;POLYGON((147618 6280130,51967 7183213,1816367 3755047,1765409 3211206,147618 6280130))
32742;POLYGON((485594 4011125,365832 4698654,1715617 2257440,1713215 1842644,485594 4011125))
32743;POLYGON((872658 2311209,740136 2821320,1745290 1125785,1776826 819432,872658 2311209))
32744;POLYGON((1279402 1077130,1143182 1442458,1864253 300826,1917753 84813,1279402 1077130))
32745;POLYGON((1682670 220818,1549832 469150,2038965 -269430,2104766 -410942,1682670 220818))
32746;POLYGON((2064709 -332460,1940619 -177588,2242509 -630404,2312954 -711204,2064709 -332460))
32747;POLYGON((2412379 -645776,2300950 -564541,2453702 -821570,2522861 -853599,2412379 -645776))
32748;POLYGON((2716454 -772034,2620368 -747843,2656280 -877053,2719698 -870591,2716454 -772034))
32749;POLYGON((2970970 -755320,2891889 -774381,2838169 -826172,2892632 -790016,2970970 -755320))
32750;POLYGON((3172659 -632107,3111406 -683040,2990809 -693957,3034142 -635578,3172659 -632107))
32751;POLYGON((3320425 -432330,3277153 -505821,3108565 -501616,3139444 -427311,3320425 -432330))
32752;POLYGON((3414895 -180334,3389230 -268836,3188189 -266974,3205979 -182005,3414895 -180334))
32753;POLYGON((3458016 104274,3449184 6819,3228348 -4879,3232959 86402,3458016 104274))
32754;POLYGON((3452709 405894,3459648 304283,3229215 272431,3220972 366466,3452709 405894))
32755;POLYGON((3402568 712267,3424021 610251,3192101 554985,3171642 648899,3402568 712267))
32756;POLYGON((3311614 1013914,3346208 914377,3119154 834766,3087333 926271,3311614 1013914))
32757;POLYGON((3184078 1303637,3230390 1208751,3013093 1105428,2970905 1192732,3184078 1303637))
32758;POLYGON((3024241 1576089,3080847 1487456,2876994 1362034,2825513 1443767,3024241 1576089))
32759;POLYGON((2836297 1827409,2901816 1746171,2714114 1600828,2654441 1675962,2836297 1827409))
32760;POLYGON((2624256 2054900,2697376 1981844,2527753 1819024,2460978 1886812,2624256 2054900))
