32701;POLYGON((5800803 9546061,6108605 9530584,6087091 9218868,5781318 9244476,5800803 9546061))
32702;POLYGON((4931077 9584315,5212835 9572791,5196820 9288730,4916551 9307821,4931077 9584315))
32703;POLYGON((4126460 9612826,4388508 9604241,4376566 9340846,4115644 9355080,4126460 9612826))
32704;POLYGON((3370780 9633934,3618085 9627611,3609260 9379606,3362840 9390097,3370780 9633934))
32705;POLYGON((2651190 9649198,2887731 9644687,2881387 9407945,2645571 9415434,2651190 9649198))
32706;POLYGON((1957177 9659640,2186249 9656649,2181970 9427806,1953522 9432773,1957177 9659640))
32707;POLYGON((1279809 9665904,1504254 9664252,1501781 9440435,1277901 9443178,1279809 9665904))
32708;POLYGON((611129 9668356,833523 9667949,832713 9446576,610859 9447251,611129 9668356))
32709;POLYGON((-56324 9667133,166476 9667949,167286 9446576,-54970 9445221,-56324 9667133))
32710;POLYGON((-729946 9662169,-504254 9664252,-501781 9440435,-726892 9436974,-729946 9662169))
32711;POLYGON((-1417477 9653176,-1186249 9656649,-1181970 9427806,-1412545 9422039,-1417477 9653176))
32712;POLYGON((-2127466 9639612,-1887731 9644687,-1881387 9407945,-2120350 9399520,-2127466 9639612))
32713;POLYGON((-2869821 9620594,-2618085 9627611,-2609260 9379606,-2860041 9367965,-2869821 9620594))
32714;POLYGON((-3656516 9594766,-3388508 9604241,-3376566 9340846,-3643342 9325139,-3656516 9594766))
32715;POLYGON((-4502490 9560082,-4212835 9572791,-4196820 9288730,-4484829 9267684,-4502490 9560082))
32716;POLYGON((-5426799 9513486,-5108605 9530584,-5087091 9218868,-5403025 9190589,-5426799 9513486))
32717;POLYGON((-6454077 9450455,-6098408 9473649,-6069287 9124753,-6421793 9086450,-6454077 9450455))
32718;POLYGON((-7616344 9364351,-7211578 9396137,-7171762 8996824,-7572052 8944418,-7616344 9364351))
32719;POLYGON((-8955229 9245552,-8486267 9289534,-8431287 8821174,-8893889 8748784,-8955229 9245552))
32720;POLYGON((-10524652 9080288,-9971969 9141602,-9895443 8577842,-10439099 8477095,-10524652 9080288))
32721;POLYGON((-12394011 8849135,-11732535 8934993,-11625478 8238557,-12274210 8097709,-12394011 8849135))
32722;POLYGON((-14651941 8525095,-13849732 8645477,-13699685 7763869,-14484040 7566678,-14651941 8525095))
32723;POLYGON((-17410686 8071183,-16427410 8239697,-16217338 7099506,-17175839 6823838,-17410686 8071183))
32724;POLYGON((-20811137 7437444,-19596308 7672394,-19303248 6171870,-20484057 5787974,-20811137 7437444))
32725;POLYGON((-25028595 6557312,-23519569 6882986,-23112984 4882505,-24575794 4350916,-25028595 6557312))
32726;POLYGON((-30279297 5343219,-28399009 5791446,-27838800 3101398,-29656984 2370422,-30279297 5343219))
32727;POLYGON((-36827780 3681345,-34482196 4293343,-33716332 658958,-35979346 -338328,-36827780 3681345))
32728;POLYGON((-44995105 1425410,-42070377 2253972,-41032097 -2663503,-43848176 -4012795,-44995105 1425410))
32729;POLYGON((-55168023 -1610608,-51527331 -498560,-50131866 -7144981,-53631007 -8954874,-55168023 -1610608))
32730;POLYGON((-67809114 -5660956,-63289171 -4181407,-61429928 -13137833,-65767197 -15544641,-67809114 -5660956))
32731;POLYGON((-83467961 -11017904,-77875172 -9066318,-75419331 -21082934,-80778492 -24256224,-83467961 -11017904))
32732;POLYGON((-102793405 -18043004,-95899657 -15490408,-92683120 -31527095,-99280613 -35676050,-102793405 -18043004))
32733;POLYGON((-126546939 -27179952,-118085011 -23868456,-113906633 -45143006,-121995921 -50523664,-126546939 -27179952))
32734;POLYGON((-155617296 -38969180,-145275854 -34706914,-139890907 -62751914,-149767194 -69675384,-155617296 -38969180))
32735;POLYGON((-191036264 -54064360,-178454455 -48619750,-171567235 -85349293,-183572588 -94191015,-191036264 -54064360))
32736;POLYGON((-233995807 -73250956,-218757400 -66346302,-210012932 -114133758,-224541809 -125343909,-233995807 -73250956))
32737;POLYGON((-285866521 -97467004,-267493607 -88771295,-256468350 -150539485,-273973560 -164654617,-285866521 -97467004))
32738;POLYGON((-348217496 -127826288,-326163706 -116947201,-312355199 -196272428,-333354308 -213928426,-348217496 -127826288))
32739;POLYGON((306402101 -106843639,327163706 -116947201,313355199 -196272428,293582505 -179874079,306402101 -106843639))
32740;POLYGON((251222711 -80712995,268493607 -88771295,257468350 -150539485,241009423 -137458146,251222711 -80712995))
32741;POLYGON((205454446 -59962319,219757400 -66346302,211012932 -114133758,197372532 -103768180,205454446 -59962319))
32742;POLYGON((167662822 -43597692,179454455 -48619750,172567235 -85349293,161312693 -77193090,167662822 -43597692))
32743;POLYGON((136598450 -30785216,146275854 -34706914,140890907 -62751914,131645869 -56381050,136598450 -30785216))
32744;POLYGON((111178116 -20829456,119085011 -23868456,114906633 -45143006,107345248 -40204583,111178116 -20829456))
32745;POLYGON((90467224 -13154165,96899657 -15490408,93683120 -31527095,87524645 -27729337,90467224 -13154165))
32746;POLYGON((73663548 -7285115,78875172 -9066318,76419331 -21082934,71423150 -18186284,73663548 -7285115))
32747;POLYGON((60082242 -2834883,64289171 -4181407,62429928 -13137833,58390956 -10947073,60082242 -2834883))
32748;POLYGON((49142053 510567,52527331 -498560,51131866 -7144981,47876332 -5502291,49142053 510567))
32749;POLYGON((40352696 3003666,43070377 2253972,42032097 -2663503,39413678 -1442389,40352696 3003666))
32750;POLYGON((33303319 4845505,35482196 4293343,34716332 658958,32612635 1558960,33303319 4845505))
32751;POLYGON((27652030 6194747,29399009 5791446,28838800 3101398,27148168 3759294,27652030 6194747))
32752;POLYGON((23116409 7175289,24519569 6882986,24112984 4882505,22751604 5359779,23116409 7175289))
32753;POLYGON((19464979 7882824,20596308 7672394,20303248 6171870,19202563 6515832,19464979 7882824))
32754;POLYGON((16509560 8390390,17427410 8239697,17217338 7099506,16321724 7346125,16509560 8390390))
32755;POLYGON((14098468 8753038,14849732 8645477,14699685 7763869,13964392 7940143,14098468 8753038))
32756;POLYGON((12110503 9011714,12732535 8934993,12625478 8238557,12014816 8364482,12110503 9011714))
32757;POLYGON((10449680 9196453,10971969 9141602,10895443 8577842,10381189 8668018,10449680 9196453))
32758;POLYGON((9040633 9328966,9486267 9289534,9431287 8821174,8991310 8886112,9040633 9328966))
32759;POLYGON((7824666 9424721,8211578 9396137,8171762 8996824,7788834 9043976,7824666 9424721))
32760;POLYGON((6756374 9494579,7098408 9473649,7069287 9124753,6730077 9159334,6756374 9494579))
