32601;POLYGON((1396821 11445270,1425953 11513925,1929996 11984121,1865073 11883918,1396821 11445270))
32602;POLYGON((1336496 11264717,1352469 11321113,1759520 11704744,1717635 11624366,1336496 11264717))
32603;POLYGON((1309269 11113583,1315219 11161304,1652742 11478900,1628661 11412703,1309269 11113583))
32604;POLYGON((1306636 10982722,1305253 11024563,1594759 11290941,1584026 11234520,1306636 10982722))
32605;POLYGON((1321350 10865099,1314918 10903194,1572908 11128730,1571757 11078716,1321350 10865099))
32606;POLYGON((1347288 10755448,1337731 10791374,1576524 10983064,1581803 10936954,1347288 10755448))
32607;POLYGON((1379329 10649972,1368249 10684849,1596709 10847176,1605811 10803177,1379329 10649972))
32608;POLYGON((1413244 10546075,1401958 10580650,1626131 10716291,1636925 10673189,1413244 10546075))
32609;POLYGON((1445590 10442136,1435165 10476853,1658830 10587249,1669603 10544288,1445590 10442136))
32610;POLYGON((1473620 10337309,1464900 10372376,1690042 10458168,1699445 10414957,1473620 10337309))
32611;POLYGON((1495196 10231352,1488831 10266791,1716047 10328169,1723046 10284594,1495196 10231352))
32612;POLYGON((1508709 10124485,1505180 10160180,1734020 10197136,1737851 10153292,1508709 10124485))
32613;POLYGON((1513009 10017266,1512653 10053000,1741906 10065511,1742034 10021642,1513009 10017266))
32614;POLYGON((1507343 9910489,1510371 9945976,1738302 9934138,1734386 9890588,1507343 9910489))
32615;POLYGON((1491299 9805105,1497813 9840016,1722355 9804119,1714217 9761295,1491299 9805105))
32616;POLYGON((1464750 9702149,1474764 9736132,1693672 9676710,1681268 9635048,1464750 9702149))
32617;POLYGON((1427816 9602691,1441265 9635389,1652236 9553234,1635634 9513180,1427816 9602691))
32618;POLYGON((1380818 9507792,1397575 9538854,1598343 9435019,1577698 9397005,1380818 9507792))
32619;POLYGON((1324250 9418471,1344133 9447564,1532536 9323342,1508076 9287779,1324250 9418471))
32620;POLYGON((1258743 9335687,1281528 9362500,1455557 9219402,1427566 9186667,1258743 9335687))
32621;POLYGON((1185043 9260314,1210470 9284564,1368302 9124292,1337107 9094723,1185043 9260314))
32622;POLYGON((1103986 9193136,1131767 9214574,1271788 9038987,1237748 9012881,1103986 9193136))
32623;POLYGON((1016484 9134840,1046309 9153247,1167120 8964335,1130620 8941946,1016484 9134840))
32624;POLYGON((923504 9086008,955044 9101202,1055470 8901054,1016911 8882593,923504 9086008))
32625;POLYGON((826056 9047119,858971 9058952,938058 8849736,897855 8835372,826056 9047119))
32626;POLYGON((725186 9018550,759124 9026908,816135 8810846,774712 8800708,725186 9018550))
32627;POLYGON((621961 9000572,656564 9005375,690979 8784730,648763 8778906,621961 9000572))
32628;POLYGON((517463 8993354,552370 8994558,563876 8771615,521300 8770156,517463 8993354))
32629;POLYGON((412783 8996965,447629 8994558,436123 8771615,393619 8774533,412783 8996965))
32630;POLYGON((309013 9011370,343435 9005375,309020 8784730,267021 8792000,309013 9011370))
32631;POLYGON((207238 9036434,240875 9026908,183864 8810846,142800 8822404,207238 9036434))
32632;POLYGON((108533 9071919,141028 9058952,61941 8849736,22240 8865481,108533 9071919))
32633;POLYGON((13949 9117485,44955 9101202,-55470 8901054,-93388 8920845,13949 9117485))
32634;POLYGON((-75488 9172686,-46309 9153247,-167120 8964335,-202844 8987988,-75488 9172686))
32635;POLYGON((-158797 9236975,-131767 9214574,-271788 9038987,-304922 9066278,-158797 9236975))
32636;POLYGON((-235047 9309698,-210470 9284564,-368302 9124292,-398468 9154951,-235047 9309698))
32637;POLYGON((-303373 9390105,-281528 9362500,-455557 9219402,-482406 9253119,-303373 9390105))
32638;POLYGON((-362997 9477350,-344133 9447564,-532536 9323342,-555754 9359765,-362997 9477350))
32639;POLYGON((-413247 9570500,-397575 9538854,-598343 9435019,-617663 9473759,-413247 9570500))
32640;POLYGON((-453580 9668555,-441265 9635389,-652236 9553234,-667453 9593873,-453580 9668555))
32641;POLYGON((-483615 9770464,-474764 9736132,-693672 9676710,-704656 9718809,-483615 9770464))
32642;POLYGON((-503160 9875157,-497813 9840016,-722355 9804119,-729075 9847233,-503160 9875157))
32643;POLYGON((-512255 9981580,-510371 9945976,-738302 9934138,-740843 9977837,-512255 9981580))
32644;POLYGON((-511211 10088750,-512653 10053000,-741906 10065511,-740497 10109406,-511211 10088750))
32645;POLYGON((-500662 10195809,-505180 10160180,-734020 10197136,-729063 10240911,-500662 10195809))
32646;POLYGON((-481619 10302113,-488831 10266791,-716047 10328169,-708148 10371625,-481619 10302113))
32647;POLYGON((-455530 10407315,-464900 10372376,-690042 10458168,-680052 10501271,-455530 10407315))
32648;POLYGON((-424349 10511489,-435165 10476853,-658830 10587249,-647883 10630198,-424349 10511489))
32649;POLYGON((-390611 10615262,-401958 10580650,-626131 10716291,-615692 10759588,-390611 10615262))
32650;POLYGON((-357517 10719976,-368249 10684849,-596709 10847176,-588622 10891716,-357517 10719976))
32651;POLYGON((-329022 10827878,-337731 10791374,-576524 10983064,-573072 11030243,-329022 10827878))
32652;POLYGON((-309938 10942337,-314918 10903194,-572908 11128730,-576874 11180562,-309938 10942337))
32653;POLYGON((-306041 11068097,-305253 11024563,-594759 11290941,-609490 11350200,-306041 11068097))
32654;POLYGON((-324190 11211569,-315219 11161304,-652742 11478900,-682226 11549277,-324190 11211569))
32655;POLYGON((-372455 11381154,-352469 11321113,-759520 11704744,-808463 11791036,-372455 11381154))
32656;POLYGON((-460252 11587619,-425953 11513925,-929996 11984121,-1003908 12092433,-460252 11587619))
32657;POLYGON((-598497 11844513,-546070 11752313,-1181577 12336836,-1286865 12474816,-598497 11844513))
32658;POLYGON((-799760 12168639,-724821 12051940,-1534458 12787576,-1678526 12964677,-799760 12168639))
32659;POLYGON((1657911 11944151,1724821 12051940,2534458 12787576,2404205 12624688,1657911 11944151))
32660;POLYGON((1500143 11666889,1546070 11752313,2181577 12336836,2087519 12209701,1500143 11666889))
