32701;POLYGON((1303192 781623,1330071 753240,1163959 601807,1142542 624548,1303192 781623))
32702;POLYGON((1216948 860823,1246594 835444,1097418 667697,1073769 688055,1216948 860823))
32703;POLYGON((1123071 930492,1155147 908373,1024440 726219,998823 743982,1123071 930492))
32704;POLYGON((1022611 989940,1056762 971297,945839 776768,918537 791755,1022611 989940))
32705;POLYGON((916671 1038593,952524 1023605,862479 818830,833791 830889,916671 1038593))
32706;POLYGON((806390 1075991,843561 1064799,775268 851983,745503 860995,806390 1075991))
32707;POLYGON((692933 1101788,731032 1094495,685142 875898,654618 881774,692933 1101788))
32708;POLYGON((577483 1115749,616114 1112420,593061 890341,562101 893023,577483 1115749))
32709;POLYGON((461235 1117747,500000 1118414,500000 895171,468930 894633,461235 1117747))
32710;POLYGON((345387 1107765,383885 1112420,406938 890341,376087 886590,345387 1107765))
32711;POLYGON((231134 1085893,268967 1094495,314857 875898,284550 868969,231134 1085893))
32712;POLYGON((119663 1052329,156438 1064799,224731 851983,195290 841944,119663 1052329))
32713;POLYGON((12148 1007382,47475 1023605,137520 818830,109260 805781,12148 1007382))
32714;POLYGON((-90262 951474,-56762 971297,54160 776768,27387 760838,-90262 951474))
32715;POLYGON((-186453 885141,-155147 908373,-24440 726219,-49433 707569,-186453 885141))
32716;POLYGON((-275354 809034,-246594 835444,-97418 667697,-120352 646520,-275354 809034))
32717;POLYGON((-355958 723920,-330071 753240,-163959 601807,-184578 578324,-355958 723920))
32718;POLYGON((-427340 630677,-404624 662603,-223314 529241,-241384 503699,-427340 630677))
32719;POLYGON((-488678 530288,-469393 564480,-274813 450769,-290131 423443,-488678 530288))
32720;POLYGON((-539284 423827,-523644 459919,-317882 367234,-330282 338418,-539284 423827))
32721;POLYGON((-578638 312442,-566794 350045,-352063 279535,-361423 249538,-578638 312442))
32722;POLYGON((-606426 197320,-598458 236035,-377037 188609,-383283 157748,-606426 197320))
32723;POLYGON((-622587 79655,-618484 119087,-392646 95408,-395767 63997,-622587 79655))
32724;POLYGON((-627366 -39411,-627008 367,-398922 864,-398977 -30794,-627366 -39411))
32725;POLYGON((-621376 -158857,-624514 -119055,-396121 -94147,-393251 -125785,-621376 -158857))
32726;POLYGON((-605665 -277866,-611897 -238284,-384757 -188860,-379198 -220256,-605665 -277866))
32727;POLYGON((-581796 -395935,-590538 -356698,-365644 -282681,-357739 -313687,-581796 -395935))
32728;POLYGON((-551933 -513008,-562392 -474075,-339935 -375259,-330154 -405828,-551933 -513008))
32729;POLYGON((-518940 -629630,-530077 -590742,-309176 -466579,-298131 -496799,-518940 -629630))
32730;POLYGON((-486487 -747144,-496981 -707752,-275357 -557069,-263819 -587200,-486487 -747144))
32731;POLYGON((-459168 -867909,-467378 -827098,-240972 -647720,-229895 -678244,-459168 -867909))
32732;POLYGON((-442637 -995558,-446552 -951957,-209081 -740234,-199625 -771903,-442637 -995558))
32733;POLYGON((-443743 -1135308,-440938 -1086983,-183384 -837190,-176936 -871091,-443743 -1135308))
32734;POLYGON((-470693 -1294300,-458271 -1238633,-168293 -942236,-166496 -979861,-470693 -1294300))
32735;POLYGON((-533215 -1482001,-507753 -1415551,-169017 -1060310,-173798 -1103631,-533215 -1482001))
32736;POLYGON((-642746 -1710653,-600231 -1629001,-191647 -1197883,-205251 -1249448,-642746 -1710653))
32737;POLYGON((-812627 -1995786,-748386 -1893355,-243257 -1363245,-268277 -1426275,-812627 -1995786))
32738;POLYGON((-1058315 -2356789,-966948 -2226650,-332003 -1566818,-371417 -1645319,-1058315 -2356789))
32739;POLYGON((2160062 -2497970,-1272910 -2651201,-467233 -1821506,1416362 -1730021,2160062 -2497970))
32740;POLYGON((1885271 -2106610,1966948 -2226650,1332003 -1566818,1297744 -1493974,1885271 -2106610))
32741;POLYGON((1691950 -1798550,1748386 -1893355,1243257 -1363245,1222354 -1304441,1691950 -1798550))
32742;POLYGON((1563885 -1552974,1600231 -1629001,1191647 -1197883,1181254 -1149387,1563885 -1552974))
32743;POLYGON((1487053 -1353134,1507753 -1415551,1169017 -1060310,1166662 -1019139,1487053 -1353134))
32744;POLYGON((1449408 -1185751,1458271 -1238633,1168293 -942236,1171841 -906046,1449408 -1185751))
32745;POLYGON((1440670 -1040487,1440938 -1086983,1183384 -837190,1191005 -804177,1440670 -1040487))
32746;POLYGON((1452147 -909471,1446552 -951957,1209081 -740234,1219220 -709050,1452147 -909471))
32747;POLYGON((1476554 -786888,1467378 -827098,1240972 -647720,1252320 -617397,1476554 -786888))
32748;POLYGON((1507856 -668609,1496981 -707752,1275357 -557069,1286827 -526950,1507856 -668609))
32749;POLYGON((1541120 -551884,1530077 -590742,1309176 -466579,1319877 -436263,1541120 -551884))
32750;POLYGON((1572381 -435057,1562392 -474075,1339935 -375259,1349151 -344546,1572381 -435057))
32751;POLYGON((1598521 -317341,1590538 -356698,1365644 -282681,1372812 -251534,1598521 -317341))
32752;POLYGON((1617153 -198608,1611897 -238284,1384757 -188860,1389453 -157363,1617153 -198608))
32753;POLYGON((1626524 -79230,1624514 -119055,1396121 -94147,1398037 -62474,1626524 -79230))
32754;POLYGON((1625423 40068,1627008 367,1398922 864,1397856 32472,1625423 40068))
32755;POLYGON((1613100 158323,1618484 119087,1392646 95408,1388486 126669,1613100 158323))
32756;POLYGON((1589195 274424,1598458 236035,1377037 188609,1369749 219218,1589195 274424))
32757;POLYGON((1553673 387188,1566794 350045,1352063 279535,1341680 309174,1553673 387188))
32758;POLYGON((1506768 495420,1523644 459919,1317882 367234,1304493 395587,1506768 495420))
32759;POLYGON((1448939 597957,1469393 564480,1274813 450769,1258557 477532,1448939 597957))
32760;POLYGON((1380820 693696,1404624 662603,1223314 529241,1204371 554125,1380820 693696))
