32701;POLYGON((5328289 9134821,5619259 9108423,5587087 8813877,5299098 8848670,5328289 9134821))
32702;POLYGON((4500585 9200220,4769620 9180503,4745572 8908935,4478765 8934971,4500585 9200220))
32703;POLYGON((3727700 9248951,3980151 9234299,3962237 8980003,3711508 8999378,3727700 9248951))
32704;POLYGON((2995835 9284747,3235966 9274079,3222851 9032623,2984105 9046746,2995835 9284747))
32705;POLYGON((2293811 9310086,2525111 9302688,2515912 9070503,2285778 9080303,2293811 9310086))
32706;POLYGON((1612268 9326570,1837697 9321988,1831843 9096075,1607445 9102148,1612268 9326570))
32707;POLYGON((943032 9335176,1165214 9333144,1162367 9110862,941143 9113556,943032 9335176))
32708;POLYGON((278616 9336391,500000 9336795,500000 9115702,279558 9115166,278616 9336391))
32709;POLYGON((-388201 9330281,-165214 9333144,-162367 9110862,-384378 9107067,-388201 9330281))
32710;POLYGON((-1064778 9316505,-837697 9321988,-831843 9096075,-1057857 9088809,-1064778 9316505))
32711;POLYGON((-1759004 9294261,-1525111 9302688,-1515912 9070503,-1748576 9059343,-1759004 9294261))
32712;POLYGON((-2479784 9262177,-2235966 9274079,-2222851 9032623,-2465187 9016873,-2479784 9262177))
32713;POLYGON((-3237611 9218100,-2980151 9234299,-2962237 8980003,-3217828 8958593,-3237611 9218100))
32714;POLYGON((-4045308 9158771,-3769620 9180503,-3745572 8908935,-4018813 8880256,-4045308 9158771))
32715;POLYGON((-4918972 9079312,-4619259 9108423,-4587087 8813877,-4883496 8775537,-4918972 9079312))
32716;POLYGON((-5879170 8972494,-5547993 9011712,-5504753 8686610,-5831363 8635082,-5879170 8972494))
32717;POLYGON((-6952429 8827685,-6580178 8881013,-6521548 8515049,-6887391 8445174,-6952429 8827685))
32718;POLYGON((-8173082 8629412,-7747316 8702652,-7667020 8281587,-8083726 8185902,-8173082 8629412))
32719;POLYGON((-9585498 8355429,-9090156 8456893,-8979194 7960857,-9461703 7828696,-9585498 8355429))
32720;POLYGON((-11246759 7974182,-10661217 8115606,-10506854 7516787,-11074273 7333114,-11246759 7974182))
32721;POLYGON((-13229824 7441555,-12527782 7639275,-12312253 6898777,-12988862 6642694,-13229824 7441555))
32722;POLYGON((-15627222 6696745,-14775410 6973178,-14474291 6036857,-15290710 5679725,-15627222 6696745))
32723;POLYGON((-18555337 5657139,-17512020 6042608,-17092201 4835618,-18086743 4338736,-18555337 5657139))
32724;POLYGON((-22159317 4212013,-20872587 4746992,-20289785 3166740,-21509995 2478497,-22159317 4212013))
32725;POLYGON((-26618660 2214890,-25024493 2952709,-24220249 859886,-25724653 -87669,-26618660 2214890))
32726;POLYGON((-32153524 -525626,-30173595 484457,-29071665 -2308258,-30931747 -3603532,-32153524 -525626))
32727;POLYGON((-39031811 -4256754,-36571045 -2885046,-35073126 -6627053,-37375529 -8383766,-39031811 -4256754))
32728;POLYGON((-47577067 -9294363,-44520909 -7447235,-42501607 -12467326,-45350594 -14830234,-47577067 -9294363))
32729;POLYGON((-58177246 -16037977,-54388644 -13571938,-51689603 -20299449,-55209778 -23451004,-58177246 -16037977))
32730;POLYGON((-71294392 -24988163,-66610462 -21723949,-63033566 -30714345,-67372873 -34882404,-71294392 -24988163))
32731;POLYGON((-87475277 -36766577,-81703651 -32482163,-77003192 -44447742,-82336205 -49914426,-87475277 -36766577))
32732;POLYGON((-107363050 -52138909,-100277874 -46561516,-94151601 -62407997,-100683123 -69519818,-107363050 -52138909))
32733;POLYGON((-131709933 -72041009,-123047517 -64838028,-115126445 -85707829,-123095431 -94887201,-131709933 -72041009))
32734;POLYGON((-161391030 -97608484,-150845122 -88377206,-140682004 -115700328,-150365808 -127458579,-161391030 -97608484))
32735;POLYGON((-197419275 -130210057,-184635943 -118466116,-171692286 -154019594,-183411268 -168971616,-197419275 -130210057))
32736;POLYGON((-240961582 -171485001,-225533699 -156649423,-209165197 -202626421,-223287689 -221507078,-240961582 -171485001))
32737;POLYGON((-293356237 -223384977,-274817540 -204769725,-254257813 -263859401,-271205460 -287541848,-293356237 -223384977))
32738;POLYGON((314046616 -243434148,-333950298 -265012506,-308292797 -340491891,290198556 -313045720,314046616 -243434148))
32739;POLYGON((258371496 -187498189,275817540 -204769725,255257813 -263859401,239302256 -241883919,258371496 -187498189))
32740;POLYGON((212036093 -142915139,226533699 -156649423,210165197 -202626421,196887976 -185145098,212036093 -142915139))
32741;POLYGON((173640911 -107619106,185635943 -118466116,172692286 -154019594,161690146 -140207531,173640911 -107619106))
32742;POLYGON((141963906 -79871561,151845122 -88377206,141682004 -115700328,132603179 -104864589,141963906 -79871561))
32743;POLYGON((115942673 -58217969,124047517 -64838028,116126445 -85707829,108665444 -77269780,115942673 -58217969))
32744;POLYGON((94657884 -41448919,101277874 -46561516,95151601 -62407997,89044361 -55887489,94657884 -41448919))
32745;POLYGON((77317945 -28565442,82703651 -32482163,78003192 -44447742,73022601 -39449032,77317945 -28565442))
32746;POLYGON((63244814 -18748197,67610462 -21723949,64033566 -30714345,59985315 -26913592,63244814 -18748197))
32747;POLYGON((51860940 -11330219,55388644 -13571938,52689603 -20299449,49408378 -17433680,51860940 -11330219))
32748;POLYGON((42677267 -5772941,45520909 -7447235,43501607 -12467326,40847596 -10324745,42677267 -5772941))
32749;POLYGON((35282265 -1645216,37571045 -2885046,36073126 -6627053,33928825 -5038577,35282265 -1645216))
32750;POLYGON((29331937 1394928,31173595 484457,30071665 -2308258,28338973 -1140167,29331937 1394928))
32751;POLYGON((24540754 3616069,26024493 2952709,25220249 859886,23817836 1712285,24540754 3616069))
32752;POLYGON((20673468 5226905,21872587 4746992,21289785 3166740,20150721 3784531,20673468 5226905))
32753;POLYGON((17537766 6387787,18512020 6042608,18092201 4835618,17161825 5280884,17537766 6387787))
32754;POLYGON((14977707 7220436,15775410 6973178,15474291 6036857,14708322 6356555,14977707 7220436))
32755;POLYGON((12867897 7816074,13527782 7639275,13312253 6898777,12675103 7127967,12867897 7816074))
32756;POLYGON((11108359 8242149,11661217 8115606,11506854 7516787,10970158 7681291,11108359 8242149))
32757;POLYGON((9620051 8547835,10090156 8456893,9979194 7960857,9520519 8079432,9620051 8547835))
32758;POLYGON((8340976 8768472,8747316 8702652,8667020 8281587,8268749 8367663,8340976 8768472))
32759;POLYGON((7222846 8929094,7580178 8881013,7521548 8515049,7169932 8578109,7222846 8929094))
32760;POLYGON((6228252 9047189,6547993 9011712,6504753 8686610,6189104 8733261,6228252 9047189))
