32601;POLYGON((3858778 5966827,4008192 6069105,4155768 5857333,3997663 5752948,3858778 5966827))
32602;POLYGON((3402413 5695332,3555676 5780113,3677988 5562997,3516829 5477008,3402413 5695332))
32603;POLYGON((2937811 5473322,3093338 5542094,3192701 5321994,3029994 5252596,2937811 5473322))
32604;POLYGON((2468599 5296646,2625351 5350733,2703808 5129155,2540483 5074797,2468599 5296646))
32605;POLYGON((1997066 5161766,2154403 5202272,2213656 4980108,2050231 4939527,1997066 5161766))
32606;POLYGON((1524544 5065853,1682109 5093638,1723486 4871355,1560192 4843581,1524544 5065853))
32607;POLYGON((1051706 5006840,1209331 5022507,1233780 4800288,1070657 4784650,1051706 5006840))
32608;POLYGON((578815 4983436,736446 4987329,744533 4765182,581508 4761299,578815 4983436))
32609;POLYGON((105923 4995124,263553 4987329,255466 4765182,92421 4772959,105923 4995124))
32610;POLYGON((-366947 5042162,-209331 5022507,-233780 4800288,-396957 4819914,-366947 5042162))
32611;POLYGON((-839624 5125583,-682109 5093638,-723486 4871355,-886836 4903308,-839624 5125583))
32612;POLYGON((-1311597 5247197,-1154403 5202272,-1213656 4980108,-1377084 5025158,-1311597 5247197))
32613;POLYGON((-1781782 5409581,-1625351 5350733,-1703808 5129155,-1867001 5188370,-1781782 5409581))
32614;POLYGON((-2248249 5616046,-2093338 5542094,-2192701 5321994,-2355020 5396737,-2248249 5616046))
32615;POLYGON((-2707864 5870554,-2555676 5780113,-2677988 5562997,-2838329 5654908,-2707864 5870554))
32616;POLYGON((-3155850 6177563,-3008192 6069105,-3155768 5857333,-3312394 5968287,-3155850 6177563))
32617;POLYGON((-3585231 6541750,-3444711 6413715,-3620026 6210813,-3770341 6342846,-3585231 6541750))
32618;POLYGON((-3986157 6967580,-3856427 6818538,-4061916 6629605,-4202201 6784781,-3986157 6967580))
32619;POLYGON((-4345075 7458673,-4231121 7287561,-4468902 7119790,-4593978 7300008,-4345075 7458673))
32620;POLYGON((-4643739 8016899,-4552233 7823356,-4823691 7686688,-4926528 7893396,-4643739 8016899))
32621;POLYGON((-4858031 8641145,-4797745 8425964,-5102980 8333908,-5174222 8567721,-4858031 8641145))
32622;POLYGON((-4956588 9325691,-4938876 9091412,-5275957 9062066,-5303370 9322241,-4956588 9325691))
32623;POLYGON((-4899199 10058104,-4938556 9809768,-5302560 9867078,-5270396 10150845,-4899199 10058104))
32624;POLYGON((-4634966 10816568,-4749670 10562680,-5131464 10737968,-5019722 11039680,-4634966 10816568))
32625;POLYGON((-4100207 11566570,-4313046 11320280,-4697771 11654110,-4481357 11964174,-4100207 11566570))
32626;POLYGON((-3216078 12256834,-3555176 12037381,-3920385 12581796,-3568165 12885369,-3216078 12256834))
32627;POLYGON((-1885900 12814398,-2385643 12648855,-2699047 13470052,-2172780 13745461,-1885900 12814398))
32628;POLYGON((7822 13138725,-694242 13064074,-911015 14245594,-164162 14462444,7822 13138725))
32629;POLYGON((2606730 13094734,1652229 13160320,1592640 14806807,2616239 14923736,2606730 13094734))
32630;POLYGON((6080278 12504617,4813522 12775015,4991145 15016645,6358735 14978697,6080278 12504617))
32631;POLYGON((10629777 11138316,8979858 11696665,9498552 14694315,11290072 14429880,10629777 11138316))
32632;POLYGON((16492832 8702517,14376226 9654361,15368721 13605634,17678564 13022907,16492832 8702517))
32633;POLYGON((23948184 4828020,21267090 6305709,22900765 11451906,25839703 10434836,23948184 4828020))
32634;POLYGON((33320978 -944671,29961514 1223028,32444991 7857194,36142269 6260852,33320978 -944671))
32635;POLYGON((44988479 -9181701,40818728 -6122331,44409346 2353825,49014947 -840,44988479 -9181701))
32636;POLYGON((59386254 -20574313,54254148 -16377728,59266404 -5634008,64953501 -8966097,59386254 -20574313))
32637;POLYGON((77014832 -35959584,70745878 -30329176,77560908 -16808736,84528504 -21384041,77014832 -35959584))
32638;POLYGON((98446874 -56343616,90841707 -48923699,99917881 -32020122,108393648 -38158566,98446874 -56343616))
32639;POLYGON((-82705737 -42143809,-89841707 -48923699,-98917881 -32020122,-90972026 -26441943,-82705737 -42143809))
32640;POLYGON((-63876745 -25213138,-69745878 -30329176,-76560908 -16808736,-70043965 -12680547,-63876745 -25213138))
32641;POLYGON((-48461059 -12590493,-53254148 -16377728,-58266404 -5634008,-52960585 -2654808,-48461059 -12590493))
32642;POLYGON((-35934929 -3385160,-39818728 -6122331,-43409346 2353825,-39124563 4433479,-35934929 -3385160))
32643;POLYGON((-25841899 3140295,-28961514 1223028,-31444991 7857194,-28016085 9242350,-25841899 3140295))
32644;POLYGON((-17785979 7591558,-20267090 6305709,-21900765 11451906,-19184929 12309620,-17785979 7591558))
32645;POLYGON((-11425308 10461756,-13376226 9654361,-14368721 13605634,-12243110 14070656,-11425308 10461756))
32646;POLYGON((-6466285 12148495,-7979858 11696665,-8498552 14694315,-6858078 14874130,-6466285 12148495))
32647;POLYGON((-2658153 12968896,-3813522 12775015,-3991145 15016645,-2746438 14995901,-2658153 12968896))
32648;POLYGON((211987 13172801,-652229 13160320,-592640 14806807,331817 14651195,211987 13172801))
32649;POLYGON((2323739 12954309,1694242 13064074,1911015 14245594,2578603 14005220,2323739 12954309))
32650;POLYGON((3827590 12461769,3385643 12648855,3699047 13470052,4162562 13182351,3827590 12461769))
32651;POLYGON((4848696 11806400,4555176 12037381,4920385 12581796,5223461 12274024,4848696 11806400))
32652;POLYGON((5490329 11069652,5313046 11320280,5697771 11654110,5876154 11345471,5490329 11069652))
32653;POLYGON((5836964 10309438,5749670 10562680,6131464 10737968,6214162 10441392,5836964 10309438))
32654;POLYGON((5957060 9565366,5938556 9809768,6302560 9867078,6312868 9590709,5957060 9565366))
32655;POLYGON((5905530 8863080,5938876 9091412,6275957 9062066,6232372 8810488,5905530 8863080))
32656;POLYGON((5725929 8217815,5797745 8425964,6102980 8333908,6020003 8109127,5725929 8217815))
32657;POLYGON((5452382 7637269,5552233 7823356,5823691 7686688,5712527 7488928,5452382 7637269))
32658;POLYGON((5111258 7123888,5231121 7287561,5468902 7119790,5338075 6948110,5111258 7123888))
32659;POLYGON((4722619 6676640,4856427 6818538,5061916 6629605,4917792 6482367,4722619 6676640))
32660;POLYGON((4301464 6292376,4444711 6413715,4620026 6210813,4467255 6086037,4301464 6292376))
