32701;POLYGON((4841461 7785583,5104177 7726917,5037240 7454046,4780384 7518360,4841461 7785583))
32702;POLYGON((4084567 7932180,4332068 7887807,4281292 7630648,4038341 7679480,4084567 7932180))
32703;POLYGON((3366389 8042292,3602075 8009143,3563968 7764306,3331929 7800892,3366389 8042292))
32704;POLYGON((2677757 8123100,2904529 8099081,2876696 7863641,2652958 7890207,2677757 8123100))
32705;POLYGON((2010745 8179444,2231129 8163157,2211956 7934547,1994203 7952588,2010745 8179444))
32706;POLYGON((1358315 8214469,1574578 8205025,1563025 7980938,1349149 7991410,1358315 8214469))
32707;POLYGON((714020 8230034,928263 8226939,923730 8005238,711760 8008672,714020 8230034))
32708;POLYGON((71736 8226939,285979 8230034,288239 8008672,76269 8005238,71736 8226939))
32709;POLYGON((-574578 8205025,-358315 8214469,-349149 7991410,-563025 7980938,-574578 8205025))
32710;POLYGON((-1231129 8163157,-1010745 8179444,-994203 7952588,-1211956 7934547,-1231129 8163157))
32711;POLYGON((-1904529 8099081,-1677757 8123100,-1652958 7890207,-1876696 7863641,-1904529 8099081))
32712;POLYGON((-2602075 8009143,-2366389 8042292,-2331929 7800892,-2563968 7764306,-2602075 8009143))
32713;POLYGON((-3332068 7887807,-3084567 7932180,-3038341 7679480,-3281292 7630648,-3332068 7887807))
32714;POLYGON((-4104177 7726917,-3841461 7785583,-3780384 7518360,-4037240 7454046,-4104177 7726917))
32715;POLYGON((-4929891 7514604,-4647898 7592017,-4567503 7306506,-4841747 7222049,-4929891 7514604))
32716;POLYGON((-5823042 7233726,-5516863 7336306,-5410729 7028081,-5706453 6916814,-5823042 7233726))
32717;POLYGON((-6800437 6859710,-6464096 6996636,-6323052 6660489,-6645097 6512947,-6800437 6859710))
32718;POLYGON((-7882607 6357631,-7508795 6541911,-7319866 6171746,-7673980 5974607,-7882607 6357631))
32719;POLYGON((-9094687 5678363,-8674455 5928232,-8419458 5516987,-8812478 5251681,-9094687 5678363))
32720;POLYGON((-10467442 4753587,-9989839 5094312,-9643589 4633919,-10083648 4274847,-10467442 4753587))
32721;POLYGON((-12038460 3489448,-11490117 3955607,-11018136 3437026,-11514902 2949311,-12038460 3489448))
32722;POLYGON((-13853513 1758605,-13218172 2396929,-12573838 1810281,-13138777 1146962,-13853513 1758605))
32723;POLYGON((-15968127 -609583,-15226091 263289,-14347124 -401878,-14993804 -1303286,-15968127 -609583))
32724;POLYGON((-18449345 -3841032,-17576867 -2651327,-16381052 -3405597,-17125474 -4627284,-18449345 -3841032))
32725;POLYGON((-21377719 -8231361,-20346316 -6617537,-18726353 -7470947,-19587331 -9119823,-21377719 -8231361))
32726;POLYGON((-24849547 -14163130,-23625222 -11986818,-21442597 -12947905,-22442171 -15161566,-24849547 -14163130))
32727;POLYGON((-28979355 -22126214,-27521742 -19210800,-24599481 -20285288,-25763378 -23239049,-28979355 -22126214))
32728;POLYGON((-33902653 -32741710,-32164070 -28863948,-28278258 -30053014,-29636393 -33968130,-33902653 -32741710))
32729;POLYGON((-39778975 -46789757,-37703375 -41670039,-32573294 -42968058,-34160331 -48121273,-39778975 -46789757))
32730;POLYGON((-46795216 -65241704,-44317041 -58532824,-37593789 -59924523,-39449741 -66659068,-46795216 -65241704))
32731;POLYGON((-55169292 -89297049,-52212217 -80571333,-43465642 -82028216,-45636535 -90766428,-55169292 -89297049))
32732;POLYGON((-65154117 -120425623,-61629689 -109160257,-50333490 -110636219,-52872075 -121893906,-65154117 -120425623))
32733;POLYGON((-77041943 -160415504,-72848092 -145975893,-58362911 -147401872,-61329443 -161804603,-77041943 -160415504))
32734;POLYGON((-91169041 -211427154,-86188481 -193048152,-67742814 -194325693,-71205884 -212627174,-91169041 -211427154))
32735;POLYGON((-107920777 -276054326,-102019268 -252819153,-78688008 -253812720,-82725450 -276915427,-107920777 -276054326))
32736;POLYGON((-127737065 -357392276,-120761555 -328208929,-91441977 -328736816,-96141831 -357715072,-127737065 -357392276))
32737;POLYGON((-151118234 -459113851,-142894855 -422688831,-106279846 -422512481,-111741395 -458638159,-151118234 -459113851))
32738;POLYGON((143894855 -422688831,152118234 -459113851,112741395 -458638159,107279846 -422512481,143894855 -422688831))
32739;POLYGON((121761555 -328208929,128737065 -357392276,97141831 -357715072,92441977 -328736816,121761555 -328208929))
32740;POLYGON((103019268 -252819153,108920777 -276054326,83725450 -276915427,79688008 -253812720,103019268 -252819153))
32741;POLYGON((87188481 -193048152,92169041 -211427154,72205884 -212627174,68742814 -194325693,87188481 -193048152))
32742;POLYGON((73848092 -145975893,78041943 -160415504,62329443 -161804603,59362911 -147401872,73848092 -145975893))
32743;POLYGON((62629689 -109160257,66154117 -120425623,53872075 -121893906,51333490 -110636219,62629689 -109160257))
32744;POLYGON((53212217 -80571333,56169292 -89297049,46636535 -90766428,44465642 -82028216,53212217 -80571333))
32745;POLYGON((45317041 -58532824,47795216 -65241704,40449741 -66659068,38593789 -59924523,45317041 -58532824))
32746;POLYGON((38703375 -41670039,40778975 -46789757,35160331 -48121273,33573294 -42968058,38703375 -41670039))
32747;POLYGON((33164070 -28863948,34902653 -32741710,30636393 -33968130,29278258 -30053014,33164070 -28863948))
32748;POLYGON((28521742 -19210800,29979355 -22126214,26763378 -23239049,25599481 -20285288,28521742 -19210800))
32749;POLYGON((24625222 -11986818,25849547 -14163130,23442171 -15161566,22442597 -12947905,24625222 -11986818))
32750;POLYGON((21346316 -6617537,22377719 -8231361,20587331 -9119823,19726353 -7470947,21346316 -6617537))
32751;POLYGON((18576867 -2651327,19449345 -3841032,18125474 -4627284,17381052 -3405597,18576867 -2651327))
32752;POLYGON((16226091 263289,16968127 -609583,15993804 -1303286,15347124 -401878,16226091 263289))
32753;POLYGON((14218172 2396929,14853513 1758605,14138777 1146962,13573838 1810281,14218172 2396929))
32754;POLYGON((12490117 3955607,13038460 3489448,12514902 2949311,12018136 3437026,12490117 3955607))
32755;POLYGON((10989839 5094312,11467442 4753587,11083648 4274847,10643589 4633919,10989839 5094312))
32756;POLYGON((9674455 5928232,10094687 5678363,9812478 5251681,9419458 5516987,9674455 5928232))
32757;POLYGON((8508795 6541911,8882607 6357631,8673980 5974607,8319866 6171746,8508795 6541911))
32758;POLYGON((7464096 6996636,7800437 6859710,7645097 6512947,7323052 6660489,7464096 6996636))
32759;POLYGON((6516863 7336306,6823042 7233726,6706453 6916814,6410729 7028081,6516863 7336306))
32760;POLYGON((5647898 7592017,5929891 7514604,5841747 7222049,5567503 7306506,5647898 7592017))
