32701;POLYGON((2891365 -2358296,3043596 -2483241,2495960 -2355281,2387797 -2231589,2891365 -2358296))
32702;POLYGON((2532437 -2040133,2637057 -2137814,2208301 -2012043,2135097 -1914306,2532437 -2040133))
32703;POLYGON((2294823 -1786209,2362400 -1865161,2017456 -1738733,1971427 -1659421,2294823 -1786209))
32704;POLYGON((2150127 -1574976,2189596 -1641745,1901287 -1514505,1875830 -1447768,2150127 -1574976))
32705;POLYGON((2074473 -1390183,2093323 -1449657,1841061 -1323274,1830621 -1264668,2074473 -1390183))
32706;POLYGON((2047986 -1219947,2052430 -1275654,1821066 -1152922,1821017 -1099166,2047986 -1219947))
32707;POLYGON((2054301 -1055939,2049431 -1110306,1828262 -994602,1834793 -943367,2054301 -1055939))
32708;POLYGON((2080122 -892690,2070055 -947261,1851953 -842128,1861967 -791851,2080122 -892690))
32709;POLYGON((2114817 -726979,2102824 -782611,1883491 -691454,1894513 -641180,2114817 -726979))
32710;POLYGON((2150048 -557326,2138675 -614348,1916005 -540218,1926097 -489467,2150048 -557326))
32711;POLYGON((2179437 -383554,2170612 -441904,1944156 -387361,1951840 -336012,2179437 -383554))
32712;POLYGON((2198270 -206433,2193397 -265769,1963916 -232802,1968105 -180996,2198270 -206433))
32713;POLYGON((2203227 -27377,2203272 -87171,1972366 -77169,1972302 -25235,2203227 -27377))
32714;POLYGON((2192140 151789,2197711 92178,1967521 78421,1962723 130035,2192140 151789))
32715;POLYGON((2163791 329025,2175201 270291,1948172 232543,1938384 283318,2163791 329025))
32716;POLYGON((2117723 502214,2135050 445064,1913746 383603,1898897 432990,2117723 502214))
32717;POLYGON((2054083 669280,2077219 614396,1864186 529947,1844354 577397,2054083 669280))
32718;POLYGON((1973486 828257,2002182 776278,1799846 669946,1775225 714932,1973486 828257))
32719;POLYGON((1876901 977347,1910801 928852,1721404 802052,1692276 844083,1876901 977347))
32720;POLYGON((1765558 1114947,1804228 1070447,1629783 924840,1596502 963473,1765558 1114947))
32721;POLYGON((1640868 1239662,1683822 1199599,1526092 1037029,1489059 1071872,1640868 1239662))
32722;POLYGON((1504362 1350311,1551079 1315056,1411576 1137500,1371226 1168216,1504362 1350311))
32723;POLYGON((1357647 1445910,1407585 1415769,1287570 1225293,1244366 1251598,1357647 1445910))
32724;POLYGON((1202370 1525670,1254978 1500885,1155475 1299610,1109894 1321272,1202370 1525670))
32725;POLYGON((1040194 1588969,1094916 1569730,1016732 1359805,969259 1376641,1040194 1588969))
32726;POLYGON((872783 1635343,929065 1621788,872803 1405376,823930 1417249,872783 1635343))
32727;POLYGON((701797 1664469,759087 1656691,725166 1435956,675386 1442773,701797 1664469))
32728;POLYGON((528889 1676149,586637 1674201,575303 1451305,525110 1453013,528889 1676149))
32729;POLYGON((355706 1670307,413362 1674201,424696 1451305,374586 1447891,355706 1670307))
32730;POLYGON((183896 1646980,240912 1656691,274833 1435956,225300 1427446,183896 1646980))
32731;POLYGON((15109 1606326,70934 1621788,127196 1405376,78734 1391836,15109 1606326))
32732;POLYGON((-148996 1548624,-94916 1569730,-16732 1359805,-63628 1341343,-148996 1548624))
32733;POLYGON((-306758 1474291,-254978 1500885,-155475 1299610,-200317 1276378,-306758 1474291))
32734;POLYGON((-456511 1383892,-407585 1415769,-287570 1225293,-329874 1197490,-456511 1383892))
32735;POLYGON((-596600 1278161,-551079 1315056,-411576 1137500,-450870 1105374,-596600 1278161))
32736;POLYGON((-725404 1158013,-683822 1199599,-526092 1037029,-561923 1000883,-725404 1158013))
32737;POLYGON((-841360 1024563,-804228 1070447,-629783 924840,-661722 885028,-841360 1024563))
32738;POLYGON((-943011 879136,-910801 928852,-721404 802052,-749066 758985,-943011 879136))
32739;POLYGON((-1029060 723264,-1002182 776278,-799846 669946,-822899 624082,-1029060 723264))
32740;POLYGON((-1098440 558683,-1077219 614396,-864186 529947,-882373 481791,-1098440 558683))
32741;POLYGON((-1150408 387308,-1135050 445064,-913746 383603,-926909 333692,-1150408 387308))
32742;POLYGON((-1184645 211186,-1175201 270291,-948172 232543,-956280 181428,-1184645 211186))
32743;POLYGON((-1201392 32430,-1197711 92178,-967521 78421,-970702 26645,-1201392 32430))
32744;POLYGON((-1201593 -146879,-1203272 -87171,-972366 -77169,-970946 -129105,-1201593 -146879))
32745;POLYGON((-1187078 -324827,-1193397 -265769,-963916 -232802,-958463 -284484,-1187078 -324827))
32746;POLYGON((-1160757 -499838,-1170612 -441904,-944156 -387361,-935530 -438515,-1160757 -499838))
32747;POLYGON((-1126853 -670898,-1138675 -614348,-916005 -540218,-905417 -590781,-1126853 -670898))
32748;POLYGON((-1091157 -837831,-1102824 -782611,-883491 -691454,-872564 -741655,-1091157 -837831))
32749;POLYGON((-1061317 -1001639,-1070055 -947261,-851953 -842128,-842796 -892591,-1061317 -1001639))
32750;POLYGON((-1047162 -1164908,-1049431 -1110306,-828262 -994602,-823547 -1046469,-1047162 -1164908))
32751;POLYGON((-1061057 -1332297,-1052430 -1275654,-821066 -1152922,-824117 -1207992,-1061057 -1332297))
32752;POLYGON((-1118296 -1511109,-1093323 -1449657,-841061 -1323274,-855948 -1384173,-1118296 -1511109))
32753;POLYGON((-1237534 -1711956,-1189596 -1641745,-901287 -1514505,-932935 -1584875,-1237534 -1711956))
32754;POLYGON((-1441255 -1949538,-1362400 -1865161,-1017456 -1738733,-1071755 -1823459,-1441255 -1949538))
32755;POLYGON((-1756287 -2243525,-1637057 -2137814,-1208301 -2012043,-1292231 -2117502,-1756287 -2243525))
32756;POLYGON((-2214358 -2619572,-2043596 -2483241,-1495960 -2355281,-1617729 -2489633,-2214358 -2619572))
32757;POLYGON((-2852696 -3110465,-2617344 -2931718,-1906393 -2794956,-2075579 -2968466,-2852696 -3110465))
32758;POLYGON((-3714678 -3757419,-3399550 -3521494,-2469824 -3364250,-2697533 -3589657,-3714678 -3757419))
32759;POLYGON((4112842 -3306471,4399550 -3521494,3469824 -3364250,3262958 -3157727,4112842 -3306471))
32760;POLYGON((3405099 -2768593,3617344 -2931718,2906393 -2794956,2754167 -2635783,3405099 -2768593))
