32701;POLYGON((4147266 5624677,4348826 5535643,4237182 5298307,4043774 5388283,4147266 5624677))
32702;POLYGON((3549397 5853341,3747533 5783171,3659054 5548919,3467848 5620228,3549397 5853341))
32703;POLYGON((2961788 6031172,3156552 5977072,3087869 5746253,2899099 5801470,2961788 6031172))
32704;POLYGON((2383568 6165118,2575353 6124997,2523909 5897396,2337424 5938479,2383568 6165118))
32705;POLYGON((1813108 6260267,2002521 6232614,1966447 6007678,1781845 6036060,1813108 6260267))
32706;POLYGON((1248319 6320146,1436094 6303945,1414103 6080926,1230827 6097579,1248319 6320146))
32707;POLYGON((686847 6346936,873787 6341599,865108 6119639,682516 6125129,686847 6346936))
32708;POLYGON((126212 6341599,313152 6346936,317483 6125129,134891 6119639,126212 6341599))
32709;POLYGON((-436094 6303945,-248319 6320146,-230827 6097579,-414103 6080926,-436094 6303945))
32710;POLYGON((-1002521 6232614,-813108 6260267,-781845 6036060,-966447 6007678,-1002521 6232614))
32711;POLYGON((-1575353 6124997,-1383568 6165118,-1337424 5938479,-1523909 5897396,-1575353 6124997))
32712;POLYGON((-2156552 5977072,-1961788 6031172,-1899099 5801470,-2087869 5746253,-2156552 5977072))
32713;POLYGON((-2747533 5783171,-2549397 5853341,-2467848 5620228,-2659054 5548919,-2747533 5783171))
32714;POLYGON((-3348826 5535643,-3147266 5624677,-3043774 5388283,-3237182 5298307,-3348826 5535643))
32715;POLYGON((-3959623 5224436,-3755091 5335982,-3625656 5097214,-3820466 4985274,-3959623 5224436))
32716;POLYGON((-4577143 4836551,-4370831 4975308,-4210347 4736310,-4404952 4598260,-4577143 4836551))
32717;POLYGON((-5195834 4355385,-4989960 4527335,-4791994 4292172,-4983678 4122870,-5195834 4355385))
32718;POLYGON((-5806341 3759912,-5604518 3972612,-5361048 3748256,-5545602 3541403,-5806341 3759912))
32719;POLYGON((-6394238 3023717,-6201928 3286638,-5903035 3084368,-6074289 2832326,-6394238 3023717))
32720;POLYGON((-6938493 2113827,-6763548 2438768,-6397061 2276101,-6546323 1969693,-6938493 2113827))
32721;POLYGON((-7409621 989336,-7262934 1390909,-6814020 1294219,-6929409 922514,-7409621 989336))
32722;POLYGON((-7767520 -400206,-7663787 95987,-7114485 103994,-7180147 -345928,-7767520 -400206))
32723;POLYGON((-7958948 -2116691,-7917548 -1503848,-7246234 -1335511,-7241441 -1878807,-7958948 -2116691))
32724;POLYGON((-7914614 -4235636,-7960623 -3479307,-7141411 -3072207,-7039516 -3726532,-7914614 -4235636))
32725;POLYGON((-7545857 -6848714,-7711204 -5916375,-6713262 -5161779,-6480525 -5947571,-7545857 -6848714))
32726;POLYGON((-6740889 -10066668,-7065656 -8919090,-5852446 -7668547,-5446694 -8609317,-6740889 -10066668))
32727;POLYGON((-5360562 -14022630,-5894454 -12612725,-4422871 -10666356,-3792006 -11788999,-5360562 -14022630))
32728;POLYGON((-3233649 -18875905,-4037619 -17147408,-2257040 -14239515,-1337370 -15574622,-3233649 -18875905))
32729;POLYGON((-151590 -24816265,-1299652 -22702248,849132 -18483762,2134739 -20065961,-151590 -24816265))
32730;POLYGON((4137307 -32068785,2556081 -29489976,5142049 -23507276,6886206 -25375570,4137307 -32068785))
32731;POLYGON((9934253 -40899288,7813539 -37762190,10916745 -29431715,13229781 -31629835,9934253 -40899288))
32732;POLYGON((17596966 -51620448,14810788 -47815226,18523808 -36393285,21536219 -38970055,17596966 -51620448))
32733;POLYGON((27547297 -64598598,23947414 -59996727,28376938 -44543836,32242053 -47553543,27547297 -64598598))
32734;POLYGON((40279530 -80261304,35692593 -74712957,40961179 -54051983,45858053 -57554753,40279530 -80261304))
32735;POLYGON((56369364 -99105777,50593844 -92436924,56841835 -65104244,62978385 -69166429,56369364 -99105777))
32736;POLYGON((76483623 -121708166,69286489 -113717374,76674119 -77906204,84290503 -82600771,76483623 -121708166))
32737;POLYGON((101390712 -148733811,92503866 -139188716,101213547 -92683684,110585803 -98090608,101390712 -148733811))
32738;POLYGON((-91503866 -139188716,-100390712 -148733811,-109585803 -98090608,-100213547 -92683684,-91503866 -139188716))
32739;POLYGON((-68286489 -113717374,-75483623 -121708166,-83290503 -82600771,-75674119 -77906204,-68286489 -113717374))
32740;POLYGON((-49593844 -92436924,-55369364 -99105777,-61978385 -69166429,-55841835 -65104244,-49593844 -92436924))
32741;POLYGON((-34692593 -74712957,-39279530 -80261304,-44858053 -57554753,-39961179 -54051983,-34692593 -74712957))
32742;POLYGON((-22947414 -59996727,-26547297 -64598598,-31242053 -47553543,-27376938 -44543836,-22947414 -59996727))
32743;POLYGON((-13810788 -47815226,-16596966 -51620448,-20536219 -38970055,-17523808 -36393285,-13810788 -47815226))
32744;POLYGON((-6813539 -37762190,-8934253 -40899288,-12229781 -31629835,-9916745 -29431715,-6813539 -37762190))
32745;POLYGON((-1556081 -29489976,-3137307 -32068785,-5886206 -25375570,-4142049 -23507276,-1556081 -29489976))
32746;POLYGON((2299652 -22702248,1151590 -24816265,-1134739 -20065961,150867 -18483762,2299652 -22702248))
32747;POLYGON((5037619 -17147408,4233649 -18875905,2337370 -15574622,3257040 -14239515,5037619 -17147408))
32748;POLYGON((6894454 -12612725,6360562 -14022630,4792006 -11788999,5422871 -10666356,6894454 -12612725))
32749;POLYGON((8065656 -8919090,7740889 -10066668,6446694 -8609317,6852446 -7668547,8065656 -8919090))
32750;POLYGON((8711204 -5916375,8545857 -6848714,7480525 -5947571,7713262 -5161779,8711204 -5916375))
32751;POLYGON((8960623 -3479307,8914614 -4235636,8039516 -3726532,8141411 -3072207,8960623 -3479307))
32752;POLYGON((8917548 -1503848,8958948 -2116691,8241441 -1878807,8246234 -1335511,8917548 -1503848))
32753;POLYGON((8663787 95987,8767520 -400206,8180147 -345928,8114485 103994,8663787 95987))
32754;POLYGON((8262934 1390909,8409621 989336,7929409 922514,7814020 1294219,8262934 1390909))
32755;POLYGON((7763548 2438768,7938493 2113827,7546323 1969693,7397061 2276101,7763548 2438768))
32756;POLYGON((7201928 3286638,7394238 3023717,7074289 2832326,6903035 3084368,7201928 3286638))
32757;POLYGON((6604518 3972612,6806341 3759912,6545602 3541403,6361048 3748256,6604518 3972612))
32758;POLYGON((5989960 4527335,6195834 4355385,5983678 4122870,5791994 4292172,5989960 4527335))
32759;POLYGON((5370831 4975308,5577143 4836551,5404952 4598260,5210347 4736310,5370831 4975308))
32760;POLYGON((4755091 5335982,4959623 5224436,4820466 4985274,4625656 5097214,4755091 5335982))
