32701;POLYGON((4368375 9209380,4634309 9190602,4611401 8922268,4347596 8947070,4368375 9209380))
32702;POLYGON((3603203 9255736,3853330 9241811,3836294 8989935,3587823 9008352,3603203 9255736))
32703;POLYGON((2877030 9289644,3115464 9279562,3103054 9039881,2865961 9053229,2877030 9289644))
32704;POLYGON((2179031 9313415,2409158 9306512,2400549 9075569,2171560 9084714,2179031 9313415))
32705;POLYGON((1500082 9328533,1724794 9324390,1719460 9099258,1495762 9104749,1500082 9328533))
32706;POLYGON((832157 9335885,1054040 9334263,1051673 9112345,830743 9114496,832157 9335885))
32707;POLYGON((167842 9335885,389325 9336694,389795 9115568,169256 9114496,167842 9335885))
32708;POLYGON((-500082 9328533,-276590 9331817,-273257 9109103,-495762 9104749,-500082 9328533))
32709;POLYGON((-1179031 9313415,-951012 9319361,-944630 9092593,-1171560 9084714,-1179031 9313415))
32710;POLYGON((-1877030 9289644,-1641713 9298606,-1631907 9065098,-1865961 9053229,-1877030 9289644))
32711;POLYGON((-2603203 9255736,-2357389 9268287,-2343546 9024959,-2587823 9008352,-2603203 9255736))
32712;POLYGON((-3368375 9209380,-3108224 9226401,-3089395 8969562,-3347596 8947070,-3368375 9209380))
32713;POLYGON((-4185845 9147087,-3906594 9169901,-3881351 8894942,-4158035 8864844,-4185845 9147087))
32714;POLYGON((-5072362 9063647,-4767973 9094224,-4734192 8795173,-5035099 8754917,-5072362 9063647))
32715;POLYGON((-6049375 8951346,-5712088 8992597,-5666627 8661489,-5999087 8607314,-6049375 8951346))
32716;POLYGON((-7144575 8798857,-6764355 8855043,-6702613 8481013,-7076046 8407429,-7144575 8798857))
32717;POLYGON((-8393799 8589727,-7957663 8667015,-7872969 8235016,-8299502 8134094,-8393799 8589727))
32718;POLYGON((-9843339 8300352,-9334534 8407553,-9217341 7896574,-9712548 7757010,-9843339 8300352))
32719;POLYGON((-11552688 7897334,-10949726 8046862,-10786560 7427485,-11370335 7233379,-11552688 7897334))
32720;POLYGON((-13597794 7334085,-12873310 7543179,-12645419 6774287,-13343013 6503592,-13597794 7334085))
32721;POLYGON((-16074850 6546554,-15194271 6838810,-14875936 5863228,-15719153 5485803,-16074850 6546554))
32722;POLYGON((-19104675 5447914,-18024696 5855180,-17581130 4593973,-18609708 4069177,-19104675 5447914))
32723;POLYGON((-22837734 3922051,-21504569 4486742,-20889352 2831879,-22152538 2105634,-22837734 3922051))
32724;POLYGON((-27459845 1815683,-25807244 2593571,-24959219 398595,-26517558 -600156,-27459845 1815683))
32725;POLYGON((-33198608 -1071083,-31145633 -7533,-29985196 -2939235,-31912537 -4302755,-33198608 -1071083))
32726;POLYGON((-40330629 -4995961,-37779154 -3553651,-36203858 -7483408,-38589604 -9330171,-40330629 -4995961))
32727;POLYGON((-49189554 -10287659,-46021495 -8348230,-43900883 -13620012,-46852491 -16100566,-49189554 -10287659))
32728;POLYGON((-60174990 -17361266,-56249227 -14775710,-53418818 -21837968,-57064564 -25141769,-60174990 -17361266))
32729;POLYGON((-73762336 -26736064,-68911335 -23318501,-65165652 -32750559,-69657682 -37113857,-73762336 -26736064))
32730;POLYGON((-90513590 -39056037,-84539689 -34576567,-79624254 -47120248,-85141923 -52835158,-90513590 -39056037))
32731;POLYGON((-111089168 -55113332,-103760519 -49289865,-97362701 -65887138,-104116223 -73311984,-111089168 -55113332))
32732;POLYGON((-136260785 -75874937,-127306944 -68363928,-119045551 -90201390,-127279977 -99772460,-136260785 -75874937))
32733;POLYGON((-166925445 -102512891,-156032578 -92898860,-145446101 -121459974,-155445622 -133704793,-166925445 -102512891))
32734;POLYGON((-204120592 -136438294,-190926296 -124222045,-177459660 -161348128,-189552278 -176900393,-204120592 -136438294))
32735;POLYGON((-249040460 -179339453,-233128175 -163924882,-216117908 -211885908,-230680457 -231502206,-249040460 -179339453))
32736;POLYGON((-303053677 -233224490,-283946677 -213903865,-262604344 -275480247,-280067902 -300058705,-303053677 -233224490))
32737;POLYGON((304053677 -233224490,324342839 -254026021,299604460 -326518205,281067902 -300058705,304053677 -233224490))
32738;POLYGON((250040460 -179339453,266961527 -195971439,247159269 -252665200,231680457 -231502206,250040460 -179339453))
32739;POLYGON((205120592 -136438294,219171757 -149649222,203423772 -193716684,190552278 -176900393,205120592 -136438294))
32740;POLYGON((167925445 -102512891,179542633 -112934362,167104093 -146975977,156445622 -133704793,167925445 -102512891))
32741;POLYGON((137260785 -75874937,146823810 -84036911,137069126 -110171246,128279977 -99772460,137260785 -75874937))
32742;POLYGON((112089168 -55113332,119927458 -61457816,112334312 -81399545,105116223 -73311984,112089168 -55113332))
32743;POLYGON((91513590 -39056037,97911501 -43949330,92046551 -59076638,86141923 -52835158,91513590 -39056037))
32744;POLYGON((74762336 -26736064,79964073 -30479652,75470218 -41892191,70657682 -37113857,74762336 -26736064))
32745;POLYGON((61174990 -17361266,65389142 -20201487,61974228 -28769925,58064564 -25141769,61174990 -17361266))
32746;POLYGON((50189554 -10287659,53593269 -12424224,51020112 -18832348,47852491 -16100566,50189554 -10287659))
32747;POLYGON((41330629 -4995961,44073439 -6589430,42151062 -11369699,39589604 -9330171,41330629 -4995961))
32748;POLYGON((34198608 -1071083,36405921 -2249396,34981908 -5812739,32912537 -4302755,34198608 -1071083))
32749;POLYGON((28459845 1815683,30236116 951558,29189973 -1709062,27517558 -600156,28459845 1815683))
32750;POLYGON((23837734 3922051,25269340 3293241,24506769 1297401,23152538 2105634,23837734 3922051))
32751;POLYGON((20104675 5447914,21262501 4993483,20710498 3483999,19609708 4069177,20104675 5447914))
32752;POLYGON((17074850 6546554,18016604 6219971,17619307 5064367,16719153 5485803,17074850 6546554))
32753;POLYGON((14597794 7334085,15370070 7100257,15085253 6201134,14343013 6503592,14597794 7334085))
32754;POLYGON((12552688 7897334,13192789 7730145,12988948 7016548,12370335 7233379,12552688 7897334))
32755;POLYGON((10843339 8300352,11380876 8180632,11234826 7601300,10712548 7757010,10843339 8300352))
32756;POLYGON((9393799 8589727,9852084 8503604,9747003 8021747,9299502 8134094,9393799 8589727))
32757;POLYGON((8144575 8798857,8541823 8736437,8465678 8325758,8076046 8407429,8144575 8798857))
32758;POLYGON((7049375 8951346,7399728 8905672,7344038 8547383,6999087 8607314,7049375 8951346))
32759;POLYGON((6072362 9063647,6386756 9029893,6345617 8710513,6035099 8754917,6072362 9063647))
32760;POLYGON((5185845 9147087,5472730 9121944,5442086 8831694,5158035 8864844,5185845 9147087))
