32701;POLYGON((692086 276488,701549 269622,567191 91205,564038 93495,692086 276488))
32702;POLYGON((662345 295047,672472 289208,557502 97739,554127 99687,662345 295047))
32703;POLYGON((630831 310396,641512 305647,547183 103225,543623 104810,630831 310396))
32704;POLYGON((597891 322369,609008 318762,536347 107602,532641 108806,597891 322369))
32705;POLYGON((563883 330836,575315 328410,525114 110823,521302 111633,563883 330836))
32706;POLYGON((529179 335707,540801 334487,513605 112852,509730 113259,529179 335707))
32707;POLYGON((494157 336928,505842 336928,501948 113667,498051 113667,494157 336928))
32708;POLYGON((459198 334487,470820 335707,490269 113259,486394 112852,459198 334487))
32709;POLYGON((424684 328410,436116 330836,478697 111633,474885 110823,424684 328410))
32710;POLYGON((390991 318762,402108 322369,467358 108806,463652 107602,390991 318762))
32711;POLYGON((358487 305647,369168 310396,456376 104810,452816 103225,358487 305647))
32712;POLYGON((327527 289208,337654 295047,445872 99687,442497 97739,327527 289208))
32713;POLYGON((298450 269622,307913 276488,435961 93495,432808 91205,298450 269622))
32714;POLYGON((271575 247102,280270 254920,426752 86301,423855 83693,271575 247102))
32715;POLYGON((247197 221892,255028 230578,418344 78183,415736 75287,247197 221892))
32716;POLYGON((225584 194268,232466 203726,410831 69231,408540 66078,225584 194268))
32717;POLYGON((206974 164531,212831 174658,404295 59542,402347 56167,206974 164531))
32718;POLYGON((191572 133005,196339 143691,398808 49223,397223 45663,191572 133005))
32719;POLYGON((179546 100034,183171 111163,394430 38387,393226 34681,179546 100034))
32720;POLYGON((171023 65978,173468 77428,391209 27152,390400 23340,171023 65978))
32721;POLYGON((166093 31205,167334 42853,389182 15642,388776 11766,166093 31205))
32722;POLYGON((164798 -3908,164825 7811,388371 3983,388373 85,164798 -3908))
32723;POLYGON((167138 -38993,165956 -27324,388786 -7698,389197 -11574,167138 -38993))
32724;POLYGON((173065 -73683,170695 -62185,390426 -19272,391242 -23085,173065 -73683))
32725;POLYGON((182482 -107629,178963 -96417,393274 -30614,394488 -34321,182482 -107629))
32726;POLYGON((195245 -140504,190630 -129683,397305 -41598,398905 -45159,195245 -140504))
32727;POLYGON((211162 -172013,205520 -161678,402480 -52105,404451 -55481,211162 -172013))
32728;POLYGON((229990 -201904,223407 -192134,408750 -62019,411075 -65172,229990 -201904))
32729;POLYGON((251438 -229972,244017 -220829,416060 -71231,418717 -74128,251438 -229972))
32730;POLYGON((275170 -256078,267028 -247600,424345 -79640,427312 -82248,275170 -256078))
32731;POLYGON((300801 -280153,292072 -272354,433537 -87152,436789 -89443,300801 -280153))
32732;POLYGON((327906 -302219,318736 -295082,443562 -93684,447077 -95631,327906 -302219))
32733;POLYGON((356017 -322394,346565 -315867,454349 -99161,458102 -100741,356017 -322394))
32734;POLYGON((384628 -340913,375068 -334904,465828 -103518,469796 -104712,384628 -340913))
32735;POLYGON((413199 -358141,403714 -352513,477934 -106700,482099 -107491,413199 -358141))
32736;POLYGON((441162 -374593,431945 -369157,490613 -108660,494960 -109036,441162 -374593))
32737;POLYGON((540826 -385457,459173 -385457,503824 -109363,496175 -109363,540826 -385457))
32738;POLYGON((568054 -369157,558837 -374593,505039 -109036,509386 -108660,568054 -369157))
32739;POLYGON((596285 -352513,586800 -358141,517900 -107491,522065 -106700,596285 -352513))
32740;POLYGON((624931 -334904,615371 -340913,530203 -104712,534171 -103518,624931 -334904))
32741;POLYGON((653434 -315867,643982 -322394,541897 -100741,545650 -99161,653434 -315867))
32742;POLYGON((681263 -295082,672093 -302219,552922 -95631,556437 -93684,681263 -295082))
32743;POLYGON((707927 -272354,699198 -280153,563210 -89443,566462 -87152,707927 -272354))
32744;POLYGON((732971 -247600,724829 -256078,572687 -82248,575654 -79640,732971 -247600))
32745;POLYGON((755982 -220829,748561 -229972,581282 -74128,583939 -71231,755982 -220829))
32746;POLYGON((776592 -192134,770009 -201904,588924 -65172,591249 -62019,776592 -192134))
32747;POLYGON((794479 -161678,788837 -172013,595548 -55481,597519 -52105,794479 -161678))
32748;POLYGON((809369 -129683,804754 -140504,601094 -45159,602694 -41598,809369 -129683))
32749;POLYGON((821036 -96417,817517 -107629,605511 -34321,606725 -30614,821036 -96417))
32750;POLYGON((829304 -62185,826934 -73683,608757 -23085,609573 -19272,829304 -62185))
32751;POLYGON((834043 -27324,832861 -38993,610802 -11574,611213 -7698,834043 -27324))
32752;POLYGON((835174 7811,835201 -3908,611626 85,611628 3983,835174 7811))
32753;POLYGON((832665 42853,833906 31205,611223 11766,610817 15642,832665 42853))
32754;POLYGON((826531 77428,828976 65978,609599 23340,608790 27152,826531 77428))
32755;POLYGON((816828 111163,820453 100034,606773 34681,605569 38387,816828 111163))
32756;POLYGON((803660 143691,808427 133005,602776 45663,601191 49223,803660 143691))
32757;POLYGON((787168 174658,793025 164531,597652 56167,595704 59542,787168 174658))
32758;POLYGON((767533 203726,774415 194268,591459 66078,589168 69231,767533 203726))
32759;POLYGON((744971 230578,752802 221892,584263 75287,581655 78183,744971 230578))
32760;POLYGON((719729 254920,728424 247102,576144 83693,573247 86301,719729 254920))
