32701;POLYGON((2081195 2334679,2162500 2281133,2032132 2091743,1957663 2141552,2081195 2334679))
32702;POLYGON((1828704 2477732,1914194 2432994,1804491 2233134,1725977 2274864,1828704 2477732))
32703;POLYGON((1565467 2594137,1654246 2558311,1565559 2350116,1483832 2383612,1565467 2594137))
32704;POLYGON((1294012 2683714,1385262 2656841,1317777 2442296,1233617 2467469,1294012 2683714))
32705;POLYGON((1016665 2746407,1109632 2728497,1063435 2509450,977572 2526250,1016665 2746407))
32706;POLYGON((735590 2782220,829567 2773268,804688 2551459,717819 2559863,735590 2782220))
32707;POLYGON((452844 2791172,547155 2791172,543600 2568269,456399 2568269,452844 2791172))
32708;POLYGON((170432 2773268,264409 2782220,282180 2559863,195311 2551459,170432 2773268))
32709;POLYGON((-109632 2728497,-16665 2746407,22427 2526250,-63435 2509450,-109632 2728497))
32710;POLYGON((-385262 2656841,-294012 2683714,-233617 2467469,-317777 2442296,-385262 2656841))
32711;POLYGON((-654246 2558311,-565467 2594137,-483832 2383612,-565559 2350116,-654246 2558311))
32712;POLYGON((-914194 2432994,-828704 2477732,-725977 2274864,-804491 2233134,-914194 2432994))
32713;POLYGON((-1162500 2281133,-1081195 2334679,-957663 2141552,-1032132 2091743,-1162500 2281133))
32714;POLYGON((-1396320 2103215,-1320176 2165373,-1176340 1984222,-1245877 1926576,-1396320 2103215))
32715;POLYGON((-1612558 1900095,-1542633 1970530,-1379297 1803716,-1442966 1738599,-1612558 1900095))
32716;POLYGON((-1807882 1673136,-1745312 1751328,-1563681 1601279,-1620508 1529213,-1807882 1673136))
32717;POLYGON((-1978757 1424382,-1924740 1509562,-1726548 1378670,-1775540 1300379,-1978757 1424382))
32718;POLYGON((-2121512 1156755,-2077282 1247838,-1864924 1138293,-1905102 1054744,-2121512 1156755))
32719;POLYGON((-2232425 874293,-2199220 969793,-1975914 883336,-2006351 795794,-2232425 874293))
32720;POLYGON((-2307856 582411,-2286871 680351,-2056829 617929,-2076704 528007,-2307856 582411))
32721;POLYGON((-2344405 288215,-2336736 386019,-2105361 347306,-2114023 257026,-2344405 288215))
32722;POLYGON((-2339118 843,-2345686 95216,-2119787 77987,-2116835 -10161,-2339118 843))
32723;POLYGON((-2289730 -268134,-2311196 -181346,-2099229 -182041,-2084607 -265036,-2289730 -268134))
32724;POLYGON((-2194961 -504273,-2231622 -430234,-2043947 -423125,-2018055 -497343,-2194961 -504273))
32725;POLYGON((-2054855 -689754,-2106526 -634811,-1955693 -633744,-1919515 -694893,-2054855 -689754))
32726;POLYGON((-1871176 -802821,-1937051 -774701,-1838113 -800298,-1793363 -843348,-1871176 -802821))
32727;POLYGON((-1647863 -817162,-1726357 -825184,-1697208 -906897,-1646495 -926003,-1647863 -817162))
32728;POLYGON((-1391540 -701209,-1480113 -756525,-1541848 -935142,-1488869 -923575,-1391540 -701209))
32729;POLYGON((-1112088 -417371,-1207045 -533231,-1384365 -863900,-1334108 -813972,-1112088 -417371))
32730;POLYGON((-823292 78822,-919563 -113226,-1241195 -669091,-1200174 -572081,-823292 78822))
32731;POLYGON((-543545 839662,-634440 553064,-1133602 -323462,-1110113 -169542,-543545 839662))
32732;POLYGON((-296638 1926294,-373576 1523711,-1088473 203628,-1092874 425460,-296638 1926294))
32733;POLYGON((-112616 3409860,-164830 2866394,-1139185 946422,-1184209 1248418,-112616 3409860))
32734;POLYGON((-28717 5372751,-42934 4659607,-1326561 1942972,-1427645 2338696,-28717 5372751))
32735;POLYGON((-90396 7909965,-50484 6993986,-1699901 3235334,-1875555 3739727,-90396 7909965))
32736;POLYGON((-352431 11130609,-239024 9973761,-2318109 4869760,-2590307 5499204,-352431 11130609))
32737;POLYGON((1670206 13718335,-670206 13718335,-3250899 6896873,4250899 6896873,1670206 13718335))
32738;POLYGON((1239024 9973761,1352431 11130609,3590307 5499204,3318109 4869760,1239024 9973761))
32739;POLYGON((1050484 6993986,1090396 7909965,2875555 3739727,2699901 3235334,1050484 6993986))
32740;POLYGON((1042934 4659607,1028717 5372751,2427645 2338696,2326561 1942972,1042934 4659607))
32741;POLYGON((1164830 2866394,1112616 3409860,2184209 1248418,2139185 946422,1164830 2866394))
32742;POLYGON((1373576 1523711,1296638 1926294,2092874 425460,2088473 203628,1373576 1523711))
32743;POLYGON((1634440 553064,1543545 839662,2110113 -169542,2133602 -323462,1634440 553064))
32744;POLYGON((1919563 -113226,1823292 78822,2200174 -572081,2241195 -669091,1919563 -113226))
32745;POLYGON((2207045 -533231,2112088 -417371,2334108 -813972,2384365 -863900,2207045 -533231))
32746;POLYGON((2480113 -756525,2391540 -701209,2488869 -923575,2541848 -935142,2480113 -756525))
32747;POLYGON((2726357 -825184,2647863 -817162,2646495 -926003,2697208 -906897,2726357 -825184))
32748;POLYGON((2937051 -774701,2871176 -802821,2793363 -843348,2838113 -800298,2937051 -774701))
32749;POLYGON((3106526 -634811,3054855 -689754,2919515 -694893,2955693 -633744,3106526 -634811))
32750;POLYGON((3231622 -430234,3194961 -504273,3018055 -497343,3043947 -423125,3231622 -430234))
32751;POLYGON((3311196 -181346,3289730 -268134,3084607 -265036,3099229 -182041,3311196 -181346))
32752;POLYGON((3345686 95216,3339118 843,3116835 -10161,3119787 77987,3345686 95216))
32753;POLYGON((3336736 386019,3344405 288215,3114023 257026,3105361 347306,3336736 386019))
32754;POLYGON((3286871 680351,3307856 582411,3076704 528007,3056829 617929,3286871 680351))
32755;POLYGON((3199220 969793,3232425 874293,3006351 795794,2975914 883336,3199220 969793))
32756;POLYGON((3077282 1247838,3121512 1156755,2905102 1054744,2864924 1138293,3077282 1247838))
32757;POLYGON((2924740 1509562,2978757 1424382,2775540 1300379,2726548 1378670,2924740 1509562))
32758;POLYGON((2745312 1751328,2807882 1673136,2620508 1529213,2563681 1601279,2745312 1751328))
32759;POLYGON((2542633 1970530,2612558 1900095,2442966 1738599,2379297 1803716,2542633 1970530))
32760;POLYGON((2320176 2165373,2396320 2103215,2245877 1926576,2176340 1984222,2320176 2165373))
