32601;POLYGON((3701775 2132229,3940999 2172675,3982694 1921248,3739616 1884866,3701775 2132229))
32602;POLYGON((3004600 2032496,3233880 2062378,3264794 1822112,3032377 1795295,3004600 2032496))
32603;POLYGON((2332029 1960738,2553943 1981835,2575971 1749874,2351400 1730974,2332029 1960738))
32604;POLYGON((1676916 1912880,1893758 1926362,1908154 1700196,1688960 1688132,1676916 1912880))
32605;POLYGON((1032780 1886364,1246653 1892938,1254189 1670293,1038133 1664414,1032780 1886364))
32606;POLYGON((393552 1879826,606447 1879826,607512 1658568,392487 1658568,393552 1879826))
32607;POLYGON((-246653 1892938,-32780 1886364,-38133 1664414,-254189 1670293,-246653 1892938))
32608;POLYGON((-893758 1926362,-676916 1912880,-688960 1688132,-908154 1700196,-893758 1926362))
32609;POLYGON((-1553943 1981835,-1332029 1960738,-1351400 1730974,-1575971 1749874,-1553943 1981835))
32610;POLYGON((-2233880 2062378,-2004600 2032496,-2032377 1795295,-2264794 1822112,-2233880 2062378))
32611;POLYGON((-2940999 2172675,-2701775 2132229,-2739616 1884866,-2982694 1921248,-2940999 2172675))
32612;POLYGON((-3683778 2319679,-3431647 2266051,-3482012 2005372,-3739050 2053767,-3683778 2319679))
32613;POLYGON((-4472091 2513525,-4203582 2442912,-4270066 2165196,-4545007 2229183,-4472091 2513525))
32614;POLYGON((-5317608 2768851,-5028604 2675771,-5116411 2376564,-5414049 2461335,-5317608 2768851))
32615;POLYGON((-6234274 3106640,-5919842 2983253,-6036456 2657169,-6362673 2770207,-6234274 3106640))
32616;POLYGON((-7238861 3556750,-6893059 3391930,-7049158 3032429,-7411214 3184420,-7238861 3556750))
32617;POLYGON((-8351620 4161274,-7967266 3939382,-8177934 3538512,-8584811 3744561,-8351620 4161274))
32618;POLYGON((-9597036 4978931,-9165447 4678227,-9451757 4226333,-9914560 4507544,-9597036 4978931))
32619;POLYGON((-11004698 6090697,-10515384 5681312,-10906424 5166718,-11438853 5552210,-11004698 6090697))
32620;POLYGON((-12610299 7606905,-12050617 7048293,-12586041 6456951,-13204931 6986396,-12610299 7606905))
32621;POLYGON((-14456774 9676060,-13811532 8913853,-14544725 8228971,-15270670 8955734,-14456774 9676060))
32622;POLYGON((-16595594 12495661,-15846601 11457825,-16848556 10659469,-17706616 11654450,-16595594 12495661))
32623;POLYGON((-19088212 16325309,-18213777 14917496,-19577790 13982189,-20598288 15338462,-19088212 16325309))
32624;POLYGON((-22007693 21502427,-20982062 19602429,-22829350 18502737,-24048774 20341102,-22007693 21502427))
32625;POLYGON((-25440522 28460929,-24233257 25912101,-26719629 24616235,-28181631 27091798,-25440522 28460929))
32626;POLYGON((-29488617 37753204,-28063897 34356749,-31387600 32828180,-33144110 36138081,-29488617 37753204))
32627;POLYGON((-34271538 50075790,-32587405 45581762,-36998276 43778881,-39110734 48171302,-34271538 50075790))
32628;POLYGON((-39928931 66299152,-37936445 60396053,-43746522 58271873,-46287228 64056470,-39928931 66299152))
32629;POLYGON((-46623188 87501978,-44265515 79804791,-51861245 77306737,-54914849 84866630,-46623188 87501978))
32630;POLYGON((-54542358 115010455,-51753776 105046976,-61609984 102116761,-65275102 111922245,-54542358 115010455))
32631;POLYGON((-63903315 150442986,-60608123 137638279,-73303911 134211910,-77694891 146836044,-63903315 150442986))
32632;POLYGON((-74955182 195760837,-71066532 179419664,-87303269 175427597,-92552100 191563833,-74955182 195760837))
32633;POLYGON((-87983036 253325238,-83401668 232612278,-104023260 227979751,-110281644 248461787,-87983036 253325238))
32634;POLYGON((-103311910 325961460,-97924781 299879135,-123940414 294526734,-131381989 320350760,-103311910 325961460))
32635;POLYGON((-121311078 417030434,-114989903 384394168,-147599434 378238632,-156422178 410588172,-121311078 417030434))
32636;POLYGON((135998346 489919183,-134998346 489919183,-175620568 482874517,176620568 482874517,135998346 489919183))
32637;POLYGON((115989903 384394168,122311078 417030434,157422178 410588172,148599434 378238632,115989903 384394168))
32638;POLYGON((98924781 299879135,104311910 325961460,132381989 320350760,124940414 294526734,98924781 299879135))
32639;POLYGON((84401668 232612278,88983036 253325238,111281644 248461787,105023260 227979751,84401668 232612278))
32640;POLYGON((72066532 179419664,75955182 195760837,93552100 191563833,88303269 175427597,72066532 179419664))
32641;POLYGON((61608123 137638279,64903315 150442986,78694891 146836044,74303911 134211910,61608123 137638279))
32642;POLYGON((52753776 105046976,55542358 115010455,66275102 111922245,62609984 102116761,52753776 105046976))
32643;POLYGON((45265515 79804791,47623188 87501978,55914849 84866630,52861245 77306737,45265515 79804791))
32644;POLYGON((38936445 60396053,40928931 66299152,47287228 64056470,44746522 58271873,38936445 60396053))
32645;POLYGON((33587405 45581762,35271538 50075790,40110734 48171302,37998276 43778881,33587405 45581762))
32646;POLYGON((29063897 34356749,30488617 37753204,34144110 36138081,32387600 32828180,29063897 34356749))
32647;POLYGON((25233257 25912101,26440522 28460929,29181631 27091798,27719629 24616235,25233257 25912101))
32648;POLYGON((21982062 19602429,23007693 21502427,25048774 20341102,23829350 18502737,21982062 19602429))
32649;POLYGON((19213777 14917496,20088212 16325309,21598288 15338462,20577790 13982189,19213777 14917496))
32650;POLYGON((16846601 11457825,17595594 12495661,18706616 11654450,17848556 10659469,16846601 11457825))
32651;POLYGON((14811532 8913853,15456774 9676060,16270670 8955734,15544725 8228971,14811532 8913853))
32652;POLYGON((13050617 7048293,13610299 7606905,14204931 6986396,13586041 6456951,13050617 7048293))
32653;POLYGON((11515384 5681312,12004698 6090697,12438853 5552210,11906424 5166718,11515384 5681312))
32654;POLYGON((10165447 4678227,10597036 4978931,10914560 4507544,10451757 4226333,10165447 4678227))
32655;POLYGON((8967266 3939382,9351620 4161274,9584811 3744561,9177934 3538512,8967266 3939382))
32656;POLYGON((7893059 3391930,8238861 3556750,8411214 3184420,8049158 3032429,7893059 3391930))
32657;POLYGON((6919842 2983253,7234274 3106640,7362673 2770207,7036456 2657169,6919842 2983253))
32658;POLYGON((6028604 2675771,6317608 2768851,6414049 2461335,6116411 2376564,6028604 2675771))
32659;POLYGON((5203582 2442912,5472091 2513525,5545007 2229183,5270066 2165196,5203582 2442912))
32660;POLYGON((4431647 2266051,4683778 2319679,4739050 2053767,4482012 2005372,4431647 2266051))
