32701;POLYGON((570351 -215778,562964 -218683,500000 2035,500000 2035,570351 -215778))
32702;POLYGON((591959 -205847,584856 -209361,500000 2035,500000 2035,591959 -205847))
32703;POLYGON((612575 -194086,605826 -198210,500000 2035,500000 2035,612575 -194086))
32704;POLYGON((631984 -180519,625661 -185239,500000 2035,500000 2035,631984 -180519))
32705;POLYGON((649981 -165209,644151 -170500,500000 2035,500000 2035,649981 -165209))
32706;POLYGON((666371 -148257,661098 -154082,500000 2035,500000 2035,666371 -148257))
32707;POLYGON((680971 -129799,676314 -136109,500000 2035,500000 2035,680971 -129799))
32708;POLYGON((693618 -109995,689629 -116734,500000 2035,500000 2035,693618 -109995))
32709;POLYGON((704169 -89033,700893 -96137,500000 2035,500000 2035,704169 -89033))
32710;POLYGON((712502 -67121,709977 -74517,500000 2035,500000 2035,712502 -67121))
32711;POLYGON((718521 -44483,716777 -52096,500000 2035,500000 2035,718521 -44483))
32712;POLYGON((722157 -21357,721213 -29105,500000 2035,500000 2035,722157 -21357))
32713;POLYGON((723366 2012,723234 -5788,500000 2035,500000 2035,723366 2012))
32714;POLYGON((722131 25373,722814 17603,500000 2035,500000 2035,722131 25373))
32715;POLYGON((718465 48473,719956 40818,500000 2035,500000 2035,718465 48473))
32716;POLYGON((712407 71060,714689 63603,500000 2035,500000 2035,712407 71060))
32717;POLYGON((704022 92888,707070 85711,500000 2035,500000 2035,704022 92888))
32718;POLYGON((693401 113717,697183 106899,500000 2035,500000 2035,693401 113717))
32719;POLYGON((680663 133320,685136 126936,500000 2035,500000 2035,680663 133320))
32720;POLYGON((665946 151483,671062 145602,500000 2035,500000 2035,665946 151483))
32721;POLYGON((649412 168007,655114 162693,500000 2035,500000 2035,649412 168007))
32722;POLYGON((631242 182712,637469 178023,500000 2035,500000 2035,631242 182712))
32723;POLYGON((611637 195436,618319 191423,500000 2035,500000 2035,611637 195436))
32724;POLYGON((590811 206041,597875 202749,500000 2035,500000 2035,590811 206041))
32725;POLYGON((568991 214412,576360 211876,500000 2035,500000 2035,568991 214412))
32726;POLYGON((546417 220456,554010 218704,500000 2035,500000 2035,546417 220456))
32727;POLYGON((523336 224110,531070 223161,500000 2035,500000 2035,523336 224110))
32728;POLYGON((500000 225332,507791 225196,500000 2035,500000 2035,500000 225332))
32729;POLYGON((476663 224110,484426 224789,500000 2035,499999 2035,476663 224110))
32730;POLYGON((453582 220456,461232 221943,499999 2035,499999 2035,453582 220456))
32731;POLYGON((431008 214412,438461 216689,499999 2035,499999 2035,431008 214412))
32732;POLYGON((409188 206041,416363 209084,499999 2035,499999 2035,409188 206041))
32733;POLYGON((388362 195436,395179 199212,499999 2035,499999 2035,388362 195436))
32734;POLYGON((368757 182712,375143 187180,499999 2035,499999 2035,368757 182712))
32735;POLYGON((350587 168007,356472 173119,499999 2035,499999 2035,350587 168007))
32736;POLYGON((334053 151483,339371 157183,499999 2035,499999 2035,334053 151483))
32737;POLYGON((319336 133320,324030 139545,499999 2035,499999 2035,319336 133320))
32738;POLYGON((306598 113717,310615 120399,499999 2035,499999 2035,306598 113717))
32739;POLYGON((295977 92888,299274 99953,499999 2035,499999 2035,295977 92888))
32740;POLYGON((287592 71060,290133 78432,499999 2035,499999 2035,287592 71060))
32741;POLYGON((281534 48473,283290 56071,499999 2035,499999 2035,281534 48473))
32742;POLYGON((277868 25373,278821 33115,499999 2035,499999 2035,277868 25373))
32743;POLYGON((276633 2012,276773 9813,499999 2035,499999 2035,276633 2012))
32744;POLYGON((277842 -21357,277168 -13581,499999 2035,499999 2035,277842 -21357))
32745;POLYGON((281478 -44483,279998 -36817,499999 2035,499999 2035,281478 -44483))
32746;POLYGON((287497 -67121,285230 -59644,499999 2035,499999 2035,287497 -67121))
32747;POLYGON((295830 -89033,292801 -81824,499999 2035,499999 2035,295830 -89033))
32748;POLYGON((306381 -109995,302625 -103126,499999 2035,499999 2035,306381 -109995))
32749;POLYGON((319028 -129799,314588 -123338,499999 2035,499999 2035,319028 -129799))
32750;POLYGON((333628 -148257,328554 -142264,499999 2035,499999 2035,333628 -148257))
32751;POLYGON((350018 -165209,344367 -159735,499999 2035,499999 2035,350018 -165209))
32752;POLYGON((368015 -180519,361849 -175605,499999 2035,499999 2035,368015 -180519))
32753;POLYGON((387424 -194086,380810 -189762,499999 2035,499999 2035,387424 -194086))
32754;POLYGON((408040 -205847,401047 -202130,499999 2035,499999 2035,408040 -205847))
32755;POLYGON((429648 -215778,422348 -212671,499999 2035,499999 2035,429648 -215778))
32756;POLYGON((452038 -223898,444501 -221389,499999 2035,499999 2035,452038 -223898))
32757;POLYGON((475001 -230278,467296 -228338,499999 2035,499999 2035,475001 -230278))
32758;POLYGON((498341 -235039,490531 -233622,499999 2035,499999 2035,498341 -235039))
32759;POLYGON((524998 -230278,517250 -232037,500000 2035,500000 2035,524998 -230278))
32760;POLYGON((547961 -223898,540360 -226213,500000 2035,500000 2035,547961 -223898))
