32601;POLYGON((-54122400 19725634,-59772059 18767838,-60050817 38810642,-54239615 38079143,-54122400 19725634))
32602;POLYGON((-39449031 21590586,-43982904 21120901,-43826802 36465402,-39178791 35599318,-39449031 21590586))
32603;POLYGON((-27747998 22258406,-31350608 22146390,-30891689 33784276,-27212541 32847754,-27747998 22258406))
32604;POLYGON((-18517239 22067049,-21347675 22208459,-20690168 30943756,-17812546 29985617,-18517239 22067049))
32605;POLYGON((-11325441 21284223,-13520110 21596896,-12744905 28077054,-10525522 27133412,-11325441 21284223))
32606;POLYGON((-5804179 20118773,-7479361 20538991,-6647948 25281629,-4964846 24378188,-5804179 20118773))
32607;POLYGON((-1640678 18730665,-2894871 19209973,-2052782 22625763,-802829 21779812,-1640678 18730665))
32608;POLYGON((1428836 17239705,512765 17742142,1332964 20154274,2236363 19376407,1428836 17239705))
32609;POLYGON((3625226 15733085,2978071 16232789,3754201 17893427,4383207 17189021,3625226 15733085))
32610;POLYGON((5131990 14271875,4696416 14751032,5414475 15855127,5828719 15225588,5131990 14271875))
32611;POLYGON((6100295 12896555,5829215 13343654,6481512 14040462,6729824 13484278,6100295 12896555))
32612;POLYGON((6653526 11631686,6508636 12040053,7092227 12442666,7214189 11956269,6653526 11631686))
32613;POLYGON((6891373 10489816,6841842 10856392,7357229 11049547,7384577 10628022,6891373 10489816))
32614;POLYGON((6893479 9474691,6914779 9799031,7364856 9845470,7322717 9483122,6893479 9474691))
32615;POLYGON((6722685 8583876,6795551 8867341,7184754 8812921,7092749 8503714,6722685 8583876))
32616;POLYGON((6427878 7810839,6537404 8055951,6871046 7933724,6744255 7671619,6427878 7810839))
32617;POLYGON((6046495 7146591,6181335 7356536,6465097 7189959,6314899 6969156,6046495 7146591))
32618;POLYGON((5606681 6580928,5758365 6759179,5997919 6564609,5832718 6379722,5606681 6580928))
32619;POLYGON((5129148 6103350,5291495 6253394,5492239 6042013,5318081 5888171,5129148 6103350))
32620;POLYGON((4628746 5703717,4797371 5828865,4964252 5608127,4785345 5481036,4628746 5703717))
32621;POLYGON((4115778 5372673,4287680 5475936,4425092 5250658,4244240 5146616,4115778 5372673))
32622;POLYGON((3597093 5101913,3770315 5185933,3882048 4959089,3701002 4874976,3597093 5101913))
32623;POLYGON((3076960 4884312,3250319 4951329,3339550 4724626,3159294 4657879,3076960 4884312))
32624;POLYGON((2557773 4713966,2730642 4765812,2799956 4540100,2620924 4488668,2557773 4713966))
32625;POLYGON((2040598 4586165,2212741 4624281,2264163 4399841,2086414 4362144,2040598 4586165))
32626;POLYGON((1525592 4497349,1697037 4522798,1732071 4299543,1555413 4274426,1525592 4497349))
32627;POLYGON((1012321 4445034,1183262 4458528,1202931 4236139,1027018 4222839,1012321 4445034))
32628;POLYGON((500000 4427757,670725 4429672,675603 4207702,500000 4205815,500000 4427757))
32629;POLYGON((-12321 4445034,158512 4435426,148741 4213370,-27018 4222839,-12321 4445034))
32630;POLYGON((-525592 4497349,-354342 4475948,-379048 4253315,-555413 4274426,-525592 4497349))
32631;POLYGON((-1040598 4586165,-868700 4552373,-909059 4328749,-1086414 4362144,-1040598 4586165))
32632;POLYGON((-1557773 4713966,-1385134 4666837,-1442328 4441968,-1620924 4488668,-1557773 4713966))
32633;POLYGON((-2076960 4884312,-1903717 4822536,-1979419 4596440,-2159294 4657879,-2076960 4884312))
32634;POLYGON((-2597093 5101913,-2423725 5023790,-2520141 4796910,-2701002 4874976,-2597093 5101913))
32635;POLYGON((-3115778 5372673,-2943262 5276098,-3063172 5049534,-3244240 5146616,-3115778 5372673))
32636;POLYGON((-3628746 5703717,-3458752 5586181,-3605537 5362009,-3785345 5481036,-3628746 5703717))
32637;POLYGON((-4129148 6103350,-3964297 5961960,-4141950 5743694,-4318081 5888171,-4129148 6103350))
32638;POLYGON((-4606681 6580928,-4450854 6412461,-4663960 6205696,-4832718 6379722,-4606681 6580928))
32639;POLYGON((-5046495 7146591,-4905223 6947603,-5158895 6760900,-5314899 6969156,-5046495 7146591))
32640;POLYGON((-5427878 7810839,-5308808 7577825,-5608559 7423907,-5744255 7671619,-5427878 7810839))
32641;POLYGON((-5722685 8583876,-5636133 8313517,-5987672 8210870,-6092749 8503714,-5722685 8583876))
32642;POLYGON((-5893479 9474691,-5853083 9164196,-6262018 9139164,-6322717 9483122,-5893479 9474691))
32643;POLYGON((-5891373 10489816,-5914848 10137373,-6386264 10226881,-6384577 10628022,-5891373 10489816))
32644;POLYGON((-5653526 11631686,-5763538 11237058,-6301438 11492091,-6214189 11956269,-5653526 11631686))
32645;POLYGON((-5100295 12896555,-5325451 12461826,-5932035 12951832,-5729824 13484278,-5100295 12896555))
32646;POLYGON((-4131990 14271875,-4507964 13802392,-5182714 14620787,-4828719 15225588,-4131990 14271875))
32647;POLYGON((-2625226 15733085,-3196022 15238595,-3934568 16509578,-3383207 17189021,-2625226 15733085))
32648;POLYGON((-428836 17239705,-1248200 16735742,-2040937 18622650,-1236363 19376407,-428836 17239705))
32649;POLYGON((2640678 18730665,1507687 18240196,677262 20955664,1802829 21779812,2640678 18730665))
32650;POLYGON((6804179 20118773,5279456 19674144,4436724 23492353,5964846 24378188,6804179 20118773))
32651;POLYGON((12325441 21284223,10315930 20929437,9497471 26200768,11525522 27133412,12325441 21284223))
32652;POLYGON((19517239 22067049,16912838 21860403,16169151 29028855,18812546 29985617,19517239 22067049))
32653;POLYGON((28747998 22258406,25419280 22275534,24817915 31899280,28212541 32847754,28747998 22258406))
32654;POLYGON((40449031 21590586,36244766 21927938,35873929 34703442,40178791 35599318,40449031 21590586))
32655;POLYGON((55122400 19725634,49866862 20504430,49839530 37294590,55239615 38079143,55122400 19725634))
32656;POLYGON((73349407 16242459,66839473 17613161,67298052 39479956,74007435 40077194,73349407 16242459))
32657;POLYGON((95799762 10622299,87801778 12769649,88923369 41011834,97188547 41325274,95799762 10622299))
32658;POLYGON((123241435 2232428,113487856 5381081,115490162 41577507,125593645 41486545,123241435 2232428))
32659;POLYGON((-94799762 10622299,-103351441 8168289,-105033216 41518617,-96188547 41325274,-94799762 10622299))
32660;POLYGON((-72349407 16242459,-79327793 14635249,-80206325 40591665,-73007435 40077194,-72349407 16242459))
