32701;POLYGON((2959486 5660008,3145530 5601811,3069306 5373490,2889634 5432354,2959486 5660008))
32702;POLYGON((2405337 5805301,2589405 5761563,2531572 5535262,2353192 5579657,2405337 5805301))
32703;POLYGON((1856630 5910261,2038990 5879514,1997689 5655083,1820521 5686370,1856630 5910261))
32704;POLYGON((1312181 5978377,1493282 5959603,1467196 5736624,1290961 5755760,1312181 5978377))
32705;POLYGON((770421 6011888,950816 6004472,939122 5782371,763421 5789936,770421 6011888))
32706;POLYGON((229578 6011888,409870 6015589,412201 5793713,236578 5789936,229578 6011888))
32707;POLYGON((-312181 5978377,-131380 5993315,-114952 5770992,-290961 5755760,-312181 5978377))
32708;POLYGON((-856630 5910261,-674745 5936925,-643703 5713520,-820521 5686370,-856630 5910261))
32709;POLYGON((-1405337 5805301,-1221878 5844570,-1175237 5619552,-1353192 5579657,-1405337 5805301))
32710;POLYGON((-1959486 5660008,-1774114 5713192,-1710386 5486217,-1889634 5432354,-1959486 5660008))
32711;POLYGON((-2519622 5469485,-2332247 5538384,-2249377 5309424,-2429808 5239938,-2519622 5469485))
32712;POLYGON((-3085300 5227239,-2896207 5314209,-2791508 5083739,-2972608 4996497,-3085300 5227239))
32713;POLYGON((-3654601 4924932,-3464629 5032972,-3334704 4802253,-3515379 4694601,-3654601 4924932))
32714;POLYGON((-4223498 4552117,-4034269 4684963,-3874930 4456451,-4053273 4325175,-4223498 4552117))
32715;POLYGON((-4785031 4095940,-4599251 4258164,-4405434 4036107,-4578436 3877405,-4785031 4095940))
32716;POLYGON((-5328276 3540825,-5150101 3737940,-4915803 3529225,-5078980 3338705,-5328276 3540825))
32717;POLYGON((-5837065 2868157,-5672556 3106725,-5390779 2922047,-5537731 2694747,-5837065 2868157))
32718;POLYGON((-6288441 2055968,-6146112 2343703,-5808840 2199167,-5930713 1929622,-6288441 2055968))
32719;POLYGON((-6650814 1078646,-6542281 1424508,-6140486 1343769,-6225339 1026128,-6650814 1078646))
32720;POLYGON((-6881788 -93329,-6822532 320947,-6346238 338044,-6378294 -33751,-6881788 -93329))
32721;POLYGON((-6925633 -1493597,-6935884 -999224,-6374280 -836197,-6333072 -1268152,-6925633 -1493597))
32722;POLYGON((-6710380 -3160058,-6816128 -2572476,-6157761 -2196654,-6017140 -2694370,-6710380 -3160058))
32723;POLYGON((-6144491 -5134941,-6378646 -4439594,-5611697 -3759376,-5338711 -4327584,-6144491 -5134941))
32724;POLYGON((-5113102 -7464755,-5516795 -6645670,-4629458 -5537252,-4183082 -6179231,-5113102 -7464755))
32725;POLYGON((-3473788 -10200126,-4097838 -9239988,-3078813 -7538110,-2408531 -8254951,-3473788 -10200126))
32726;POLYGON((-1051836 -13395482,-1958382 -12275751,-797505 -9762360,158275 -10552072,-1051836 -13395482))
32727;POLYGON((2365010 -17108570,1100698 -15809666,2411670 -12200130,3727381 -13056560,2365010 -17108570))
32728;POLYGON((7032365 -21399772,5319883 -19901326,6786325 -14827820,8551166 -15739366,7032365 -21399772))
32729;POLYGON((13255580 -26331211,10987198 -24612387,12610469 -17604028,14930545 -18552126,13255580 -26331211))
32730;POLYGON((21396759 -31965598,18445012 -30005510,20221104 -20464754,23221749 -21422112,21396759 -31965598))
32731;POLYGON((31882391 -38364805,28097463 -36143021,30015411 -23317835,33843725 -24246387,31882391 -38364805))
32732;POLYGON((45211665 -45588133,40418540 -43085294,42458580 -26036513,47286187 -26885076,45211665 -45588133))
32733;POLYGON((61965473 -53690239,55960858 -50888783,58092297 -28452078,64118327 -29153672,61965473 -53690239))
32734;POLYGON((82816143 -62718690,75365137 -59603717,77543932 -30345476,84998236 -30814293,82816143 -62718690))
32735;POLYGON((108537921 -72711116,99370439 -69271381,101536430 -31437831,110683048 -31565806,108537921 -72711116))
32736;POLYGON((-107537921 -72711116,-117344209 -76260811,-119458886 -31551762,-109683048 -31565806,-107537921 -72711116))
32737;POLYGON((-81816143 -62718690,-89807453 -65940879,-91985514 -31182708,-83998236 -30814293,-81816143 -62718690))
32738;POLYGON((-60965473 -53690239,-67424457 -56594703,-69593294 -29788233,-63118327 -29153672,-60965473 -53690239))
32739;POLYGON((-44211665 -45588133,-49384541 -48188673,-51489694 -27692956,-46286187 -26885076,-44211665 -45588133))
32740;POLYGON((-30882391 -38364805,-34982607 -40678196,-36984773 -25154684,-32843725 -24246387,-30882391 -38364805))
32741;POLYGON((-20396759 -31965598,-23608403 -34010687,-25480786 -22374693,-22221749 -21422112,-20396759 -31965598))
32742;POLYGON((-12255580 -26331211,-14736540 -28128147,-16462531 -19506830,-13930545 -18552126,-12255580 -26331211))
32743;POLYGON((-6032365 -21399772,-7917253 -22969350,-9488397 -16665551,-7551166 -15739366,-6032365 -21399772))
32744;POLYGON((-1365010 -17108570,-2767859 -18471693,-4182102 -13932961,-2727381 -13056560,-1365010 -17108570))
32745;POLYGON((2051836 -13395482,1035103 -14572717,-225076 -11364948,841724 -10552072,2051836 -13395482))
32746;POLYGON((4473788 -10200126,3763087 -11211346,2650523 -8996485,3408531 -8254951,4473788 -10200126))
32747;POLYGON((6113102 -7464755,5642126 -8328870,4668197 -6846174,5183082 -6179231,6113102 -7464755))
32748;POLYGON((7144491 -5134941,6858840 -5869691,6012924 -4920110,6338711 -4327584,7144491 -5134941))
32749;POLYGON((7710380 -3160058,7565863 -3781874,6836430 -3215116,7017140 -2694370,7710380 -3160058))
32750;POLYGON((7925633 -1493597,7886754 -2017510,7261943 -1721438,7333072 -1268152,7925633 -1493597))
32751;POLYGON((7881788 -93329,7920385 -532936,7388463 -424945,7378294 -33751,7881788 -93329))
32752;POLYGON((7650814 1078646,7744857 711190,7294559 691112,7225339 1026128,7650814 1078646))
32753;POLYGON((7288441 2055968,7420970 1749918,7041746 1644711,6930713 1929622,7288441 2055968))
32754;POLYGON((6837065 2868157,6995266 2614117,6677446 2453996,6537731 2694747,6837065 2868157))
32755;POLYGON((6328276 3540825,6502679 3330677,6237569 3136503,6078980 3338705,6328276 3540825))
32756;POLYGON((5785031 4095940,5968822 3922749,5748745 3708615,5578436 3877405,5785031 4095940))
32757;POLYGON((5223498 4552117,5411940 4410031,5230235 4185208,5053273 4325175,5223498 4552117))
32758;POLYGON((4654601 4924932,4844553 4809077,4695536 4579460,4515379 4694601,4654601 4924932))
32759;POLYGON((4085300 5227239,4274813 5133613,4153722 4902773,3972608 4996497,4085300 5227239))
32760;POLYGON((3519622 5469485,3707625 5394855,3610543 5164795,3429808 5239938,3519622 5469485))
