32601;POLYGON((913681 9334284,936603 9349059,1060981 9162839,1031475 9143913,913681 9334284))
32602;POLYGON((842063 9294881,866382 9307180,970616 9109208,939338 9093467,842063 9294881))
32603;POLYGON((766780 9263163,792232 9272860,875274 9065295,842564 9052893,766780 9263163))
32604;POLYGON((688648 9239452,714957 9246449,775983 9031525,742190 9022582,688648 9239452))
32605;POLYGON((608504 9223990,635389 9228216,673801 9008224,639283 9002824,608504 9223990))
32606;POLYGON((527206 9216930,554380 9218343,569803 8995611,534921 8993806,527206 9216930))
32607;POLYGON((445619 9218343,472793 9216930,465078 8993806,430196 8995611,445619 9218343))
32608;POLYGON((364610 9228216,391495 9223990,360716 9002824,326198 9008224,364610 9228216))
32609;POLYGON((285042 9246449,311351 9239452,257809 9022582,224016 9031525,285042 9246449))
32610;POLYGON((207767 9272860,233219 9263163,157435 9052893,124725 9065295,207767 9272860))
32611;POLYGON((133617 9307180,157936 9294881,60661 9093467,29383 9109208,133617 9307180))
32612;POLYGON((63396 9349059,86318 9334284,-31475 9143913,-60981 9162839,63396 9349059))
32613;POLYGON((-2123 9398065,19148 9380968,-117969 9203733,-145378 9225655,-2123 9398065))
32614;POLYGON((-62219 9453686,-42832 9434445,-197860 9272327,-222866 9297023,-62219 9453686))
32615;POLYGON((-116218 9515335,-98935 9494155,-270251 9348992,-292570 9376205,-116218 9515335))
32616;POLYGON((-163517 9582354,-148530 9559461,-334317 9432929,-353694 9462373,-163517 9582354))
32617;POLYGON((-203589 9654022,-191063 9629663,-389331 9523248,-405548 9554606,-203589 9654022))
32618;POLYGON((-235998 9729566,-226069 9704004,-434681 9618979,-447565 9651916,-235998 9729566))
32619;POLYGON((-260419 9808175,-253181 9781683,-469902 9719094,-479335 9753257,-260419 9808175))
32620;POLYGON((-276648 9889015,-272155 9861872,-494702 9822529,-500633 9857560,-276648 9889015))
32621;POLYGON((-284627 9971256,-282881 9943737,-509001 9928216,-511455 9963766,-284627 9971256))
32622;POLYGON((-284464 10054095,-285409 10026462,-512968 10035129,-512066 10070875,-284464 10054095))
32623;POLYGON((-276452 10136796,-279968 10109286,-507071 10142340,-503042 10178004,-276452 10136796))
32624;POLYGON((-261101 10218732,-266993 10191538,-492123 10249086,-485327 10284467,-261101 10218732))
32625;POLYGON((-239164 10299432,-247151 10272690,-469346 10354858,-460292 10389861,-239164 10299432))
32626;POLYGON((-211665 10378647,-221374 10352411,-440432 10459506,-429800 10494180,-211665 10378647))
32627;POLYGON((-179938 10456420,-190887 10430639,-407616 10563361,-396285 10597948,-179938 10456420))
32628;POLYGON((-145660 10533170,-157251 10507656,-373755 10667385,-362830 10702376,-145660 10533170))
32629;POLYGON((-110896 10609792,-122394 10584188,-342415 10773347,-333259 10809546,-110896 10609792))
32630;POLYGON((-78136 10687765,-88661 10661504,-317966 10884027,-312232 10922623,-78136 10687765))
32631;POLYGON((-50348 10769288,-58854 10741550,-305689 11003446,-305359 11046103,-50348 10769288))
32632;POLYGON((-31027 10857421,-36288 10827079,-311886 11137145,-319308 11186098,-31027 10857421))
32633;POLYGON((-24248 10956258,-24837 10921823,-344003 11292485,-361937 11350652,-24248 10956258))
32634;POLYGON((-34727 11071109,-28997 11030662,-410767 11479000,-442430 11550109,-34727 11071109))
32635;POLYGON((-67885 11208714,-53947 11159836,-522324 11708794,-571441 11797526,-67885 11208714))
32636;POLYGON((-129910 11377482,-105611 11317168,-690396 11996981,-761253 12109126,-129910 11377482))
32637;POLYGON((1105611 11317168,1129910 11377482,1761253 12109126,1690396 11996981,1105611 11317168))
32638;POLYGON((1053947 11159836,1067885 11208714,1571441 11797526,1522324 11708794,1053947 11159836))
32639;POLYGON((1028997 11030662,1034727 11071109,1442430 11550109,1410767 11479000,1028997 11030662))
32640;POLYGON((1024837 10921823,1024248 10956258,1361937 11350652,1344003 11292485,1024837 10921823))
32641;POLYGON((1036288 10827079,1031027 10857421,1319308 11186098,1311886 11137145,1036288 10827079))
32642;POLYGON((1058854 10741550,1050348 10769288,1305359 11046103,1305689 11003446,1058854 10741550))
32643;POLYGON((1088661 10661504,1078136 10687765,1312232 10922623,1317966 10884027,1088661 10661504))
32644;POLYGON((1122394 10584188,1110896 10609792,1333259 10809546,1342415 10773347,1122394 10584188))
32645;POLYGON((1157251 10507656,1145660 10533170,1362830 10702376,1373755 10667385,1157251 10507656))
32646;POLYGON((1190887 10430639,1179938 10456420,1396285 10597948,1407616 10563361,1190887 10430639))
32647;POLYGON((1221374 10352411,1211665 10378647,1429800 10494180,1440432 10459506,1221374 10352411))
32648;POLYGON((1247151 10272690,1239164 10299432,1460292 10389861,1469346 10354858,1247151 10272690))
32649;POLYGON((1266993 10191538,1261101 10218732,1485327 10284467,1492123 10249086,1266993 10191538))
32650;POLYGON((1279968 10109286,1276452 10136796,1503042 10178004,1507071 10142340,1279968 10109286))
32651;POLYGON((1285409 10026462,1284464 10054095,1512066 10070875,1512968 10035129,1285409 10026462))
32652;POLYGON((1282881 9943737,1284627 9971256,1511455 9963766,1509001 9928216,1282881 9943737))
32653;POLYGON((1272155 9861872,1276648 9889015,1500633 9857560,1494702 9822529,1272155 9861872))
32654;POLYGON((1253181 9781683,1260419 9808175,1479335 9753257,1469902 9719094,1253181 9781683))
32655;POLYGON((1226069 9704004,1235998 9729566,1447565 9651916,1434681 9618979,1226069 9704004))
32656;POLYGON((1191063 9629663,1203589 9654022,1405548 9554606,1389331 9523248,1191063 9629663))
32657;POLYGON((1148530 9559461,1163517 9582354,1353694 9462373,1334317 9432929,1148530 9559461))
32658;POLYGON((1098935 9494155,1116218 9515335,1292570 9376205,1270251 9348992,1098935 9494155))
32659;POLYGON((1042832 9434445,1062219 9453686,1222866 9297023,1197860 9272327,1042832 9434445))
32660;POLYGON((980851 9380968,1002123 9398065,1145378 9225655,1117969 9203733,980851 9380968))
