32601;POLYGON((2313533 4174514,2497293 4215998,2549933 3988937,2360772 3948309,2313533 4174514))
32602;POLYGON((1765631 4075902,1947747 4104595,1984707 3879917,1797672 3851882,1765631 4075902))
32603;POLYGON((1221747 4013678,1402690 4030526,1425239 3807583,1239686 3791145,1221747 4013678))
32604;POLYGON((680266 3985798,860601 3991354,869504 3769375,684709 3763959,680266 3985798))
32605;POLYGON((139398 3991354,319733 3985798,315290 3763959,130495 3769375,139398 3991354))
32606;POLYGON((-402690 4030526,-221747 4013678,-239686 3791145,-425239 3807583,-402690 4030526))
32607;POLYGON((-947747 4104595,-765631 4075902,-797672 3851882,-984707 3879917,-947747 4104595))
32608;POLYGON((-1497293 4215998,-1313533 4174514,-1360772 3948309,-1549933 3988937,-1497293 4215998))
32609;POLYGON((-2052423 4368450,-1866716 4312786,-1930794 4083876,-2122584 4138571,-2052423 4368450))
32610;POLYGON((-2613547 4567095,-2425854 4495365,-2509037 4263535,-2703725 4334324,-2613547 4567095))
32611;POLYGON((-3180011 4818720,-2990695 4728465,-3095977 4494003,-3293468 4583573,-3180011 4818720))
32612;POLYGON((-3749592 5131991,-3559606 5020097,-3690836 4784097,-3890496 4895923,-3749592 5131991))
32613;POLYGON((-4317838 5517737,-4128962 5380336,-4290995 5145153,-4491415 5283659,-4317838 5517737))
32614;POLYGON((-4877206 5989244,-4692360 5821615,-4891227 5591537,-5089923 5762286,-4877206 5989244))
32615;POLYGON((-5415994 6562572,-5239616 6359034,-5482724 6141246,-5675763 6351164,-5415994 6562572))
32616;POLYGON((-5917017 7256873,-5755538 7010679,-6051884 6816618,-6233417 7074254,-5917017 7256873))
32617;POLYGON((-6356016 8094702,-6218418 7797937,-6578831 7645155,-6740545 7960984,-6356016 8094702))
32618;POLYGON((-6699760 9102308,-6598248 8745795,-7035649 8660473,-7166096 9047245,-6699760 9102308))
32619;POLYGON((-6903816 10309883,-6854598 9883106,-7384281 9903394,-7468112 10376525,-6903816 10309883))
32620;POLYGON((-6909961 11751768,-6934152 11242810,-7574088 11423181,-7591151 12001206,-6909961 11751768))
32621;POLYGON((-6643206 13466584,-6767866 12862090,-7539024 13278949,-7463332 13984032,-6643206 13466584))
32622;POLYGON((-6008400 15497278,-6267713 14782454,-7194400 15541254,-6992961 16399761,-6008400 15497278))
32623;POLYGON((-4886392 17891061,-5322998 17049705,-6433219 18293883,-6064707 19337022,-4886392 17891061))
32624;POLYGON((-3129717 20699220,-3796204 19713801,-5122036 21635859,-4535310 22900403,-3129717 20699220))
32625;POLYGON((-557785 23976774,-1518349 22828566,-3096340 25683683,-2228781 27212775,-557785 23976774))
32626;POLYGON((3048467 27781961,1716178 26451233,-155393 30573836,1068927 32417880,3048467 27781961))
32627;POLYGON((7952484 32175524,6155336 30641802,3943460 36465553,5615811 38683209,7952484 32175524))
32628;POLYGON((14468574 37219770,12095719 35462180,9491074 43543906,11720290 46203183,14468574 37219770))
32629;POLYGON((22969020 42977376,19889458 40975070,16833389 52023203,19748306 55202672,22969020 42977376))
32630;POLYGON((33891835 49509917,29951753 47242596,26378949 62150742,30131055 65940869,33891835 49509917))
32631;POLYGON((47749180 56876071,42769070 54324621,38607090 74210938,43373409 78715546,47749180 56876071))
32632;POLYGON((65136491 65129495,58908028 62276736,54076815 88529851,60063023 93867728,65136491 65129495))
32633;POLYGON((86742332 74316310,79025008 71147876,73436396 105480152,80880187 111786800,86742332 74316310))
32634;POLYGON((113359010 84472181,103876509 80977545,97433719 125486536,106608427 132916090,113359010 84472181))
32635;POLYGON((-102876509 80977545,-112359010 84472181,-105608427 132916090,-96433719 125486536,-102876509 80977545))
32636;POLYGON((-78025008 71147876,-85742332 74316310,-79880187 111786800,-72436396 105480152,-78025008 71147876))
32637;POLYGON((-57908028 62276736,-64136491 65129495,-59063023 93867728,-53076815 88529851,-57908028 62276736))
32638;POLYGON((-41769070 54324621,-46749180 56876071,-42373409 78715546,-37607090 74210938,-41769070 54324621))
32639;POLYGON((-28951753 47242596,-32891835 49509917,-29131055 65940869,-25378949 62150742,-28951753 47242596))
32640;POLYGON((-18889458 40975070,-21969020 42977376,-18748306 55202672,-15833389 52023203,-18889458 40975070))
32641;POLYGON((-11095719 35462180,-13468574 37219770,-10720290 46203183,-8491074 43543906,-11095719 35462180))
32642;POLYGON((-5155336 30641802,-6952484 32175524,-4615811 38683209,-2943460 36465553,-5155336 30641802))
32643;POLYGON((-716178 26451233,-2048467 27781961,-68927 32417880,1155393 30573836,-716178 26451233))
32644;POLYGON((2518349 22828566,1557785 23976774,3228781 27212775,4096340 25683683,2518349 22828566))
32645;POLYGON((4796204 19713801,4129717 20699220,5535310 22900403,6122036 21635859,4796204 19713801))
32646;POLYGON((6322998 17049705,5886392 17891061,7064707 19337022,7433219 18293883,6322998 17049705))
32647;POLYGON((7267713 14782454,7008400 15497278,7992961 16399761,8194400 15541254,7267713 14782454))
32648;POLYGON((7767866 12862090,7643206 13466584,8463332 13984032,8539024 13278949,7767866 12862090))
32649;POLYGON((7934152 11242810,7909961 11751768,8591151 12001206,8574088 11423181,7934152 11242810))
32650;POLYGON((7854598 9883106,7903816 10309883,8468112 10376525,8384281 9903394,7854598 9883106))
32651;POLYGON((7598248 8745795,7699760 9102308,8166096 9047245,8035649 8660473,7598248 8745795))
32652;POLYGON((7218418 7797937,7356016 8094702,7740545 7960984,7578831 7645155,7218418 7797937))
32653;POLYGON((6755538 7010679,6917017 7256873,7233417 7074254,7051884 6816618,6755538 7010679))
32654;POLYGON((6239616 6359034,6415994 6562572,6675763 6351164,6482724 6141246,6239616 6359034))
32655;POLYGON((5692360 5821615,5877206 5989244,6089923 5762286,5891227 5591537,5692360 5821615))
32656;POLYGON((5128962 5380336,5317838 5517737,5491415 5283659,5290995 5145153,5128962 5380336))
32657;POLYGON((4559606 5020097,4749592 5131991,4890496 4895923,4690836 4784097,4559606 5020097))
32658;POLYGON((3990695 4728465,4180011 4818720,4293468 4583573,4095977 4494003,3990695 4728465))
32659;POLYGON((3425854 4495365,3613547 4567095,3703725 4334324,3509037 4263535,3425854 4495365))
32660;POLYGON((2866716 4312786,3052423 4368450,3122584 4138571,2930794 4083876,2866716 4312786))
