32601;POLYGON((3157755 3152751,3371836 3200625,3425572 2961747,3206538 2916298,3157755 3152751))
32602;POLYGON((2526866 3035070,2735425 3070193,2775090 2838038,2562306 2804788,2526866 3035070))
32603;POLYGON((1909751 2952196,2114184 2976221,2141712 2749135,1933545 2726436,1909751 2952196))
32604;POLYGON((1302235 2900341,1503930 2914349,1520598 2690702,1315472 2677484,1302235 2900341))
32605;POLYGON((700180 2877215,900512 2881819,907067 2660012,703449 2655671,700180 2877215))
32606;POLYGON((99487 2881819,299819 2877215,296550 2655671,92932 2660012,99487 2881819))
32607;POLYGON((-503930 2914349,-302235 2900341,-315472 2677484,-520598 2690702,-503930 2914349))
32608;POLYGON((-1114184 2976221,-909751 2952196,-933545 2726436,-1141712 2749135,-1114184 2976221))
32609;POLYGON((-1735425 3070193,-1526866 3035070,-1562306 2804788,-1775090 2838038,-1735425 3070193))
32610;POLYGON((-2371836 3200625,-2157755 3152751,-2206538 2916298,-2425572 2961747,-2371836 3200625))
32611;POLYGON((-3027580 3373879,-2806598 3310877,-2871194 3066608,-3098163 3126649,-3027580 3373879))
32612;POLYGON((-3706671 3598932,-3477477 3517474,-3561373 3263825,-3798000 3341845,-3706671 3598932))
32613;POLYGON((-4412772 3888219,-4174201 3783710,-4282253 3519366,-4530257 3620099,-4412772 3888219))
32614;POLYGON((-5148885 4258803,-4900033 4124954,-5038943 3849141,-5299978 3979154,-5148885 4258803))
32615;POLYGON((-5916930 4733939,-5657310 4562195,-5836267 4275168,-6111826 4443512,-5916930 4733939))
32616;POLYGON((-6717176 5345123,-6446922 5123920,-6678449 4827724,-6969738 5046789,-6717176 5345123))
32617;POLYGON((-7547525 6134737,-7267650 5848547,-7568695 5548152,-7876468 5834778,-7547525 6134737))
32618;POLYGON((-8402619 7159409,-8115334 6787532,-8508658 6492478,-8833008 6869360,-8402619 7159409))
32619;POLYGON((-9272763 8494209,-8981858 8009274,-9497771 7735971,-9837881 8233425,-9272763 8494209))
32620;POLYGON((-10142629 10237846,-9853926 9603959,-10532439 9378838,-10886276 10036975,-10142629 10237846))
32621;POLYGON((-10989740 12519004,-10711631 11689496,-11605075 11553221,-11969032 12424608,-10989740 12519004))
32622;POLYGON((-11782712 15503994,-11526767 14418714,-12702968 14431711,-13071449 15584585,-11782712 15503994))
32623;POLYGON((-12479227 19405910,-12260902 17987996,-13806972 18237596,-14171910 19759701,-12479227 19405910))
32624;POLYGON((-13023729 24495480,-12863169 22647540,-14889998 23257067,-15240308 25260201,-13023729 24495480))
32625;POLYGON((-13344825 31113825,-13267760 28713458,-15915302 29853637,-16236265 32479000,-13344825 31113825))
32626;POLYGON((-13352366 39687345,-13391124 36581929,-16834561 38485046,-17107128 41909468,-13352366 39687345))
32627;POLYGON((-12934194 50744967,-13128821 46745632,-17585706 49722915,-17785724 54166076,-12934194 50744967))
32628;POLYGON((-11952542 64938008,-12352044 59812707,-18090519 64275459,-18187878 70008188,-11952542 64938008))
32629;POLYGON((-10240060 83062908,-10903767 76528507,-18251978 83013566,-18209657 90367344,-10240060 83062908))
32630;POLYGON((-7595452 106087114,-8594520 97800395,-17951322 107000577,-17724356 116378336,-7595452 106087114))
32631;POLYGON((-3778717 135178394,-5197760 124725883,-17044841 137526088,-16579189 149414446,-3778717 135178394))
32632;POLYGON((1494044 171737887,-444821 158624403,-15360378 176144171,-14591680 191127207,1494044 171737887))
32633;POLYGON((8556257 217437197,5980558 201073022,-12693510 224716349,-11545752 243491059,8556257 217437197))
32634;POLYGON((17796962 274259868,14448174 253946411,-8803425 285459746,-7187489 308853308,17796962 274259868))
32635;POLYGON((29667379 344547560,25387761 319461421,-3408458 361000799,-1220554 389989791,29667379 344547560))
32636;POLYGON((-24387761 319461421,-28667379 344547560,2220554 389989791,4408458 361000799,-24387761 319461421))
32637;POLYGON((-13448174 253946411,-16796962 274259868,8187489 308853308,9803425 285459746,-13448174 253946411))
32638;POLYGON((-4980558 201073022,-7556257 217437197,12545752 243491059,13693510 224716349,-4980558 201073022))
32639;POLYGON((1444821 158624403,-494044 171737887,15591680 191127207,16360378 176144171,1444821 158624403))
32640;POLYGON((6197760 124725883,4778717 135178394,17579189 149414446,18044841 137526088,6197760 124725883))
32641;POLYGON((9594520 97800395,8595452 106087114,18724356 116378336,18951322 107000577,9594520 97800395))
32642;POLYGON((11903767 76528507,11240060 83062908,19209657 90367344,19251978 83013566,11903767 76528507))
32643;POLYGON((13352044 59812707,12952542 64938008,19187878 70008188,19090519 64275459,13352044 59812707))
32644;POLYGON((14128821 46745632,13934194 50744967,18785724 54166076,18585706 49722915,14128821 46745632))
32645;POLYGON((14391124 36581929,14352366 39687345,18107128 41909468,17834561 38485046,14391124 36581929))
32646;POLYGON((14267760 28713458,14344825 31113825,17236265 32479000,16915302 29853637,14267760 28713458))
32647;POLYGON((13863169 22647540,14023729 24495480,16240308 25260201,15889998 23257067,13863169 22647540))
32648;POLYGON((13260902 17987996,13479227 19405910,15171910 19759701,14806972 18237596,13260902 17987996))
32649;POLYGON((12526767 14418714,12782712 15503994,14071449 15584585,13702968 14431711,12526767 14418714))
32650;POLYGON((11711631 11689496,11989740 12519004,12969032 12424608,12605075 11553221,11711631 11689496))
32651;POLYGON((10853926 9603959,11142629 10237846,11886276 10036975,11532439 9378838,10853926 9603959))
32652;POLYGON((9981858 8009274,10272763 8494209,10837881 8233425,10497771 7735971,9981858 8009274))
32653;POLYGON((9115334 6787532,9402619 7159409,9833008 6869360,9508658 6492478,9115334 6787532))
32654;POLYGON((8267650 5848547,8547525 6134737,8876468 5834778,8568695 5548152,8267650 5848547))
32655;POLYGON((7446922 5123920,7717176 5345123,7969738 5046789,7678449 4827724,7446922 5123920))
32656;POLYGON((6657310 4562195,6916930 4733939,7111826 4443512,6836267 4275168,6657310 4562195))
32657;POLYGON((5900033 4124954,6148885 4258803,6299978 3979154,6038943 3849141,5900033 4124954))
32658;POLYGON((5174201 3783710,5412772 3888219,5530257 3620099,5282253 3519366,5174201 3783710))
32659;POLYGON((4477477 3517474,4706671 3598932,4798000 3341845,4561373 3263825,4477477 3517474))
32660;POLYGON((3806598 3310877,4027580 3373879,4098163 3126649,3871194 3066608,3806598 3310877))
