32701;POLYGON((1689014 4211259,1827733 4176224,1768271 3957085,1636045 3991402,1689014 4211259))
32702;POLYGON((1270856 4292349,1410521 4269275,1370317 4048287,1236941 4070931,1270856 4292349))
32703;POLYGON((850755 4338267,990931 4326816,969448 4104777,835434 4116027,850755 4338267))
32704;POLYGON((429831 4349699,570168 4349699,567109 4127261,432890 4127261,429831 4349699))
32705;POLYGON((9068 4326816,149244 4338267,164565 4116027,30551 4104777,9068 4326816))
32706;POLYGON((-410521 4269275,-270856 4292349,-236941 4070931,-370317 4048287,-410521 4269275))
32707;POLYGON((-827733 4176224,-689014 4211259,-636045 3991402,-768271 3957085,-827733 4176224))
32708;POLYGON((-1240998 4046344,-1103800 4093829,-1031091 3876478,-1161523 3830088,-1240998 4046344))
32709;POLYGON((-1648179 3877906,-1513289 3938456,-1419972 3724861,-1547777 3665909,-1648179 3877906))
32710;POLYGON((-2046358 3668895,-1914852 3743205,-1799944 3535027,-1924030 3462979,-2046358 3668895))
32711;POLYGON((-2431570 3417185,-2304903 3505961,-2167415 3305383,-2286355 3219733,-2431570 3417185))
32712;POLYGON((-2798499 3120825,-2678615 3224675,-2517709 3034516,-2629660 2934890,-2798499 3120825))
32713;POLYGON((-3140120 2778445,-3029575 2897730,-2844801 2721543,-2947400 2607846,-3140120 2778445))
32714;POLYGON((-3447273 2389837,-3349386 2524452,-3140999 2366609,-3231254 2239226,-3447273 2389837))
32715;POLYGON((-3708170 1956751,-3627197 2105837,-3396594 1971552,-3470751 1831621,-3708170 1956751))
32716;POLYGON((-3907813 1483953,-3849149 1645507,-3599449 1540804,-3652842 1390569,-3907813 1483953))
32717;POLYGON((-4027334 980607,-3997743 1150986,-3734531 1082545,-3761417 925813,-4027334 980607))
32718;POLYGON((-4043223 462048,-4051109 635327,-3783384 610191,-3776750 452905,-4043223 462048))
32719;POLYGON((-3926458 -47998,-3982167 119182,-3723529 144248,-3674873 -4793,-3926458 -47998))
32720;POLYGON((-3641513 -514666,-3757675 -366638,-3527790 -285377,-3426879 -413651,-3641513 -514666))
32721;POLYGON((-3145243 -888583,-3337161 -778012,-3163534 -636578,-2998138 -726765,-3145243 -888583))
32722;POLYGON((-2385635 -1101815,-2671714 -1053690,-2591834 -851640,-2347417 -880357,-2385635 -1101815))
32723;POLYGON((-1300412 -1063020,-1702645 -1110723,-1766528 -853197,-1425921 -789480,-1300412 -1063020))
32724;POLYGON((184506 -651715,-359986 -839039,-633187 -539427,-176215 -342953,184506 -651715))
32725;POLYGON((2156719 288447,1439152 -95057,872026 221576,1468946 602565,2156719 288447))
32726;POLYGON((4719210 1957502,3792409 1305752,2823609 1598360,3587910 2229469,4719210 1957502))
32727;POLYGON((7992407 4608213,6814156 3597493,5308082 3803694,6271531 4767142,7992407 4608213))
32728;POLYGON((12116424 8556456,10637685 7073762,8425483 7103275,9624704 8501071,12116424 8556456))
32729;POLYGON((17253495 14193057,15417573 12098990,12290980 11825674,13768024 13783225,17253495 14193057))
32730;POLYGON((23590622 21997246,21332259 19121341,17036626 18373632,18839586 21043828,23590622 21997246))
32731;POLYGON((31342431 32551837,28586831 28687299,22813250 27236820,24996924 30804635,31342431 32551837))
32732;POLYGON((40754249 46560300,37416026 41458097,29792497 39006198,32419098 43693856,40754249 46560300))
32733;POLYGON((52105420 64865866,48087464 58228125,38169012 54390095,41308935 60462831,52105420 64865866))
32734;POLYGON((-59905124 79945477,60905124 79945477,48162793 74232144,-47162793 74232144,-59905124 79945477))
32735;POLYGON((-47087464 58228125,-51105420 64865866,-40308935 60462831,-37169012 54390095,-47087464 58228125))
32736;POLYGON((-36416026 41458097,-39754249 46560300,-31419098 43693856,-28792497 39006198,-36416026 41458097))
32737;POLYGON((-27586831 28687299,-30342431 32551837,-23996924 30804635,-21813250 27236820,-27586831 28687299))
32738;POLYGON((-20332259 19121341,-22590622 21997246,-17839586 21043828,-16036626 18373632,-20332259 19121341))
32739;POLYGON((-14417573 12098990,-16253495 14193057,-12768024 13783225,-11290980 11825674,-14417573 12098990))
32740;POLYGON((-9637685 7073762,-11116424 8556456,-8624704 8501071,-7425483 7103275,-9637685 7073762))
32741;POLYGON((-5814156 3597493,-6992407 4608213,-5271531 4767142,-4308082 3803694,-5814156 3597493))
32742;POLYGON((-2792409 1305752,-3719210 1957502,-2587910 2229469,-1823609 1598360,-2792409 1305752))
32743;POLYGON((-439152 -95057,-1156719 288447,-468946 602565,127973 221576,-439152 -95057))
32744;POLYGON((1359986 -839039,815493 -651715,1176215 -342953,1633187 -539427,1359986 -839039))
32745;POLYGON((2702645 -1110723,2300412 -1063020,2425921 -789480,2766528 -853197,2702645 -1110723))
32746;POLYGON((3671714 -1053690,3385635 -1101815,3347417 -880357,3591834 -851640,3671714 -1053690))
32747;POLYGON((4337161 -778012,4145243 -888583,3998138 -726765,4163534 -636578,4337161 -778012))
32748;POLYGON((4757675 -366638,4641513 -514666,4426879 -413651,4527790 -285377,4757675 -366638))
32749;POLYGON((4982167 119182,4926458 -47998,4674873 -4793,4723529 144248,4982167 119182))
32750;POLYGON((5051109 635327,5043223 462048,4776750 452905,4783384 610191,5051109 635327))
32751;POLYGON((4997743 1150986,5027334 980607,4761417 925813,4734531 1082545,4997743 1150986))
32752;POLYGON((4849149 1645507,4907813 1483953,4652842 1390569,4599449 1540804,4849149 1645507))
32753;POLYGON((4627197 2105837,4708170 1956751,4470751 1831621,4396594 1971552,4627197 2105837))
32754;POLYGON((4349386 2524452,4447273 2389837,4231254 2239226,4140999 2366609,4349386 2524452))
32755;POLYGON((4029575 2897730,4140120 2778445,3947400 2607846,3844801 2721543,4029575 2897730))
32756;POLYGON((3678615 3224675,3798499 3120825,3629660 2934890,3517709 3034516,3678615 3224675))
32757;POLYGON((3304903 3505961,3431570 3417185,3286355 3219733,3167415 3305383,3304903 3505961))
32758;POLYGON((2914852 3743205,3046358 3668895,2924030 3462979,2799944 3535027,2914852 3743205))
32759;POLYGON((2513289 3938456,2648179 3877906,2547777 3665909,2419972 3724861,2513289 3938456))
32760;POLYGON((2103800 4093829,2240998 4046344,2161523 3830088,2031091 3876478,2103800 4093829))
