32601;POLYGON((543623 9895189,547183 9896774,641512 9694352,630831 9689603,543623 9895189))
32602;POLYGON((532641 9891193,536347 9892397,609008 9681237,597891 9677630,532641 9891193))
32603;POLYGON((521302 9888366,525114 9889176,575315 9671589,563883 9669163,521302 9888366))
32604;POLYGON((509730 9886740,513605 9887147,540801 9665512,529179 9664292,509730 9886740))
32605;POLYGON((498051 9886332,501948 9886332,505842 9663071,494157 9663071,498051 9886332))
32606;POLYGON((486394 9887147,490269 9886740,470820 9664292,459198 9665512,486394 9887147))
32607;POLYGON((474885 9889176,478697 9888366,436116 9669163,424684 9671589,474885 9889176))
32608;POLYGON((463652 9892397,467358 9891193,402108 9677630,390991 9681237,463652 9892397))
32609;POLYGON((452816 9896774,456376 9895189,369168 9689603,358487 9694352,452816 9896774))
32610;POLYGON((442497 9902260,445872 9900312,337654 9704952,327527 9710791,442497 9902260))
32611;POLYGON((432808 9908794,435961 9906504,307913 9723511,298450 9730377,432808 9908794))
32612;POLYGON((423855 9916306,426752 9913698,280270 9745079,271575 9752897,423855 9916306))
32613;POLYGON((415736 9924712,418344 9921816,255028 9769421,247197 9778107,415736 9924712))
32614;POLYGON((408540 9933921,410831 9930768,232466 9796273,225584 9805731,408540 9933921))
32615;POLYGON((402347 9943832,404295 9940457,212831 9825341,206974 9835468,402347 9943832))
32616;POLYGON((397223 9954336,398808 9950776,196339 9856308,191572 9866994,397223 9954336))
32617;POLYGON((393226 9965318,394430 9961612,183171 9888836,179546 9899965,393226 9965318))
32618;POLYGON((390400 9976659,391209 9972847,173468 9922571,171023 9934021,390400 9976659))
32619;POLYGON((388776 9988233,389182 9984357,167334 9957146,166093 9968794,388776 9988233))
32620;POLYGON((388373 9999914,388371 9996016,164825 9992188,164798 10003908,388373 9999914))
32621;POLYGON((389197 10011574,388786 10007698,165956 10027324,167138 10038993,389197 10011574))
32622;POLYGON((391242 10023085,390426 10019272,170695 10062185,173065 10073683,391242 10023085))
32623;POLYGON((394488 10034321,393274 10030614,178963 10096417,182482 10107629,394488 10034321))
32624;POLYGON((398905 10045159,397305 10041598,190630 10129683,195245 10140504,398905 10045159))
32625;POLYGON((404451 10055481,402480 10052105,205520 10161678,211162 10172013,404451 10055481))
32626;POLYGON((411075 10065172,408750 10062019,223407 10192134,229990 10201904,411075 10065172))
32627;POLYGON((418717 10074128,416060 10071231,244017 10220829,251438 10229972,418717 10074128))
32628;POLYGON((427312 10082248,424345 10079640,267028 10247600,275170 10256078,427312 10082248))
32629;POLYGON((436789 10089443,433537 10087152,292072 10272354,300801 10280153,436789 10089443))
32630;POLYGON((447077 10095631,443562 10093684,318736 10295082,327906 10302219,447077 10095631))
32631;POLYGON((458102 10100741,454349 10099161,346565 10315867,356017 10322394,458102 10100741))
32632;POLYGON((469796 10104712,465828 10103518,375068 10334904,384628 10340913,469796 10104712))
32633;POLYGON((482099 10107491,477934 10106700,403714 10352513,413199 10358141,482099 10107491))
32634;POLYGON((494960 10109036,490613 10108660,431945 10369157,441162 10374593,494960 10109036))
32635;POLYGON((496175 10109363,503824 10109363,459173 10385457,540826 10385457,496175 10109363))
32636;POLYGON((509386 10108660,505039 10109036,558837 10374593,568054 10369157,509386 10108660))
32637;POLYGON((522065 10106700,517900 10107491,586800 10358141,596285 10352513,522065 10106700))
32638;POLYGON((534171 10103518,530203 10104712,615371 10340913,624931 10334904,534171 10103518))
32639;POLYGON((545650 10099161,541897 10100741,643982 10322394,653434 10315867,545650 10099161))
32640;POLYGON((556437 10093684,552922 10095631,672093 10302219,681263 10295082,556437 10093684))
32641;POLYGON((566462 10087152,563210 10089443,699198 10280153,707927 10272354,566462 10087152))
32642;POLYGON((575654 10079640,572687 10082248,724829 10256078,732971 10247600,575654 10079640))
32643;POLYGON((583939 10071231,581282 10074128,748561 10229972,755982 10220829,583939 10071231))
32644;POLYGON((591249 10062019,588924 10065172,770009 10201904,776592 10192134,591249 10062019))
32645;POLYGON((597519 10052105,595548 10055481,788837 10172013,794479 10161678,597519 10052105))
32646;POLYGON((602694 10041598,601094 10045159,804754 10140504,809369 10129683,602694 10041598))
32647;POLYGON((606725 10030614,605511 10034321,817517 10107629,821036 10096417,606725 10030614))
32648;POLYGON((609573 10019272,608757 10023085,826934 10073683,829304 10062185,609573 10019272))
32649;POLYGON((611213 10007698,610802 10011574,832861 10038993,834043 10027324,611213 10007698))
32650;POLYGON((611628 9996016,611626 9999914,835201 10003908,835174 9992188,611628 9996016))
32651;POLYGON((610817 9984357,611223 9988233,833906 9968794,832665 9957146,610817 9984357))
32652;POLYGON((608790 9972847,609599 9976659,828976 9934021,826531 9922571,608790 9972847))
32653;POLYGON((605569 9961612,606773 9965318,820453 9899965,816828 9888836,605569 9961612))
32654;POLYGON((601191 9950776,602776 9954336,808427 9866994,803660 9856308,601191 9950776))
32655;POLYGON((595704 9940457,597652 9943832,793025 9835468,787168 9825341,595704 9940457))
32656;POLYGON((589168 9930768,591459 9933921,774415 9805731,767533 9796273,589168 9930768))
32657;POLYGON((581655 9921816,584263 9924712,752802 9778107,744971 9769421,581655 9921816))
32658;POLYGON((573247 9913698,576144 9916306,728424 9752897,719729 9745079,573247 9913698))
32659;POLYGON((564038 9906504,567191 9908794,701549 9730377,692086 9723511,564038 9906504))
32660;POLYGON((554127 9900312,557502 9902260,672472 9710791,662345 9704952,554127 9900312))
