32701;POLYGON((2130365 5862574,2313533 5825485,2264163 5600158,2086414 5637855,2130365 5862574))
32702;POLYGON((1583965 5948756,1765631 5924097,1732071 5700456,1555413 5725573,1583965 5948756))
32703;POLYGON((1041073 5999363,1221747 5986321,1202931 5763860,1027018 5777160,1041073 5999363))
32704;POLYGON((500000 6016051,680266 6014201,675603 5792297,500000 5794184,500000 6016051))
32705;POLYGON((-41073 5999363,139398 6008645,148741 5786629,-27018 5777160,-41073 5999363))
32706;POLYGON((-583965 5948756,-402690 5969473,-379048 5746684,-555413 5725573,-583965 5948756))
32707;POLYGON((-1130365 5862574,-947747 5895404,-909059 5671250,-1086414 5637855,-1130365 5862574))
32708;POLYGON((-1681678 5737967,-1497293 5784001,-1442328 5558031,-1620924 5511331,-1681678 5737967))
32709;POLYGON((-2238805 5570766,-2052423 5631549,-1979419 5403559,-2159294 5342120,-2238805 5570766))
32710;POLYGON((-2801847 5355302,-2613547 5432904,-2520141 5203089,-2701002 5125023,-2801847 5355302))
32711;POLYGON((-3369691 5084193,-3180011 5181279,-3063172 4950465,-3244240 4853383,-3369691 5084193))
32712;POLYGON((-3939455 4748081,-3749592 4868008,-3605537 4637990,-3785345 4518963,-3939455 4748081))
32713;POLYGON((-4505761 4335355,-4317838 4482262,-4141950 4256305,-4318081 4111828,-4505761 4335355))
32714;POLYGON((-5059811 3831838,-4877206 4010755,-4663960 3794303,-4832718 3620277,-5059811 3831838))
32715;POLYGON((-5588233 3220476,-5415994 3437427,-5158895 3239099,-5314899 3030843,-5588233 3220476))
32716;POLYGON((-6071678 2481015,-5917017 2743126,-5608559 2576092,-5744255 2328380,-6071678 2481015))
32717;POLYGON((-6483122 1589700,-6356016 1905297,-5987672 1789129,-6092749 1496285,-6483122 1589700))
32718;POLYGON((-6785864 518994,-6699760 897691,-6262018 860835,-6322717 516877,-6785864 518994))
32719;POLYGON((-6931182 -762658,-6903816 -309883,-6386264 -226881,-6384577 -628022,-6931182 -762658))
32720;POLYGON((-6855614 -2291015,-6909961 -1751768,-6301438 -1492091,-6214189 -1956269,-6855614 -2291015))
32721;POLYGON((-6477850 -4106139,-6643206 -3466584,-5932035 -2951832,-5729824 -3484278,-6477850 -4106139))
32722;POLYGON((-5695186 -6252411,-6008400 -5497278,-5182714 -4620787,-4828719 -5225588,-5695186 -6252411))
32723;POLYGON((-4379539 -8778428,-4886392 -7891061,-3934568 -6509578,-3383207 -7189021,-4379539 -8778428))
32724;POLYGON((-2372963 -11736768,-3129717 -10699220,-2040937 -8622650,-1236363 -9376407,-2372963 -11736768))
32725;POLYGON((517337 -15183588,-557785 -13976774,677262 -10955664,1802829 -11779812,517337 -15183588))
32726;POLYGON((4524535 -19178052,3048467 -17781961,4436724 -13492353,5964846 -14378188,4524535 -19178052))
32727;POLYGON((9928275 -23781541,7952484 -22175524,9497471 -16200768,11525522 -17133412,9928275 -23781541))
32728;POLYGON((17061372 -29056631,14468574 -27219770,16169151 -19028855,18812546 -19985617,17061372 -29056631))
32729;POLYGON((26317125 -35065810,22969020 -32977376,24817915 -21899280,28212541 -22847754,26317125 -35065810))
32730;POLYGON((38157292 -41869902,33891835 -39509917,35873929 -24703442,40178791 -25599318,38157292 -41869902))
32731;POLYGON((53120744 -49526168,47749180 -46876071,49839530 -27294590,55239615 -28079143,53120744 -49526168))
32732;POLYGON((71832827 -58086050,65136491 -55129495,67298052 -29479956,74007435 -30077194,71832827 -58086050))
32733;POLYGON((95015470 -67592529,86742332 -64316310,88923369 -31011834,97188547 -31325274,95015470 -67592529))
32734;POLYGON((123498050 -78077063,113359010 -74472181,115490162 -31577507,125593645 -31486545,123498050 -78077063))
32735;POLYGON((-94015470 -67592529,-102876509 -70977545,-105033216 -31518617,-96188547 -31325274,-94015470 -67592529))
32736;POLYGON((-70832827 -58086050,-78025008 -61147876,-80206325 -30591665,-73007435 -30077194,-70832827 -58086050))
32737;POLYGON((-52120744 -49526168,-57908028 -52276736,-60050817 -28810642,-54239615 -28079143,-52120744 -49526168))
32738;POLYGON((-37157292 -41869902,-41769070 -44324621,-43826802 -26465402,-39178791 -25599318,-37157292 -41869902))
32739;POLYGON((-25317125 -35065810,-28951753 -37242596,-30891689 -23784276,-27212541 -22847754,-25317125 -35065810))
32740;POLYGON((-16061372 -29056631,-18889458 -30975070,-20690168 -20943756,-17812546 -19985617,-16061372 -29056631))
32741;POLYGON((-8928275 -23781541,-11095719 -25462180,-12744905 -18077054,-10525522 -17133412,-8928275 -23781541))
32742;POLYGON((-3524535 -19178052,-5155336 -20641802,-6647948 -15281629,-4964846 -14378188,-3524535 -19178052))
32743;POLYGON((482662 -15183588,-716178 -16451233,-2052782 -12625763,-802829 -11779812,482662 -15183588))
32744;POLYGON((3372963 -11736768,2518349 -12828566,1332964 -10154274,2236363 -9376407,3372963 -11736768))
32745;POLYGON((5379539 -8778428,4796204 -9713801,3754201 -7893427,4383207 -7189021,5379539 -8778428))
32746;POLYGON((6695186 -6252411,6322998 -7049705,5414475 -5855127,5828719 -5225588,6695186 -6252411))
32747;POLYGON((7477850 -4106139,7267713 -4782454,6481512 -4040462,6729824 -3484278,7477850 -4106139))
32748;POLYGON((7855614 -2291015,7767866 -2862090,7092227 -2442666,7214189 -1956269,7855614 -2291015))
32749;POLYGON((7931182 -762658,7934152 -1242810,7357229 -1049547,7384577 -628022,7931182 -762658))
32750;POLYGON((7785864 518994,7854598 116893,7364856 154529,7322717 516877,7785864 518994))
32751;POLYGON((7483122 1589700,7598248 1254204,7184754 1187078,7092749 1496285,7483122 1589700))
32752;POLYGON((7071678 2481015,7218418 2202062,6871046 2066275,6744255 2328380,7071678 2481015))
32753;POLYGON((6588233 3220476,6755538 2989320,6465097 2810040,6314899 3030843,6588233 3220476))
32754;POLYGON((6059811 3831838,6239616 3640965,5997919 3435390,5832718 3620277,6059811 3831838))
32755;POLYGON((5505761 4335355,5692360 4178384,5492239 3957986,5318081 4111828,5505761 4335355))
32756;POLYGON((4939455 4748081,5128962 4619663,4964252 4391872,4785345 4518963,4939455 4748081))
32757;POLYGON((4369691 5084193,4559606 4979902,4425092 4749341,4244240 4853383,4369691 5084193))
32758;POLYGON((3801847 5355302,3990695 5271534,3882048 5040910,3701002 5125023,3801847 5355302))
32759;POLYGON((3238805 5570766,3425854 5504634,3339550 5275373,3159294 5342120,3238805 5570766))
32760;POLYGON((2681678 5737967,2866716 5687213,2799956 5459899,2620924 5511331,2681678 5737967))
