32701;POLYGON((1372455 -1381154,1396821 -1445270,1027009 -1011296,1024659 -974125,1372455 -1381154))
32702;POLYGON((1324190 -1211569,1336496 -1264717,1025791 -905201,1028907 -873024,1324190 -1211569))
32703;POLYGON((1306041 -1068097,1309269 -1113583,1039389 -812299,1046438 -783421,1306041 -1068097))
32704;POLYGON((1309938 -942337,1306636 -982722,1063415 -727913,1073072 -701034,1309938 -942337))
32705;POLYGON((1329022 -827878,1321350 -865099,1094092 -648490,1105223 -622644,1329022 -827878))
32706;POLYGON((1357517 -719976,1347288 -755448,1128194 -571420,1139838 -545918,1357517 -719976))
32707;POLYGON((1390611 -615262,1379329 -649972,1162998 -494880,1174351 -469265,1390611 -615262))
32708;POLYGON((1424349 -511489,1413244 -546075,1196233 -417698,1206630 -391703,1424349 -511489))
32709;POLYGON((1455530 -407315,1445590 -442136,1226034 -339230,1234935 -312740,1455530 -407315))
32710;POLYGON((1481619 -302113,1473620 -337309,1250899 -259258,1257878 -232277,1481619 -302113))
32711;POLYGON((1500662 -195809,1495196 -231352,1269653 -177893,1274386 -150520,1500662 -195809))
32712;POLYGON((1511211 -88750,1508709 -124485,1281412 -95505,1283662 -67906,1511211 -88750))
32713;POLYGON((1512255 18419,1513009 -17266,1285550 -12648,1285160 14958,1512255 18419))
32714;POLYGON((1503160 124842,1507343 89510,1281666 69987,1278550 97352,1503160 124842))
32715;POLYGON((1483615 229535,1491299 194894,1269564 151630,1263696 178483,1483615 229535))
32716;POLYGON((1453580 331444,1464750 297850,1249223 231460,1240630 257522,1453580 331444))
32717;POLYGON((1413247 429499,1427816 397308,1220774 308639,1209533 333634,1413247 429499))
32718;POLYGON((1362997 522649,1380818 492207,1184486 382345,1170711 406003,1362997 522649))
32719;POLYGON((1303373 609894,1324250 581528,1140740 451782,1124582 473849,1303373 609894))
32720;POLYGON((1235047 690301,1258743 664312,1090020 516202,1071659 536440,1235047 690301))
32721;POLYGON((1158797 763024,1185043 739685,1032893 574915,1012535 593108,1158797 763024))
32722;POLYGON((1075488 827313,1103986 806863,969997 627298,947870 643254,1075488 827313))
32723;POLYGON((986050 882514,1016484 865159,902033 672799,878380 686354,986050 882514))
32724;POLYGON((891466 928080,923504 913991,829749 710948,804830 721960,891466 928080))
32725;POLYGON((792761 963565,826056 952880,753934 741352,728018 749710,792761 963565))
32726;POLYGON((690986 988629,725186 981449,675407 763702,648774 769321,690986 988629))
32727;POLYGON((587216 1003034,621961 999427,595011 777772,567945 780596,587216 1003034))
32728;POLYGON((482536 1006645,517463 1006645,513605 783423,486394 783423,482536 1006645))
32729;POLYGON((378038 999427,412783 1003034,432054 780596,404988 777772,378038 999427))
32730;POLYGON((274813 981449,309013 988629,351225 769321,324592 763702,274813 981449))
32731;POLYGON((173943 952880,207238 963565,271981 749710,246065 741352,173943 952880))
32732;POLYGON((76495 913991,108533 928080,195169 721960,170250 710948,76495 913991))
32733;POLYGON((-16484 865159,13949 882514,121619 686354,97966 672799,-16484 865159))
32734;POLYGON((-103986 806863,-75488 827313,52129 643254,30002 627298,-103986 806863))
32735;POLYGON((-185043 739685,-158797 763024,-12535 593108,-32893 574915,-185043 739685))
32736;POLYGON((-258743 664312,-235047 690301,-71659 536440,-90020 516202,-258743 664312))
32737;POLYGON((-324250 581528,-303373 609894,-124582 473849,-140740 451782,-324250 581528))
32738;POLYGON((-380818 492207,-362997 522649,-170711 406003,-184486 382345,-380818 492207))
32739;POLYGON((-427816 397308,-413247 429499,-209533 333634,-220774 308639,-427816 397308))
32740;POLYGON((-464750 297850,-453580 331444,-240630 257522,-249223 231460,-464750 297850))
32741;POLYGON((-491299 194894,-483615 229535,-263696 178483,-269564 151630,-491299 194894))
32742;POLYGON((-507343 89510,-503160 124842,-278550 97352,-281666 69987,-507343 89510))
32743;POLYGON((-513009 -17266,-512255 18419,-285160 14958,-285550 -12648,-513009 -17266))
32744;POLYGON((-508709 -124485,-511211 -88750,-283662 -67906,-281412 -95505,-508709 -124485))
32745;POLYGON((-495196 -231352,-500662 -195809,-274386 -150520,-269653 -177893,-495196 -231352))
32746;POLYGON((-473620 -337309,-481619 -302113,-257878 -232277,-250899 -259258,-473620 -337309))
32747;POLYGON((-445590 -442136,-455530 -407315,-234935 -312740,-226034 -339230,-445590 -442136))
32748;POLYGON((-413244 -546075,-424349 -511489,-206630 -391703,-196233 -417698,-413244 -546075))
32749;POLYGON((-379329 -649972,-390611 -615262,-174351 -469265,-162998 -494880,-379329 -649972))
32750;POLYGON((-347288 -755448,-357517 -719976,-139838 -545918,-128194 -571420,-347288 -755448))
32751;POLYGON((-321350 -865099,-329022 -827878,-105223 -622644,-94092 -648490,-321350 -865099))
32752;POLYGON((-306636 -982722,-309938 -942337,-73072 -701034,-63415 -727913,-306636 -982722))
32753;POLYGON((-309269 -1113583,-306041 -1068097,-46438 -783421,-39389 -812299,-309269 -1113583))
32754;POLYGON((-336496 -1264717,-324190 -1211569,-28907 -873024,-25791 -905201,-336496 -1264717))
32755;POLYGON((-396821 -1445270,-372455 -1381154,-24659 -974125,-27009 -1011296,-396821 -1445270))
32756;POLYGON((-500143 -1666889,-460252 -1587619,-38521 -1092258,-48103 -1136584,-500143 -1666889))
32757;POLYGON((-657911 -1944151,-598497 -1844513,-76038 -1234424,-94870 -1288605,-657911 -1944151))
32758;POLYGON((1799760 -2168639,-799760 -2168639,-143535 -1409334,1143535 -1409334,1799760 -2168639))
32759;POLYGON((1598497 -1844513,1657911 -1944151,1094870 -1288605,1076038 -1234424,1598497 -1844513))
32760;POLYGON((1460252 -1587619,1500143 -1666889,1048103 -1136584,1038521 -1092258,1460252 -1587619))
