32601;POLYGON((2898531 3342393,3105668 3387784,3157755 3152751,2945669 3109351,2898531 3342393))
32602;POLYGON((2286192 3231802,2488921 3264595,2526866 3035070,2319837 3003799,2286192 3231802))
32603;POLYGON((1684728 3156004,1884228 3177635,1909751 2952196,1706385 2931606,1684728 3156004))
32604;POLYGON((1090542 3111753,1288019 3123139,1302235 2900341,1101146 2889515,1090542 3111753))
32605;POLYGON((500000 3097202,696667 3098814,700180 2877215,500000 2875683,500000 3097202))
32606;POLYGON((-90542 3111753,106529 3103657,99487 2881819,-101146 2889515,-90542 3111753))
32607;POLYGON((-684728 3156004,-486036 3137866,-503930 2914349,-706385 2931606,-684728 3156004))
32608;POLYGON((-1286192 3231802,-1084672 3202862,-1114184 2976221,-1319837 3003799,-1286192 3231802))
32609;POLYGON((-1898531 3342393,-1692991 3301398,-1735425 3070193,-1945669 3109351,-1898531 3342393))
32610;POLYGON((-2525227 3492699,-2314526 3437801,-2371836 3200625,-2588067 3253235,-2525227 3492699))
32611;POLYGON((-3169507 3689731,-2952611 3618327,-3027580 3373879,-3251159 3442608,-3169507 3689731))
32612;POLYGON((-3834115 3943186,-3610181 3851700,-3706671 3598932,-3938872 3687490,-3834115 3943186))
32613;POLYGON((-4520968 4266266,-4289474 4149846,-4412772 3888219,-4654686 4001710,-4520968 4266266))
32614;POLYGON((-5230682 4676776,-4991604 4528896,-5148885 4258803,-5401299 4404201,-5230682 4676776))
32615;POLYGON((-5961947 5198562,-5715981 5010496,-5916930 4733939,-6180148 4920710,-5961947 5198562))
32616;POLYGON((-6710716 5863372,-6459573 5623525,-6717176 5345123,-6990802 5586035,-6710716 5863372))
32617;POLYGON((-7469202 6713210,-7215963 6406272,-7547525 6134737,-7830185 6446895,-7469202 6713210))
32618;POLYGON((-8224649 7803298,-7974205 7409183,-8402619 7159409,-8691622 7565551,-8224649 7803298))
32619;POLYGON((-8957862 9205729,-8717429 8698273,-9272763 8494209,-9563696 9024324,-8957862 9205729))
32620;POLYGON((-9641469 11013941,-9421197 10359314,-10142629 10237846,-10428876 10931150,-9641469 11013941))
32621;POLYGON((-10237895 13348131,-10051581 12502917,-10989740 12519004,-11261924 13426334,-10237895 13348131))
32622;POLYGON((-10697025 16361734,-10562924 15270646,-11782712 15503994,-12028049 16690683,-10697025 16361734))
32623;POLYGON((-10953539 20249136,-10895294 18842298,-12479227 19405910,-12680791 20955208,-10953539 20249136))
32624;POLYGON((-10923885 25254743,-10971574 23444508,-13023729 24495480,-13159620 26512584,-10923885 25254743))
32625;POLYGON((-10502883 31683601,-10694195 29360825,-13344825 31113825,-13387231 33730592,-10502883 31683601))
32626;POLYGON((-9559921 39913713,-9941471 36943451,-13352366 39687345,-13266517 43067768,-9559921 39913713))
32627;POLYGON((-7934740 50410259,-8563520 46626805,-12934194 50744967,-12677201 55091491,-7934740 50410259))
32628;POLYGON((-5432768 63741907,-6377754 58943107,-11952542 64938008,-11472116 70498777,-5432768 63741907))
32629;POLYGON((-1819988 80599403,-3163905 74540195,-10240060 83062908,-9473101 90140031,-1819988 80599403))
32630;POLYGON((3182671 101816687,1341424 94201768,-7595452 106087114,-6466507 115046037,3182671 101816687))
32631;POLYGON((9905469 128394720,7450720 118870288,-3778717 135178394,-2198300 146458486,9905469 128394720))
32632;POLYGON((18736508 161528285,15532028 149672759,1494044 171737887,3631281 185864343,18736508 161528285))
32633;POLYGON((30128948 202635996,26015987 187949644,8556257 217437197,11373500 235034359,30128948 202635996))
32634;POLYGON((44608792 253393766,39403416 235287145,17796962 274259868,21437371 296066076,44608792 253393766))
32635;POLYGON((62783281 315771995,56273508 293553126,29667379 344547560,34296383 371431653,62783281 315771995))
32636;POLYGON((-43608792 253393766,-49223942 272788791,-24387761 319461421,-20437371 296066076,-43608792 253393766))
32637;POLYGON((-29128948 202635996,-33584286 218392158,-13448174 253946411,-10373500 235034359,-29128948 202635996))
32638;POLYGON((-17736508 161528285,-21224989 174267713,-4980558 201073022,-2631281 185864343,-17736508 161528285))
32639;POLYGON((-8905469 128394720,-11593932 138645705,1444821 158624403,3198300 146458486,-8905469 128394720))
32640;POLYGON((-2182671 101816687,-4214568 110025653,6197760 124725883,7466507 115046037,-2182671 101816687))
32641;POLYGON((2819988 80599403,1322060 87141661,9594520 97800395,10473101 90140031,2819988 80599403))
32642;POLYGON((6432768 63741907,5364728 68931292,11903767 76528507,12472116 70498777,6432768 63741907))
32643;POLYGON((8934740 50410259,8208864 54507723,13352044 59812707,13677201 55091491,8934740 50410259))
32644;POLYGON((10559921 39913713,10102852 43134951,14128821 46745632,14266517 43067768,10559921 39913713))
32645;POLYGON((11502883 31683601,11253819 34205802,14391124 36581929,14387231 33730592,11502883 31683601))
32646;POLYGON((11923885 25254743,11832922 27222520,14267760 28713458,14159620 26512584,11923885 25254743))
32647;POLYGON((11953539 20249136,11980165 21779721,13863169 22647540,13680791 20955208,11953539 20249136))
32648;POLYGON((11697025 16361734,11808762 17549501,13260902 17987996,13028049 16690683,11697025 16361734))
32649;POLYGON((11237895 13348131,11409079 14268499,12526767 14418714,12261924 13426334,11237895 13348131))
32650;POLYGON((10641469 11013941,10852157 11726738,11711631 11689496,11428876 10931150,10641469 11013941))
32651;POLYGON((9957862 9205729,10192868 9758052,10853926 9603959,10563696 9024324,9957862 9205729))
32652;POLYGON((9224649 7803298,9472689 8231942,9981858 8009274,9691622 7565551,9224649 7803298))
32653;POLYGON((8469202 6713210,8722155 7046704,9115334 6787532,8830185 6446895,8469202 6713210))
32654;POLYGON((7710716 5863372,7962979 6123669,8267650 5848547,7990802 5586035,7710716 5863372))
32655;POLYGON((6961947 5198562,7209888 5402436,7446922 5123920,7180148 4920710,6961947 5198562))
32656;POLYGON((6230682 4676776,6472177 4836956,6657310 4562195,6401299 4404201,6230682 4676776))
32657;POLYGON((5520968 4266266,5755017 4392351,5900033 4124954,5654686 4001710,5520968 4266266))
32658;POLYGON((4834115 3943186,5060532 4042371,5174201 3783710,4938872 3687490,4834115 3943186))
32659;POLYGON((4169507 3689731,4388669 3767376,4477477 3517474,4251159 3442608,4169507 3689731))
32660;POLYGON((3525227 3492699,3737885 3552768,3806598 3310877,3588067 3253235,3525227 3492699))
