32701;POLYGON((1997689 5655083,2175237 5619552,2126638 5395323,1954618 5431263,1997689 5655083))
32702;POLYGON((1467196 5736624,1643703 5713520,1611288 5490436,1439944 5513852,1467196 5736624))
32703;POLYGON((939122 5782371,1114952 5770992,1097776 5548706,926893 5560253,939122 5782371))
32704;POLYGON((412201 5793713,587798 5793713,585360 5571763,414639 5571763,412201 5793713))
32705;POLYGON((-114952 5770992,60877 5782371,73106 5560253,-97776 5548706,-114952 5770992))
32706;POLYGON((-643703 5713520,-467196 5736624,-439944 5513852,-611288 5490436,-643703 5713520))
32707;POLYGON((-1175237 5619552,-997689 5655083,-954618 5431263,-1126638 5395323,-1175237 5619552))
32708;POLYGON((-1710386 5486217,-1531572 5535262,-1471424 5310178,-1644180 5260710,-1710386 5486217))
32709;POLYGON((-2249377 5309424,-2069306 5373490,-1990320 5147218,-2163629 5082846,-2249377 5309424))
32710;POLYGON((-2791508 5083739,-2610543 5164795,-2510420 4937870,-2683730 4856828,-2791508 5083739))
32711;POLYGON((-3334704 4802253,-3153722 4902773,-3029585 4676432,-3201818 4576549,-3334704 4802253))
32712;POLYGON((-3874930 4456451,-3695536 4579460,-3543901 4355981,-3713249 4234680,-3874930 4456451))
32713;POLYGON((-4405434 4036107,-4230235 4185208,-4047008 3968403,-4210664 3822731,-4405434 4036107))
32714;POLYGON((-4915803 3529225,-4748745 3708615,-4529246 3504503,-4683082 3331193,-4915803 3529225))
32715;POLYGON((-5390779 2922047,-5237569 3136503,-4976608 2954247,-5114775 2749829,-5390779 2922047))
32716;POLYGON((-5808840 2199167,-5677446 2453996,-5369462 2307156,-5483910 2068139,-5808840 2199167))
32717;POLYGON((-6140486 1343769,-6041746 1644711,-5681022 1552922,-5760928 1276048,-6140486 1343769))
32718;POLYGON((-6346238 338044,-6294559 691112,-5875542 682274,-5906645 364879,-6346238 338044))
32719;POLYGON((-6374280 -836197,-6388463 -424945,-5906206 -311828,-5870029 -671338,-6374280 -836197))
32720;POLYGON((-6157761 -2196654,-6261943 -1721438,-5712688 -1432638,-5585648 -1834170,-6157761 -2196654))
32721;POLYGON((-5611697 -3759376,-5836430 -3215116,-5218360 -2677604,-4970754 -3118600,-5611697 -3759376))
32722;POLYGON((-4629458 -5537252,-5012924 -4920110,-4327115 -4035853,-3921971 -4510319,-4629458 -5537252))
32723;POLYGON((-3078813 -7538110,-3668197 -6846174,-2919787 -5485076,-2311582 -5982402,-3078813 -7538110))
32724;POLYGON((-797505 -9762360,-1650523 -8996485,-850145 -6987748,16642 -7491285,-797505 -9762360))
32725;POLYGON((2411670 -12200130,1225076 -11364948,2059586 -8486593,3252062 -8971953,2411670 -12200130))
32726;POLYGON((6786325 -14827820,5182102 -13932961,6023669 -9899194,7622294 -10332256,6786325 -14827820))
32727;POLYGON((12610469 -17604028,10488397 -16665551,11298320 -11111678,13398841 -11446250,12610469 -17604028))
32728;POLYGON((20221104 -20464754,17462531 -19506830,18187699 -11971340,20903275 -12146460,20221104 -20464754))
32729;POLYGON((30015411 -23317835,26480786 -22374693,27050471 -12278144,30513984 -12214960,30015411 -23317835))
32730;POLYGON((42458580 -26036513,37984773 -25154684,38306939 -11774940,42673510 -11373164,42458580 -26036513))
32731;POLYGON((58092297 -28452078,52489694 -27692956,52446800 -10136337,57896513 -9270199,58092297 -28452078))
32732;POLYGON((77543932 -30345476,70593294 -29788233,70037532 -6956061,76778376 -5469751,77543932 -30345476))
32733;POLYGON((101536430 -31437831,92985514 -31182708,91733445 -1732713,100004481 564753,101536430 -31437831))
32734;POLYGON((-119458886 -31551762,120458886 -31551762,118285418 6146230,-117285418 6146230,-119458886 -31551762))
32735;POLYGON((-91985514 -31182708,-100536430 -31437831,-99004481 564753,-90733445 -1732713,-91985514 -31182708))
32736;POLYGON((-69593294 -29788233,-76543932 -30345476,-75778376 -5469751,-69037532 -6956061,-69593294 -29788233))
32737;POLYGON((-51489694 -27692956,-57092297 -28452078,-56896513 -9270199,-51446800 -10136337,-51489694 -27692956))
32738;POLYGON((-36984773 -25154684,-41458580 -26036513,-41673510 -11373164,-37306939 -11774940,-36984773 -25154684))
32739;POLYGON((-25480786 -22374693,-29015411 -23317835,-29513984 -12214960,-26050471 -12278144,-25480786 -22374693))
32740;POLYGON((-16462531 -19506830,-19221104 -20464754,-19903275 -12146460,-17187699 -11971340,-16462531 -19506830))
32741;POLYGON((-9488397 -16665551,-11610469 -17604028,-12398841 -11446250,-10298320 -11111678,-9488397 -16665551))
32742;POLYGON((-4182102 -13932961,-5786325 -14827820,-6622294 -10332256,-5023669 -9899194,-4182102 -13932961))
32743;POLYGON((-225076 -11364948,-1411670 -12200130,-2252062 -8971953,-1059586 -8486593,-225076 -11364948))
32744;POLYGON((2650523 -8996485,1797505 -9762360,983357 -7491285,1850145 -6987748,2650523 -8996485))
32745;POLYGON((4668197 -6846174,4078813 -7538110,3311582 -5982402,3919787 -5485076,4668197 -6846174))
32746;POLYGON((6012924 -4920110,5629458 -5537252,4921971 -4510319,5327115 -4035853,6012924 -4920110))
32747;POLYGON((6836430 -3215116,6611697 -3759376,5970754 -3118600,6218360 -2677604,6836430 -3215116))
32748;POLYGON((7261943 -1721438,7157761 -2196654,6585648 -1834170,6712688 -1432638,7261943 -1721438))
32749;POLYGON((7388463 -424945,7374280 -836197,6870029 -671338,6906206 -311828,7388463 -424945))
32750;POLYGON((7294559 691112,7346238 338044,6906645 364879,6875542 682274,7294559 691112))
32751;POLYGON((7041746 1644711,7140486 1343769,6760928 1276048,6681022 1552922,7041746 1644711))
32752;POLYGON((6677446 2453996,6808840 2199167,6483910 2068139,6369462 2307156,6677446 2453996))
32753;POLYGON((6237569 3136503,6390779 2922047,6114775 2749829,5976608 2954247,6237569 3136503))
32754;POLYGON((5748745 3708615,5915803 3529225,5683082 3331193,5529246 3504503,5748745 3708615))
32755;POLYGON((5230235 4185208,5405434 4036107,5210664 3822731,5047008 3968403,5230235 4185208))
32756;POLYGON((4695536 4579460,4874930 4456451,4713249 4234680,4543901 4355981,4695536 4579460))
32757;POLYGON((4153722 4902773,4334704 4802253,4201818 4576549,4029585 4676432,4153722 4902773))
32758;POLYGON((3610543 5164795,3791508 5083739,3683730 4856828,3510420 4937870,3610543 5164795))
32759;POLYGON((3069306 5373490,3249377 5309424,3163629 5082846,2990320 5147218,3069306 5373490))
32760;POLYGON((2531572 5535262,2710386 5486217,2644180 5260710,2471424 5310178,2531572 5535262))
