32701;POLYGON((2799956 5459899,2979419 5403559,2903717 5177463,2730642 5234187,2799956 5459899))
32702;POLYGON((2264163 5600158,2442328 5558031,2385134 5333162,2212741 5375718,2264163 5600158))
32703;POLYGON((1732071 5700456,1909059 5671250,1868700 5447626,1697037 5477201,1732071 5700456))
32704;POLYGON((1202931 5763860,1379048 5746684,1354342 5524051,1183262 5541471,1202931 5763860))
32705;POLYGON((675603 5792297,851258 5786629,841487 5564573,670725 5570327,675603 5792297))
32706;POLYGON((148741 5786629,324396 5792297,329274 5570327,158512 5564573,148741 5786629))
32707;POLYGON((-379048 5746684,-202931 5763860,-183262 5541471,-354342 5524051,-379048 5746684))
32708;POLYGON((-909059 5671250,-732071 5700456,-697037 5477201,-868700 5447626,-909059 5671250))
32709;POLYGON((-1442328 5558031,-1264163 5600158,-1212741 5375718,-1385134 5333162,-1442328 5558031))
32710;POLYGON((-1979419 5403559,-1799956 5459899,-1730642 5234187,-1903717 5177463,-1979419 5403559))
32711;POLYGON((-2520141 5203089,-2339550 5275373,-2250319 5048670,-2423725 4976209,-2520141 5203089))
32712;POLYGON((-3063172 4950465,-2882048 5040910,-2770315 4814066,-2943262 4723901,-3063172 4950465))
32713;POLYGON((-3605537 4637990,-3425092 4749341,-3287680 4524063,-3458752 4413818,-3605537 4637990))
32714;POLYGON((-4141950 4256305,-3964252 4391872,-3797371 4171134,-3964297 4038039,-4141950 4256305))
32715;POLYGON((-4663960 3794303,-4492239 3957986,-4291495 3746605,-4450854 3587538,-4663960 3794303))
32716;POLYGON((-5158895 3239099,-4997919 3435390,-4758365 3240820,-4905223 3052396,-5158895 3239099))
32717;POLYGON((-5608559 2576092,-5465097 2810040,-5181335 2643463,-5308808 2422174,-5608559 2576092))
32718;POLYGON((-5987672 1789129,-5871046 2066275,-5537404 1944048,-5636133 1686482,-5987672 1789129))
32719;POLYGON((-6262018 860835,-6184754 1187078,-5795551 1132658,-5853083 835803,-6262018 860835))
32720;POLYGON((-6386264 -226881,-6364856 154529,-5914779 200968,-5914848 -137373,-6386264 -226881))
32721;POLYGON((-6301438 -1492091,-6357229 -1049547,-5841842 -856392,-5763538 -1237058,-6301438 -1492091))
32722;POLYGON((-5932035 -2951832,-6092227 -2442666,-5508636 -2040053,-5325451 -2461826,-5932035 -2951832))
32723;POLYGON((-5182714 -4620787,-5481512 -4040462,-4829215 -3343654,-4507964 -3802392,-5182714 -4620787))
32724;POLYGON((-3934568 -6509578,-4414475 -5855127,-3696416 -4751032,-3196022 -5238595,-3934568 -6509578))
32725;POLYGON((-2040937 -8622650,-2754201 -7893427,-1978071 -6232789,-1248200 -6735742,-2040937 -8622650))
32726;POLYGON((677262 -10955664,-332964 -10154274,487234 -7742142,1507687 -8240196,677262 -10955664))
32727;POLYGON((4436724 -13492353,3052782 -12625763,3894871 -9209973,5279456 -9674144,4436724 -13492353))
32728;POLYGON((9497471 -16200768,7647948 -15281629,8479361 -10538991,10315930 -10929437,9497471 -16200768))
32729;POLYGON((16169151 -19028855,13744905 -18077054,14520110 -11596896,16912838 -11860403,16169151 -19028855))
32730;POLYGON((24817915 -21899280,21690168 -20943756,22347675 -12208459,25419280 -12275534,24817915 -21899280))
32731;POLYGON((35873929 -24703442,31891689 -23784276,32350608 -12146390,36244766 -11927938,35873929 -24703442))
32732;POLYGON((49839530 -27294590,44826802 -26465402,44982904 -11120901,49866862 -10504430,49839530 -27294590))
32733;POLYGON((67298052 -29479956,61050817 -28810642,60772059 -8767838,66839473 -7613161,67298052 -29479956))
32734;POLYGON((88923369 -31011834,81206325 -30591665,80327793 -4635249,87801778 -2769649,88923369 -31011834))
32735;POLYGON((115490162 -31577507,106033216 -31518617,104351441 1831710,113487856 4618918,115490162 -31577507))
32736;POLYGON((-105033216 -31518617,-114490162 -31577507,-112487856 4618918,-103351441 1831710,-105033216 -31518617))
32737;POLYGON((-80206325 -30591665,-87923369 -31011834,-86801778 -2769649,-79327793 -4635249,-80206325 -30591665))
32738;POLYGON((-60050817 -28810642,-66298052 -29479956,-65839473 -7613161,-59772059 -8767838,-60050817 -28810642))
32739;POLYGON((-43826802 -26465402,-48839530 -27294590,-48866862 -10504430,-43982904 -11120901,-43826802 -26465402))
32740;POLYGON((-30891689 -23784276,-34873929 -24703442,-35244766 -11927938,-31350608 -12146390,-30891689 -23784276))
32741;POLYGON((-20690168 -20943756,-23817915 -21899280,-24419280 -12275534,-21347675 -12208459,-20690168 -20943756))
32742;POLYGON((-12744905 -18077054,-15169151 -19028855,-15912838 -11860403,-13520110 -11596896,-12744905 -18077054))
32743;POLYGON((-6647948 -15281629,-8497471 -16200768,-9315930 -10929437,-7479361 -10538991,-6647948 -15281629))
32744;POLYGON((-2052782 -12625763,-3436724 -13492353,-4279456 -9674144,-2894871 -9209973,-2052782 -12625763))
32745;POLYGON((1332964 -10154274,322737 -10955664,-507687 -8240196,512765 -7742142,1332964 -10154274))
32746;POLYGON((3754201 -7893427,3040937 -8622650,2248200 -6735742,2978071 -6232789,3754201 -7893427))
32747;POLYGON((5414475 -5855127,4934568 -6509578,4196022 -5238595,4696416 -4751032,5414475 -5855127))
32748;POLYGON((6481512 -4040462,6182714 -4620787,5507964 -3802392,5829215 -3343654,6481512 -4040462))
32749;POLYGON((7092227 -2442666,6932035 -2951832,6325451 -2461826,6508636 -2040053,7092227 -2442666))
32750;POLYGON((7357229 -1049547,7301438 -1492091,6763538 -1237058,6841842 -856392,7357229 -1049547))
32751;POLYGON((7364856 154529,7386264 -226881,6914848 -137373,6914779 200968,7364856 154529))
32752;POLYGON((7184754 1187078,7262018 860835,6853083 835803,6795551 1132658,7184754 1187078))
32753;POLYGON((6871046 2066275,6987672 1789129,6636133 1686482,6537404 1944048,6871046 2066275))
32754;POLYGON((6465097 2810040,6608559 2576092,6308808 2422174,6181335 2643463,6465097 2810040))
32755;POLYGON((5997919 3435390,6158895 3239099,5905223 3052396,5758365 3240820,5997919 3435390))
32756;POLYGON((5492239 3957986,5663960 3794303,5450854 3587538,5291495 3746605,5492239 3957986))
32757;POLYGON((4964252 4391872,5141950 4256305,4964297 4038039,4797371 4171134,4964252 4391872))
32758;POLYGON((4425092 4749341,4605537 4637990,4458752 4413818,4287680 4524063,4425092 4749341))
32759;POLYGON((3882048 5040910,4063172 4950465,3943262 4723901,3770315 4814066,3882048 5040910))
32760;POLYGON((3339550 5275373,3520141 5203089,3423725 4976209,3250319 5048670,3339550 5275373))
