32601;POLYGON((2430358 5652763,2576809 5708241,2661871 5489569,2508635 5433376,2430358 5652763))
32602;POLYGON((1988184 5513125,2135971 5555296,2201129 5334820,2046988 5292244,1988184 5513125))
32603;POLYGON((1543165 5411917,1691732 5441506,1738182 5220026,1583591 5190223,1543165 5411917))
32604;POLYGON((1096557 5347346,1245545 5364884,1274173 5142890,1119385 5125252,1096557 5347346))
32605;POLYGON((649187 5318235,798356 5324045,809720 5101830,654863 5095992,649187 5318235))
32606;POLYGON((201643 5324045,350812 5318235,345136 5095992,190279 5101830,201643 5324045))
32607;POLYGON((-245545 5364884,-96557 5347346,-119385 5125252,-274173 5142890,-245545 5364884))
32608;POLYGON((-691732 5441506,-543165 5411917,-583591 5190223,-738182 5220026,-691732 5441506))
32609;POLYGON((-1135971 5555296,-988184 5513125,-1046988 5292244,-1201129 5334820,-1135971 5555296))
32610;POLYGON((-1576809 5708241,-1430358 5652763,-1508635 5433376,-1661871 5489569,-1576809 5708241))
32611;POLYGON((-2012047 5902864,-1867765 5833184,-1966898 5616371,-2118482 5687239,-2012047 5902864))
32612;POLYGON((-2438443 6142106,-2297547 6057208,-2419150 5844597,-2567922 5931378,-2438443 6142106))
32613;POLYGON((-2851354 6429119,-2715572 6327945,-2861395 6121900,-3005640 6225947,-2851354 6429119))
32614;POLYGON((-3244307 6766951,-3116031 6648523,-3287795 6452372,-3425064 6575041,-3244307 6766951))
32615;POLYGON((-3608463 7158064,-3490938 7021664,-3690104 6839965,-3816994 6982452,-3608463 7158064))
32616;POLYGON((-3931994 7603653,-3829540 7449076,-4056959 7287931,-4168850 7451033,-3931994 7603653))
32617;POLYGON((-4199324 8102692,-4117600 7930597,-4373041 7798014,-4463779 7981795,-4199324 8102692))
32618;POLYGON((-4390251 8650671,-4336566 8463043,-4618074 8369340,-4679599 8572685,-4390251 8650671))
32619;POLYGON((-4478913 9237928,-4462586 9038680,-4765642 8996942,-4787554 9216966,-4478913 9237928))
32620;POLYGON((-4432596 9847527,-4465374 9643267,-4781819 9669834,-4750874 9901134,-4432596 9847527))
32621;POLYGON((-4210374 10452575,-4306903 10253563,-4623588 10368567,-4523120 10602267,-4210374 10452575))
32622;POLYGON((-3761550 11012915,-3939919 10834244,-4237028 11062163,-4046291 11284745,-3761550 11012915))
32623;POLYGON((-3023906 11471079,-3306251 11334112,-3555256 11704343,-3248685 11896216,-3023906 11471079))
32624;POLYGON((-1921733 11747410,-2334921 11681503,-2496117 12228949,-2042491 12362718,-1921733 11747410))
32625;POLYGON((-363630 11734246,-940016 11778798,-959581 12544434,-321094 12582844,-363630 11734246))
32626;POLYGON((1759935 11289037,981664 11495914,1175145 12527324,2043916 12420827,1759935 11289037))
32627;POLYGON((4579327 10226296,3553224 10662648,4052826 12014518,5206064 11698429,4579327 10226296))
32628;POLYGON((8248706 8308235,6920545 9059771,7845731 10794303,9347631 10185489,8248706 8308235))
32629;POLYGON((12949281 5233953,11255441 6408716,12757515 8595933,14683662 7589005,12949281 5233953))
32630;POLYGON((18892864 627051,16759110 2359732,19027470 5077651,21466335 3540594,18892864 627051))
32631;POLYGON((26325728 -5978494,23665887 -3521649,26935151 -187016,29989722 -2417822,26325728 -5978494))
32632;POLYGON((35532791 -15154350,32247324 -11769976,36805401 -7724838,40594953 -10850252,35532791 -15154350))
32633;POLYGON((46842147 -27595888,42816600 -23037244,49013797 -18180495,53675798 -22444976,46842147 -27595888))
32634;POLYGON((60629941 -44142472,55733276 -38112422,63992521 -32336419,69684693 -38035154,60629941 -44142472))
32635;POLYGON((77325613 -65800143,71408422 -57943316,82236689 -51135005,89139214 -58621885,77325613 -65800143))
32636;POLYGON((-70408422 -57943316,-76325613 -65800143,-88139214 -58621885,-81236689 -51135005,-70408422 -57943316))
32637;POLYGON((-54733276 -38112422,-59629941 -44142472,-68684693 -38035154,-62992521 -32336419,-54733276 -38112422))
32638;POLYGON((-41816600 -23037244,-45842147 -27595888,-52675798 -22444976,-48013797 -18180495,-41816600 -23037244))
32639;POLYGON((-31247324 -11769976,-34532791 -15154350,-39594953 -10850252,-35805401 -7724838,-31247324 -11769976))
32640;POLYGON((-22665887 -3521649,-25325728 -5978494,-28989722 -2417822,-25935151 -187016,-22665887 -3521649))
32641;POLYGON((-15759110 2359732,-17892864 627051,-20466335 3540594,-18027470 5077651,-15759110 2359732))
32642;POLYGON((-10255441 6408716,-11949281 5233953,-13683662 7589005,-11757515 8595933,-10255441 6408716))
32643;POLYGON((-5920545 9059771,-7248706 8308235,-8347631 10185489,-6845731 10794303,-5920545 9059771))
32644;POLYGON((-2553224 10662648,-3579327 10226296,-4206064 11698429,-3052826 12014518,-2553224 10662648))
32645;POLYGON((18335 11495914,-759935 11289037,-1043916 12420827,-175145 12527324,18335 11495914))
32646;POLYGON((1940016 11778798,1363630 11734246,1321094 12582844,1959581 12544434,1940016 11778798))
32647;POLYGON((3334921 11681503,2921733 11747410,3042491 12362718,3496117 12228949,3334921 11681503))
32648;POLYGON((4306251 11334112,4023906 11471079,4248685 11896216,4555256 11704343,4306251 11334112))
32649;POLYGON((4939919 10834244,4761550 11012915,5046291 11284745,5237028 11062163,4939919 10834244))
32650;POLYGON((5306903 10253563,5210374 10452575,5523120 10602267,5623588 10368567,5306903 10253563))
32651;POLYGON((5465374 9643267,5432596 9847527,5750874 9901134,5781819 9669834,5465374 9643267))
32652;POLYGON((5462586 9038680,5478913 9237928,5787554 9216966,5765642 8996942,5462586 9038680))
32653;POLYGON((5336566 8463043,5390251 8650671,5679599 8572685,5618074 8369340,5336566 8463043))
32654;POLYGON((5117600 7930597,5199324 8102692,5463779 7981795,5373041 7798014,5117600 7930597))
32655;POLYGON((4829540 7449076,4931994 7603653,5168850 7451033,5056959 7287931,4829540 7449076))
32656;POLYGON((4490938 7021664,4608463 7158064,4816994 6982452,4690104 6839965,4490938 7021664))
32657;POLYGON((4116031 6648523,4244307 6766951,4425064 6575041,4287795 6452372,4116031 6648523))
32658;POLYGON((3715572 6327945,3851354 6429119,4005640 6225947,3861395 6121900,3715572 6327945))
32659;POLYGON((3297547 6057208,3438443 6142106,3567922 5931378,3419150 5844597,3297547 6057208))
32660;POLYGON((2867765 5833184,3012047 5902864,3118482 5687239,2966898 5616371,2867765 5833184))
