32601;POLYGON((1441116 6773668,1549804 6804255,1613752 6587590,1498223 6555753,1441116 6773668))
32602;POLYGON((1111654 6702495,1221961 6722801,1265486 6502853,1148432 6481751,1111654 6702495))
32603;POLYGON((778711 6661953,889956 6672079,913311 6450163,795381 6439651,778711 6661953))
32604;POLYGON((444223 6651832,555776 6651832,559107 6429147,440892 6429147,444223 6651832))
32605;POLYGON((110043 6672079,221288 6661953,204618 6439651,86688 6450163,110043 6672079))
32606;POLYGON((-221961 6722801,-111654 6702495,-148432 6481751,-265486 6502853,-221961 6722801))
32607;POLYGON((-549804 6804255,-441116 6773668,-498223 6555753,-613752 6587590,-549804 6804255))
32608;POLYGON((-871283 6916800,-764978 6875806,-842717 6662150,-955974 6704920,-871283 6916800))
32609;POLYGON((-1183882 7060831,-1080840 7009299,-1179548 6801562,-1289649 6855484,-1183882 7060831))
32610;POLYGON((-1484683 7236669,-1385927 7174509,-1505896 6974637,-1611783 7039907,-1484683 7236669))
32611;POLYGON((-1770278 7444418,-1677002 7371631,-1818378 7181899,-1918775 7258632,-1770278 7444418))
32612;POLYGON((-2036692 7683768,-1950290 7600517,-2112922 7423547,-2206300 7511692,-2036692 7683768))
32613;POLYGON((-2279314 7953733,-2201396 7860441,-2384653 7699177,-2469188 7798405,-2279314 7953733))
32614;POLYGON((-2492836 8252324,-2425253 8149790,-2627774 8007416,-2701306 8116973,-2492836 8252324))
32615;POLYGON((-2671211 8576124,-2616063 8465675,-2835440 8345439,-2895436 8463961,-2671211 8576124))
32616;POLYGON((-2807615 8919764,-2767264 8803444,-2999645 8708361,-3043155 8833633,-2807615 8919764))
32617;POLYGON((-2894425 9275270,-2871502 9156072,-3111094 9088461,-3134713 9217118,-2894425 9275270))
32618;POLYGON((-2923225 9631269,-2920623 9513418,-3159085 9474220,-3158911 9601383,-2923225 9631269))
32619;POLYGON((-2884808 9972025,-2905682 9861318,-3131380 9849141,-3102972 9967961,-2884808 9972025))
32620;POLYGON((-2769220 10276282,-2816968 10180497,-3014086 10190304,-2952423 10291427,-2769220 10276282))
32621;POLYGON((-2565806 10515894,-2644053 10445274,-2791525 10466643,-2690963 10537554,-2565806 10515894))
32622;POLYGON((-2263287 10654204,-2375857 10622025,-2446109 10636874,-2300338 10661134,-2263287 10654204))
32623;POLYGON((-1849859 10644144,-2000738 10667381,-1958208 10647065,-1760209 10603403,-1849859 10644144))
32624;POLYGON((-1313318 10426033,-1506610 10526131,-1306024 10427769,-1048025 10289027,-1313318 10426033))
32625;POLYGON((-641203 9925026,-881079 10128791,-465455 9890696,-138889 9622609,-641203 9925026))
32626;POLYGON((179023 9048187,-111613 9388805,590033 8924866,994578 8484649,179023 9048187))
32627;POLYGON((1159769 7681139,814264 8199343,1889551 7392180,2382370 6726920,1159769 7681139))
32628;POLYGON((2313079 5684270,1908748 6429657,3464911 5122364,4057236 4167181,2313079 5684270))
32629;POLYGON((3650368 2888422,3183494 3920947,5350775 1907223,6054815 583191,3650368 2888422))
32630;POLYGON((5182117 -909946,4649329 481706,7584790 -2505858,8413785 -4294058,5182117 -909946))
32631;POLYGON((6917541 -5954199,6315930 -4117510,10207737 -8421245,11175999 -10787955,6917541 -5954199))
32632;POLYGON((8864215 -12533583,8191463 -10149942,13263670 -16203246,14386638 -19284782,8864215 -12533583))
32633;POLYGON((11027666 -20989990,10282185 -17939138,16800067 -26285289,18094353 -30243215,11027666 -20989990))
32634;POLYGON((-11592013 -27866198,12592013 -27866198,20867979 -39180108,-19867979 -39180108,-11592013 -27866198))
32635;POLYGON((-9282185 -17939138,-10027666 -20989990,-17094353 -30243215,-15800067 -26285289,-9282185 -17939138))
32636;POLYGON((-7191463 -10149942,-7864215 -12533583,-13386638 -19284782,-12263670 -16203246,-7191463 -10149942))
32637;POLYGON((-5315930 -4117510,-5917541 -5954199,-10175999 -10787955,-9207737 -8421245,-5315930 -4117510))
32638;POLYGON((-3649329 481706,-4182117 -909946,-7413785 -4294058,-6584790 -2505858,-3649329 481706))
32639;POLYGON((-2183494 3920947,-2650368 2888422,-5054815 583191,-4350775 1907223,-2183494 3920947))
32640;POLYGON((-908748 6429657,-1313079 5684270,-3057236 4167181,-2464911 5122364,-908748 6429657))
32641;POLYGON((185735 8199343,-159769 7681139,-1382370 6726920,-889551 7392180,185735 8199343))
32642;POLYGON((1111613 9388805,820976 9048187,5421 8484649,409966 8924866,1111613 9388805))
32643;POLYGON((1881079 10128791,1641203 9925026,1138889 9622609,1465455 9890696,1881079 10128791))
32644;POLYGON((2506610 10526131,2313318 10426033,2048025 10289027,2306024 10427769,2506610 10526131))
32645;POLYGON((3000738 10667381,2849859 10644144,2760209 10603403,2958208 10647065,3000738 10667381))
32646;POLYGON((3375857 10622025,3263287 10654204,3300338 10661134,3446109 10636874,3375857 10622025))
32647;POLYGON((3644053 10445274,3565806 10515894,3690963 10537554,3791525 10466643,3644053 10445274))
32648;POLYGON((3816968 10180497,3769220 10276282,3952423 10291427,4014086 10190304,3816968 10180497))
32649;POLYGON((3905682 9861318,3884808 9972025,4102972 9967961,4131380 9849141,3905682 9861318))
32650;POLYGON((3920623 9513418,3923225 9631269,4158911 9601383,4159085 9474220,3920623 9513418))
32651;POLYGON((3871502 9156072,3894425 9275270,4134713 9217118,4111094 9088461,3871502 9156072))
32652;POLYGON((3767264 8803444,3807615 8919764,4043155 8833633,3999645 8708361,3767264 8803444))
32653;POLYGON((3616063 8465675,3671211 8576124,3895436 8463961,3835440 8345439,3616063 8465675))
32654;POLYGON((3425253 8149790,3492836 8252324,3701306 8116973,3627774 8007416,3425253 8149790))
32655;POLYGON((3201396 7860441,3279314 7953733,3469188 7798405,3384653 7699177,3201396 7860441))
32656;POLYGON((2950290 7600517,3036692 7683768,3206300 7511692,3112922 7423547,2950290 7600517))
32657;POLYGON((2677002 7371631,2770278 7444418,2918775 7258632,2818378 7181899,2677002 7371631))
32658;POLYGON((2385927 7174509,2484683 7236669,2611783 7039907,2505896 6974637,2385927 7174509))
32659;POLYGON((2080840 7009299,2183882 7060831,2289649 6855484,2179548 6801562,2080840 7009299))
32660;POLYGON((1764978 6875806,1871283 6916800,1955974 6704920,1842717 6662150,1764978 6875806))
