32601;POLYGON((1765939 5457843,1914171 5493644,1969844 5272588,1815437 5236490,1765939 5457843))
32602;POLYGON((1320000 5375140,1468814 5398650,1506262 5176867,1351550 5153207,1320000 5375140))
32603;POLYGON((872928 5328407,1022031 5340054,1041978 5117921,887144 5106214,872928 5328407))
32604;POLYGON((425404 5316784,574595 5316784,577432 5094533,422567 5094533,425404 5316784))
32605;POLYGON((-22031 5340054,127071 5328407,112855 5106214,-41978 5117921,-22031 5340054))
32606;POLYGON((-468814 5398650,-320000 5375140,-351550 5153207,-506262 5176867,-468814 5398650))
32607;POLYGON((-914171 5493644,-765939 5457843,-815437 5236490,-969844 5272588,-914171 5493644))
32608;POLYGON((-1356932 5626728,-1209729 5578005,-1278113 5357765,-1431874 5407030,-1356932 5626728))
32609;POLYGON((-1795303 5800167,-1649811 5737709,-1738326 5519444,-1890853 5582829,-1795303 5800167))
32610;POLYGON((-2226603 6016713,-2083833 5939556,-2193988 5724599,-2344342 5803260,-2226603 6016713))
32611;POLYGON((-2646940 6279443,-2508347 6186538,-2641839 5976860,-2788603 6072102,-2646940 6279443))
32612;POLYGON((-3050816 6591508,-2918439 6481818,-3077027 6280234,-3218144 6393428,-3050816 6591508))
32613;POLYGON((-3430646 6955733,-3307278 6828384,-3492589 6638800,-3625163 6771248,-3430646 6955733))
32614;POLYGON((-3776183 7374048,-3665576 7228540,-3878817 7056246,-3998873 7208978,-3776183 7374048))
32615;POLYGON((-4073827 7846674,-3980935 7683185,-4222485 7535186,-4324678 7708681,-4073827 7846674))
32616;POLYGON((-4305809 8371025,-4237074 8190810,-4505931 8076216,-4583205 8270014,-4305809 8371025))
32617;POLYGON((-4449234 8940249,-4412922 8746174,-4705968 8676626,-4749152 8888809,-4449234 8940249))
32618;POLYGON((-4474975 9541347,-4481563 9338564,-4792610 9328711,-4789948 9555241,-4474975 9541347))
32619;POLYGON((-4346393 10152775,-4409014 9949585,-4727596 10017596,-4664211 10251465,-4346393 10152775))
32620;POLYGON((-4017884 10741467,-4152834 10550384,-4462700 10718491,-4319973 10948665,-4017884 10741467))
32621;POLYGON((-3433222 11259164,-3660533 11098219,-3937791 11393289,-3692665 11603409,-3433222 11259164))
32622;POLYGON((-2523704 11637971,-2867787 11532288,-3078658 11986399,-2702850 12153208,-2523704 11637971))
32623;POLYGON((-1206064 11785018,-1696431 11768698,-1794550 12419716,-1253670 12511169,-1206064 11785018))
32624;POLYGON((619843 11576130,-52218 11694478,24562 12586619,771993 12559644,619843 11576130))
32625;POLYGON((3073613 10848375,2177661 11160518,2511038 12344861,3514675 12142723,3073613 10848375))
32626;POLYGON((6297117 9391371,5127323 9973300,5822931 11508243,7141798 11057478,6297117 9391371))
32627;POLYGON((10457617 6937220,8955203 7885307,10147695 9836931,11851502 9043789,10457617 6937220))
32628;POLYGON((15751160 3148927,13847356 4583963,15706250 7026277,17876829 5772638,15751160 3148927))
32629;POLYGON((22406286 -2392839,20021060 -321038,22757415 2693991,25490285 832700,22406286 -2392839))
32630;POLYGON((30688046 -10204799,27728729 -7312165,31602737 -3634475,35008799 -6284910,30688046 -10204799))
32631;POLYGON((40902359 -20918077,37262155 -16980386,42591718 -12542512,46799095 -16203908,40902359 -20918077))
32632;POLYGON((53400712 -35297361,48957090 -30043602,56127475 -24741051,61283497 -29682289,53400712 -35297361))
32633;POLYGON((68585219 -54262361,63198189 -47367313,72672839 -41089571,78946170 -47634138,68585219 -54262361))
32634;POLYGON((-79424309 -69987725,80424309 -69987725,92756908 -62619583,-91756908 -62619583,-79424309 -69987725))
32635;POLYGON((-62198189 -47367313,-67585219 -54262361,-77946170 -47634138,-71672839 -41089571,-62198189 -47367313))
32636;POLYGON((-47957090 -30043602,-52400712 -35297361,-60283497 -29682289,-55127475 -24741051,-47957090 -30043602))
32637;POLYGON((-36262155 -16980386,-39902359 -20918077,-45799095 -16203908,-41591718 -12542512,-36262155 -16980386))
32638;POLYGON((-26728729 -7312165,-29688046 -10204799,-34008799 -6284910,-30602737 -3634475,-26728729 -7312165))
32639;POLYGON((-19021060 -321038,-21406286 -2392839,-24490285 832700,-21757415 2693991,-19021060 -321038))
32640;POLYGON((-12847356 4583963,-14751160 3148927,-16876829 5772638,-14706250 7026277,-12847356 4583963))
32641;POLYGON((-7955203 7885307,-9457617 6937220,-10851502 9043789,-9147695 9836931,-7955203 7885307))
32642;POLYGON((-4127323 9973300,-5297117 9391371,-6141798 11057478,-4822931 11508243,-4127323 9973300))
32643;POLYGON((-1177661 11160518,-2073613 10848375,-2514675 12142723,-1511038 12344861,-1177661 11160518))
32644;POLYGON((1052218 11694478,380156 11576130,228006 12559644,975437 12586619,1052218 11694478))
32645;POLYGON((2696431 11768698,2206064 11785018,2253670 12511169,2794550 12419716,2696431 11768698))
32646;POLYGON((3867787 11532288,3523704 11637971,3702850 12153208,4078658 11986399,3867787 11532288))
32647;POLYGON((4660533 11098219,4433222 11259164,4692665 11603409,4937791 11393289,4660533 11098219))
32648;POLYGON((5152834 10550384,5017884 10741467,5319973 10948665,5462700 10718491,5152834 10550384))
32649;POLYGON((5409014 9949585,5346393 10152775,5664211 10251465,5727596 10017596,5409014 9949585))
32650;POLYGON((5481563 9338564,5474975 9541347,5789948 9555241,5792610 9328711,5481563 9338564))
32651;POLYGON((5412922 8746174,5449234 8940249,5749152 8888809,5705968 8676626,5412922 8746174))
32652;POLYGON((5237074 8190810,5305809 8371025,5583205 8270014,5505931 8076216,5237074 8190810))
32653;POLYGON((4980935 7683185,5073827 7846674,5324678 7708681,5222485 7535186,4980935 7683185))
32654;POLYGON((4665576 7228540,4776183 7374048,4998873 7208978,4878817 7056246,4665576 7228540))
32655;POLYGON((4307278 6828384,4430646 6955733,4625163 6771248,4492589 6638800,4307278 6828384))
32656;POLYGON((3918439 6481818,4050816 6591508,4218144 6393428,4077027 6280234,3918439 6481818))
32657;POLYGON((3508347 6186538,3646940 6279443,3788603 6072102,3641839 5976860,3508347 6186538))
32658;POLYGON((3083833 5939556,3226603 6016713,3344342 5803260,3193988 5724599,3083833 5939556))
32659;POLYGON((2649811 5737709,2795303 5800167,2890853 5582829,2738326 5519444,2649811 5737709))
32660;POLYGON((2209729 5578005,2356932 5626728,2431874 5407030,2278113 5357765,2209729 5578005))
