32601;POLYGON((1544427 6102813,1673613 6134771,1730491 5915588,1594791 5882890,1544427 6102813))
32602;POLYGON((1154454 6029925,1284783 6050423,1322313 5829336,1185648 5808400,1154454 6029925))
32603;POLYGON((762132 5990929,893074 6000198,911720 5778053,774548 5768595,762132 5990929))
32604;POLYGON((368909 5985372,500000 5983521,500000 5761038,362705 5762926,368909 5985372))
32605;POLYGON((-23866 6013191,106925 6000198,88279 5778053,-48768 5791314,-23866 6013191))
32606;POLYGON((-414794 6074709,-284783 6050423,-322313 5829336,-458712 5854153,-414794 6074709))
32607;POLYGON((-802282 6170620,-673613 6134771,-730491 5915588,-865748 5952295,-802282 6170620))
32608;POLYGON((-1184384 6301942,-1057755 6254160,-1134642 6037946,-1268117 6087006,-1184384 6301942))
32609;POLYGON((-1558640 6469934,-1434938 6409778,-1532648 6197909,-1663487 6259887,-1558640 6469934))
32610;POLYGON((-1921897 6675960,-1802263 6602975,-1921679 6397240,-2048742 6472752,-1921897 6675960))
32611;POLYGON((-2270108 6921296,-2156003 6835083,-2297965 6637782,-2419741 6727421,-2270108 6921296))
32612;POLYGON((-2598111 7206840,-2491394 7107163,-2656525 6921204,-2771031 7025423,-2598111 7206840))
32613;POLYGON((-2899376 7532704,-2802393 7419643,-2990852 7248612,-3095521 7367569,-2899376 7532704))
32614;POLYGON((-3165721 7897665,-3081402 7771818,-3292553 7620018,-3384095 7753352,-3165721 7897665))
32615;POLYGON((-3386991 8298426,-3318962 8161178,-3550923 8033599,-3625175 8180136,-3386991 8298426))
32616;POLYGON((-3550693 8728653,-3503402 8582521,-3752458 8484728,-3804199 8642088,-3550693 8728653))
32617;POLYGON((-3641582 9177738,-3620444 9026823,-3880289 8964691,-3903043 9128796,-3641582 9177738))
32618;POLYGON((-3641205 9629244,-3652758 9479783,-3913546 9459069,-3899341 9623502,-3641205 9629244))
32619;POLYGON((-3527379 10058972,-3579466 9920030,-3826621 9945689,-3765729 10100913,-3527379 10058972))
32620;POLYGON((-3273614 10432587,-3375583 10316902,-3588345 10392092,-3468984 10524487,-3273614 10432587))
32621;POLYGON((-2848474 10702750,-3011394 10627747,-3161061 10752447,-2969059 10843139,-2848474 10702750))
32622;POLYGON((-2214859 10805674,-2451774 10794681,-2499581 10963817,-2218008 10987279,-2214859 10805674))
32623;POLYGON((-1329226 10657042,-1655417 10740727,-1550036 10941702,-1158787 10864088,-1329226 10657042))
32624;POLYGON((-140723 10147196,-574011 10365255,-248591 10574765,276065 10351958,-140723 10147196))
32625;POLYGON((1409754 9135528,848690 9538652,1479963 9718644,2165891 9293971,1409754 9135528))
32626;POLYGON((3390603 7443973,2677864 8096119,3723766 8188752,4603506 7490340,3390603 7443973))
32627;POLYGON((5880629 4849523,4988716 5830528,6585581 5751946,7696953 4689677,5880629 4849523))
32628;POLYGON((8970272 1075657,7867666 2484216,10184648 2116971,11571403 578999,8970272 1075657))
32629;POLYGON((12762928 -4217417,11413639 -2260355,14658697 -3076460,16371226 -5227667,12762928 -4217417))
32630;POLYGON((17376375 -11443805,15739453 -8791211,20166130 -10270060,22262229 -13202206,17376375 -11443805))
32631;POLYGON((22944310 -21104363,20973320 -17578816,26888378 -20000969,29434076 -23916975,22944310 -21104363))
32632;POLYGON((29618000 -33800665,27260462 -29189522,35032440 -32917500,38102885 -38061167,29618000 -33800665))
32633;POLYGON((37568051 -50250592,34764832 -44300602,44833618 -49796772,48514034 -56459098,37568051 -50250592))
32634;POLYGON((-39534212 -56711011,43670976 -63717006,56558441 -71564365,-51418598 -63701466,-39534212 -56711011))
32635;POLYGON((-31117181 -38827780,-33764832 -44300602,-43833618 -49796772,-40366659 -43676194,-31117181 -38827780))
32636;POLYGON((-24038002 -24966260,-26260462 -29189522,-34032440 -32917500,-31145862 -28212919,-24038002 -24966260))
32637;POLYGON((-18119207 -14366035,-19973320 -17578816,-25888378 -20000969,-23500427 -16437863,-18119207 -14366035))
32638;POLYGON((-13203285 -6388579,-14739453 -8791211,-19166130 -10270060,-17204800 -7618924,-13203285 -6388579))
32639;POLYGON((-9150872 -501092,-10413639 -2260355,-13658697 -3076460,-12060800 -1146710,-9150872 -501092))
32640;POLYGON((-5839060 3737992,-6867666 2484216,-9184648 2116971,-7894944 3482449,-5839060 3737992))
32641;POLYGON((-3159822 6691944,-3988716 5830528,-5585581 5751946,-4555975 6681652,-3159822 6691944))
32642;POLYGON((-1018552 8657229,-1677864 8096119,-2723766 8188752,-1912559 8786873,-1018552 8657229))
32643;POLYGON((667293 9873686,151309 9538652,-479963 9718644,148835 10068852,667293 9873686))
32644;POLYGON((1969450 10533477,1574011 10365255,1248591 10574765,1725898 10743548,1969450 10533477))
32645;POLYGON((2950002 10788925,2655417 10740727,2550036 10941702,2902279 10981273,2950002 10788925))
32646;POLYGON((3662442 10759338,3451774 10794681,3499581 10963817,3749229 10914632,3662442 10759338))
32647;POLYGON((4152651 10536911,4011394 10627747,4161061 10752447,4327112 10645377,4152651 10536911))
32648;POLYGON((4459784 10191784,4375583 10316902,4588345 10392092,4686767 10250275,4459784 10191784))
32649;POLYGON((4617082 9776368,4579466 9920030,4826621 9945689,4870749 9786105,4617082 9776368))
32650;POLYGON((4652611 9328985,4652758 9479783,4913546 9459069,4914443 9293859,4652611 9328985))
32651;POLYGON((4589920 8876927,4620444 9026823,4880289 8964691,4847066 8802251,4589920 8876927))
32652;POLYGON((4448647 8438984,4503402 8582521,4752458 8484728,4692560 8330617,4448647 8438984))
32653;POLYGON((4245051 8027514,4318962 8161178,4550923 8033599,4470385 7891268,4245051 8027514))
32654;POLYGON((3992495 7650125,4081402 7771818,4292553 7620018,4196219 7491392,3992495 7650125))
32655;POLYGON((3701870 7311008,3802393 7419643,3990852 7248612,3882577 7134558,3701870 7311008))
32656;POLYGON((3381979 7011984,3491394 7107163,3656525 6921204,3539341 6821880,3381979 7011984))
32657;POLYGON((3039869 6753315,3156003 6835083,3297965 6637782,3174232 6552912,3039869 6753315))
32658;POLYGON((2681128 6534316,2802263 6602975,2921679 6397240,2793210 6326308,2681128 6534316))
32659;POLYGON((2310148 6353798,2434938 6409778,2532648 6197909,2400820 6140305,2310148 6353798))
32660;POLYGON((1930357 6210401,2057755 6254160,2134642 6037946,2000491 5993062,1930357 6210401))
