32601;POLYGON((725166 8564043,774699 8572553,816103 8353019,759087 8343308,725166 8564043))
32602;POLYGON((575303 8548694,625413 8552108,644293 8329692,586637 8325798,575303 8548694))
32603;POLYGON((424696 8548694,474889 8546986,471110 8323850,413362 8325798,424696 8548694))
32604;POLYGON((274833 8564043,324613 8557226,298202 8335530,240912 8343308,274833 8564043))
32605;POLYGON((127196 8594623,176069 8582750,127216 8364656,70934 8378211,127196 8594623))
32606;POLYGON((-16732 8640194,30740 8623358,-40194 8411030,-94916 8430269,-16732 8640194))
32607;POLYGON((-155475 8700389,-109894 8678727,-202370 8474329,-254978 8499114,-155475 8700389))
32608;POLYGON((-287570 8774706,-244366 8748401,-357647 8554089,-407585 8584230,-287570 8774706))
32609;POLYGON((-411576 8862499,-371226 8831783,-504362 8649688,-551079 8684943,-411576 8862499))
32610;POLYGON((-526092 8962970,-489059 8928127,-640868 8760337,-683822 8800400,-526092 8962970))
32611;POLYGON((-629783 9075159,-596502 9036526,-765558 8885052,-804228 8929552,-629783 9075159))
32612;POLYGON((-721404 9197947,-692276 9155916,-876901 9022652,-910801 9071147,-721404 9197947))
32613;POLYGON((-799846 9330053,-775225 9285067,-973486 9171742,-1002182 9223721,-799846 9330053))
32614;POLYGON((-864186 9470052,-844354 9422602,-1054083 9330719,-1077219 9385603,-864186 9470052))
32615;POLYGON((-913746 9616396,-898897 9567009,-1117723 9497785,-1135050 9554935,-913746 9616396))
32616;POLYGON((-948172 9767456,-938384 9716681,-1163791 9670974,-1175201 9729708,-948172 9767456))
32617;POLYGON((-967521 9921578,-962723 9869964,-1192140 9848210,-1197711 9907821,-967521 9921578))
32618;POLYGON((-972366 10077169,-972302 10025235,-1203227 10027377,-1203272 10087171,-972366 10077169))
32619;POLYGON((-963916 10232802,-968105 10180996,-1198270 10206433,-1193397 10265769,-963916 10232802))
32620;POLYGON((-944156 10387361,-951840 10336012,-1179437 10383554,-1170612 10441904,-944156 10387361))
32621;POLYGON((-916005 10540218,-926097 10489467,-1150048 10557326,-1138675 10614348,-916005 10540218))
32622;POLYGON((-883491 10691454,-894513 10641180,-1114817 10726979,-1102824 10782611,-883491 10691454))
32623;POLYGON((-851953 10842128,-861967 10791851,-1080122 10892690,-1070055 10947261,-851953 10842128))
32624;POLYGON((-828262 10994602,-834793 10943367,-1054301 11055939,-1049431 11110306,-828262 10994602))
32625;POLYGON((-821066 11152922,-821017 11099166,-1047986 11219947,-1052430 11275654,-821066 11152922))
32626;POLYGON((-841061 11323274,-830621 11264668,-1074473 11390183,-1093323 11449657,-841061 11323274))
32627;POLYGON((-901287 11514505,-875830 11447768,-1150127 11574976,-1189596 11641745,-901287 11514505))
32628;POLYGON((-1017456 11738733,-971427 11659421,-1294823 11786209,-1362400 11865161,-1017456 11738733))
32629;POLYGON((-1208301 12012043,-1135097 11914306,-1532437 12040133,-1637057 12137814,-1208301 12012043))
32630;POLYGON((-1495960 12355281,-1387797 12231589,-1891365 12358296,-2043596 12483241,-1495960 12355281))
32631;POLYGON((-1906393 12794956,-1754167 12635783,-2405099 12768593,-2617344 12931718,-1906393 12794956))
32632;POLYGON((-2469824 13364250,-2262958 13157727,-3112842 13306471,-3399550 13521494,-2469824 13364250))
32633;POLYGON((3469824 13364250,3697533 13589657,4714678 13757419,4399550 13521494,3469824 13364250))
32634;POLYGON((2906393 12794956,3075579 12968466,3852696 13110465,3617344 12931718,2906393 12794956))
32635;POLYGON((2495960 12355281,2617729 12489633,3214358 12619572,3043596 12483241,2495960 12355281))
32636;POLYGON((2208301 12012043,2292231 12117502,2756287 12243525,2637057 12137814,2208301 12012043))
32637;POLYGON((2017456 11738733,2071755 11823459,2441255 11949538,2362400 11865161,2017456 11738733))
32638;POLYGON((1901287 11514505,1932935 11584875,2237534 11711956,2189596 11641745,1901287 11514505))
32639;POLYGON((1841061 11323274,1855948 11384173,2118296 11511109,2093323 11449657,1841061 11323274))
32640;POLYGON((1821066 11152922,1824117 11207992,2061057 11332297,2052430 11275654,1821066 11152922))
32641;POLYGON((1828262 10994602,1823547 11046469,2047162 11164908,2049431 11110306,1828262 10994602))
32642;POLYGON((1851953 10842128,1842796 10892591,2061317 11001639,2070055 10947261,1851953 10842128))
32643;POLYGON((1883491 10691454,1872564 10741655,2091157 10837831,2102824 10782611,1883491 10691454))
32644;POLYGON((1916005 10540218,1905417 10590781,2126853 10670898,2138675 10614348,1916005 10540218))
32645;POLYGON((1944156 10387361,1935530 10438515,2160757 10499838,2170612 10441904,1944156 10387361))
32646;POLYGON((1963916 10232802,1958463 10284484,2187078 10324827,2193397 10265769,1963916 10232802))
32647;POLYGON((1972366 10077169,1970946 10129105,2201593 10146879,2203272 10087171,1972366 10077169))
32648;POLYGON((1967521 9921578,1970702 9973354,2201392 9967569,2197711 9907821,1967521 9921578))
32649;POLYGON((1948172 9767456,1956280 9818571,2184645 9788813,2175201 9729708,1948172 9767456))
32650;POLYGON((1913746 9616396,1926909 9666307,2150408 9612691,2135050 9554935,1913746 9616396))
32651;POLYGON((1864186 9470052,1882373 9518208,2098440 9441316,2077219 9385603,1864186 9470052))
32652;POLYGON((1799846 9330053,1822899 9375917,2029060 9276735,2002182 9223721,1799846 9330053))
32653;POLYGON((1721404 9197947,1749066 9241014,1943011 9120863,1910801 9071147,1721404 9197947))
32654;POLYGON((1629783 9075159,1661722 9114971,1841360 8975436,1804228 8929552,1629783 9075159))
32655;POLYGON((1526092 8962970,1561923 8999116,1725404 8841986,1683822 8800400,1526092 8962970))
32656;POLYGON((1411576 8862499,1450870 8894625,1596600 8721838,1551079 8684943,1411576 8862499))
32657;POLYGON((1287570 8774706,1329874 8802509,1456511 8616107,1407585 8584230,1287570 8774706))
32658;POLYGON((1155475 8700389,1200317 8723621,1306758 8525708,1254978 8499114,1155475 8700389))
32659;POLYGON((1016732 8640194,1063628 8658656,1148996 8451375,1094916 8430269,1016732 8640194))
32660;POLYGON((872803 8594623,921265 8608163,984890 8393673,929065 8378211,872803 8594623))
