32601;POLYGON((1951012 680638,2179031 686584,2184377 457780,1955578 453799,1951012 680638))
32602;POLYGON((1276590 668182,1500082 671466,1503172 447658,1278974 445459,1276590 668182))
32603;POLYGON((610674 663305,832157 664114,833168 442736,611011 442194,610674 663305))
32604;POLYGON((-54040 665736,167842 664114,166831 442736,-55732 443822,-54040 665736))
32605;POLYGON((-724794 675609,-500082 671466,-503172 447658,-728610 450432,-724794 675609))
32606;POLYGON((-1409158 693487,-1179031 686584,-1184377 457780,-1415319 462403,-1409158 693487))
32607;POLYGON((-2115464 720437,-1877030 710355,-1884954 473703,-2124351 480458,-2115464 720437))
32608;POLYGON((-2853330 758188,-2603203 744263,-2614222 496428,-2865540 505766,-2853330 758188))
32609;POLYGON((-3634309 809397,-3368375 790619,-3383280 527521,-3650748 540125,-3634309 809397))
32610;POLYGON((-4472730 878055,-4185845 852912,-4205821 569350,-4494754 586248,-4472730 878055))
32611;POLYGON((-5386756 970106,-5072362 936352,-5099179 625456,-5416382 648177,-5386756 970106))
32612;POLYGON((-6399728 1094327,-6049375 1048653,-6085644 701097,-6439925 731898,-6399728 1094327))
32613;POLYGON((-7541823 1263562,-7144575 1201142,-7194119 804005,-7596919 846185,-7541823 1263562))
32614;POLYGON((-8852084 1496395,-8393799 1410272,-8462147 945431,-8928315 1003753,-8852084 1496395))
32615;POLYGON((-10380876 1819367,-9843339 1699647,-9938381 1141542,-10487096 1222787,-10380876 1819367))
32616;POLYGON((-12192789 2269854,-11552688 2102665,-11685525 1415240,-12341397 1528928,-12192789 2269854))
32617;POLYGON((-14370070 2899742,-13597794 2665914,-13783816 1798506,-14578172 1957803,-14370070 2899742))
32618;POLYGON((-17016604 3780028,-16074850 3453445,-16335090 2335347,-17307466 2558208,-17016604 3780028))
32619;POLYGON((-20262501 5006516,-19104675 4552085,-19467474 3085467,-20667332 3396029,-20262501 5006516))
32620;POLYGON((-24269340 6706758,-22837734 6077948,-23340774 4128753,-24829460 4559043,-24269340 6706758))
32621;POLYGON((-29236116 9048441,-27459845 8184316,-28152596 5570725,-30005546 6162706,-29236116 9048441))
32622;POLYGON((-35405921 12249396,-33198608 11071083,-34145249 7549053,-36454481 8357059,-35405921 12249396))
32623;POLYGON((-43073439 16589430,-40330629 14995961,-41613492 10241297,-44490381 11334910,-43073439 16589430))
32624;POLYGON((-52593269 22424224,-49189554 20287659,-50913168 13874009,-54491528 15341423,-52593269 22424224))
32625;POLYGON((-64389142 30201487,-60174990 27361266,-62470776 18733359,-66910271 20685287,-64389142 30201487))
32626;POLYGON((-78964073 40479652,-73762336 36736064,-76794034 25177440,-82283927 27751623,-78964073 40479652))
32627;POLYGON((-96911501 53949330,-90513590 49056037,-94483482 33650440,-101246744 37016811,-96911501 53949330))
32628;POLYGON((-118927458 71457816,-111089168 65113332,-116245181 44698849,-124542970 49065422,-118927458 71457816))
32629;POLYGON((-145823810 94036911,-136260785 85874937,-142904547 58989892,-153041088 64609441,-145823810 94036911))
32630;POLYGON((-178542633 122934362,-166925445 112512891,-175421385 77332404,-187749253 84509991,-178542633 122934362))
32631;POLYGON((-218171757 159649222,-204120592 146438294,-214906161 100700332,-229831992 109801767,-218171757 159649222))
32632;POLYGON((-265961527 205971439,-249040460 189339453,-262637578 130259098,-280628220 141720400,-265961527 205971439))
32633;POLYGON((-323342839 264026021,-303053677 243224490,-320081487 167395036,-341670617 181732971,-323342839 264026021))
32634;POLYGON((284946677 223903865,304053677 243224490,321081487 167395036,300755562 154078849,284946677 223903865))
32635;POLYGON((234128175 173924882,250040460 189339453,263637578 130259098,246724395 119637619,234128175 173924882))
32636;POLYGON((191926296 134222045,205120592 146438294,215906161 100700332,201895084 92284953,191926296 134222045))
32637;POLYGON((157032578 102898860,167925445 112512891,176421385 77332404,164866349 70711624,157032578 102898860))
32638;POLYGON((128306944 78363928,137260785 85874937,143904547 58989892,134417598 53819150,128306944 78363928))
32639;POLYGON((104760519 59289865,112089168 65113332,117245181 44698849,109490474 40691405,104760519 59289865))
32640;POLYGON((85539689 44576567,91513590 49056037,95483482 33650440,89171712 30569235,85539689 44576567))
32641;POLYGON((69911335 33318501,74762336 36736064,77794034 25177440,72677294 22827853,69911335 33318501))
32642;POLYGON((57249227 24775710,61174990 27361266,63470776 18733359,59337812 16956805,57249227 24775710))
32643;POLYGON((47021495 18348230,50189554 20287659,51913168 13874009,48585022 12542298,47021495 18348230))
32644;POLYGON((38779154 13553651,41330629 14995961,42613492 10241297,39939515 9251692,38779154 13553651))
32645;POLYGON((32145633 10007533,34198608 11071083,35145249 7549053,32999470 6819969,32145633 10007533))
32646;POLYGON((26807244 7406428,28459845 8184316,29152596 5570725,27430419 5038012,26807244 7406428))
32647;POLYGON((22504569 5513257,23837734 6077948,24340774 4128753,22956002 3742497,22504569 5513257))
32648;POLYGON((19024696 4144819,20104675 4552085,20467474 3085467,19349629 2807269,19024696 4144819))
32649;POLYGON((16194271 3161189,17074850 3453445,17335090 2335347,16427022 2136020,16194271 3161189))
32650;POLYGON((13873310 2456820,14597794 2665914,14783816 1798506,14039576 1656145,13873310 2456820))
32651;POLYGON((11949726 1953137,12552688 2102665,12685525 1415240,12068492 1313629,11949726 1953137))
32652;POLYGON((10334534 1592446,10843339 1699647,10938381 1141542,10419623 1068844,10334534 1592446))
32653;POLYGON((8957663 1332984,9393799 1410272,9462147 945431,9018998 893131,8957663 1332984))
32654;POLYGON((7764355 1144956,8144575 1201142,8194119 804005,7808956 766064,7764355 1144956))
32655;POLYGON((6712088 1007402,7049375 1048653,7085644 701097,6744850 673297,6712088 1007402))
32656;POLYGON((5767973 905775,6072362 936352,6099179 625456,5792267 604886,5767973 905775))
32657;POLYGON((4906594 830098,5185845 852912,5205821 569350,4924716 554025,4906594 830098))
32658;POLYGON((4108224 773598,4368375 790619,4383280 527521,4121724 516101,4108224 773598))
32659;POLYGON((3357389 731712,3603203 744263,3614222 496428,3367305 488014,3357389 731712))
32660;POLYGON((2641713 701393,2877030 710355,2884954 473703,2648731 467699,2641713 701393))
