32701;POLYGON((872803 1405376,921265 1391836,857199 1177595,816135 1189153,872803 1405376))
32702;POLYGON((725166 1435956,774699 1427446,732978 1207999,690979 1215269,725166 1435956))
32703;POLYGON((575303 1451305,625413 1447891,606380 1225466,563876 1228384,575303 1451305))
32704;POLYGON((424696 1451305,474889 1453013,478699 1229843,436123 1228384,424696 1451305))
32705;POLYGON((274833 1435956,324613 1442773,351236 1221093,309020 1215269,274833 1435956))
32706;POLYGON((127196 1405376,176069 1417249,225287 1199291,183864 1189153,127196 1405376))
32707;POLYGON((-16732 1359805,30740 1376641,102144 1164627,61941 1150263,-16732 1359805))
32708;POLYGON((-155475 1299610,-109894 1321272,-16911 1117406,-55470 1098945,-155475 1299610))
32709;POLYGON((-287570 1225293,-244366 1251598,-130620 1058053,-167120 1035664,-287570 1225293))
32710;POLYGON((-411576 1137500,-371226 1168216,-237748 987118,-271788 961012,-411576 1137500))
32711;POLYGON((-526092 1037029,-489059 1071872,-337107 905276,-368302 875707,-526092 1037029))
32712;POLYGON((-629783 924840,-596502 963473,-427566 813332,-455557 780597,-629783 924840))
32713;POLYGON((-721404 802052,-692276 844083,-508076 712220,-532536 676657,-721404 802052))
32714;POLYGON((-799846 669946,-775225 714932,-577698 602994,-598343 564980,-799846 669946))
32715;POLYGON((-864186 529947,-844354 577397,-635634 486819,-652236 446765,-864186 529947))
32716;POLYGON((-913746 383603,-898897 432990,-681268 364951,-693672 323289,-913746 383603))
32717;POLYGON((-948172 232543,-938384 283318,-714217 238704,-722355 195880,-948172 232543))
32718;POLYGON((-967521 78421,-962723 130035,-734386 109411,-738302 65861,-967521 78421))
32719;POLYGON((-972366 -77169,-972302 -25235,-742034 -21642,-741906 -65511,-972366 -77169))
32720;POLYGON((-963916 -232802,-968105 -180996,-737851 -153292,-734020 -197136,-963916 -232802))
32721;POLYGON((-944156 -387361,-951840 -336012,-723046 -284594,-716047 -328169,-944156 -387361))
32722;POLYGON((-916005 -540218,-926097 -489467,-699445 -414957,-690042 -458168,-916005 -540218))
32723;POLYGON((-883491 -691454,-894513 -641180,-669603 -544288,-658830 -587249,-883491 -691454))
32724;POLYGON((-851953 -842128,-861967 -791851,-636925 -673189,-626131 -716291,-851953 -842128))
32725;POLYGON((-828262 -994602,-834793 -943367,-605811 -803177,-596709 -847176,-828262 -994602))
32726;POLYGON((-821066 -1152922,-821017 -1099166,-581803 -936954,-576524 -983064,-821066 -1152922))
32727;POLYGON((-841061 -1323274,-830621 -1264668,-571757 -1078716,-572908 -1128730,-841061 -1323274))
32728;POLYGON((-901287 -1514505,-875830 -1447768,-584026 -1234520,-594759 -1290941,-901287 -1514505))
32729;POLYGON((-1017456 -1738733,-971427 -1659421,-628661 -1412703,-652742 -1478900,-1017456 -1738733))
32730;POLYGON((-1208301 -2012043,-1135097 -1914306,-717635 -1624366,-759520 -1704744,-1208301 -2012043))
32731;POLYGON((-1495960 -2355281,-1387797 -2231589,-865073 -1883918,-929996 -1984121,-1495960 -2355281))
32732;POLYGON((-1906393 -2794956,-1754167 -2635783,-1087519 -2209701,-1181577 -2336836,-1906393 -2794956))
32733;POLYGON((-2469824 -3364250,-2262958 -3157727,-1404205 -2624688,-1534458 -2787576,-2469824 -3364250))
32734;POLYGON((3469824 -3364250,3697533 -3589657,2678526 -2964677,2534458 -2787576,3469824 -3364250))
32735;POLYGON((2906393 -2794956,3075579 -2968466,2286865 -2474816,2181577 -2336836,2906393 -2794956))
32736;POLYGON((2495960 -2355281,2617729 -2489633,2003908 -2092433,1929996 -1984121,2495960 -2355281))
32737;POLYGON((2208301 -2012043,2292231 -2117502,1808463 -1791036,1759520 -1704744,2208301 -2012043))
32738;POLYGON((2017456 -1738733,2071755 -1823459,1682226 -1549277,1652742 -1478900,2017456 -1738733))
32739;POLYGON((1901287 -1514505,1932935 -1584875,1609490 -1350200,1594759 -1290941,1901287 -1514505))
32740;POLYGON((1841061 -1323274,1855948 -1384173,1576874 -1180562,1572908 -1128730,1841061 -1323274))
32741;POLYGON((1821066 -1152922,1824117 -1207992,1573072 -1030243,1576524 -983064,1821066 -1152922))
32742;POLYGON((1828262 -994602,1823547 -1046469,1588622 -891716,1596709 -847176,1828262 -994602))
32743;POLYGON((1851953 -842128,1842796 -892591,1615692 -759588,1626131 -716291,1851953 -842128))
32744;POLYGON((1883491 -691454,1872564 -741655,1647883 -630198,1658830 -587249,1883491 -691454))
32745;POLYGON((1916005 -540218,1905417 -590781,1680052 -501271,1690042 -458168,1916005 -540218))
32746;POLYGON((1944156 -387361,1935530 -438515,1708148 -371625,1716047 -328169,1944156 -387361))
32747;POLYGON((1963916 -232802,1958463 -284484,1729063 -240911,1734020 -197136,1963916 -232802))
32748;POLYGON((1972366 -77169,1970946 -129105,1740497 -109406,1741906 -65511,1972366 -77169))
32749;POLYGON((1967521 78421,1970702 26645,1740843 22162,1738302 65861,1967521 78421))
32750;POLYGON((1948172 232543,1956280 181428,1729075 152766,1722355 195880,1948172 232543))
32751;POLYGON((1913746 383603,1926909 333692,1704656 281190,1693672 323289,1913746 383603))
32752;POLYGON((1864186 529947,1882373 481791,1667453 406126,1652236 446765,1864186 529947))
32753;POLYGON((1799846 669946,1822899 624082,1617663 526240,1598343 564980,1799846 669946))
32754;POLYGON((1721404 802052,1749066 758985,1555754 640234,1532536 676657,1721404 802052))
32755;POLYGON((1629783 924840,1661722 885028,1482406 746880,1455557 780597,1629783 924840))
32756;POLYGON((1526092 1037029,1561923 1000883,1398468 845048,1368302 875707,1526092 1037029))
32757;POLYGON((1411576 1137500,1450870 1105374,1304922 933721,1271788 961012,1411576 1137500))
32758;POLYGON((1287570 1225293,1329874 1197490,1202844 1012011,1167120 1035664,1287570 1225293))
32759;POLYGON((1155475 1299610,1200317 1276378,1093388 1079154,1055470 1098945,1155475 1299610))
32760;POLYGON((1016732 1359805,1063628 1341343,977759 1134518,938058 1150263,1016732 1359805))
