32601;POLYGON((1425239 3807583,1611208 3827802,1637106 3604111,1446664 3584489,1425239 3807583))
32602;POLYGON((869504 3769375,1054468 3778426,1067189 3556208,877956 3547434,869504 3769375))
32603;POLYGON((315290 3763959,500000 3762155,500000 3540435,311072 3542183,315290 3763959))
32604;POLYGON((-239686 3791145,-54468 3778426,-67189 3556208,-256725 3568543,-239686 3791145))
32605;POLYGON((-797672 3851882,-611208 3827802,-637106 3604111,-828148 3627491,-797672 3851882))
32606;POLYGON((-1360772 3948309,-1172384 3912017,-1212404 3685932,-1405801 3721240,-1360772 3948309))
32607;POLYGON((-1930794 4083876,-1739924 4034066,-1795553 3804786,-1992063 3853387,-1930794 4083876))
32608;POLYGON((-2509037 4263535,-2315325 4198375,-2388684 3965314,-2588903 4029143,-2509037 4263535))
32609;POLYGON((-3095977 4494003,-2899380 4411038,-2993345 4173985,-3197603 4255671,-3095977 4494003))
32610;POLYGON((-3690836 4784097,-3491786 4680131,-3610153 4439503,-3818368 4542532,-3690836 4784097))
32611;POLYGON((-4290995 5145153,-4090612 5016098,-4238300 4773340,-4449780 4902266,-4290995 5145153))
32612;POLYGON((-4891227 5591537,-4691599 5432233,-4874906 5190422,-5088088 5351129,-4891227 5591537))
32613;POLYGON((-5482724 6141246,-5287255 5945248,-5514167 5709982,-5726291 5910014,-5482724 6141246))
32614;POLYGON((-6051884 6816618,-5865725 6575950,-6146293 6356615,-6352990 6605581,-6051884 6816618))
32615;POLYGON((-6578831 7645155,-6409408 7350019,-6756194 7161580,-6950990 7471639,-6578831 7645155))
32616;POLYGON((-7035649 8660473,-6893284 8298922,-7321893 8164357,-7495615 8550814,-7035649 8660473))
32617;POLYGON((-7384281 9903394,-7282928 9460945,-7812635 9414536,-7952707 9896541,-7384281 9903394))
32618;POLYGON((-7574088 11423181,-7532192 10882392,-8186669 10974049,-8276296 11575434,-7574088 11423181))
32619;POLYGON((-7539024 13278949,-7580504 12618927,-8388672 12919821,-8405897 13670082,-7539024 13278949))
32620;POLYGON((-7194400 15541254,-7349773 14737103,-8346788 15346874,-8263413 16282319,-7194400 15541254))
32621;POLYGON((-6433219 18293883,-6740874 17316084,-7969252 18371955,-7749620 19537033,-6433219 18293883))
32622;POLYGON((-5122036 21635859,-5629670 20449579,-7140581 22137730,-6740202 23586574,-5122036 21635859))
32623;POLYGON((-3096340 25683683,-3862548 24247997,-5717296 26817631,-5081310 28615826,-3096340 25683683))
32624;POLYGON((-155393 30573836,-1251453 28840864,-3523143 32621407,-2584617 34848012,-155393 30573836))
32625;POLYGON((3943460 36465553,2431630 34379506,-343800 39801459,978158 42551303,3943460 36465553))
32626;POLYGON((9491074 43543906,7460755 41040019,4078964 48660033,5881287 52046316,9491074 43543906))
32627;POLYGON((16833389 52023203,14162696 49026568,10053722 59557350,12451646 63714581,16833389 52023203))
32628;POLYGON((26378949 62150742,22924253 58575013,17946402 72920759,21075956 78008046,26378949 62150742))
32629;POLYGON((38607090 74210938,34200214 69956915,28187953 89255003,32208654 95459736,38607090 74210938))
32630;POLYGON((54076815 88529851,48521994 83483924,41282662 109153682,46380438 116695641,54076815 88529851))
32631;POLYGON((73436396 105480152,66506999 99512593,57817154 133312016,64207503 142447930,73436396 105480152))
32632;POLYGON((97433719 125486536,88868711 118449645,78470114 162541006,86401507 173569598,97433719 125486536))
32633;POLYGON((-105608427 132916090,116427561 140757714,104022744 197783093,-93908018 185303515,-105608427 132916090))
32634;POLYGON((-79880187 111786800,-87868711 118449645,-77470114 162541006,-70082194 152179315,-79880187 111786800))
32635;POLYGON((-59063023 93867728,-65506999 99512593,-56817154 133312016,-50883571 124738429,-59063023 93867728))
32636;POLYGON((-42373409 78715546,-47521994 83483924,-40282662 109153682,-35566328 102084066,-42373409 78715546))
32637;POLYGON((-29131055 65940869,-33200214 69956915,-27187953 89255003,-23483593 83445483,-29131055 65940869))
32638;POLYGON((-18748306 55202672,-21924253 58575013,-16946402 72920759,-14077230 68162835,-18748306 55202672))
32639;POLYGON((-10720290 46203183,-13162696 49026568,-9053722 59557350,-6868366 55673493,-10720290 46203183))
32640;POLYGON((-4615811 38683209,-6460755 41040019,-3078964 48660033,-1448613 45499726,-4615811 38683209))
32641;POLYGON((-68927 32417880,-1431630 34379506,1343800 39801459,2528016 37237643,-68927 32417880))
32642;POLYGON((3228781 27212775,2251453 28840864,4523143 32621407,5352564 30547312,3228781 27212775))
32643;POLYGON((5535310 22900403,4862548 24247997,6717296 26817631,7267942 25143960,5535310 22900403))
32644;POLYGON((7064707 19337022,6629670 20449579,8140581 22137730,8475161 20790157,7064707 19337022))
32645;POLYGON((7992961 16399761,7740874 17316084,8969252 18371955,9138987 17288924,7992961 16399761))
32646;POLYGON((8463332 13984032,8349773 14737103,9346788 15346874,9393063 14477665,8463332 13984032))
32647;POLYGON((8591151 12001206,8580504 12618927,9388672 12919821,9344513 12222856,8591151 12001206))
32648;POLYGON((8468112 10376525,8532192 10882392,9186669 10974049,9078064 10415433,8468112 10376525))
32649;POLYGON((8166096 9047245,8282928 9460945,8812635 9414536,8659707 8966779,8166096 9047245))
32650;POLYGON((7740545 7960984,7893284 8298922,8321893 8164357,8139933 7805289,7740545 7960984))
32651;POLYGON((7233417 7074254,7409408 7350019,7756194 7161580,7556559 6873417,7233417 7074254))
32652;POLYGON((6675763 6351164,6865725 6575950,7146293 6356615,6937184 6125175,6675763 6351164))
32653;POLYGON((6089923 5762286,6287255 5945248,6514167 5709982,6301294 5524014,6089923 5762286))
32654;POLYGON((5491415 5283659,5691599 5432233,5874906 5190422,5662052 5041058,5491415 5283659))
32655;POLYGON((4890496 4895923,5090612 5016098,5238300 4773340,5027785 4653628,4890496 4895923))
32656;POLYGON((4293468 4583573,4491786 4680131,4610153 4439503,4403215 4344036,4293468 4583573))
32657;POLYGON((3703725 4334324,3899380 4411038,3993345 4173985,3790448 4098593,3703725 4334324))
32658;POLYGON((3122584 4138571,3315325 4198375,3388684 3965314,3189754 3906817,3122584 4138571))
32659;POLYGON((2549933 3988937,2739924 4034066,2795553 3804786,2600157 3760801,2549933 3988937))
32660;POLYGON((1984707 3879917,2172384 3912017,2212404 3685932,2019883 3654727,1984707 3879917))
