32601;POLYGON((-31828372 -16308306,-35064058 -20090007,-40931809 -16996988,-37135749 -13351163,-31828372 -16308306))
32602;POLYGON((-23348451 -7013998,-25981727 -9796413,-30292020 -7108273,-27217007 -4458058,-23348451 -7013998))
32603;POLYGON((-16485233 -280514,-18609915 -2277568,-21696948 20509,-19228171 1892539,-16485233 -280514))
32604;POLYGON((-10982264 4456012,-12679820 3068684,-14817936 5000788,-12855981 6272592,-10982264 4456012))
32605;POLYGON((-6617510 7655989,-7958362 6735411,-9370846 8331612,-7830052 9147549,-6617510 7655989))
32606;POLYGON((-3199664 9691968,-4244384 9122832,-5111257 10416563,-3918199 10892581,-3199664 9691968))
32607;POLYGON((-564728 10862415,-1365146 10552685,-1830032 11578692,-922126 11806895,-564728 10862415))
32608;POLYGON((1427121 11403794,826900 11280857,650755 12073638,1326539 12126283,1427121 11403794))
32609;POLYGON((2894413 11501114,2457079 11508426,2481565 12101081,2969874 12034053,2894413 11501114))
32610;POLYGON((3937006 11297072,3631194 11391258,3788800 11814690,4126970 11670506,3937006 11297072))
32611;POLYGON((4638480 10899927,4438002 11048289,4677916 11330688,4896937 11141065,4638480 10899927))
32612;POLYGON((5068300 10390226,4951443 10568622,5236233 10735177,5361628 10523227,5068300 10390226))
32613;POLYGON((5283765 9826504,5232670 10017556,5535472 10090354,5588083 9872424,5283765 9826504))
32614;POLYGON((5331763 9250067,5331857 9441660,5634031 9439723,5630718 9226936,5331763 9250067))
32615;POLYGON((5250324 8688966,5289826 8873007,5579007 8812438,5533277 8611956,5250324 8688966))
32616;POLYGON((5070009 8161254,5139483 8332662,5407999 8226854,5330551 8042913,5070009 8161254))
32617;POLYGON((4815126 7677628,4907096 7833514,5150682 7693418,5049893 7528154,4815126 7677628))
32618;POLYGON((4504795 7243531,4613404 7382554,4830193 7216961,4712533 7071062,4504795 7243531))
32619;POLYGON((4153871 6860806,4274590 6982667,4464320 6798505,4334712 6671713,4153871 6860806))
32620;POLYGON((3773744 6528959,3903116 6634017,4066533 6436636,3928662 6328126,3773744 6528959))
32621;POLYGON((3373010 6246109,3508443 6335099,3646853 6128541,3503422 6037202,3373010 6246109))
32622;POLYGON((2958053 6009684,3097634 6083505,3212582 5870758,3065531 5795386,2958053 6009684))
32623;POLYGON((2533521 5816908,2675867 5876486,2768916 5659695,2619598 5599129,2533521 5816908))
32624;POLYGON((2102729 5665131,2246861 5711319,2319446 5491984,2168775 5445193,2102729 5665131))
32625;POLYGON((1667990 5552048,1813231 5585567,1866566 5364700,1715132 5330832,1667990 5552048))
32626;POLYGON((1230894 5475822,1376779 5497226,1411804 5275495,1259973 5253907,1230894 5475822))
32627;POLYGON((792537 5435168,938743 5444823,956095 5222660,804085 5212933,792537 5435168))
32628;POLYGON((353719 5429382,500000 5427455,500000 5205164,347950 5207105,353719 5429382))
32629;POLYGON((-84872 5458365,61256 5444823,43904 5222660,-108063 5236308,-84872 5458365))
32630;POLYGON((-522491 5522619,-376779 5497226,-411804 5275495,-563534 5301118,-522491 5522619))
32631;POLYGON((-958163 5623239,-813231 5585567,-866566 5364700,-1017796 5402794,-958163 5623239))
32632;POLYGON((-1390487 5761883,-1246861 5711319,-1319446 5491984,-1469746 5543262,-1390487 5761883))
32633;POLYGON((-1817418 5940712,-1675867 5876486,-1768916 5659695,-1917598 5725074,-1817418 5940712))
32634;POLYGON((-2236010 6162279,-2097634 6083505,-2212582 5870758,-2358602 5951319,-2236010 6162279))
32635;POLYGON((-2642099 6429349,-2508443 6335099,-2646853 6128541,-2788679 6225471,-2642099 6429349))
32636;POLYGON((-3029931 6744609,-2903116 6634017,-3066533 6436636,-3201994 6551125,-3029931 6744609))
32637;POLYGON((-3391704 7110235,-3274590 6982667,-3464320 6798505,-3590410 6931596,-3391704 7110235))
32638;POLYGON((-3717030 7527274,-3613404 7382554,-3830193 7216961,-3942845 7369325,-3717030 7527274))
32639;POLYGON((-3992292 7994788,-3907096 7833514,-4150682 7693418,-4244495 7865044,-3992292 7994788))
32640;POLYGON((-4199887 8508695,-4139483 8332662,-4407999 8226854,-4475910 8416635,-4199887 8508695))
32641;POLYGON((-4317348 9060260,-4289826 8873007,-4579007 8812438,-4611915 9017618,-4317348 9060260))
32642;POLYGON((-4316326 9634147,-4331857 9441660,-4634031 9439723,-4620357 9655193,-4316326 9634147))
32643;POLYGON((-4161425 10205968,-4232670 10017556,-4535472 10090354,-4460657 10307755,-4161425 10205968))
32644;POLYGON((-3808875 10739239,-3951443 10568622,-4236233 10735177,-4082160 10941801,-3808875 10739239))
32645;POLYGON((-3205032 11181657,-3438002 11048289,-3677916 11330688,-3422267 11508117,-3205032 11181657))
32646;POLYGON((-2284692 11460599,-2631194 11391258,-2788800 11814690,-2404321 11937165,-2284692 11460599))
32647;POLYGON((-969211 11477737,-1457079 11508426,-1481565 12101081,-935252 12133545,-969211 11477737))
32648;POLYGON((835589 11102669,173099 11280857,349244 12073638,1097050 11969425,835589 11102669))
32649;POLYGON((3241736 10165441,2365146 10552685,2830032 11578692,3826649 11276817,3241736 10165441))
32650;POLYGON((6381646 8447841,5244384 9122832,6111257 10416563,7412765 9838562,6381646 8447841))
32651;POLYGON((10410923 5673333,8958362 6735411,10370846 8331612,12043295 7377905,10410923 5673333))
32652;POLYGON((15511407 1495504,13679820 3068684,15817936 5000788,17938668 3546494,15511407 1495504))
32653;POLYGON((21894493 -4515126,19609915 -2277568,22696948 20509,25356033 -2089320,21894493 -4515126))
32654;POLYGON((29804733 -12886086,26981727 -9796413,31292020 -7108273,34593816 -10064067,29804733 -12886086))
32655;POLYGON((39523729 -24259859,36064058 -20090007,41931809 -16996988,45996647 -21030757,39523729 -24259859))
32656;POLYGON((51374341 -39412897,47165530 -33887898,54994679 -30388498,59960679 -35780694,51374341 -39412897))
32657;POLYGON((65725199 -59276905,60638992 -52067528,70914288 -48178474,76939316 -55265664,65725199 -59276905))
32658;POLYGON((-70135336 -67131444,76886264 -75677122,90185591 -71439272,-82356146 -63003555,-70135336 -67131444))
32659;POLYGON((-54860542 -45459868,-59638992 -52067528,-69914288 -48178474,-64261113 -41697484,-54860542 -45459868))
32660;POLYGON((-42219870 -28848355,-46165530 -33887898,-53994679 -30388498,-49345591 -25483569,-42219870 -28848355))
