32701;POLYGON((1280550 6765485,1476637 6750424,1456947 6527113,1264900 6542782,1280550 6765485))
32702;POLYGON((694820 6790365,889768 6785411,882010 6563523,690950 6568681,694820 6790365))
32703;POLYGON((110231 6785411,305179 6790365,309049 6568681,117989 6563523,110231 6785411))
32704;POLYGON((-476637 6750424,-280550 6765485,-264900 6542782,-456947 6527113,-476637 6750424))
32705;POLYGON((-1069186 6683991,-870830 6709769,-842784 6484840,-1036785 6458056,-1069186 6683991))
32706;POLYGON((-1670762 6583368,-1469032 6620937,-1427462 6392611,-1624334 6353662,-1670762 6583368))
32707;POLYGON((-2284575 6444268,-2078422 6495247,-2021604 6262441,-2222170 6209754,-2284575 6444268))
32708;POLYGON((-2913554 6260517,-2702046 6327201,-2627530 6089008,-2832443 6020378,-2913554 6260517))
32709;POLYGON((-3560118 6023559,-3342524 6109101,-3246951 5864950,-3456589 5777388,-3560118 6023559))
32710;POLYGON((-4225832 5721780,-4001751 5830444,-3880609 5580367,-4094918 5469898,-4225832 5721780))
32711;POLYGON((-4910929 5339601,-4680468 5477086,-4527759 5222152,-4746050 5083554,-4910929 5339601))
32712;POLYGON((-5613670 4856285,-5377674 5030163,-5185498 4773139,-5406178 4599608,-5613670 4856285))
32713;POLYGON((-6329528 4244409,-6089875 4464675,-5847889 4211023,-6068123 3993756,-6329528 4244409))
32714;POLYGON((-7050154 3467922,-6810124 3747691,-6504866 3507003,-6720158 3234679,-7050154 3467922))
32715;POLYGON((-7762122 2479719,-7526843 2836093,-7140896 2624114,-7344581 2282256,-7762122 2479719))
32716;POLYGON((-8445412 1218636,-8222394 1673776,-7733360 1515189,-7916002 1085393,-8445412 1218636))
32717;POLYGON((-9071617 -394215,-8871384 188214,-8250636 120386,-8399315 -420607,-9071617 -394215))
32718;POLYGON((-9601848 -2459885,-9438671 -1713711,-8649853 -1635771,-8747342 -2317186,-9601848 -2459885))
32719;POLYGON((-9984310 -5106903,-9877051 -4150721,-8874296 -3847915,-8898107 -4706251,-9984310 -5106903))
32720;POLYGON((-10151528 -8497595,-10124608 -7273107,-8850420 -6633991,-8771729 -7714566,-10151528 -8497595))
32721;POLYGON((-10017201 -12835526,-10101688 -11269784,-8484470 -10140134,-8266883 -11498877,-10017201 -12835526))
32722;POLYGON((-9472651 -18374203,-9707494 -16376562,-7658654 -14546337,-7256841 -16251877,-9472651 -18374203))
32723;POLYGON((-8382858 -25427192,-8816254 -22885770,-6226865 -20073017,-5585021 -22209086,-8382858 -25427192))
32724;POLYGON((-6582043 -34379790,-7272961 -31157395,-4009911 -26988568,-3060057 -29656750,-6582043 -34379790))
32725;POLYGON((-3868781 -45702417,-4888644 -41631882,-790236 -35617995,549662 -38940869,-3868781 -45702417))
32726;POLYGON((-623 -59965906,-1435159 -54844770,3693903 -46352749,5522002 -50477450,-623 -59965906))
32727;POLYGON((5311801 -77858850,3360535 -71443335,9754829 -59661866,12187664 -64764108,5311801 -77858850))
32728;POLYGON((12411227 -100207219,9822636 -92205428,17762419 -76104529,20937368 -82393131,12411227 -100207219))
32729;POLYGON((21700756 -127996416,18333309 -118060698,28151711 -96344177,32229672 -104066131,21700756 -127996416))
32730;POLYGON((33651453 -162395991,29340083 -150114395,41431147 -121164289,46599437 -130610416,33651453 -162395991))
32731;POLYGON((48810555 -204787223,43363854 -189673970,58191501 -151485977,64666979 -162997216,48810555 -204787223))
32732;POLYGON((67810321 -256793781,61007516 -238278688,79115489 -188387518,87147929 -202361898,67810321 -256793781))
32733;POLYGON((-60007516 -238278688,-66810321 -256793781,-86147929 -202361898,-78115489 -188387518,-60007516 -238278688))
32734;POLYGON((-42363854 -189673970,-47810555 -204787223,-63666979 -162997216,-57191501 -151485977,-42363854 -189673970))
32735;POLYGON((-28340083 -150114395,-32651453 -162395991,-45599437 -130610416,-40431147 -121164289,-28340083 -150114395))
32736;POLYGON((-17333309 -118060698,-20700756 -127996416,-31229672 -104066131,-27151711 -96344177,-17333309 -118060698))
32737;POLYGON((-8822636 -92205428,-11411227 -100207219,-19937368 -82393131,-16762419 -76104529,-8822636 -92205428))
32738;POLYGON((-2360535 -71443335,-4311801 -77858850,-11187664 -64764108,-8754829 -59661866,-2360535 -71443335))
32739;POLYGON((2435159 -54844770,1000623 -59965906,-4522002 -50477450,-2693903 -46352749,2435159 -54844770))
32740;POLYGON((5888644 -41631882,4868781 -45702417,450337 -38940869,1790236 -35617995,5888644 -41631882))
32741;POLYGON((8272961 -31157395,7582043 -34379790,4060057 -29656750,5009911 -26988568,8272961 -31157395))
32742;POLYGON((9816254 -22885770,9382858 -25427192,6585021 -22209086,7226865 -20073017,9816254 -22885770))
32743;POLYGON((10707494 -16376562,10472651 -18374203,8256841 -16251877,8658654 -14546337,10707494 -16376562))
32744;POLYGON((11101688 -11269784,11017201 -12835526,9266883 -11498877,9484470 -10140134,11101688 -11269784))
32745;POLYGON((11124608 -7273107,11151528 -8497595,9771729 -7714566,9850420 -6633991,11124608 -7273107))
32746;POLYGON((10877051 -4150721,10984310 -5106903,9898107 -4706251,9874296 -3847915,10877051 -4150721))
32747;POLYGON((10438671 -1713711,10601848 -2459885,9747342 -2317186,9649853 -1635771,10438671 -1713711))
32748;POLYGON((9871384 188214,10071617 -394215,9399315 -420607,9250636 120386,9871384 188214))
32749;POLYGON((9222394 1673776,9445412 1218636,8916002 1085393,8733360 1515189,9222394 1673776))
32750;POLYGON((8526843 2836093,8762122 2479719,8344581 2282256,8140896 2624114,8526843 2836093))
32751;POLYGON((7810124 3747691,8050154 3467922,7720158 3234679,7504866 3507003,7810124 3747691))
32752;POLYGON((7089875 4464675,7329528 4244409,7068123 3993756,6847889 4211023,7089875 4464675))
32753;POLYGON((6377674 5030163,6613670 4856285,6406178 4599608,6185498 4773139,6377674 5030163))
32754;POLYGON((5680468 5477086,5910929 5339601,5746050 5083554,5527759 5222152,5680468 5477086))
32755;POLYGON((5001751 5830444,5225832 5721780,5094918 5469898,4880609 5580367,5001751 5830444))
32756;POLYGON((4342524 6109101,4560118 6023559,4456589 5777388,4246951 5864950,4342524 6109101))
32757;POLYGON((3702046 6327201,3913554 6260517,3832443 6020378,3627530 6089008,3702046 6327201))
32758;POLYGON((3078422 6495247,3284575 6444268,3222170 6209754,3021604 6262441,3078422 6495247))
32759;POLYGON((2469032 6620937,2670762 6583368,2624334 6353662,2427462 6392611,2469032 6620937))
32760;POLYGON((1870830 6709769,2069186 6683991,2036785 6458056,1842784 6484840,1870830 6709769))
