32701;POLYGON((977572 2526250,1063435 2509450,1016596 2290627,937922 2306240,977572 2526250))
32702;POLYGON((717819 2559863,804688 2551459,779441 2329676,699782 2337493,717819 2559863))
32703;POLYGON((456399 2568269,543600 2568269,539992 2345312,460007 2345312,456399 2568269))
32704;POLYGON((195311 2551459,282180 2559863,300217 2337493,220558 2329676,195311 2551459))
32705;POLYGON((-63435 2509450,22427 2526250,62077 2306240,-16596 2290627,-63435 2509450))
32706;POLYGON((-317777 2442296,-233617 2467469,-172438 2251639,-249453 2228276,-317777 2442296))
32707;POLYGON((-565559 2350116,-483832 2383612,-401283 2173859,-475939 2142826,-565559 2350116))
32708;POLYGON((-804491 2233134,-725977 2274864,-622327 2073182,-693893 2034606,-804491 2233134))
32709;POLYGON((-1032132 2091743,-957663 2141552,-833342 1950049,-901052 1904119,-1032132 2091743))
32710;POLYGON((-1245877 1926576,-1176340 1984222,-1031998 1805108,-1095053 1752098,-1245877 1926576))
32711;POLYGON((-1442966 1738599,-1379297 1803716,-1215873 1639280,-1273453 1579569,-1442966 1738599))
32712;POLYGON((-1620508 1529213,-1563681 1601279,-1382489 1453829,-1433761 1387930,-1620508 1529213))
32713;POLYGON((-1775540 1300379,-1726548 1378670,-1529358 1250441,-1573504 1179021,-1775540 1300379))
32714;POLYGON((-1905102 1054744,-1864924 1138293,-1654061 1031300,-1690308 955211,-1905102 1054744))
32715;POLYGON((-2006351 795794,-1975914 883336,-1754355 799169,-1782017 719476,-2006351 795794))
32716;POLYGON((-2076704 528007,-2056829 617929,-1828309 557471,-1846838 475474,-2076704 528007))
32717;POLYGON((-2114023 257026,-2105361 347306,-1874470 310358,-1883526 227615,-2114023 257026))
32718;POLYGON((-2116835 -10161,-2119787 77987,-1892080 62776,-1891603 -18878,-2116835 -10161))
32719;POLYGON((-2084607 -265036,-2099229 -182041,-1881316 -179485,-1871625 -257931,-2084607 -265036))
32720;POLYGON((-2018055 -497343,-2043947 -423125,-1843591 -409766,-1825488 -482585,-2018055 -497343))
32721;POLYGON((-1919515 -694893,-1955693 -633744,-1781889 -620520,-1756784 -685003,-1919515 -694893))
32722;POLYGON((-1793363 -843348,-1838113 -800298,-1701157 -803339,-1671211 -856498,-1793363 -843348))
32723;POLYGON((-1646495 -926003,-1697208 -906897,-1608753 -948998,-1577038 -987594,-1646495 -926003))
32724;POLYGON((-1488869 -923575,-1541848 -935142,-1514940 -1047554,-1485618 -1068130,-1488869 -923575))
32725;POLYGON((-1334108 -813972,-1384365 -863900,-1433452 -1088468,-1411979 -1087414,-1334108 -813972))
32726;POLYGON((-1200174 -572081,-1241195 -669091,-1382116 -1060803,-1375460 -1034421,-1200174 -572081))
32727;POLYGON((-1110113 -169542,-1133602 -323462,-1383541 -953454,-1400432 -898059,-1110113 -169542))
32728;POLYGON((-1092874 425460,-1088473 203628,-1465881 -755465,-1517075 -667499,-1092874 425460))
32729;POLYGON((-1184209 1248418,-1139185 946422,-1663661 -456398,-1762239 -332575,-1184209 1248418))
32730;POLYGON((-1427645 2338696,-1326561 1942972,-2018690 -46797,-2180374 115725,-1427645 2338696))
32731;POLYGON((-1875555 3739727,-1699901 3235334,-2581046 481270,-2824549 684693,-1875555 3739727))
32732;POLYGON((-2590307 5499204,-2318109 4869760,-3410144 1133578,-3757543 1379217,-2590307 5499204))
32733;POLYGON((4250899 6896873,-3250899 6896873,-4575890 1912988,5575890 1912988,4250899 6896873))
32734;POLYGON((3318109 4869760,3590307 5499204,4757543 1379217,4410144 1133578,3318109 4869760))
32735;POLYGON((2699901 3235334,2875555 3739727,3824549 684693,3581046 481270,2699901 3235334))
32736;POLYGON((2326561 1942972,2427645 2338696,3180374 115725,3018690 -46797,2326561 1942972))
32737;POLYGON((2139185 946422,2184209 1248418,2762239 -332575,2663661 -456398,2139185 946422))
32738;POLYGON((2088473 203628,2092874 425460,2517075 -667499,2465881 -755465,2088473 203628))
32739;POLYGON((2133602 -323462,2110113 -169542,2400432 -898059,2383541 -953454,2133602 -323462))
32740;POLYGON((2241195 -669091,2200174 -572081,2375460 -1034421,2382116 -1060803,2241195 -669091))
32741;POLYGON((2384365 -863900,2334108 -813972,2411979 -1087414,2433452 -1088468,2384365 -863900))
32742;POLYGON((2541848 -935142,2488869 -923575,2485618 -1068130,2514940 -1047554,2541848 -935142))
32743;POLYGON((2697208 -906897,2646495 -926003,2577038 -987594,2608753 -948998,2697208 -906897))
32744;POLYGON((2838113 -800298,2793363 -843348,2671211 -856498,2701157 -803339,2838113 -800298))
32745;POLYGON((2955693 -633744,2919515 -694893,2756784 -685003,2781889 -620520,2955693 -633744))
32746;POLYGON((3043947 -423125,3018055 -497343,2825488 -482585,2843591 -409766,3043947 -423125))
32747;POLYGON((3099229 -182041,3084607 -265036,2871625 -257931,2881316 -179485,3099229 -182041))
32748;POLYGON((3119787 77987,3116835 -10161,2891603 -18878,2892080 62776,3119787 77987))
32749;POLYGON((3105361 347306,3114023 257026,2883526 227615,2874470 310358,3105361 347306))
32750;POLYGON((3056829 617929,3076704 528007,2846838 475474,2828309 557471,3056829 617929))
32751;POLYGON((2975914 883336,3006351 795794,2782017 719476,2754355 799169,2975914 883336))
32752;POLYGON((2864924 1138293,2905102 1054744,2690308 955211,2654061 1031300,2864924 1138293))
32753;POLYGON((2726548 1378670,2775540 1300379,2573504 1179021,2529358 1250441,2726548 1378670))
32754;POLYGON((2563681 1601279,2620508 1529213,2433761 1387930,2382489 1453829,2563681 1601279))
32755;POLYGON((2379297 1803716,2442966 1738599,2273453 1579569,2215873 1639280,2379297 1803716))
32756;POLYGON((2176340 1984222,2245877 1926576,2095053 1752098,2031998 1805108,2176340 1984222))
32757;POLYGON((1957663 2141552,2032132 2091743,1901052 1904119,1833342 1950049,1957663 2141552))
32758;POLYGON((1725977 2274864,1804491 2233134,1693893 2034606,1622327 2073182,1725977 2274864))
32759;POLYGON((1483832 2383612,1565559 2350116,1475939 2142826,1401283 2173859,1483832 2383612))
32760;POLYGON((1233617 2467469,1317777 2442296,1249453 2228276,1172438 2251639,1233617 2467469))
