32601;POLYGON((2156396 1258069,2383079 1270481,2395331 1039834,2167031 1029586,2156396 1258069))
32602;POLYGON((1486989 1230861,1708629 1238321,1716226 1013286,1493143 1007130,1486989 1230861))
32603;POLYGON((827871 1217618,1046867 1220541,1050238 998615,829886 996204,827871 1217618))
32604;POLYGON((172128 1217618,390750 1216161,390080 995002,170113 996204,172128 1217618))
32605;POLYGON((-486989 1230861,-266488 1224946,-271236 1002249,-493143 1007130,-486989 1230861))
32606;POLYGON((-1156396 1258069,-931673 1247372,-940761 1020755,-1167031 1029586,-1156396 1258069))
32607;POLYGON((-1843517 1300780,-1612018 1284687,-1625965 1051568,-1859255 1064864,-1843517 1300780))
32608;POLYGON((-2556682 1361562,-2315501 1339083,-2335163 1096529,-2578512 1115124,-2556682 1361562))
32609;POLYGON((-3305605 1444374,-3051317 1414004,-3078003 1158543,-3335029 1183710,-3305605 1444374))
32610;POLYGON((-4101981 1555152,-3830425 1514647,-3866099 1242009,-4141239 1275653,-4101981 1555152))
32611;POLYGON((-4960231 1702675,-4666244 1648724,-4713813 1353483,-5012632 1398425,-4960231 1702675))
32612;POLYGON((-5898434 1899825,-5575517 1827581,-5639255 1502653,-5968829 1563044,-5898434 1899825))
32613;POLYGON((-6939470 2165362,-6579382 2067784,-6665518 1703720,-7034906 1785610,-6939470 2165362))
32614;POLYGON((-8112418 2526326,-7704679 2393300,-7822205 1977310,-8243029 2089422,-8112418 2526326))
32615;POLYGON((-9454239 3021262,-8985538 2838426,-9147269 2353031,-9634408 2507787,-9454239 3021262))
32616;POLYGON((-11011770 3704404,-10465259 3451631,-10689229 2872849,-11261643 3087702,-11011770 3704404))
32617;POLYGON((-12844077 4651044,-12198549 4300512,-12509781 3595427,-13191478 3894558,-12844077 4651044))
32618;POLYGON((-15025182 5964285,-14254115 5478055,-14686853 4601633,-15508012 5018074,-15025182 5964285))
32619;POLYGON((-17647215 7783424,-16717674 7110450,-17318143 6001397,-18316410 6579658,-17647215 7783424))
32620;POLYGON((-20824012 10294206,-19695399 9366693,-20525180 7942153,-21747142 8741430,-20824012 10294206))
32621;POLYGON((-24695202 13741237,-23317835 12470247,-24457943 10619098,-25960801 11717134,-24695202 13741237))
32622;POLYGON((-29430806 18442847,-27744328 16713051,-29300088 14287514,-31153536 15785218,-29430806 18442847))
32623;POLYGON((-35236386 24808709,-33167985 22472188,-35274806 19277432,-37563140 21304333,-35236386 24808709))
32624;POLYGON((-42358788 33360554,-39821217 30229530,-42651371 26010928,-45475823 28731578,-42358788 33360554))
32625;POLYGON((-51092489 44756333,-47981877 40594710,-51752406 35022348,-55233735 38643769,-51092489 44756333))
32626;POLYGON((-61786604 59818202,-57980049 54331787,-62961899 46981788,-67243241 51762082,-61786604 59818202))
32627;POLYGON((-74852575 79564714,-70205501 72389994,-76734035 62722174,-81984029 68980410,-74852575 79564714))
32628;POLYGON((-90772576 105247635,-85115849 95938966,-93602855 83270294,-100019055 91397796,-90772576 105247635))
32629;POLYGON((-110108670 138393814,-103245462 126408876,-114192796 109882161,-122005390 120355319,-110108670 138393814))
32630;POLYGON((-133512752 180852565,-125215137 165535925,-139230152 144083087,-148705991 157477844,-133512752 180852565))
32631;POLYGON((-161737308 234849009,-151742581 215413650,-169555492 187712899,-181002450 204721029,-161737308 234849009))
32632;POLYGON((-195647021 303043899,-183653735 278550526,-206137075 242976704,-219908747 264424043,-195647021 303043899))
32633;POLYGON((-236231275 388600407,-221894972 357934380,-250085301 312501649,-266586059 339368435,-236231275 388600407))
32634;POLYGON((237231275 388600407,252433216 421605631,285095923 368289429,267586059 339368435,237231275 388600407))
32635;POLYGON((196647021 303043899,209380787 329461602,235542523 287560696,220908747 264424043,196647021 303043899))
32636;POLYGON((162737308 234849009,173362693 255857846,194182624 223109949,182002450 204721029,162737308 234849009))
32637;POLYGON((134512752 180852565,143345054 197447592,159802504 171993969,149705991 157477844,134512752 180852565))
32638;POLYGON((111108670 138393814,118423050 151410397,131340817 131732984,123005390 120355319,111108670 138393814))
32639;POLYGON((91772576 105247635,97808131 115382907,107873419 100249649,101019055 91397796,91772576 105247635))
32640;POLYGON((75852575 79564714,80816107 87396778,88599275 75814332,82984029 68980410,75852575 79564714))
32641;POLYGON((62786604 59818202,66856117 65823220,72827374 56996249,68243241 51762082,62786604 59818202))
32642;POLYGON((52092489 44756333,55420412 49323688,59964639 42620008,56233735 38643769,52092489 44756333))
32643;POLYGON((43358788 33360554,46074943 36806223,49504773 31727149,46475823 28731578,43358788 33360554))
32644;POLYGON((36236386 24808709,38450709 27387000,41018023 23542267,38563140 21304333,36236386 24808709))
32645;POLYGON((30430806 18442847,32235831 20356642,34141794 17443341,32153536 15785218,30430806 18442847))
32646;POLYGON((25695202 13741237,27168324 15150876,28572102 12935889,26960801 11717134,25695202 13741237))
32647;POLYGON((21824012 10294206,23029531 11325142,24055804 9630613,22747142 8741430,21824012 10294206))
32648;POLYGON((18647215 7783424,19638184 8532766,20383578 7224184,19316410 6579658,18647215 7783424))
32649;POLYGON((16025182 5964285,16845063 6506347,17383615 5482855,16508012 5018074,16025182 5964285))
32650;POLYGON((13844077 4651044,14528213 5042013,14915968 4228615,14191478 3894558,13844077 4651044))
32651;POLYGON((12011770 3704404,12588690 3986227,12867536 3327573,12261643 3087702,12011770 3704404))
32652;POLYGON((10454239 3021262,10946807 3224838,11147637 2680343,10634408 2507787,10454239 3021262))
32653;POLYGON((9112418 2526326,9538839 2674110,9684121 2214150,9243029 2089422,9112418 2526326))
32654;POLYGON((7939470 2165362,8314150 2273449,8420003 1876446,8034906 1785610,7939470 2165362))
32655;POLYGON((6898434 1899825,7232727 1979601,7310554 1629815,6968829 1563044,6898434 1899825))
32656;POLYGON((5960231 1702675,6263063 1762092,6320830 1447976,6012632 1398425,5960231 1702675))
32657;POLYGON((5101981 1555152,5380382 1599706,5423589 1312693,5141239 1275653,5101981 1555152))
32658;POLYGON((4305605 1444374,4565143 1477828,4597552 1211453,4335029 1183710,4305605 1444374))
32659;POLYGON((3556682 1361562,3801819 1386472,3825983 1135742,3578512 1115124,3556682 1361562))
32660;POLYGON((2843517 1300780,3077899 1318870,3095536 1079816,2859255 1064864,2843517 1300780))
