32601;POLYGON((1070657 4784650,1233780 4800288,1257343 4577954,1088914 4562422,1070657 4784650))
32602;POLYGON((581508 4761299,744533 4765182,752320 4543092,584102 4539238,581508 4761299))
32603;POLYGON((92421 4772959,255466 4765182,247679 4543092,79417 4550813,92421 4772959))
32604;POLYGON((-396957 4819914,-233780 4800288,-257343 4577954,-425892 4597455,-396957 4819914))
32605;POLYGON((-886836 4903308,-723486 4871355,-763426 4648610,-932440 4680414,-886836 4903308))
32606;POLYGON((-1377084 5025158,-1213656 4980108,-1270988 4756949,-1440513 4801905,-1377084 5025158))
32607;POLYGON((-1867001 5188370,-1703808 5129155,-1779974 4905855,-1949840 4965152,-1867001 5188370))
32608;POLYGON((-2355020 5396737,-2192701 5321994,-2289575 5099247,-2459288 5174429,-2355020 5396737))
32609;POLYGON((-2838329 5654908,-2677988 5562997,-2797875 5342118,-2966470 5435087,-2838329 5654908))
32610;POLYGON((-3312394 5968287,-3155768 5857333,-3301370 5640527,-3467227 5753534,-3312394 5968287))
32611;POLYGON((-3770341 6342846,-3620026 6210813,-3794369 6001545,-3954977 6137146,-3770341 6342846))
32612;POLYGON((-4202201 6784781,-4061916 6629605,-4268223 6433090,-4419885 6594069,-4202201 6784781))
32613;POLYGON((-4593978 7300008,-4468902 7119790,-4710381 6943646,-4847850 7132881,-4593978 7300008))
32614;POLYGON((-4926528 7893396,-4823691 7686688,-5103227 7541790,-5219274 7762049,-4926528 7893396))
32615;POLYGON((-5174222 8567721,-5102980 8333908,-5422695 8235500,-5507587 8489149,-5174222 8567721))
32616;POLYGON((-5303370 9322241,-5275957 9062066,-5636617 9031178,-5677507 9319783,-5303370 9322241))
32617;POLYGON((-5270396 10150845,-5302560 9867078,-5702798 9932326,-5683015 10256124,-5270396 10150845))
32618;POLYGON((-5019722 11039680,-5131464 10737968,-5566779 10937817,-5465011 11295038,-5019722 11039680))
32619;POLYGON((-4481357 11964174,-4697771 11654110,-5159271 12039682,-4948632 12425685,-4481357 11964174))
32620;POLYGON((-3568165 12885369,-3920385 12581796,-4393233 13220330,-4040208 13626544,-3568165 12885369))
32621;POLYGON((-2172780 13745461,-2699047 13470052,-3160576 14449137,-2623826 14861763,-2172780 13745461))
32622;POLYGON((-164162 14462444,-911015 14245594,-1328452 15678292,-557493 16076740,-164162 14462444))
32623;POLYGON((2616239 14923736,1592640 14806807,1264874 16837824,2331154 17192854,2616239 14923736))
32624;POLYGON((6358735 14978697,4991145 15016645,4814617 17829698,6249589 18101229,6358735 14978697))
32625;POLYGON((11290072 14429880,9498552 14694315,9554529 18520884,11445622 18655435,11290072 14429880))
32626;POLYGON((17678564 13022907,15368721 13605634,15762469 18735280,18213141 18663005,17678564 13022907))
32627;POLYGON((25839703 10434836,22900765 11451906,23766495 18244381,26898387 17875655,25839703 10434836))
32628;POLYGON((36142269 6260852,32444991 7857194,33951509 16756557,37906785 15978078,36142269 6260852))
32629;POLYGON((49014947 -840,44409346 2353825,46766476 13904841,51710360 12575197,49014947 -840))
32630;POLYGON((64953501 -8966097,59266404 -5634008,62732244 9233057,68855766 7177715,64953501 -8966097))
32631;POLYGON((84528504 -21384041,77560908 -16808736,82449986 2180177,89972941 -814148,84528504 -21384041))
32632;POLYGON((108393648 -38158566,99917881 -32020122,106610297 -7937241,115784423 -12128902,108393648 -38158566))
32633;POLYGON((-90972026 -26441943,-98917881 -32020122,-105610297 -7937241,-97016642 -4176460,-90972026 -26441943))
32634;POLYGON((-70043965 -12680547,-76560908 -16808736,-81449986 2180177,-74419834 4835166,-70043965 -12680547))
32635;POLYGON((-52960585 -2654808,-58266404 -5634008,-61732244 9233057,-56024873 11024838,-52960585 -2654808))
32636;POLYGON((-39124563 4433479,-43409346 2353825,-45766476 13904841,-41172022 15033117,-39124563 4433479))
32637;POLYGON((-28016085 9242350,-31444991 7857194,-32951509 16756557,-29287860 17384225,-28016085 9242350))
32638;POLYGON((-19184929 12309620,-21900765 11451906,-22766495 18244381,-19876408 18502956,-19184929 12309620))
32639;POLYGON((-12243110 14070656,-14368721 13605634,-14762469 18735280,-12510894 18729707,-12243110 14070656))
32640;POLYGON((-6858078 14874130,-8498552 14694315,-8554529 18520884,-6826138 18333786,-6858078 14874130))
32641;POLYGON((-2746438 14995901,-3991145 15016645,-3814617 17829698,-2511524 17525110,-2746438 14995901))
32642;POLYGON((331817 14651195,-592640 14806807,-264874 16837824,695453 16464451,331817 14651195))
32643;POLYGON((2578603 14005220,1911015 14245594,2328452 15678292,3015109 15272337,2578603 14005220))
32644;POLYGON((4162562 13182351,3699047 13470052,4160576 14449137,4630956 14036730,4162562 13182351))
32645;POLYGON((5223461 12274024,4920385 12581796,5393233 13220330,5694616 12819607,5223461 12274024))
32646;POLYGON((5876154 11345471,5697771 11654110,6159271 12039682,6330245 11662539,5876154 11345471))
32647;POLYGON((6214162 10441392,6131464 10737968,6566779 10937817,6638527 10591383,6214162 10441392))
32648;POLYGON((6312868 9590709,6302560 9867078,6702798 9932326,6700236 9620176,6312868 9590709))
32649;POLYGON((6232372 8810488,6275957 9062066,6636617 9031178,6579412 8754329,6232372 8810488))
32650;POLYGON((6020003 8109127,6102980 8333908,6422695 8235500,6326158 7993204,6020003 8109127))
32651;POLYGON((5712527 7488928,5823691 7686688,6103227 7541790,5979094 7332162,5712527 7488928))
32652;POLYGON((5338075 6948110,5468902 7119790,5710381 6943646,5567486 6764148,5338075 6948110))
32653;POLYGON((4917792 6482367,5061916 6629605,5268223 6433090,5113082 6280889,4917792 6482367))
32654;POLYGON((4467255 6086037,4620026 6210813,4794369 6001545,4631666 5873775,4467255 6086037))
32655;POLYGON((3997663 5752948,4155768 5857333,4301370 5640527,4134371 5534470,3997663 5752948))
32656;POLYGON((3516829 5477008,3677988 5562997,3797875 5342118,3628764 5255311,3516829 5477008))
32657;POLYGON((3029994 5252596,3192701 5321994,3289575 5099247,3119730 5029554,3029994 5252596))
32658;POLYGON((2540483 5074797,2703808 5129155,2779974 4905855,2610184 4851492,2540483 5074797))
32659;POLYGON((2050231 4939527,2213656 4980108,2270988 4756949,2101627 4716492,2050231 4939527))
32660;POLYGON((1560192 4843581,1723486 4871355,1763426 4648610,1594581 4620984,1560192 4843581))
