32701;POLYGON((2299560 9539989,2531695 9535034,2525111 9302688,2293811 9310086,2299560 9539989))
32702;POLYGON((1615718 9551027,1841884 9547959,1837697 9321988,1612268 9326570,1615718 9551027))
32703;POLYGON((944382 9556789,1167251 9555428,1165214 9333144,943032 9335176,944382 9556789))
32704;POLYGON((277943 9557602,500000 9557872,500000 9336795,278616 9336391,277943 9557602))
32705;POLYGON((-390936 9553512,-167251 9555428,-165214 9333144,-388201 9330281,-390936 9553512))
32706;POLYGON((-1069729 9544288,-841884 9547959,-837697 9321988,-1064778 9316505,-1069729 9544288))
32707;POLYGON((-1766469 9529390,-1531695 9535034,-1525111 9302688,-1759004 9294261,-1766469 9529390))
32708;POLYGON((-2490241 9507889,-2245358 9515866,-2235966 9274079,-2479784 9262177,-2490241 9507889))
32709;POLYGON((-3251798 9478329,-2992993 9489196,-2980151 9234299,-3237611 9218100,-3251798 9478329))
32710;POLYGON((-4064335 9438498,-3786881 9453094,-3769620 9180503,-4045308 9158771,-4064335 9438498))
32711;POLYGON((-4944494 9385082,-4642389 9404661,-4619259 9108423,-4918972 9079312,-4944494 9385082))
32712;POLYGON((-5913636 9313156,-5579144 9339579,-5547993 9011712,-5879170 8972494,-5913636 9313156))
32713;POLYGON((-6999430 9215464,-6622513 9251463,-6580178 8881013,-6952429 8827685,-6999430 9215464))
32714;POLYGON((-8237821 9081427,-7805440 9130972,-7747316 8702652,-8173082 8629412,-8237821 9081427))
32715;POLYGON((-9675419 8895813,-9170687 8964597,-9090156 8456893,-9585498 8355429,-9675419 8895813))
32716;POLYGON((-11372359 8636989,-10773530 8733061,-10661217 8115606,-11246759 7974182,-11372359 8636989))
32717;POLYGON((-13405693 8274674,-12684970 8409251,-12527782 7639275,-13229824 7441555,-13405693 8274674))
32718;POLYGON((-15873345 7767100,-14995498 7955584,-14775410 6973178,-15627222 6696745,-15873345 7767100))
32719;POLYGON((-18898706 7057468,-17819466 7320713,-17512020 6042608,-18555337 5657139,-18898706 7057468))
32720;POLYGON((-22635900 6069604,-21300122 6435459,-20872587 4746992,-22159317 4212013,-22635900 6069604))
32721;POLYGON((-27275773 4702683,-25615360 5207862,-25024493 2952709,-26618660 2214890,-27275773 4702683))
32722;POLYGON((-33052670 2824895,-30984222 3517217,-30173595 484457,-32153524 -525626,-33052670 2824895))
32723;POLYGON((-40252033 265924,-37674221 1206958,-36571045 -2885046,-39031811 -4256754,-40252033 265924))
32724;POLYGON((-49218885 -3191922,-46009519 -1923742,-44520909 -7447235,-47577067 -9294363,-49218885 -3191922))
32725;POLYGON((-60367244 -7824072,-56380032 -6129816,-54388644 -13571938,-58177246 -16037977,-60367244 -7824072))
32726;POLYGON((-74190514 -13975699,-69251483 -11731743,-66610462 -21723949,-71294392 -24988163,-74190514 -13975699))
32727;POLYGON((-91272914 -22075574,-85176485 -19128772,-81703651 -32482163,-87475277 -36766577,-91272914 -22075574))
32728;POLYGON((-112301987 -32651918,-104806680 -28814079,-100277874 -46561516,-107363050 -52138909,-112301987 -32651918))
32729;POLYGON((-138082246 -46350454,-128906003 -41392070,-123047517 -64838028,-131709933 -72041009,-138082246 -46350454))
32730;POLYGON((-169550001 -63954855,-158365108 -57598007,-150845122 -88377206,-161391030 -97608484,-169550001 -63954855))
32731;POLYGON((-207789426 -86409800,-194217019 -78320169,-184635943 -118466116,-197419275 -130210057,-207789426 -86409800))
32732;POLYGON((-254049905 -114846839,-237654041 -104624759,-225533699 -156649423,-240961582 -171485001,-254049905 -114846839))
32733;POLYGON((-309764728 -150613307,-290045999 -137783773,-274817540 -204769725,-293356237 -223384977,-309764728 -150613307))
32734;POLYGON((331714003 -164432146,-352959848 -179306069,-333950298 -265012506,314046616 -243434148,331714003 -164432146))
32735;POLYGON((272494575 -125881263,291045999 -137783773,275817540 -204769725,258371496 -187498189,272494575 -125881263))
32736;POLYGON((223251548 -95162335,238654041 -104624759,226533699 -156649423,212036093 -142915139,223251548 -95162335))
32737;POLYGON((182485943 -70849118,195217019 -78320169,185635943 -118466116,173640911 -107619106,182485943 -70849118))
32738;POLYGON((148889218 -51741500,159365108 -57598007,151845122 -88377206,141963906 -79871561,148889218 -51741500))
32739;POLYGON((121324120 -36835535,129906003 -41392070,124047517 -64838028,115942673 -58217969,121324120 -36835535))
32740;POLYGON((98806901 -25296575,105806680 -28814079,101277874 -46561516,94657884 -41448919,98806901 -25296575))
32741;POLYGON((80490821 -16435310,86176485 -19128772,82703651 -32482163,77317945 -28565442,80490821 -16435310))
32742;POLYGON((65650922 -9686473,70251483 -11731743,67610462 -21723949,63244814 -18748197,65650922 -9686473))
32743;POLYGON((53669988 -4590008,57380032 -6129816,55388644 -13571938,51860940 -11330219,53669988 -4590008))
32744;POLYGON((44025666 -774510,47009519 -1923742,45520909 -7447235,42677267 -5772941,44025666 -774510))
32745;POLYGON((36278680 2057275,38674221 1206958,37571045 -2885046,35282265 -1645216,36278680 2057275))
32746;POLYGON((30062102 4141056,31984222 3517217,31173595 484457,29331937 1394928,30062102 4141056))
32747;POLYGON((25071619 5661886,26615360 5207862,26024493 2952709,24540754 3616069,25071619 5661886))
32748;POLYGON((21056738 6763511,22300122 6435459,21872587 4746992,20673468 5226905,21056738 6763511))
32749;POLYGON((17812906 7556324,18819466 7320713,18512020 6042608,17537766 6387787,17812906 7556324))
32750;POLYGON((15174464 8124080,15995498 7955584,15775410 6973178,14977707 7220436,15174464 8124080))
32751;POLYGON((13008395 8529512,13684970 8409251,13527782 7639275,12867897 7816074,13008395 8529512))
32752;POLYGON((11208828 8818965,11773530 8733061,11661217 8115606,11108359 8242149,11208828 8818965))
32753;POLYGON((9692225 9026204,10170687 8964597,10090156 8456893,9620051 8547835,9692225 9026204))
32754;POLYGON((8393215 9175465,8805440 9130972,8747316 8702652,8340976 8768472,8393215 9175465))
32755;POLYGON((7261022 9283898,7622513 9251463,7580178 8881013,7222846 8929094,7261022 9283898))
32756;POLYGON((6256435 9363466,6579144 9339579,6547993 9011712,6228252 9047189,6256435 9363466))
32757;POLYGON((5349264 9422407,5642389 9404661,5619259 9108423,5328289 9134821,5349264 9422407))
32758;POLYGON((4516239 9466330,4786881 9453094,4769620 9180503,4500585 9200220,4516239 9466330))
32759;POLYGON((3739302 9499022,3992993 9489196,3980151 9234299,3727700 9248951,3739302 9499022))
32760;POLYGON((3004233 9523016,3245358 9515866,3235966 9274079,2995835 9284747,3004233 9523016))
