32601;POLYGON((1122479 6251301,1246332 6271261,1284783 6050423,1154454 6029925,1122479 6251301))
32602;POLYGON((749395 6213301,873950 6222336,893074 6000198,762132 5990929,749395 6213301))
32603;POLYGON((375273 6207884,500000 6206079,500000 5983521,368909 5985372,375273 6207884))
32604;POLYGON((1668 6234998,126049 6222336,106925 6000198,-23866 6013191,1668 6234998))
32605;POLYGON((-369824 6294900,-246332 6271261,-284783 6050423,-414794 6074709,-369824 6294900))
32606;POLYGON((-737429 6388134,-615447 6353308,-673613 6134771,-802282 6170620,-737429 6388134))
32607;POLYGON((-1099061 6515485,-979326 6469188,-1057755 6254160,-1184384 6301942,-1099061 6515485))
32608;POLYGON((-1452177 6677891,-1335598 6619800,-1434938 6409778,-1558640 6469934,-1452177 6677891))
32609;POLYGON((-1793637 6876316,-1681336 6806117,-1802263 6602975,-1921897 6675960,-1793637 6876316))
32610;POLYGON((-2119542 7111560,-2012912 7029019,-2156003 6835083,-2270108 6921296,-2119542 7111560))
32611;POLYGON((-2425065 7383990,-2325830 7289053,-2491394 7107163,-2598111 7206840,-2425065 7383990))
32612;POLYGON((-2704276 7693177,-2614547 7586104,-2802393 7419643,-2899376 7532704,-2704276 7693177))
32613;POLYGON((-2949942 8037402,-2872287 7918945,-3081402 7771818,-3165721 7897665,-2949942 8037402))
32614;POLYGON((-3153314 8413010,-3090832 8284649,-3318962 8161178,-3386991 8298426,-3153314 8413010))
32615;POLYGON((-3303893 8813582,-3260293 8677825,-3503402 8582521,-3550693 8728653,-3303893 8813582))
32616;POLYGON((-3389181 9228871,-3368869 9089633,-3620444 9026823,-3641582 9177738,-3389181 9228871))
32617;POLYGON((-3394396 9643490,-3402570 9506566,-3652758 9479783,-3641205 9629244,-3394396 9643490))
32618;POLYGON((-3302175 10035281,-3344930 9908924,-3579466 9920030,-3527379 10058972,-3302175 10035281))
32619;POLYGON((-3092239 10373332,-3176680 10268957,-3375583 10316902,-3273614 10432587,-3092239 10373332))
32620;POLYGON((-2741033 10615589,-2875399 10548618,-3011394 10627747,-2848474 10702750,-2741033 10615589))
32621;POLYGON((-2221333 10705998,-2415132 10696867,-2451774 10794681,-2214859 10805674,-2221333 10705998))
32622;POLYGON((-1501823 10571140,-1765976 10646485,-1655417 10740727,-1329226 10657042,-1501823 10571140))
32623;POLYGON((-546625 10116266,-893629 10310309,-574011 10365255,-140723 10147196,-546625 10116266))
32624;POLYGON((685192 9220694,241099 9576857,848690 9538652,1409754 9135528,685192 9220694))
32625;POLYGON((2240166 7732480,1682815 8305246,2677864 8096119,3390603 7443973,2240166 7732480))
32626;POLYGON((4171010 5462298,3482104 6319341,4988716 5830528,5880629 4849523,4171010 5462298))
32627;POLYGON((6537250 2176443,5696151 3401066,7867666 2484216,8970272 1075657,6537250 2176443))
32628;POLYGON((9405897 -2411108,8389393 -717218,11413639 -2260355,12762928 -4217417,9405897 -2411108))
32629;POLYGON((12852167 -8647689,11634226 -6361343,15739453 -8791211,17376375 -11443805,12852167 -8647689))
32630;POLYGON((16960253 -16952044,15511764 -13925052,20973320 -17578816,22944310 -21104363,16960253 -16952044))
32631;POLYGON((21824156 -27825664,20112643 -23880917,27260462 -29189522,29618000 -33800665,21824156 -27825664))
32632;POLYGON((27548559 -41865425,25537884 -36792527,34764832 -44300602,37568051 -50250592,27548559 -41865425))
32633;POLYGON((-28667665 -47367569,31899811 -53328071,43670976 -63717006,-39534212 -56711011,-28667665 -47367569))
32634;POLYGON((-22631184 -32121306,-24537884 -36792527,-33764832 -44300602,-31117181 -38827780,-22631184 -32121306))
32635;POLYGON((-17492633 -20263726,-19112643 -23880917,-26260462 -29189522,-24038002 -24966260,-17492633 -20263726))
32636;POLYGON((-13143561 -11163108,-14511764 -13925052,-19973320 -17578816,-18119207 -14366035,-13143561 -11163108))
32637;POLYGON((-9486508 -4287637,-10634226 -6361343,-14739453 -8791211,-13203285 -6388579,-9486508 -4287637))
32638;POLYGON((-6434105 807691,-7389393 -717218,-10413639 -2260355,-9150872 -501092,-6434105 807691))
32639;POLYGON((-3908231 4492832,-4696151 3401066,-6867666 2484216,-5839060 3737992,-3908231 4492832))
32640;POLYGON((-1839224 7073194,-2482104 6319341,-3988716 5830528,-3159822 6691944,-1839224 7073194))
32641;POLYGON((-165140 8798989,-682815 8305246,-1677864 8096119,-1018552 8657229,-165140 8798989))
32642;POLYGON((1168932 9873513,758900 9576857,151309 9538652,667293 9873686,1168932 9873513))
32643;POLYGON((2211523 10460451,1893629 10310309,1574011 10365255,1969450 10533477,2211523 10460451))
32644;POLYGON((3005371 10690274,2765976 10646485,2655417 10740727,2950002 10788925,3005371 10690274))
32645;POLYGON((3587979 10665830,3415132 10696867,3451774 10794681,3662442 10759338,3587979 10665830))
32646;POLYGON((3992132 10467178,3875399 10548618,4011394 10627747,4152651 10536911,3992132 10467178))
32647;POLYGON((4246368 10155758,4176680 10268957,4375583 10316902,4459784 10191784,4246368 10155758))
32648;POLYGON((4375420 9777948,4344930 9908924,4579466 9920030,4617082 9776368,4375420 9777948))
32649;POLYGON((4400618 9368089,4402570 9506566,4652758 9479783,4652611 9328985,4400618 9368089))
32650;POLYGON((4340257 8951016,4368869 9089633,4620444 9026823,4589920 8876927,4340257 8951016))
32651;POLYGON((4209946 8544176,4260293 8677825,4503402 8582521,4448647 8438984,4209946 8544176))
32652;POLYGON((4022912 8159369,4090832 8284649,4318962 8161178,4245051 8027514,4022912 8159369))
32653;POLYGON((3790291 7804159,3872287 7918945,4081402 7771818,3992495 7650125,3790291 7804159))
32654;POLYGON((3521387 7483021,3614547 7586104,3802393 7419643,3701870 7311008,3521387 7483021))
32655;POLYGON((3223916 7198239,3325830 7289053,3491394 7107163,3381979 7011984,3223916 7198239))
32656;POLYGON((2904218 6950610,3012912 7029019,3156003 6835083,3039869 6753315,2904218 6950610))
32657;POLYGON((2567468 6739986,2681336 6806117,2802263 6602975,2681128 6534316,2567468 6739986))
32658;POLYGON((2217853 6565677,2335598 6619800,2434938 6409778,2310148 6353798,2217853 6565677))
32659;POLYGON((1858751 6426750,1979326 6469188,2057755 6254160,1930357 6210401,1858751 6426750))
32660;POLYGON((1492886 6322240,1615447 6353308,1673613 6134771,1544427 6102813,1492886 6322240))
