32601;POLYGON((2010745 1820555,2231129 1836842,2248125 1607927,2025403 1593480,2010745 1820555))
32602;POLYGON((1358315 1785530,1574578 1794974,1584810 1570800,1366431 1562429,1358315 1785530))
32603;POLYGON((714020 1769965,928263 1773060,932275 1551381,716020 1548638,714020 1769965))
32604;POLYGON((71736 1773060,285979 1769965,283979 1548638,67724 1551381,71736 1773060))
32605;POLYGON((-574578 1794974,-358315 1785530,-366431 1562429,-584810 1570800,-574578 1794974))
32606;POLYGON((-1231129 1836842,-1010745 1820555,-1025403 1593480,-1248125 1607927,-1231129 1836842))
32607;POLYGON((-1904529 1900918,-1677757 1876899,-1699761 1643480,-1929238 1664813,-1904529 1900918))
32608;POLYGON((-2602075 1990856,-2366389 1957707,-2397023 1715298,-2635978 1744797,-2602075 1990856))
32609;POLYGON((-3332068 2112192,-3084567 2067819,-3125770 1813372,-3377373 1852963,-3332068 2112192))
32610;POLYGON((-4104177 2273082,-3841461 2214416,-3896092 1944323,-4164131 1996849,-4104177 2273082))
32611;POLYGON((-4929891 2485395,-4647898 2407982,-4720126 2117885,-5009216 2187497,-4929891 2485395))
32612;POLYGON((-5823042 2766273,-5516863 2663693,-5612730 2348238,-5928559 2440961,-5823042 2766273))
32613;POLYGON((-6800437 3140289,-6464096 3003363,-6592281 2655900,-6941924 2780402,-6800437 3140289))
32614;POLYGON((-7882607 3642368,-7508795 3458088,-7681662 3070294,-8073941 3238926,-7882607 3642368))
32615;POLYGON((-9094687 4321636,-8674455 4071767,-8909418 3633176,-9355339 3863337,-9094687 4321636))
32616;POLYGON((-10467442 5246412,-9989839 4905687,-10311139 4403112,-10824403 4719010,-10467442 5246412))
32617;POLYGON((-12038460 6510551,-11490117 6044392,-11931074 5461215,-12528668 5896099,-12038460 6510551))
32618;POLYGON((-13853513 8241394,-13218172 7603070,-13823997 6918373,-14526883 7517320,-13853513 8241394))
32619;POLYGON((-15968127 10609583,-15226091 9736710,-16057362 8924230,-16891258 9747570,-15968127 10609583))
32620;POLYGON((-18449345 13841032,-17576867 12651327,-18713760 11678185,-19710030 12805674,-18449345 13841032))
32621;POLYGON((-21377719 18231361,-20346316 16617537,-21893694 15442728,-23090351 16978558,-21377719 18231361))
32622;POLYGON((-24849547 24163130,-23625222 21986818,-25718717 20559400,-27161549 22638171,-24849547 24163130))
32623;POLYGON((-28979355 32126214,-27521742 29210800,-30334927 27467759,-32078751 30261522,-28979355 32126214))
32624;POLYGON((-33902653 42741710,-32164070 38863948,-35916867 36727679,-38026918 40454179,-33902653 42741710))
32625;POLYGON((-39778975 56789757,-37703375 51670039,-42671839 49045386,-45225306 53977646,-39778975 56789757))
32626;POLYGON((-46795216 75241704,-44317041 68532824,-50844657 65303639,-53932366 71781003,-46795216 75241704))
32627;POLYGON((-55169292 99297049,-52212217 90571333,-60722859 86596465,-64451126 95037278,-55169292 99297049))
32628;POLYGON((-65154117 130425623,-61629689 119160257,-72642418 114268922,-77135051 125184972,-65154117 130425623))
32629;POLYGON((-77041943 170415504,-72848092 155975893,-86993943 149962339,-92394438 163975246,-77041943 170415504))
32630;POLYGON((-91169041 221427154,-86188481 203048152,-104229424 195665543,-110703329 213525248,-91169041 221427154))
32631;POLYGON((-107920777 286054326,-102019268 262819153,-124869529 253772569,-132607005 276378110,-107920777 286054326))
32632;POLYGON((-127737065 367392276,-120761555 338208929,-149511471 327147412,-158730045 355570158,-127737065 367392276))
32633;POLYGON((-151118234 469113851,-142894855 432688831,-178837480 419196347,-189785009 454705899,-151118234 469113851))
32634;POLYGON((143894855 432688831,152118234 469113851,190785009 454705899,179837480 419196347,143894855 432688831))
32635;POLYGON((121761555 338208929,128737065 367392276,159730045 355570158,150511471 327147412,121761555 338208929))
32636;POLYGON((103019268 262819153,108920777 286054326,133607005 276378110,125869529 253772569,103019268 262819153))
32637;POLYGON((87188481 203048152,92169041 221427154,111703329 213525248,105229424 195665543,87188481 203048152))
32638;POLYGON((73848092 155975893,78041943 170415504,93394438 163975246,87993943 149962339,73848092 155975893))
32639;POLYGON((62629689 119160257,66154117 130425623,78135051 125184972,73642418 114268922,62629689 119160257))
32640;POLYGON((53212217 90571333,56169292 99297049,65451126 95037278,61722859 86596465,53212217 90571333))
32641;POLYGON((45317041 68532824,47795216 75241704,54932366 71781003,51844657 65303639,45317041 68532824))
32642;POLYGON((38703375 51670039,40778975 56789757,46225306 53977646,43671839 49045386,38703375 51670039))
32643;POLYGON((33164070 38863948,34902653 42741710,39026918 40454179,36916867 36727679,33164070 38863948))
32644;POLYGON((28521742 29210800,29979355 32126214,33078751 30261522,31334927 27467759,28521742 29210800))
32645;POLYGON((24625222 21986818,25849547 24163130,28161549 22638171,26718717 20559400,24625222 21986818))
32646;POLYGON((21346316 16617537,22377719 18231361,24090351 16978558,22893694 15442728,21346316 16617537))
32647;POLYGON((18576867 12651327,19449345 13841032,20710030 12805674,19713760 11678185,18576867 12651327))
32648;POLYGON((16226091 9736710,16968127 10609583,17891258 9747570,17057362 8924230,16226091 9736710))
32649;POLYGON((14218172 7603070,14853513 8241394,15526883 7517320,14823997 6918373,14218172 7603070))
32650;POLYGON((12490117 6044392,13038460 6510551,13528668 5896099,12931074 5461215,12490117 6044392))
32651;POLYGON((10989839 4905687,11467442 5246412,11824403 4719010,11311139 4403112,10989839 4905687))
32652;POLYGON((9674455 4071767,10094687 4321636,10355339 3863337,9909418 3633176,9674455 4071767))
32653;POLYGON((8508795 3458088,8882607 3642368,9073941 3238926,8681662 3070294,8508795 3458088))
32654;POLYGON((7464096 3003363,7800437 3140289,7941924 2780402,7592281 2655900,7464096 3003363))
32655;POLYGON((6516863 2663693,6823042 2766273,6928559 2440961,6612730 2348238,6516863 2663693))
32656;POLYGON((5647898 2407982,5929891 2485395,6009216 2187497,5720126 2117885,5647898 2407982))
32657;POLYGON((4841461 2214416,5104177 2273082,5164131 1996849,4896092 1944323,4841461 2214416))
32658;POLYGON((4084567 2067819,4332068 2112192,4377373 1852963,4125770 1813372,4084567 2067819))
32659;POLYGON((3366389 1957707,3602075 1990856,3635978 1744797,3397023 1715298,3366389 1957707))
32660;POLYGON((2677757 1876899,2904529 1900918,2929238 1664813,2699761 1643480,2677757 1876899))
