32701;POLYGON((315290 6236040,407650 6237393,409870 6015589,319733 6014201,315290 6236040))
32702;POLYGON((-239686 6208854,-147040 6215675,-131380 5993315,-221747 5986321,-239686 6208854))
32703;POLYGON((-797672 6148117,-704373 6160645,-674745 5936925,-765631 5924097,-797672 6148117))
32704;POLYGON((-1360772 6051690,-1266485 6070369,-1221878 5844570,-1313533 5825485,-1360772 6051690))
32705;POLYGON((-1930794 5916123,-1835247 5941626,-1774114 5713192,-1866716 5687213,-1930794 5916123))
32706;POLYGON((-2509037 5736464,-2412059 5769730,-2332247 5538384,-2425854 5504634,-2509037 5736464))
32707;POLYGON((-3095977 5505996,-2997563 5548281,-2896207 5314209,-2990695 5271534,-3095977 5505996))
32708;POLYGON((-3690836 5215902,-3591226 5268838,-3464629 5032972,-3559606 4979902,-3690836 5215902))
32709;POLYGON((-4290995 4854846,-4190783 4920518,-4034269 4684963,-4128962 4619663,-4290995 4854846))
32710;POLYGON((-4891227 4408462,-4791505 4489499,-4599251 4258164,-4692360 4178384,-4891227 4408462))
32711;POLYGON((-5482724 3858753,-5385256 3958435,-5150101 3737940,-5239616 3640965,-5482724 3858753))
32712;POLYGON((-6051884 3183381,-5959329 3305767,-5672556 3106725,-5755538 2989320,-6051884 3183381))
32713;POLYGON((-6578831 2354844,-6495009 2504914,-6146112 2343703,-6218418 2202062,-6578831 2354844))
32714;POLYGON((-7035649 1339526,-6965856 1523351,-6542281 1424508,-6598248 1254204,-7035649 1339526))
32715;POLYGON((-7384281 96605,-7335663 321541,-6822532 320947,-6854598 116893,-7384281 96605))
32716;POLYGON((-7574088 -1423181,-7556074 -1148280,-6935884 -999224,-6934152 -1242810,-7574088 -1423181))
32717;POLYGON((-7539024 -3278949,-7563823 -2943481,-6816128 -2572476,-6767866 -2862090,-7539024 -3278949))
32718;POLYGON((-7194400 -5541254,-7277572 -5132593,-6378646 -4439594,-6267713 -4782454,-7194400 -5541254))
32719;POLYGON((-6433219 -8293883,-6594314 -7797063,-5516795 -6645670,-5322998 -7049705,-6433219 -8293883))
32720;POLYGON((-5122036 -11635859,-5385324 -11033226,-4097838 -9239988,-3796204 -9713801,-5122036 -11635859))
32721;POLYGON((-3096340 -15683683,-3491607 -14954503,-1958382 -12275751,-1518349 -12828566,-3096340 -15683683))
32722;POLYGON((-155393 -20573836,-718846 -19693860,1100698 -15809666,1716178 -16451233,-155393 -20573836))
32723;POLYGON((3943460 -26465553,3168207 -25406536,5319883 -19901326,6155336 -20641802,3943460 -26465553))
32724;POLYGON((9491074 -33543906,8451915 -32273068,10987198 -24612387,12095719 -25462180,9491074 -33543906))
32725;POLYGON((16833389 -42023203,15468531 -40502641,18445012 -30005510,19889458 -30975070,16833389 -42023203))
32726;POLYGON((26378949 -52150742,24615614 -50336778,28097463 -36143021,29951753 -37242596,26378949 -52150742))
32727;POLYGON((38607090 -64210938,36360105 -62053405,40418540 -43085294,42769070 -44324621,38607090 -64210938))
32728;POLYGON((54076815 -78529851,51247082 -75971309,55960858 -50888783,58908028 -52276736,54076815 -78529851))
32729;POLYGON((73436396 -95480152,69909240 -92455028,75365137 -59603717,79025008 -61147876,73436396 -95480152))
32730;POLYGON((97433719 -115486536,93077114 -111920190,99370439 -69271381,103876509 -70977545,97433719 -115486536))
32731;POLYGON((-105608427 -122916090,-110435209 -126784148,-117344209 -76260811,-112359010 -74472181,-105608427 -122916090))
32732;POLYGON((-79880187 -101786800,-83804407 -105072600,-89807453 -65940879,-85742332 -64316310,-79880187 -101786800))
32733;POLYGON((-59063023 -83867728,-62226092 -86650821,-67424457 -56594703,-64136491 -55129495,-59063023 -83867728))
32734;POLYGON((-42373409 -68715546,-44898447 -71065917,-49384541 -48188673,-46749180 -46876071,-42373409 -68715546))
32735;POLYGON((-29131055 -55940869,-31124736 -57919911,-34982607 -40678196,-32891835 -39509917,-29131055 -55940869))
32736;POLYGON((-18748306 -45202672,-20302565 -46864088,-23608403 -34010687,-21969020 -32977376,-18748306 -45202672))
32737;POLYGON((-10720290 -36203183,-11913920 -37593801,-14736540 -28128147,-13468574 -27219770,-10720290 -36203183))
32738;POLYGON((-4615811 -28683209,-5515927 -29843734,-7917253 -22969350,-6952484 -22175524,-4615811 -28683209))
32739;POLYGON((-68927 -22417880,-732324 -23383576,-2767859 -18471693,-2048467 -17781961,-68927 -22417880))
32740;POLYGON((3228781 -17212775,2754385 -18014084,1035103 -14572717,1557785 -13976774,3228781 -17212775))
32741;POLYGON((5535310 -12900403,5210135 -13563510,3763087 -11211346,4129717 -10699220,5535310 -12900403))
32742;POLYGON((7064707 -9337022,6855874 -9884359,5642126 -8328870,5886392 -7891061,7064707 -9337022))
32743;POLYGON((7992961 -6399761,7873548 -6850471,6858840 -5869691,7008400 -5497278,7992961 -6399761))
32744;POLYGON((8463332 -3984032,8411525 -4354380,7565863 -3781874,7643206 -3466584,8463332 -3984032))
32745;POLYGON((8591151 -2001206,8589480 -2304945,7886754 -2017510,7909961 -1751768,8591151 -2001206))
32746;POLYGON((8468112 -376525,8502768 -625233,7920385 -532936,7903816 -309883,8468112 -376525))
32747;POLYGON((8166096 952754,8226327 749381,7744857 711190,7699760 897691,8166096 952754))
32748;POLYGON((7740545 2039015,7818120 1872901,7420970 1749918,7356016 1905297,7740545 2039015))
32749;POLYGON((7233417 2925745,7322167 2790204,6995266 2614117,6917017 2743126,7233417 2925745))
32750;POLYGON((6675763 3648835,6771172 3538362,6502679 3330677,6415994 3437427,6675763 3648835))
32751;POLYGON((6089923 4237713,6188789 4147808,5968822 3922749,5877206 4010755,6089923 4237713))
32752;POLYGON((5491415 4716340,5591555 4643352,5411940 4410031,5317838 4482262,5491415 4716340))
32753;POLYGON((4890496 5104076,4990508 5045065,4844553 4809077,4749592 4868008,4890496 5104076))
32754;POLYGON((4293468 5416426,4392529 5369046,4274813 5133613,4180011 5181279,4293468 5416426))
32755;POLYGON((3703725 5665675,3801433 5628078,3707625 5394855,3613547 5432904,3703725 5665675))
32756;POLYGON((3122584 5861428,3218835 5832180,3145530 5601811,3052423 5631549,3122584 5861428))
32757;POLYGON((2549933 6011062,2644822 5989071,2589405 5761563,2497293 5784001,2549933 6011062))
32758;POLYGON((1984707 6120082,2078461 6104548,2038990 5879514,1947747 5895404,1984707 6120082))
32759;POLYGON((1425239 6192416,1518166 6182784,1493282 5959603,1402690 5969473,1425239 6192416))
32760;POLYGON((869504 6230624,961960 6226555,950816 6004472,860601 6008645,869504 6230624))
32601;POLYGON((315290 -3763959,407650 -3762606,409870 -3984410,319733 -3985798,315290 -3763959))
32602;POLYGON((-239686 -3791145,-147040 -3784324,-131380 -4006684,-221747 -4013678,-239686 -3791145))
32603;POLYGON((-797672 -3851882,-704373 -3839354,-674745 -4063074,-765631 -4075902,-797672 -3851882))
32604;POLYGON((-1360772 -3948309,-1266485 -3929630,-1221878 -4155429,-1313533 -4174514,-1360772 -3948309))
32605;POLYGON((-1930794 -4083876,-1835247 -4058373,-1774114 -4286807,-1866716 -4312786,-1930794 -4083876))
32606;POLYGON((-2509037 -4263535,-2412059 -4230269,-2332247 -4461615,-2425854 -4495365,-2509037 -4263535))
32607;POLYGON((-3095977 -4494003,-2997563 -4451718,-2896207 -4685790,-2990695 -4728465,-3095977 -4494003))
32608;POLYGON((-3690836 -4784097,-3591226 -4731161,-3464629 -4967027,-3559606 -5020097,-3690836 -4784097))
32609;POLYGON((-4290995 -5145153,-4190783 -5079481,-4034269 -5315036,-4128962 -5380336,-4290995 -5145153))
32610;POLYGON((-4891227 -5591537,-4791505 -5510500,-4599251 -5741835,-4692360 -5821615,-4891227 -5591537))
32611;POLYGON((-5482724 -6141246,-5385256 -6041564,-5150101 -6262059,-5239616 -6359034,-5482724 -6141246))
32612;POLYGON((-6051884 -6816618,-5959329 -6694232,-5672556 -6893274,-5755538 -7010679,-6051884 -6816618))
32613;POLYGON((-6578831 -7645155,-6495009 -7495085,-6146112 -7656296,-6218418 -7797937,-6578831 -7645155))
32614;POLYGON((-7035649 -8660473,-6965856 -8476648,-6542281 -8575491,-6598248 -8745795,-7035649 -8660473))
32615;POLYGON((-7384281 -9903394,-7335663 -9678458,-6822532 -9679052,-6854598 -9883106,-7384281 -9903394))
32616;POLYGON((-7574088 -11423181,-7556074 -11148280,-6935884 -10999224,-6934152 -11242810,-7574088 -11423181))
32617;POLYGON((-7539024 -13278949,-7563823 -12943481,-6816128 -12572476,-6767866 -12862090,-7539024 -13278949))
32618;POLYGON((-7194400 -15541254,-7277572 -15132593,-6378646 -14439594,-6267713 -14782454,-7194400 -15541254))
32619;POLYGON((-6433219 -18293883,-6594314 -17797063,-5516795 -16645670,-5322998 -17049705,-6433219 -18293883))
32620;POLYGON((-5122036 -21635859,-5385324 -21033226,-4097838 -19239988,-3796204 -19713801,-5122036 -21635859))
32621;POLYGON((-3096340 -25683683,-3491607 -24954503,-1958382 -22275751,-1518349 -22828566,-3096340 -25683683))
32622;POLYGON((-155393 -30573836,-718846 -29693860,1100698 -25809666,1716178 -26451233,-155393 -30573836))
32623;POLYGON((3943460 -36465553,3168207 -35406536,5319883 -29901326,6155336 -30641802,3943460 -36465553))
32624;POLYGON((9491074 -43543906,8451915 -42273068,10987198 -34612387,12095719 -35462180,9491074 -43543906))
32625;POLYGON((16833389 -52023203,15468531 -50502641,18445012 -40005510,19889458 -40975070,16833389 -52023203))
32626;POLYGON((26378949 -62150742,24615614 -60336778,28097463 -46143021,29951753 -47242596,26378949 -62150742))
32627;POLYGON((38607090 -74210938,36360105 -72053405,40418540 -53085294,42769070 -54324621,38607090 -74210938))
32628;POLYGON((54076815 -88529851,51247082 -85971309,55960858 -60888783,58908028 -62276736,54076815 -88529851))
32629;POLYGON((73436396 -105480152,69909240 -102455028,75365137 -69603717,79025008 -71147876,73436396 -105480152))
32630;POLYGON((97433719 -125486536,93077114 -121920190,99370439 -79271381,103876509 -80977545,97433719 -125486536))
32631;POLYGON((-105608427 -132916090,-110435209 -136784148,-117344209 -86260811,-112359010 -84472181,-105608427 -132916090))
32632;POLYGON((-79880187 -111786800,-83804407 -115072600,-89807453 -75940879,-85742332 -74316310,-79880187 -111786800))
32633;POLYGON((-59063023 -93867728,-62226092 -96650821,-67424457 -66594703,-64136491 -65129495,-59063023 -93867728))
32634;POLYGON((-42373409 -78715546,-44898447 -81065917,-49384541 -58188673,-46749180 -56876071,-42373409 -78715546))
32635;POLYGON((-29131055 -65940869,-31124736 -67919911,-34982607 -50678196,-32891835 -49509917,-29131055 -65940869))
32636;POLYGON((-18748306 -55202672,-20302565 -56864088,-23608403 -44010687,-21969020 -42977376,-18748306 -55202672))
32637;POLYGON((-10720290 -46203183,-11913920 -47593801,-14736540 -38128147,-13468574 -37219770,-10720290 -46203183))
32638;POLYGON((-4615811 -38683209,-5515927 -39843734,-7917253 -32969350,-6952484 -32175524,-4615811 -38683209))
32639;POLYGON((-68927 -32417880,-732324 -33383576,-2767859 -28471693,-2048467 -27781961,-68927 -32417880))
32640;POLYGON((3228781 -27212775,2754385 -28014084,1035103 -24572717,1557785 -23976774,3228781 -27212775))
32641;POLYGON((5535310 -22900403,5210135 -23563510,3763087 -21211346,4129717 -20699220,5535310 -22900403))
32642;POLYGON((7064707 -19337022,6855874 -19884359,5642126 -18328870,5886392 -17891061,7064707 -19337022))
32643;POLYGON((7992961 -16399761,7873548 -16850471,6858840 -15869691,7008400 -15497278,7992961 -16399761))
32644;POLYGON((8463332 -13984032,8411525 -14354380,7565863 -13781874,7643206 -13466584,8463332 -13984032))
32645;POLYGON((8591151 -12001206,8589480 -12304945,7886754 -12017510,7909961 -11751768,8591151 -12001206))
32646;POLYGON((8468112 -10376525,8502768 -10625233,7920385 -10532936,7903816 -10309883,8468112 -10376525))
32647;POLYGON((8166096 -9047245,8226327 -9250618,7744857 -9288809,7699760 -9102308,8166096 -9047245))
32648;POLYGON((7740545 -7960984,7818120 -8127098,7420970 -8250081,7356016 -8094702,7740545 -7960984))
32649;POLYGON((7233417 -7074254,7322167 -7209795,6995266 -7385882,6917017 -7256873,7233417 -7074254))
32650;POLYGON((6675763 -6351164,6771172 -6461637,6502679 -6669322,6415994 -6562572,6675763 -6351164))
32651;POLYGON((6089923 -5762286,6188789 -5852191,5968822 -6077250,5877206 -5989244,6089923 -5762286))
32652;POLYGON((5491415 -5283659,5591555 -5356647,5411940 -5589968,5317838 -5517737,5491415 -5283659))
32653;POLYGON((4890496 -4895923,4990508 -4954934,4844553 -5190922,4749592 -5131991,4890496 -4895923))
32654;POLYGON((4293468 -4583573,4392529 -4630953,4274813 -4866386,4180011 -4818720,4293468 -4583573))
32655;POLYGON((3703725 -4334324,3801433 -4371921,3707625 -4605144,3613547 -4567095,3703725 -4334324))
32656;POLYGON((3122584 -4138571,3218835 -4167819,3145530 -4398188,3052423 -4368450,3122584 -4138571))
32657;POLYGON((2549933 -3988937,2644822 -4010928,2589405 -4238436,2497293 -4215998,2549933 -3988937))
32658;POLYGON((1984707 -3879917,2078461 -3895451,2038990 -4120485,1947747 -4104595,1984707 -3879917))
32659;POLYGON((1425239 -3807583,1518166 -3817215,1493282 -4040396,1402690 -4030526,1425239 -3807583))
32660;POLYGON((869504 -3769375,961960 -3773444,950816 -3995527,860601 -3991354,869504 -3769375))
