32701;POLYGON((372071 3903379,436032 3904751,439253 3682169,378514 3680835,372071 3903379))
32702;POLYGON((-11175 3875896,52602 3882774,75196 3660807,14662 3654123,-11175 3875896))
32703;POLYGON((-392437 3815150,-329100 3827607,-286920 3607227,-346961 3595137,-392437 3815150))
32704;POLYGON((-770024 3720522,-707429 3738682,-645286 3520993,-704508 3503403,-770024 3720522))
32705;POLYGON((-1141914 3591114,-1080427 3615142,-997816 3401461,-1055836 3378248,-1141914 3591114))
32706;POLYGON((-1505602 3425831,-1445682 3455919,-1342025 3247854,-1398381 3218883,-1505602 3425831))
32707;POLYGON((-1857935 3223514,-1800159 3259852,-1674894 3059378,-1729023 3024527,-1857935 3223514))
32708;POLYGON((-2194933 2983133,-2140029 3025874,-1992740 2835400,-2043951 2794593,-2194933 2983133))
32709;POLYGON((-2511598 2704070,-2460480 2753272,-2291066 2575681,-2338522 2528940,-2511598 2704070))
32710;POLYGON((-2801697 2386500,-2755499 2442059,-2564422 2280712,-2607110 2228217,-2801697 2386500))
32711;POLYGON((-3057523 2031919,-3017642 2093468,-2806241 1952143,-2842949 1894321,-3057523 2031919))
32712;POLYGON((-3269629 1643839,-3237774 1710616,-3008687 1593356,-3037970 1530987,-3269629 1643839))
32713;POLYGON((-3426533 1228681,-3404771 1299369,-3162469 1210199,-3182628 1144559,-3426533 1228681))
32714;POLYGON((-3514386 796932,-3505206 869443,-3256672 811906,-3265713 744941,-3514386 796932))
32715;POLYGON((-3516609 364579,-3522980 435796,-3278549 412254,-3274158 346797,-3516609 364579))
32716;POLYGON((-3413484 -45100,-3438929 20349,-3213325 30981,-3192826 -28982,-3413484 -45100))
32717;POLYGON((-3181704 -399365,-3230376 -345902,-3043969 -304489,-3004287 -353501,-3181704 -399365))
32718;POLYGON((-2793879 -653366,-2870650 -620332,-2750963 -556967,-2688586 -587712,-2793879 -653366))
32719;POLYGON((-2217991 -747001,-2328544 -745624,-2312048 -677023,-2222983 -679874,-2217991 -747001))
32720;POLYGON((-1416790 -601178,-1567723 -646136,-1701962 -600058,-1581686 -562541,-1416790 -601178))
32721;POLYGON((-347148 -113422,-546087 -223626,-892150 -242871,-735562 -149039,-347148 -113422))
32722;POLYGON((1040664 847232,784940 647736,149535 500329,348165 670618,1040664 847232))
32723;POLYGON((2803749 2446178,2481177 2127155,1459162 1762547,1706249 2034470,2803749 2446178))
32724;POLYGON((5007426 4890038,4606511 4413870,3077057 3709301,3379761 4114017,5007426 4890038))
32725;POLYGON((7726144 8434464,7233801 7754776,5048172 6544677,5414464 7120421,7726144 8434464))
32726;POLYGON((11044462 13392993,10445853 12453098,7422477 10518212,7861199 11311525,11044462 13392993))
32727;POLYGON((15058116 20147081,14336462 18878224,10255364 15932674,10776308 16999792,15058116 20147081))
32728;POLYGON((19875153 29157382,19011540 27476768,13608093 23152815,14222069 24561229,19875153 29157382))
32729;POLYGON((25617151 40976418,24590322 38785000,17548244 32615180,18267166 34445378,25617151 40976418))
32730;POLYGON((32420531 56262706,31206660 53442723,22150217 44839056,22987182 47186467,32420531 56262706))
32731;POLYGON((-33950075 62259661,-35267268 65444677,-24625919 54821486,-23724625 52174432,-33950075 62259661))
32732;POLYGON((-26759823 45650731,-27877025 48140439,-19537802 40421778,-18761573 38345918,-26759823 45650731))
32733;POLYGON((-20679960 32754785,-21622369 34677312,-15165144 29181699,-14500256 27573340,-20679960 32754785))
32734;POLYGON((-15568817 22874559,-16358945 24337983,-11428720 20520116,-10862678 19291556,-15568817 22874559))
32735;POLYGON((-11300016 15423846,-11957921 16518799,-8256459 13946613,-7777912 13024093,-11300016 15423846))
32736;POLYGON((-7761140 9912847,-8304644 10714842,-5582940 9049736,-5181596 8371597,-7761140 9912847))
32737;POLYGON((-4852481 5935027,-5297369 6506552,-3348910 5486429,-3015461 5001467,-4852481 5935027))
32738;POLYGON((-2485874 3155383,-2846086 3547763,-1500831 2972591,-1226879 2638583,-2485874 3155383))
32739;POLYGON((-583614 1300009,-871418 1555058,9548 1274654,231559 1057045,-583614 1300009))
32740;POLYGON((922556 146853,696399 298337,1225599 202109,1402450 72860,922556 146853))
32741;POLYGON((2092383 -482413,1918469 -407494,2186187 -399087,2323943 -462524,2092383 -482413))
32742;POLYGON((2977961 -729533,2848104 -709822,2926035 -652316,3030106 -667888,2977961 -729533))
32743;POLYGON((3624538 -705872,3531641 -724679,3476060 -655358,3551249 -637192,3624538 -705872))
32744;POLYGON((4071248 -497793,4009183 -542256,3863685 -484798,3914246 -443872,4071248 -497793))
32745;POLYGON((4351782 -171283,4315286 -231644,4113142 -199824,4142823 -144547,4351782 -171283))
32746;POLYGON((4495012 224101,4479582 155109,4245747 154516,4257834 217809,4495012 224101))
32747;POLYGON((4525547 651901,4527355 579570,4280161 544544,4277525 611175,4525547 651901))
32748;POLYGON((4464248 1085947,4480058 1014029,4232638 945610,4217770 1012205,4464248 1085947))
32749;POLYGON((4328696 1508040,4355787 1439100,4117254 1340137,4092303 1404339,4328696 1508040))
32750;POLYGON((4133605 1906034,4169707 1841746,3946121 1716008,3912930 1776229,4133605 1906034))
32751;POLYGON((3891208 2272294,3934440 2213673,3729595 2065233,3689732 2120464,3891208 2272294))
32752;POLYGON((3611597 2602451,3660412 2550043,3476458 2382879,3431248 2432533,3611597 2602451))
32753;POLYGON((3303027 2894422,3356165 2848450,3194108 2666214,3144660 2709999,3303027 2894422))
32754;POLYGON((2972195 3147658,3028637 3108134,2888720 2914030,2835955 2951854,2972195 3147658))
32755;POLYGON((2624486 3362563,2683415 3329372,2565410 3126122,2510090 3158020,2624486 3362563))
32756;POLYGON((2264196 3540064,2324964 3513030,2228387 3302893,2171135 3328968,2264196 3540064))
32757;POLYGON((1894733 3681302,1956825 3660231,1881098 3445051,1822425 3465436,1894733 3681302))
32758;POLYGON((1518799 3787411,1581807 3772122,1526369 3553402,1466695 3568228,1518799 3787411))
32759;POLYGON((1138562 3859367,1202154 3849712,1166537 3628688,1106212 3638066,1138562 3859367))
32760;POLYGON((755803 3897889,819703 3893769,803582 3671493,742911 3675498,755803 3897889))
32601;POLYGON((372071 -6096620,436032 -6095248,439253 -6317830,378514 -6319164,372071 -6096620))
32602;POLYGON((-11175 -6124103,52602 -6117225,75196 -6339192,14662 -6345876,-11175 -6124103))
32603;POLYGON((-392437 -6184849,-329100 -6172392,-286920 -6392772,-346961 -6404862,-392437 -6184849))
32604;POLYGON((-770024 -6279477,-707429 -6261317,-645286 -6479006,-704508 -6496596,-770024 -6279477))
32605;POLYGON((-1141914 -6408885,-1080427 -6384857,-997816 -6598538,-1055836 -6621751,-1141914 -6408885))
32606;POLYGON((-1505602 -6574168,-1445682 -6544080,-1342025 -6752145,-1398381 -6781116,-1505602 -6574168))
32607;POLYGON((-1857935 -6776485,-1800159 -6740147,-1674894 -6940621,-1729023 -6975472,-1857935 -6776485))
32608;POLYGON((-2194933 -7016866,-2140029 -6974125,-1992740 -7164599,-2043951 -7205406,-2194933 -7016866))
32609;POLYGON((-2511598 -7295929,-2460480 -7246727,-2291066 -7424318,-2338522 -7471059,-2511598 -7295929))
32610;POLYGON((-2801697 -7613499,-2755499 -7557940,-2564422 -7719287,-2607110 -7771782,-2801697 -7613499))
32611;POLYGON((-3057523 -7968080,-3017642 -7906531,-2806241 -8047856,-2842949 -8105678,-3057523 -7968080))
32612;POLYGON((-3269629 -8356160,-3237774 -8289383,-3008687 -8406643,-3037970 -8469012,-3269629 -8356160))
32613;POLYGON((-3426533 -8771318,-3404771 -8700630,-3162469 -8789800,-3182628 -8855440,-3426533 -8771318))
32614;POLYGON((-3514386 -9203067,-3505206 -9130556,-3256672 -9188093,-3265713 -9255058,-3514386 -9203067))
32615;POLYGON((-3516609 -9635420,-3522980 -9564203,-3278549 -9587745,-3274158 -9653202,-3516609 -9635420))
32616;POLYGON((-3413484 -10045100,-3438929 -9979650,-3213325 -9969018,-3192826 -10028982,-3413484 -10045100))
32617;POLYGON((-3181704 -10399365,-3230376 -10345902,-3043969 -10304489,-3004287 -10353501,-3181704 -10399365))
32618;POLYGON((-2793879 -10653366,-2870650 -10620332,-2750963 -10556967,-2688586 -10587712,-2793879 -10653366))
32619;POLYGON((-2217991 -10747001,-2328544 -10745624,-2312048 -10677023,-2222983 -10679874,-2217991 -10747001))
32620;POLYGON((-1416790 -10601178,-1567723 -10646136,-1701962 -10600058,-1581686 -10562541,-1416790 -10601178))
32621;POLYGON((-347148 -10113422,-546087 -10223626,-892150 -10242871,-735562 -10149039,-347148 -10113422))
32622;POLYGON((1040664 -9152767,784940 -9352263,149535 -9499670,348165 -9329381,1040664 -9152767))
32623;POLYGON((2803749 -7553821,2481177 -7872844,1459162 -8237452,1706249 -7965529,2803749 -7553821))
32624;POLYGON((5007426 -5109961,4606511 -5586129,3077057 -6290698,3379761 -5885982,5007426 -5109961))
32625;POLYGON((7726144 -1565535,7233801 -2245223,5048172 -3455322,5414464 -2879578,7726144 -1565535))
32626;POLYGON((11044462 3392993,10445853 2453098,7422477 518212,7861199 1311525,11044462 3392993))
32627;POLYGON((15058116 10147081,14336462 8878224,10255364 5932674,10776308 6999792,15058116 10147081))
32628;POLYGON((19875153 19157382,19011540 17476768,13608093 13152815,14222069 14561229,19875153 19157382))
32629;POLYGON((25617151 30976418,24590322 28785000,17548244 22615180,18267166 24445378,25617151 30976418))
32630;POLYGON((32420531 46262706,31206660 43442723,22150217 34839056,22987182 37186467,32420531 46262706))
32631;POLYGON((-33950075 52259661,-35267268 55444677,-24625919 44821486,-23724625 42174432,-33950075 52259661))
32632;POLYGON((-26759823 35650731,-27877025 38140439,-19537802 30421778,-18761573 28345918,-26759823 35650731))
32633;POLYGON((-20679960 22754785,-21622369 24677312,-15165144 19181699,-14500256 17573340,-20679960 22754785))
32634;POLYGON((-15568817 12874559,-16358945 14337983,-11428720 10520116,-10862678 9291556,-15568817 12874559))
32635;POLYGON((-11300016 5423846,-11957921 6518799,-8256459 3946613,-7777912 3024093,-11300016 5423846))
32636;POLYGON((-7761140 -87152,-8304644 714842,-5582940 -950263,-5181596 -1628402,-7761140 -87152))
32637;POLYGON((-4852481 -4064972,-5297369 -3493447,-3348910 -4513570,-3015461 -4998532,-4852481 -4064972))
32638;POLYGON((-2485874 -6844616,-2846086 -6452236,-1500831 -7027408,-1226879 -7361416,-2485874 -6844616))
32639;POLYGON((-583614 -8699990,-871418 -8444941,9548 -8725345,231559 -8942954,-583614 -8699990))
32640;POLYGON((922556 -9853146,696399 -9701662,1225599 -9797890,1402450 -9927139,922556 -9853146))
32641;POLYGON((2092383 -10482413,1918469 -10407494,2186187 -10399087,2323943 -10462524,2092383 -10482413))
32642;POLYGON((2977961 -10729533,2848104 -10709822,2926035 -10652316,3030106 -10667888,2977961 -10729533))
32643;POLYGON((3624538 -10705872,3531641 -10724679,3476060 -10655358,3551249 -10637192,3624538 -10705872))
32644;POLYGON((4071248 -10497793,4009183 -10542256,3863685 -10484798,3914246 -10443872,4071248 -10497793))
32645;POLYGON((4351782 -10171283,4315286 -10231644,4113142 -10199824,4142823 -10144547,4351782 -10171283))
32646;POLYGON((4495012 -9775898,4479582 -9844890,4245747 -9845483,4257834 -9782190,4495012 -9775898))
32647;POLYGON((4525547 -9348098,4527355 -9420429,4280161 -9455455,4277525 -9388824,4525547 -9348098))
32648;POLYGON((4464248 -8914052,4480058 -8985970,4232638 -9054389,4217770 -8987794,4464248 -8914052))
32649;POLYGON((4328696 -8491959,4355787 -8560899,4117254 -8659862,4092303 -8595660,4328696 -8491959))
32650;POLYGON((4133605 -8093965,4169707 -8158253,3946121 -8283991,3912930 -8223770,4133605 -8093965))
32651;POLYGON((3891208 -7727705,3934440 -7786326,3729595 -7934766,3689732 -7879535,3891208 -7727705))
32652;POLYGON((3611597 -7397548,3660412 -7449956,3476458 -7617120,3431248 -7567466,3611597 -7397548))
32653;POLYGON((3303027 -7105577,3356165 -7151549,3194108 -7333785,3144660 -7290000,3303027 -7105577))
32654;POLYGON((2972195 -6852341,3028637 -6891865,2888720 -7085969,2835955 -7048145,2972195 -6852341))
32655;POLYGON((2624486 -6637436,2683415 -6670627,2565410 -6873877,2510090 -6841979,2624486 -6637436))
32656;POLYGON((2264196 -6459935,2324964 -6486969,2228387 -6697106,2171135 -6671031,2264196 -6459935))
32657;POLYGON((1894733 -6318697,1956825 -6339768,1881098 -6554948,1822425 -6534563,1894733 -6318697))
32658;POLYGON((1518799 -6212588,1581807 -6227877,1526369 -6446597,1466695 -6431771,1518799 -6212588))
32659;POLYGON((1138562 -6140632,1202154 -6150287,1166537 -6371311,1106212 -6361933,1138562 -6140632))
32660;POLYGON((755803 -6102110,819703 -6106230,803582 -6328506,742911 -6324501,755803 -6102110))
