32701;POLYGON((381792 3569539,440892 3570852,444223 3348167,388455 3346902,381792 3569539))
32702;POLYGON((27803 3543262,86688 3549836,110043 3327920,54506 3321588,27803 3543262))
32703;POLYGON((-323856 3485262,-265486 3497146,-221961 3277198,-276947 3265765,-323856 3485262))
32704;POLYGON((-671271 3395134,-613752 3412409,-549804 3195744,-603889 3179156,-671271 3395134))
32705;POLYGON((-1012255 3272311,-955974 3295079,-871283 3083199,-924073 3061391,-1012255 3272311))
32706;POLYGON((-1344229 3116145,-1289649 3144515,-1183882 2939168,-1234921 2912077,-1344229 3116145))
32707;POLYGON((-1664107 2926027,-1611783 2960092,-1484683 2763330,-1533438 2730919,-1664107 2926027))
32708;POLYGON((-1968176 2701567,-1918775 2741367,-1770278 2555581,-1816129 2517867,-1968176 2701567))
32709;POLYGON((-2251978 2442826,-2206300 2488307,-2036692 2316231,-2078916 2273324,-2251978 2442826))
32710;POLYGON((-2510192 2150642,-2469188 2201594,-2279314 2046266,-2317075 1998416,-2510192 2150642))
32711;POLYGON((-2736511 1827046,-2701306 1883026,-2492836 1747675,-2525181 1695341,-2736511 1827046))
32712;POLYGON((-2923525 1475806,-2895436 1536038,-2671211 1423875,-2697056 1367800,-2923525 1475806))
32713;POLYGON((-3062599 1103117,-3043155 1166366,-2807615 1080235,-2825745 1021547,-3062599 1103117))
32714;POLYGON((-3143749 718467,-3134713 782881,-2894425 724729,-2903493 665064,-3143749 718467))
32715;POLYGON((-3155522 335700,-3158911 398616,-2923225 368730,-2921750 310380,-3155522 335700))
32716;POLYGON((-3084868 -25671,-3102972 32038,-2884808 27974,-2871182 -25936,-3084868 -25671))
32717;POLYGON((-2917017 -338891,-2952423 -291427,-2769220 -276282,-2741714 -321582,-2917017 -338891))
32718;POLYGON((-2635352 -568065,-2690963 -537554,-2565806 -515894,-2522581 -547112,-2635352 -568065))
32719;POLYGON((-2221279 -665915,-2300338 -661134,-2263287 -654204,-2202409 -664274,-2221279 -665915))
32720;POLYGON((-1654103 -571137,-1760209 -603403,-1849859 -644144,-1769320 -624059,-1654103 -571137))
32721;POLYGON((-910888 -205310,-1048025 -289027,-1313318 -426033,-1211052 -364447,-910888 -205310))
32722;POLYGON((33666 530683,-138889 377390,-641203 74973,-515122 192209,33666 530683))
32723;POLYGON((1207365 1760795,994578 1515350,179023 951812,331002 1142175,1207365 1760795))
32724;POLYGON((2640653 3638535,2382370 3273079,1159769 2318860,1339686 2603756,2640653 3638535))
32725;POLYGON((4366749 6352374,4057236 5832818,2313079 4315729,2522888 4721175,4366749 6352374))
32726;POLYGON((6421790 10131856,6054815 9416808,3650368 7111577,3891889 7668971,6421790 10131856))
32727;POLYGON((8844972 15254502,8413785 14294058,5182117 10909946,5456984 11656926,8844972 15254502))
32728;POLYGON((11678695 22053563,11175999 20787955,6917541 15954199,7227140 16935613,11678695 22053563))
32729;POLYGON((14968705 30926702,14386638 29284782,8864215 22533583,9209620 23802565,14968705 30926702))
32730;POLYGON((18764249 42345656,18094353 40243215,11027666 30989990,11409570 32609155,18764249 42345656))
32731;POLYGON((-19150805 46811240,-19867979 49180108,-11592013 37866198,-11191741 36045141,-19150805 46811240))
32732;POLYGON((-15175181 34424521,-15800067 36285289,-9282185 27939138,-8918589 26503534,-15175181 34424521))
32733;POLYGON((-11722308 24759150,-12263670 26203246,-7191463 20149942,-6864073 19031949,-11722308 24759150))
32734;POLYGON((-8741742 17316363,-9207737 18421245,-5315930 14117510,-5023853 13259410,-8741742 17316363))
32735;POLYGON((-6186586 11674933,-6584790 12505858,-3649329 9518293,-3391326 8871238,-6186586 11674933))
32736;POLYGON((-4013342 7481150,-4350775 8092776,-2183494 6079052,-1958046 5601926,-4013342 7481150))
32737;POLYGON((-2181761 4439821,-2464911 4877635,-908748 3570342,-714122 3228741,-2181761 4439821))
32738;POLYGON((-654703 2306217,-889551 2607819,185735 1800656,351433 1565974,-654703 2306217))
32739;POLYGON((602008 878895,409966 1075133,1111613 611194,1250385 459810,602008 878895))
32740;POLYGON((1619727 -6676,1465455 109303,1881079 -128791,1994991 -216239,1619727 -6676))
32741;POLYGON((2427124 -483743,2306024 -427769,2506610 -526131,2597753 -565385,2427124 -483743))
32742;POLYGON((3050317 -659214,2958208 -647065,3000738 -667381,3071192 -671126,3050317 -659214))
32743;POLYGON((3513017 -617984,3446109 -636874,3375857 -622025,3427661 -600385,3513017 -617984))
32744;POLYGON((3836651 -426697,3791525 -466643,3644053 -445274,3679183 -406240,3836651 -426697))
32745;POLYGON((4040499 -136992,4014086 -190304,3816968 -180497,3837311 -130296,4040499 -136992))
32746;POLYGON((4141822 211710,4131380 150858,3905682 138681,3913024 195262,4141822 211710))
32747;POLYGON((4155992 589836,4159085 525779,3920623 486581,3916634 545922,4155992 589836))
32748;POLYGON((4096619 975647,4111094 911538,3871502 843927,3857727 903344,4096619 975647))
32749;POLYGON((3975673 1353568,3999645 1291638,3767264 1196555,3745117 1254106,3975673 1353568))
32750;POLYGON((3803616 1712789,3835440 1654560,3616063 1534324,3586825 1588643,3803616 1712789))
32751;POLYGON((3589517 2046123,3627774 1992583,3425253 1850209,3390072 1900374,3589517 2046123))
32752;POLYGON((3341183 2349077,3384653 2300822,3201396 2139558,3161292 2184979,3341183 2349077))
32753;POLYGON((3065273 2619107,3112922 2576452,2950290 2399482,2906155 2439814,3065273 2619107))
32754;POLYGON((2767424 2855032,2818378 2818100,2677002 2628368,2629616 2663437,2767424 2855032))
32755;POLYGON((2452368 3056570,2505896 3025362,2385927 2825490,2335958 2855239,2452368 3056570))
32756;POLYGON((2124055 3223993,2179548 3198437,2080840 2990700,2028864 3015143,2124055 3223993))
32757;POLYGON((1785765 3357857,1842717 3337849,1764978 3124193,1711488 3143383,1785765 3357857))
32758;POLYGON((1440233 3458814,1498223 3444246,1441116 3226331,1386534 3240333,1440233 3458814))
32759;POLYGON((1089765 3527469,1148432 3518248,1111654 3297504,1056351 3306381,1089765 3527469))
32760;POLYGON((736352 3564288,795381 3560348,778711 3338046,723020 3341842,736352 3564288))
32601;POLYGON((381792 -6430460,440892 -6429147,444223 -6651832,388455 -6653097,381792 -6430460))
32602;POLYGON((27803 -6456737,86688 -6450163,110043 -6672079,54506 -6678411,27803 -6456737))
32603;POLYGON((-323856 -6514737,-265486 -6502853,-221961 -6722801,-276947 -6734234,-323856 -6514737))
32604;POLYGON((-671271 -6604865,-613752 -6587590,-549804 -6804255,-603889 -6820843,-671271 -6604865))
32605;POLYGON((-1012255 -6727688,-955974 -6704920,-871283 -6916800,-924073 -6938608,-1012255 -6727688))
32606;POLYGON((-1344229 -6883854,-1289649 -6855484,-1183882 -7060831,-1234921 -7087922,-1344229 -6883854))
32607;POLYGON((-1664107 -7073972,-1611783 -7039907,-1484683 -7236669,-1533438 -7269080,-1664107 -7073972))
32608;POLYGON((-1968176 -7298432,-1918775 -7258632,-1770278 -7444418,-1816129 -7482132,-1968176 -7298432))
32609;POLYGON((-2251978 -7557173,-2206300 -7511692,-2036692 -7683768,-2078916 -7726675,-2251978 -7557173))
32610;POLYGON((-2510192 -7849357,-2469188 -7798405,-2279314 -7953733,-2317075 -8001583,-2510192 -7849357))
32611;POLYGON((-2736511 -8172953,-2701306 -8116973,-2492836 -8252324,-2525181 -8304658,-2736511 -8172953))
32612;POLYGON((-2923525 -8524193,-2895436 -8463961,-2671211 -8576124,-2697056 -8632199,-2923525 -8524193))
32613;POLYGON((-3062599 -8896882,-3043155 -8833633,-2807615 -8919764,-2825745 -8978452,-3062599 -8896882))
32614;POLYGON((-3143749 -9281532,-3134713 -9217118,-2894425 -9275270,-2903493 -9334935,-3143749 -9281532))
32615;POLYGON((-3155522 -9664299,-3158911 -9601383,-2923225 -9631269,-2921750 -9689619,-3155522 -9664299))
32616;POLYGON((-3084868 -10025671,-3102972 -9967961,-2884808 -9972025,-2871182 -10025936,-3084868 -10025671))
32617;POLYGON((-2917017 -10338891,-2952423 -10291427,-2769220 -10276282,-2741714 -10321582,-2917017 -10338891))
32618;POLYGON((-2635352 -10568065,-2690963 -10537554,-2565806 -10515894,-2522581 -10547112,-2635352 -10568065))
32619;POLYGON((-2221279 -10665915,-2300338 -10661134,-2263287 -10654204,-2202409 -10664274,-2221279 -10665915))
32620;POLYGON((-1654103 -10571137,-1760209 -10603403,-1849859 -10644144,-1769320 -10624059,-1654103 -10571137))
32621;POLYGON((-910888 -10205310,-1048025 -10289027,-1313318 -10426033,-1211052 -10364447,-910888 -10205310))
32622;POLYGON((33666 -9469316,-138889 -9622609,-641203 -9925026,-515122 -9807790,33666 -9469316))
32623;POLYGON((1207365 -8239204,994578 -8484649,179023 -9048187,331002 -8857824,1207365 -8239204))
32624;POLYGON((2640653 -6361464,2382370 -6726920,1159769 -7681139,1339686 -7396243,2640653 -6361464))
32625;POLYGON((4366749 -3647625,4057236 -4167181,2313079 -5684270,2522888 -5278824,4366749 -3647625))
32626;POLYGON((6421790 131856,6054815 -583191,3650368 -2888422,3891889 -2331028,6421790 131856))
32627;POLYGON((8844972 5254502,8413785 4294058,5182117 909946,5456984 1656926,8844972 5254502))
32628;POLYGON((11678695 12053563,11175999 10787955,6917541 5954199,7227140 6935613,11678695 12053563))
32629;POLYGON((14968705 20926702,14386638 19284782,8864215 12533583,9209620 13802565,14968705 20926702))
32630;POLYGON((18764249 32345656,18094353 30243215,11027666 20989990,11409570 22609155,18764249 32345656))
32631;POLYGON((-19150805 36811240,-19867979 39180108,-11592013 27866198,-11191741 26045141,-19150805 36811240))
32632;POLYGON((-15175181 24424521,-15800067 26285289,-9282185 17939138,-8918589 16503534,-15175181 24424521))
32633;POLYGON((-11722308 14759150,-12263670 16203246,-7191463 10149942,-6864073 9031949,-11722308 14759150))
32634;POLYGON((-8741742 7316363,-9207737 8421245,-5315930 4117510,-5023853 3259410,-8741742 7316363))
32635;POLYGON((-6186586 1674933,-6584790 2505858,-3649329 -481706,-3391326 -1128761,-6186586 1674933))
32636;POLYGON((-4013342 -2518849,-4350775 -1907223,-2183494 -3920947,-1958046 -4398073,-4013342 -2518849))
32637;POLYGON((-2181761 -5560178,-2464911 -5122364,-908748 -6429657,-714122 -6771258,-2181761 -5560178))
32638;POLYGON((-654703 -7693782,-889551 -7392180,185735 -8199343,351433 -8434025,-654703 -7693782))
32639;POLYGON((602008 -9121104,409966 -8924866,1111613 -9388805,1250385 -9540189,602008 -9121104))
32640;POLYGON((1619727 -10006676,1465455 -9890696,1881079 -10128791,1994991 -10216239,1619727 -10006676))
32641;POLYGON((2427124 -10483743,2306024 -10427769,2506610 -10526131,2597753 -10565385,2427124 -10483743))
32642;POLYGON((3050317 -10659214,2958208 -10647065,3000738 -10667381,3071192 -10671126,3050317 -10659214))
32643;POLYGON((3513017 -10617984,3446109 -10636874,3375857 -10622025,3427661 -10600385,3513017 -10617984))
32644;POLYGON((3836651 -10426697,3791525 -10466643,3644053 -10445274,3679183 -10406240,3836651 -10426697))
32645;POLYGON((4040499 -10136992,4014086 -10190304,3816968 -10180497,3837311 -10130296,4040499 -10136992))
32646;POLYGON((4141822 -9788289,4131380 -9849141,3905682 -9861318,3913024 -9804737,4141822 -9788289))
32647;POLYGON((4155992 -9410163,4159085 -9474220,3920623 -9513418,3916634 -9454077,4155992 -9410163))
32648;POLYGON((4096619 -9024352,4111094 -9088461,3871502 -9156072,3857727 -9096655,4096619 -9024352))
32649;POLYGON((3975673 -8646431,3999645 -8708361,3767264 -8803444,3745117 -8745893,3975673 -8646431))
32650;POLYGON((3803616 -8287210,3835440 -8345439,3616063 -8465675,3586825 -8411356,3803616 -8287210))
32651;POLYGON((3589517 -7953876,3627774 -8007416,3425253 -8149790,3390072 -8099625,3589517 -7953876))
32652;POLYGON((3341183 -7650922,3384653 -7699177,3201396 -7860441,3161292 -7815020,3341183 -7650922))
32653;POLYGON((3065273 -7380892,3112922 -7423547,2950290 -7600517,2906155 -7560185,3065273 -7380892))
32654;POLYGON((2767424 -7144967,2818378 -7181899,2677002 -7371631,2629616 -7336562,2767424 -7144967))
32655;POLYGON((2452368 -6943429,2505896 -6974637,2385927 -7174509,2335958 -7144760,2452368 -6943429))
32656;POLYGON((2124055 -6776006,2179548 -6801562,2080840 -7009299,2028864 -6984856,2124055 -6776006))
32657;POLYGON((1785765 -6642142,1842717 -6662150,1764978 -6875806,1711488 -6856616,1785765 -6642142))
32658;POLYGON((1440233 -6541185,1498223 -6555753,1441116 -6773668,1386534 -6759666,1440233 -6541185))
32659;POLYGON((1089765 -6472530,1148432 -6481751,1111654 -6702495,1056351 -6693618,1089765 -6472530))
32660;POLYGON((736352 -6435711,795381 -6439651,778711 -6661953,723020 -6658157,736352 -6435711))
