32601;POLYGON((663019 4762755,826052 4768583,836444 4546468,668207 4540683,663019 4762755))
32602;POLYGON((173947 4768583,336980 4762755,331792 4540683,163555 4546468,173947 4768583))
32603;POLYGON((-315361 4809599,-152212 4791973,-173115 4569695,-341601 4587205,-315361 4809599))
32604;POLYGON((-805154 4886804,-641832 4856950,-678983 4634280,-847911 4663984,-805154 4886804))
32605;POLYGON((-1295371 5002067,-1131941 4959265,-1186287 4736166,-1355731 4778857,-1295371 5002067))
32606;POLYGON((-1785425 5158146,-1622158 5101378,-1695066 4878067,-1864900 4934876,-1785425 5158146))
32607;POLYGON((-2273916 5358686,-2111389 5286638,-2204664 5063727,-2374454 5136139,-2273916 5358686))
32608;POLYGON((-2758272 5608200,-2597500 5519275,-2713374 5297959,-2882247 5387817,-2758272 5608200))
32609;POLYGON((-3234283 5911975,-3076884 5804333,-3217998 5586647,-3384458 5696145,-3234283 5911975))
32610;POLYGON((-3695515 6275907,-3543923 6147532,-3713256 5936700,-3874959 6068347,-3695515 6275907))
32611;POLYGON((-4132573 6706187,-3990300 6555007,-4191054 6355912,-4344524 6512462,-4132573 6706187))
32612;POLYGON((-4532205 7208821,-4404161 7032894,-4639565 6852699,-4779842 7037027,-4532205 7208821))
32613;POLYGON((-4876213 7788918,-4769089 7586695,-5042108 7435665,-5162326 7650573,-4876213 7788918))
32614;POLYGON((-5140150 8449689,-5062879 8220386,-5375798 8112946,-5466682 8360893,-5140150 8449689))
32615;POLYGON((-5291791 9191096,-5256083 8935187,-5609944 8891288,-5659213 9174007,-5291791 9191096))
32616;POLYGON((-5289344 10008072,-5310314 9727935,-5704170 9774786,-5695843 10092779,-5289344 10008072))
32617;POLYGON((-5079392 10888244,-5176277 10588979,-5606228 10763225,-5519829 11115108,-5079392 10888244))
32618;POLYGON((-4594528 11809061,-4791510 11499519,-5249494 11849950,-5059135 12231631,-4594528 11809061))
32619;POLYGON((-3750676 12734250,-4077812 12428296,-4550106 13019195,-4223455 13422841,-3750676 12734250))
32620;POLYGON((-2444072 13609495,-2938339 13327542,-3403727 14242775,-2900839 14655558,-2444072 13609495))
32621;POLYGON((-547877 14357235,-1254342 14128079,-1681911 15476065,-953924 15878648,-547877 14357235))
32622;POLYGON((2091591 14870474,1118467 14733478,771956 16653170,1784273 17017898,2091591 14870474))
32623;POLYGON((5659037 15005487,4353966 15013140,4147170 17681187,5515025 17969952,5659037 15005487))
32624;POLYGON((10374790 14573291,8660067 14794196,8670689 18433446,10479036 18595196,10374790 14573291))
32625;POLYGON((16499860 13329764,14283630 13852092,14612610 18741635,16962091 18709476,16499860 13329764))
32626;POLYGON((24341467 10964267,21515828 11899723,22292181 18386689,25301248 18074549,24341467 10964267))
32627;POLYGON((34259062 7086629,30698000 8574982,32084342 17088307,35891569 16387122,34259062 7086629))
32628;POLYGON((46670864 1212349,42228018 3426573,44426856 14492992,49193438 13266368,46670864 1212349))
32629;POLYGON((62060936 -7254143,56567176 -4102067,59828021 10160474,65740488 8239772,62060936 -7254143))
32630;POLYGON((80986821 -19038332,74247641 -14690886,78875008 3548367,86148146 727180,80986821 -19038332))
32631;POLYGON((104087755 -35016719,95880466 -29163554,102242849 -6005062,111122842 -9977108,104087755 -35016719))
32632;POLYGON((-94880466 -29163554,-103087755 -35016719,-110122842 -9977108,-101242849 -6005062,-94880466 -29163554))
32633;POLYGON((-73247641 -14690886,-79986821 -19038332,-85148146 727180,-77875008 3548367,-73247641 -14690886))
32634;POLYGON((-55567176 -4102067,-61060936 -7254143,-64740488 8239772,-58828021 10160474,-55567176 -4102067))
32635;POLYGON((-41228018 3426573,-45670864 1212349,-48193438 13266368,-43426856 14492992,-41228018 3426573))
32636;POLYGON((-29698000 8574982,-33259062 7086629,-34891569 16387122,-31084342 17088307,-29698000 8574982))
32637;POLYGON((-20515828 11899723,-23341467 10964267,-24301248 18074549,-21292181 18386689,-20515828 11899723))
32638;POLYGON((-13283630 13852092,-15499860 13329764,-15962091 18709476,-13612610 18741635,-13283630 13852092))
32639;POLYGON((-7660067 14794196,-9374790 14573291,-9479036 18595196,-7670689 18433446,-7660067 14794196))
32640;POLYGON((-3353966 15013140,-4659037 15005487,-4515025 17969952,-3147170 17681187,-3353966 15013140))
32641;POLYGON((-118467 14733478,-1091591 14870474,-784273 17017898,228043 16653170,-118467 14733478))
32642;POLYGON((2254342 14128079,1547877 14357235,1953924 15878648,2681911 15476065,2254342 14128079))
32643;POLYGON((3938339 13327542,3444072 13609495,3900839 14655558,4403727 14242775,3938339 13327542))
32644;POLYGON((5077812 12428296,4750676 12734250,5223455 13422841,5550106 13019195,5077812 12428296))
32645;POLYGON((5791510 11499519,5594528 11809061,6059135 12231631,6249494 11849950,5791510 11499519))
32646;POLYGON((6176277 10588979,6079392 10888244,6519829 11115108,6606228 10763225,6176277 10588979))
32647;POLYGON((6310314 9727935,6289344 10008072,6695843 10092779,6704170 9774786,6310314 9727935))
32648;POLYGON((6256083 8935187,6291791 9191096,6659213 9174007,6609944 8891288,6256083 8935187))
32649;POLYGON((6062879 8220386,6140150 8449689,6466682 8360893,6375798 8112946,6062879 8220386))
32650;POLYGON((5769089 7586695,5876213 7788918,6162326 7650573,6042108 7435665,5769089 7586695))
32651;POLYGON((5404161 7032894,5532205 7208821,5779842 7037027,5639565 6852699,5404161 7032894))
32652;POLYGON((4990300 6555007,5132573 6706187,5344524 6512462,5191054 6355912,4990300 6555007))
32653;POLYGON((4543923 6147532,4695515 6275907,4874959 6068347,4713256 5936700,4543923 6147532))
32654;POLYGON((4076884 5804333,4234283 5911975,4384458 5696145,4217998 5586647,4076884 5804333))
32655;POLYGON((3597500 5519275,3758272 5608200,3882247 5387817,3713374 5297959,3597500 5519275))
32656;POLYGON((3111389 5286638,3273916 5358686,3374454 5136139,3204664 5063727,3111389 5286638))
32657;POLYGON((2622158 5101378,2785425 5158146,2864900 4934876,2695066 4878067,2622158 5101378))
32658;POLYGON((2131941 4959265,2295371 5002067,2355731 4778857,2186287 4736166,2131941 4959265))
32659;POLYGON((1641832 4856950,1805154 4886804,1847911 4663984,1678983 4634280,1641832 4856950))
32660;POLYGON((1152212 4791973,1315361 4809599,1341601 4587205,1173115 4569695,1152212 4791973))
