32701;POLYGON((285979 11769965,393003 11769192,392004 11547954,283979 11548638,285979 11769965))
32702;POLYGON((-358315 11785530,-250536 11781618,-257612 11558963,-366431 11562429,-358315 11785530))
32703;POLYGON((-1010745 11820555,-901174 11813302,-914697 11587048,-1025403 11593480,-1010745 11820555))
32704;POLYGON((-1677757 11876899,-1565286 11865913,-1585991 11633726,-1699761 11643480,-1677757 11876899))
32705;POLYGON((-2366389 11957707,-2249793 11942359,-2278874 11701648,-2397023 11715298,-2366389 11957707))
32706;POLYGON((-3084567 12067819,-2962448 12047162,-3001720 11794954,-3125770 11813372,-3084567 12067819))
32707;POLYGON((-3841461 12214416,-3712188 12187054,-3764332 11919849,-3896092 11944323,-3841461 12214416))
32708;POLYGON((-4647898 12407982,-4509531 12371885,-4578466 12085464,-4720126 12117885,-4647898 12407982))
32709;POLYGON((-5516863 12663693,-5367064 12615932,-5458471 12305125,-5612730 12348238,-5516863 12663693))
32710;POLYGON((-6464096 13003363,-6300022 12939738,-6422077 12598138,-6592281 12655900,-6464096 13003363))
32711;POLYGON((-7508795 13458088,-7326973 13372635,-7491339 12992226,-7681662 13070294,-7508795 13458088))
32712;POLYGON((-8674455 14071767,-8470630 13956100,-8693770 13526810,-8909418 13633176,-8674455 14071767))
32713;POLYGON((-9989839 14905687,-9758806 14748153,-10063680 14257294,-10311139 14403112,-9989839 14905687))
32714;POLYGON((-11490117 16044392,-11225517 15828993,-11643751 15260574,-11931074 15461215,-11490117 16044392))
32715;POLYGON((-13218172 17603070,-12912260 17308114,-13486863 16642002,-13823997 16918373,-13218172 17603070))
32716;POLYGON((-15226091 19736710,-14869477 19333152,-15658194 18544057,-16057362 18924230,-15226091 19736710))
32717;POLYGON((-17576867 22651327,-17158218 22100745,-18237627 21156988,-18713760 21678185,-17576867 22651327))
32718;POLYGON((-20346316 26617537,-19852015 25869687,-21322474 24731733,-21893694 25442728,-20346316 26617537))
32719;POLYGON((-23625222 31986818,-23039001 30976726,-25030545 29595430,-25718717 30559400,-23625222 31986818))
32720;POLYGON((-27521742 39210800,-26824260 37855321,-29503589 36169845,-30334927 37467759,-27521742 39210800))
32721;POLYGON((-32164070 48863948,-31332448 47057734,-34911119 44993097,-35916867 46727679,-32164070 48863948))
32722;POLYGON((-37703375 61670039,-36710688 59280845,-41454660 56745042,-42671839 59045386,-37703375 61670039))
32723;POLYGON((-44317041 78532824,-43131758 75396090,-49372424 72276733,-50844657 75303639,-44317041 78532824))
32724;POLYGON((-52212217 100571333,-50797587 96483956,-58944446 92644366,-60722859 96596465,-52212217 100571333))
32725;POLYGON((-61629689 129160257,-59943070 123873489,-70498210 119148172,-72642418 124268922,-61629689 129160257))
32726;POLYGON((-72848092 165975893,-70840227 159187278,-84414763 153376712,-86993943 159962339,-72848092 165975893))
32727;POLYGON((-86188481 213048152,-83802710 204392415,-101135377 197257071,-104229424 205665543,-86188481 213048152))
32728;POLYGON((-102019268 272819153,-99190680 261857952,-121168740 253111450,-124869529 263772569,-102019268 272819153))
32729;POLYGON((-120761555 348208929,-117416069 334419387,-145098737 323720705,-149511471 337147412,-120761555 348208929))
32730;POLYGON((-142894855 442688831,-138948240 425450743,-173592814 412395371,-178837480 429196347,-142894855 442688831))
32731;POLYGON((152118234 479113851,156400459 498343048,196495679 483455975,190785009 464705899,152118234 479113851))
32732;POLYGON((128737065 377392276,132371912 392821945,164542762 380601400,159730045 365570158,128737065 377392276))
32733;POLYGON((108920777 296054326,111997944 308358572,137649727 298352233,133607005 286378110,108920777 296054326))
32734;POLYGON((92169041 231427154,94767556 241175831,115088463 233001402,111703329 223525248,92169041 231427154))
32735;POLYGON((78041943 180415504,80231183 188087707,96220346 181423311,93394438 173975246,78041943 180415504))
32736;POLYGON((66154117 140425623,67994759 146421807,80487457 140997497,78135051 135184972,66154117 140425623))
32737;POLYGON((56169292 109297049,57714190 113949872,67404413 109540171,65451126 105037278,56169292 109297049))
32738;POLYGON((47795216 85241704,49090227 88825697,56550792 85243050,54932366 81781003,47795216 85241704))
32739;POLYGON((40778975 66789757,41863707 69529898,47564112 66618960,46225306 63977646,40778975 66789757))
32740;POLYGON((34902653 52741710,35811168 54820999,40133361 52453658,39026918 50454179,34902653 52741710))
32741;POLYGON((29979355 42126214,30740807 43692329,33993045 41763397,33078751 40261522,29979355 42126214))
32742;POLYGON((25849547 34163130,26488771 35334237,28917729 33757732,28161549 32638171,25849547 34163130))
32743;POLYGON((22377719 28231361,22915764 29101163,24717057 27807117,24090351 26978558,22377719 28231361))
32744;POLYGON((19449345 23841032,19903961 24483121,21231220 23414846,20710030 22805674,19449345 23841032))
32745;POLYGON((16968127 20609583,17354208 21081173,18326855 20192942,17891258 19747570,16968127 20609583))
32746;POLYGON((14853513 18241394,15183488 18586486,15893348 17841562,15526883 17517320,14853513 18241394))
32747;POLYGON((13038460 16510551,13322652 16762601,13839520 16131586,13528668 15896099,13038460 16510551))
32748;POLYGON((11467442 15246412,11714384 15430558,12090677 14890006,11824403 14719010,11467442 15246412))
32749;POLYGON((10094687 14321636,10311398 14456536,10585991 13987798,10355339 13863337,10094687 14321636))
32750;POLYGON((8882607 13642368,9074843 13741697,9276201 13329968,9073941 13238926,8882607 13642368))
32751;POLYGON((7800437 13140289,7972906 13213948,8121607 12847482,7941924 12780402,7800437 13140289))
32752;POLYGON((6823042 12766273,6979587 12821344,7090325 12490811,6928559 12440961,6823042 12766273))
32753;POLYGON((5929891 12485395,6073653 12526889,6156801 12224855,6009216 12187497,5929891 12485395))
32754;POLYGON((5104177 12273082,5237732 12304509,5300539 12025015,5164131 11996849,5104177 12273082))
32755;POLYGON((4332068 12112192,4457543 12135993,4505031 11874216,4377373 11852963,4332068 12112192))
32756;POLYGON((3602075 11990856,3721246 12008715,3756872 11760699,3635978 11744797,3602075 11990856))
32757;POLYGON((2904529 11900918,3018900 11913988,3045022 11676427,2929238 11664813,2904529 11900918))
32758;POLYGON((2231129 11836842,2342006 11845900,2360209 11615963,2248125 11607927,2231129 11836842))
32759;POLYGON((1574578 11794974,1683121 11800520,1694432 11575716,1584810 11570800,1574578 11794974))
32760;POLYGON((928263 11773060,1035538 11775388,1040564 11553443,932275 11551381,928263 11773060))
32601;POLYGON((285979 1769965,393003 1769192,392004 1547954,283979 1548638,285979 1769965))
32602;POLYGON((-358315 1785530,-250536 1781618,-257612 1558963,-366431 1562429,-358315 1785530))
32603;POLYGON((-1010745 1820555,-901174 1813302,-914697 1587048,-1025403 1593480,-1010745 1820555))
32604;POLYGON((-1677757 1876899,-1565286 1865913,-1585991 1633726,-1699761 1643480,-1677757 1876899))
32605;POLYGON((-2366389 1957707,-2249793 1942359,-2278874 1701648,-2397023 1715298,-2366389 1957707))
32606;POLYGON((-3084567 2067819,-2962448 2047162,-3001720 1794954,-3125770 1813372,-3084567 2067819))
32607;POLYGON((-3841461 2214416,-3712188 2187054,-3764332 1919849,-3896092 1944323,-3841461 2214416))
32608;POLYGON((-4647898 2407982,-4509531 2371885,-4578466 2085464,-4720126 2117885,-4647898 2407982))
32609;POLYGON((-5516863 2663693,-5367064 2615932,-5458471 2305125,-5612730 2348238,-5516863 2663693))
32610;POLYGON((-6464096 3003363,-6300022 2939738,-6422077 2598138,-6592281 2655900,-6464096 3003363))
32611;POLYGON((-7508795 3458088,-7326973 3372635,-7491339 2992226,-7681662 3070294,-7508795 3458088))
32612;POLYGON((-8674455 4071767,-8470630 3956100,-8693770 3526810,-8909418 3633176,-8674455 4071767))
32613;POLYGON((-9989839 4905687,-9758806 4748153,-10063680 4257294,-10311139 4403112,-9989839 4905687))
32614;POLYGON((-11490117 6044392,-11225517 5828993,-11643751 5260574,-11931074 5461215,-11490117 6044392))
32615;POLYGON((-13218172 7603070,-12912260 7308114,-13486863 6642002,-13823997 6918373,-13218172 7603070))
32616;POLYGON((-15226091 9736710,-14869477 9333152,-15658194 8544057,-16057362 8924230,-15226091 9736710))
32617;POLYGON((-17576867 12651327,-17158218 12100745,-18237627 11156988,-18713760 11678185,-17576867 12651327))
32618;POLYGON((-20346316 16617537,-19852015 15869687,-21322474 14731733,-21893694 15442728,-20346316 16617537))
32619;POLYGON((-23625222 21986818,-23039001 20976726,-25030545 19595430,-25718717 20559400,-23625222 21986818))
32620;POLYGON((-27521742 29210800,-26824260 27855321,-29503589 26169845,-30334927 27467759,-27521742 29210800))
32621;POLYGON((-32164070 38863948,-31332448 37057734,-34911119 34993097,-35916867 36727679,-32164070 38863948))
32622;POLYGON((-37703375 51670039,-36710688 49280845,-41454660 46745042,-42671839 49045386,-37703375 51670039))
32623;POLYGON((-44317041 68532824,-43131758 65396090,-49372424 62276733,-50844657 65303639,-44317041 68532824))
32624;POLYGON((-52212217 90571333,-50797587 86483956,-58944446 82644366,-60722859 86596465,-52212217 90571333))
32625;POLYGON((-61629689 119160257,-59943070 113873489,-70498210 109148172,-72642418 114268922,-61629689 119160257))
32626;POLYGON((-72848092 155975893,-70840227 149187278,-84414763 143376712,-86993943 149962339,-72848092 155975893))
32627;POLYGON((-86188481 203048152,-83802710 194392415,-101135377 187257071,-104229424 195665543,-86188481 203048152))
32628;POLYGON((-102019268 262819153,-99190680 251857952,-121168740 243111450,-124869529 253772569,-102019268 262819153))
32629;POLYGON((-120761555 338208929,-117416069 324419387,-145098737 313720705,-149511471 327147412,-120761555 338208929))
32630;POLYGON((-142894855 432688831,-138948240 415450743,-173592814 402395371,-178837480 419196347,-142894855 432688831))
32631;POLYGON((152118234 469113851,156400459 488343048,196495679 473455975,190785009 454705899,152118234 469113851))
32632;POLYGON((128737065 367392276,132371912 382821945,164542762 370601400,159730045 355570158,128737065 367392276))
32633;POLYGON((108920777 286054326,111997944 298358572,137649727 288352233,133607005 276378110,108920777 286054326))
32634;POLYGON((92169041 221427154,94767556 231175831,115088463 223001402,111703329 213525248,92169041 221427154))
32635;POLYGON((78041943 170415504,80231183 178087707,96220346 171423311,93394438 163975246,78041943 170415504))
32636;POLYGON((66154117 130425623,67994759 136421807,80487457 130997497,78135051 125184972,66154117 130425623))
32637;POLYGON((56169292 99297049,57714190 103949872,67404413 99540171,65451126 95037278,56169292 99297049))
32638;POLYGON((47795216 75241704,49090227 78825697,56550792 75243050,54932366 71781003,47795216 75241704))
32639;POLYGON((40778975 56789757,41863707 59529898,47564112 56618960,46225306 53977646,40778975 56789757))
32640;POLYGON((34902653 42741710,35811168 44820999,40133361 42453658,39026918 40454179,34902653 42741710))
32641;POLYGON((29979355 32126214,30740807 33692329,33993045 31763397,33078751 30261522,29979355 32126214))
32642;POLYGON((25849547 24163130,26488771 25334237,28917729 23757732,28161549 22638171,25849547 24163130))
32643;POLYGON((22377719 18231361,22915764 19101163,24717057 17807117,24090351 16978558,22377719 18231361))
32644;POLYGON((19449345 13841032,19903961 14483121,21231220 13414846,20710030 12805674,19449345 13841032))
32645;POLYGON((16968127 10609583,17354208 11081173,18326855 10192942,17891258 9747570,16968127 10609583))
32646;POLYGON((14853513 8241394,15183488 8586486,15893348 7841562,15526883 7517320,14853513 8241394))
32647;POLYGON((13038460 6510551,13322652 6762601,13839520 6131586,13528668 5896099,13038460 6510551))
32648;POLYGON((11467442 5246412,11714384 5430558,12090677 4890006,11824403 4719010,11467442 5246412))
32649;POLYGON((10094687 4321636,10311398 4456536,10585991 3987798,10355339 3863337,10094687 4321636))
32650;POLYGON((8882607 3642368,9074843 3741697,9276201 3329968,9073941 3238926,8882607 3642368))
32651;POLYGON((7800437 3140289,7972906 3213948,8121607 2847482,7941924 2780402,7800437 3140289))
32652;POLYGON((6823042 2766273,6979587 2821344,7090325 2490811,6928559 2440961,6823042 2766273))
32653;POLYGON((5929891 2485395,6073653 2526889,6156801 2224855,6009216 2187497,5929891 2485395))
32654;POLYGON((5104177 2273082,5237732 2304509,5300539 2025015,5164131 1996849,5104177 2273082))
32655;POLYGON((4332068 2112192,4457543 2135993,4505031 1874216,4377373 1852963,4332068 2112192))
32656;POLYGON((3602075 1990856,3721246 2008715,3756872 1760699,3635978 1744797,3602075 1990856))
32657;POLYGON((2904529 1900918,3018900 1913988,3045022 1676427,2929238 1664813,2904529 1900918))
32658;POLYGON((2231129 1836842,2342006 1845900,2360209 1615963,2248125 1607927,2231129 1836842))
32659;POLYGON((1574578 1794974,1683121 1800520,1694432 1575716,1584810 1570800,1574578 1794974))
32660;POLYGON((928263 1773060,1035538 1775388,1040564 1553443,932275 1551381,928263 1773060))
