32701;POLYGON((285979 8230034,393003 8230807,394133 8009528,288239 8008672,285979 8230034))
32702;POLYGON((-358315 8214469,-250536 8218381,-242543 7995747,-349149 7991410,-358315 8214469))
32703;POLYGON((-1010745 8179444,-901174 8186697,-885910 7960625,-994203 7952588,-1010745 8179444))
32704;POLYGON((-1677757 8123100,-1565286 8134086,-1541945 7902364,-1652958 7890207,-1677757 8123100))
32705;POLYGON((-2366389 8042292,-2249793 8057640,-2217067 7817842,-2331929 7800892,-2366389 8042292))
32706;POLYGON((-3084567 7932180,-2962448 7952837,-2918366 7702231,-3038341 7679480,-3084567 7932180))
32707;POLYGON((-3841461 7785583,-3712188 7812945,-3653852 7548387,-3780384 7518360,-3841461 7785583))
32708;POLYGON((-4647898 7592017,-4509531 7628114,-4432740 7345939,-4567503 7306506,-4647898 7592017))
32709;POLYGON((-5516863 7336306,-5367064 7384067,-5265771 7079967,-5410729 7028081,-5516863 7336306))
32710;POLYGON((-6464096 6996636,-6300022 7060261,-6165580 6729165,-6323052 6660489,-6464096 6996636))
32711;POLYGON((-7508795 6541911,-7326973 6627364,-7147126 6263332,-7319866 6171746,-7508795 6541911))
32712;POLYGON((-8674455 5928232,-8470630 6043899,-8228179 5640033,-8419458 5516987,-8674455 5928232))
32713;POLYGON((-9989839 5094312,-9758806 5251846,-9429876 4800247,-9643589 4633919,-9989839 5094312))
32714;POLYGON((-11490117 3955607,-11225517 4171006,-10777361 3662789,-11018136 3437026,-11490117 3955607))
32715;POLYGON((-13218172 2396929,-12912260 2691885,-12300505 2117297,-12573838 1810281,-13218172 2396929))
32716;POLYGON((-15226091 263289,-14869477 666847,-14034729 15503,-14347124 -401878,-15226091 263289))
32717;POLYGON((-17576867 -2651327,-17158218 -2100745,-16021914 -2839442,-16381052 -3405597,-17576867 -2651327))
32718;POLYGON((-20346316 -6617537,-19852015 -5869687,-18311437 -6705926,-18726353 -7470947,-20346316 -6617537))
32719;POLYGON((-23625222 -11986818,-23039001 -10976726,-20961307 -11919374,-21442597 -12947905,-23625222 -11986818))
32720;POLYGON((-27521742 -19210800,-26824260 -17855321,-24039439 -18910680,-24599481 -20285288,-27521742 -19210800))
32721;POLYGON((-32164070 -28863948,-31332448 -27057734,-27625055 -28227878,-28278258 -30053014,-32164070 -28863948))
32722;POLYGON((-37703375 -41670039,-36710688 -39280845,-31810221 -40561466,-32573294 -42968058,-37703375 -41670039))
32723;POLYGON((-44317041 -58532824,-43131758 -55396090,-36701538 -56773747,-37593789 -59924523,-44317041 -58532824))
32724;POLYGON((-52212217 -80571333,-50797587 -76483956,-42421987 -77932640,-43465642 -82028216,-52212217 -80571333))
32725;POLYGON((-61629689 -109160257,-59943070 -103873489,-49112931 -105350374,-50333490 -110636219,-61629689 -109160257))
32726;POLYGON((-72848092 -145975893,-70840227 -139187278,-56936299 -140627544,-58362911 -147401872,-72848092 -145975893))
32727;POLYGON((-86188481 -193048152,-83802710 -184392415,-66076937 -185703002,-67742814 -194325693,-86188481 -193048152))
32728;POLYGON((-102019268 -252819153,-99190680 -241857952,-76745151 -242910096,-78688008 -253812720,-102019268 -252819153))
32729;POLYGON((-120761555 -328208929,-117416069 -314419387,-89179444 -315039773,-91441977 -328736816,-120761555 -328208929))
32730;POLYGON((-142894855 -422688831,-138948240 -405450743,-103649453 -405411106,-106279846 -422512481,-142894855 -422688831))
32731;POLYGON((152118234 -459113851,156400459 -478343048,115575651 -477704000,112741395 -458638159,152118234 -459113851))
32732;POLYGON((128737065 -357392276,132371912 -372821945,99581907 -373031551,97141831 -357715072,128737065 -357392276))
32733;POLYGON((108920777 -276054326,111997944 -288358572,85822478 -289145295,83725450 -276915427,108920777 -276054326))
32734;POLYGON((92169041 -211427154,94767556 -221175831,74005238 -222330981,72205884 -212627174,92169041 -211427154))
32735;POLYGON((78041943 -160415504,80231183 -168087707,63871265 -169453896,62329443 -161804603,78041943 -160415504))
32736;POLYGON((66154117 -120425623,67994759 -126421807,55191773 -127883083,53872075 -121893906,66154117 -120425623))
32737;POLYGON((56169292 -89297049,57714190 -93949872,47765236 -95423355,46636535 -90766428,56169292 -89297049))
32738;POLYGON((47795216 -65241704,49090227 -68825697,41414720 -70254537,40449741 -66659068,47795216 -65241704))
32739;POLYGON((40778975 -46789757,41863707 -49529898,35985405 -50877400,35160331 -48121273,40778975 -46789757))
32740;POLYGON((34902653 -32741710,35811168 -34820999,31342287 -36065773,30636393 -33968130,34902653 -32741710))
32741;POLYGON((29979355 -22126214,30740807 -23692329,27368062 -24824325,26763378 -23239049,29979355 -22126214))
32742;POLYGON((25849547 -14163130,26488771 -15334237,23961169 -16351547,23442171 -15161566,25849547 -14163130))
32743;POLYGON((22377719 -8231361,22915764 -9101163,21034004 -10007484,20587331 -9119823,22377719 -8231361))
32744;POLYGON((19449345 -3841032,19903961 -4483121,18511280 -5285774,18125474 -4627284,19449345 -3841032))
32745;POLYGON((16968127 -609583,17354208 -1081173,16328530 -1789585,15993804 -1303286,16968127 -609583))
32746;POLYGON((14853513 1758605,15183488 1413513,14430759 788932,14138777 1146962,14853513 1758605))
32747;POLYGON((13038460 3489448,13322652 3237398,12771210 2686062,12514902 2949311,13038460 3489448))
32748;POLYGON((11467442 4753587,11714384 4569441,11310262 4081140,11083648 4274847,11467442 4753587))
32749;POLYGON((10094687 5678363,10311398 5543463,10014444 5108715,9812478 5251681,10094687 5678363))
32750;POLYGON((8882607 6357631,9074843 6258302,8855543 5868543,8673980 5974607,8882607 6357631))
32751;POLYGON((7800437 6859710,7972906 6786051,7809829 6433716,7645097 6512947,7800437 6859710))
32752;POLYGON((6823042 7233726,6979587 7178655,6857353 6857173,6706453 6916814,6823042 7233726))
32753;POLYGON((5929891 7514604,6073653 7473110,5981341 7176842,5841747 7222049,5929891 7514604))
32754;POLYGON((5104177 7726917,5237732 7695490,5167661 7419632,5037240 7454046,5104177 7726917))
32755;POLYGON((4332068 7887807,4457543 7864006,4404351 7604478,4281292 7630648,4332068 7887807))
32756;POLYGON((3602075 8009143,3721246 7991284,3681219 7744607,3563968 7764306,3602075 8009143))
32757;POLYGON((2904529 8099081,3018900 8086011,2989484 7849191,2876696 7863641,2904529 8099081))
32758;POLYGON((2231129 8163157,2342006 8154099,2321475 7924517,2211956 7934547,2231129 8163157))
32759;POLYGON((1574578 8205025,1683121 8199479,1670349 7974790,1563025 7980938,1574578 8205025))
32760;POLYGON((928263 8226939,1035538 8224611,1029860 8002657,923730 8005238,928263 8226939))
32601;POLYGON((285979 -1769965,393003 -1769192,394133 -1990471,288239 -1991327,285979 -1769965))
32602;POLYGON((-358315 -1785530,-250536 -1781618,-242543 -2004252,-349149 -2008589,-358315 -1785530))
32603;POLYGON((-1010745 -1820555,-901174 -1813302,-885910 -2039374,-994203 -2047411,-1010745 -1820555))
32604;POLYGON((-1677757 -1876899,-1565286 -1865913,-1541945 -2097635,-1652958 -2109792,-1677757 -1876899))
32605;POLYGON((-2366389 -1957707,-2249793 -1942359,-2217067 -2182157,-2331929 -2199107,-2366389 -1957707))
32606;POLYGON((-3084567 -2067819,-2962448 -2047162,-2918366 -2297768,-3038341 -2320519,-3084567 -2067819))
32607;POLYGON((-3841461 -2214416,-3712188 -2187054,-3653852 -2451612,-3780384 -2481639,-3841461 -2214416))
32608;POLYGON((-4647898 -2407982,-4509531 -2371885,-4432740 -2654060,-4567503 -2693493,-4647898 -2407982))
32609;POLYGON((-5516863 -2663693,-5367064 -2615932,-5265771 -2920032,-5410729 -2971918,-5516863 -2663693))
32610;POLYGON((-6464096 -3003363,-6300022 -2939738,-6165580 -3270834,-6323052 -3339510,-6464096 -3003363))
32611;POLYGON((-7508795 -3458088,-7326973 -3372635,-7147126 -3736667,-7319866 -3828253,-7508795 -3458088))
32612;POLYGON((-8674455 -4071767,-8470630 -3956100,-8228179 -4359966,-8419458 -4483012,-8674455 -4071767))
32613;POLYGON((-9989839 -4905687,-9758806 -4748153,-9429876 -5199752,-9643589 -5366080,-9989839 -4905687))
32614;POLYGON((-11490117 -6044392,-11225517 -5828993,-10777361 -6337210,-11018136 -6562973,-11490117 -6044392))
32615;POLYGON((-13218172 -7603070,-12912260 -7308114,-12300505 -7882702,-12573838 -8189718,-13218172 -7603070))
32616;POLYGON((-15226091 -9736710,-14869477 -9333152,-14034729 -9984496,-14347124 -10401878,-15226091 -9736710))
32617;POLYGON((-17576867 -12651327,-17158218 -12100745,-16021914 -12839442,-16381052 -13405597,-17576867 -12651327))
32618;POLYGON((-20346316 -16617537,-19852015 -15869687,-18311437 -16705926,-18726353 -17470947,-20346316 -16617537))
32619;POLYGON((-23625222 -21986818,-23039001 -20976726,-20961307 -21919374,-21442597 -22947905,-23625222 -21986818))
32620;POLYGON((-27521742 -29210800,-26824260 -27855321,-24039439 -28910680,-24599481 -30285288,-27521742 -29210800))
32621;POLYGON((-32164070 -38863948,-31332448 -37057734,-27625055 -38227878,-28278258 -40053014,-32164070 -38863948))
32622;POLYGON((-37703375 -51670039,-36710688 -49280845,-31810221 -50561466,-32573294 -52968058,-37703375 -51670039))
32623;POLYGON((-44317041 -68532824,-43131758 -65396090,-36701538 -66773747,-37593789 -69924523,-44317041 -68532824))
32624;POLYGON((-52212217 -90571333,-50797587 -86483956,-42421987 -87932640,-43465642 -92028216,-52212217 -90571333))
32625;POLYGON((-61629689 -119160257,-59943070 -113873489,-49112931 -115350374,-50333490 -120636219,-61629689 -119160257))
32626;POLYGON((-72848092 -155975893,-70840227 -149187278,-56936299 -150627544,-58362911 -157401872,-72848092 -155975893))
32627;POLYGON((-86188481 -203048152,-83802710 -194392415,-66076937 -195703002,-67742814 -204325693,-86188481 -203048152))
32628;POLYGON((-102019268 -262819153,-99190680 -251857952,-76745151 -252910096,-78688008 -263812720,-102019268 -262819153))
32629;POLYGON((-120761555 -338208929,-117416069 -324419387,-89179444 -325039773,-91441977 -338736816,-120761555 -338208929))
32630;POLYGON((-142894855 -432688831,-138948240 -415450743,-103649453 -415411106,-106279846 -432512481,-142894855 -432688831))
32631;POLYGON((152118234 -469113851,156400459 -488343048,115575651 -487704000,112741395 -468638159,152118234 -469113851))
32632;POLYGON((128737065 -367392276,132371912 -382821945,99581907 -383031551,97141831 -367715072,128737065 -367392276))
32633;POLYGON((108920777 -286054326,111997944 -298358572,85822478 -299145295,83725450 -286915427,108920777 -286054326))
32634;POLYGON((92169041 -221427154,94767556 -231175831,74005238 -232330981,72205884 -222627174,92169041 -221427154))
32635;POLYGON((78041943 -170415504,80231183 -178087707,63871265 -179453896,62329443 -171804603,78041943 -170415504))
32636;POLYGON((66154117 -130425623,67994759 -136421807,55191773 -137883083,53872075 -131893906,66154117 -130425623))
32637;POLYGON((56169292 -99297049,57714190 -103949872,47765236 -105423355,46636535 -100766428,56169292 -99297049))
32638;POLYGON((47795216 -75241704,49090227 -78825697,41414720 -80254537,40449741 -76659068,47795216 -75241704))
32639;POLYGON((40778975 -56789757,41863707 -59529898,35985405 -60877400,35160331 -58121273,40778975 -56789757))
32640;POLYGON((34902653 -42741710,35811168 -44820999,31342287 -46065773,30636393 -43968130,34902653 -42741710))
32641;POLYGON((29979355 -32126214,30740807 -33692329,27368062 -34824325,26763378 -33239049,29979355 -32126214))
32642;POLYGON((25849547 -24163130,26488771 -25334237,23961169 -26351547,23442171 -25161566,25849547 -24163130))
32643;POLYGON((22377719 -18231361,22915764 -19101163,21034004 -20007484,20587331 -19119823,22377719 -18231361))
32644;POLYGON((19449345 -13841032,19903961 -14483121,18511280 -15285774,18125474 -14627284,19449345 -13841032))
32645;POLYGON((16968127 -10609583,17354208 -11081173,16328530 -11789585,15993804 -11303286,16968127 -10609583))
32646;POLYGON((14853513 -8241394,15183488 -8586486,14430759 -9211067,14138777 -8853037,14853513 -8241394))
32647;POLYGON((13038460 -6510551,13322652 -6762601,12771210 -7313937,12514902 -7050688,13038460 -6510551))
32648;POLYGON((11467442 -5246412,11714384 -5430558,11310262 -5918859,11083648 -5725152,11467442 -5246412))
32649;POLYGON((10094687 -4321636,10311398 -4456536,10014444 -4891284,9812478 -4748318,10094687 -4321636))
32650;POLYGON((8882607 -3642368,9074843 -3741697,8855543 -4131456,8673980 -4025392,8882607 -3642368))
32651;POLYGON((7800437 -3140289,7972906 -3213948,7809829 -3566283,7645097 -3487052,7800437 -3140289))
32652;POLYGON((6823042 -2766273,6979587 -2821344,6857353 -3142826,6706453 -3083185,6823042 -2766273))
32653;POLYGON((5929891 -2485395,6073653 -2526889,5981341 -2823157,5841747 -2777950,5929891 -2485395))
32654;POLYGON((5104177 -2273082,5237732 -2304509,5167661 -2580367,5037240 -2545953,5104177 -2273082))
32655;POLYGON((4332068 -2112192,4457543 -2135993,4404351 -2395521,4281292 -2369351,4332068 -2112192))
32656;POLYGON((3602075 -1990856,3721246 -2008715,3681219 -2255392,3563968 -2235693,3602075 -1990856))
32657;POLYGON((2904529 -1900918,3018900 -1913988,2989484 -2150808,2876696 -2136358,2904529 -1900918))
32658;POLYGON((2231129 -1836842,2342006 -1845900,2321475 -2075482,2211956 -2065452,2231129 -1836842))
32659;POLYGON((1574578 -1794974,1683121 -1800520,1670349 -2025209,1563025 -2019061,1574578 -1794974))
32660;POLYGON((928263 -1773060,1035538 -1775388,1029860 -1997342,923730 -1994761,928263 -1773060))
