32701;POLYGON((279054 10774218,389543 10773866,389140 10552748,278246 10553001,279054 10774218))
32702;POLYGON((-386425 10781327,-275042 10779540,-277901 10556821,-389705 10558104,-386425 10781327))
32703;POLYGON((-1061563 10797355,-948047 10794032,-953522 10567226,-1067500 10569612,-1061563 10797355))
32704;POLYGON((-1754160 10823228,-1637157 10818174,-1645571 10584565,-1763108 10588196,-1754160 10823228))
32705;POLYGON((-2473001 10860533,-2350957 10853430,-2362840 10609902,-2485532 10615009,-2473001 10860533))
32706;POLYGON((-3228414 10911757,-3099472 10902113,-3115644 10644919,-3245408 10651860,-3228414 10911757))
32707;POLYGON((-4032986 10980661,-3894855 10967739,-3916551 10692178,-4055762 10701492,-4032986 10980661))
32708;POLYGON((-4902465 11072863,-4752256 11055566,-4781318 10755523,-4932991 10768011,-4902465 11072863))
32709;POLYGON((-5856910 11196681,-5690923 11173389,-5730077 10840665,-5898093 10857516,-5856910 11196681))
32710;POLYGON((-6922123 11364329,-6735589 11332672,-6788834 10956023,-6978223 10978980,-6922123 11364329))
32711;POLYGON((-8131411 11593566,-7918172 11550115,-7991310 11113887,-8208593 11145478,-8131411 11593566))
32712;POLYGON((-9527721 11909898,-9279845 11849749,-9381189 11331981,-9634799 11375823,-9527721 11909898))
32713;POLYGON((-11166195 12349470,-10873524 12265714,-11014816 11635517,-11315590 11696718,-11166195 12349470))
32714;POLYGON((-13117194 12962783,-12766802 12845820,-12964392 12059856,-13326160 12145522,-13117194 12962783))
32715;POLYGON((-15469827 13819396,-15045393 13656078,-15321724 12653874,-15761988 12773746,-15469827 13819396))
32716;POLYGON((-18336035 15013774,-17817127 14786339,-18202563 13484167,-18743286 13651413,-18336035 15013774))
32717;POLYGON((-21855278 16672467,-21216523 16357246,-21751604 14640220,-22420102 14872406,-21855278 16672467))
32718;POLYGON((-26199862 18962829,-25410014 18528675,-26148168 16240705,-26978135 16560957,-26199862 18962829))
32719;POLYGON((-31580960 22103468,-30601848 21509886,-31612635 18441039,-32645290 18879442,-31580960 22103468))
32720;POLYGON((-38255362 26376672,-37040710 25571600,-38413678 21442389,-39699048 22037640,-38255362 26376672))
32721;POLYGON((-46533013 32143040,-45027128 31060247,-46876332 25502291,-48474684 26303636,-46533013 32143040))
32722;POLYGON((-56785366 39858578,-54921687 38414632,-57390956 30947073,-59374385 32016570,-56785366 39858578))
32723;POLYGON((-69454613 50094523,-67154110 48185285,-70423150 38186284,-72877319 39601416,-69454613 50094523))
32724;POLYGON((-85063819 63560188,-82233240 61056785,-86524645 47729337,-89550707 49586017,-85063819 63560188))
32725;POLYGON((-104228032 81129111,-100757980 77873332,-106345248 60204583,-110061937 62620585,-104228032 81129111))
32726;POLYGON((-127666382 103868836,-123429229 99667904,-130645869 76381050,-135191783 79499909,-127666382 103868836))
32727;POLYGON((-156215235 133074637,-151062855 127695299,-160312693 97193090,-165848769 101188507,-156215235 133074637))
32728;POLYGON((-190842445 170307532,-184603759 163469416,-196372532 123768180,-203084725 128848984,-190842445 170307532))
32729;POLYGON((-232662740 217436951,-225141072 208805108,-240009423 157458146,-248111594 163873847,-232662740 217436951))
32730;POLYGON((-282954294 276688397,-273924525 265865000,-292582505 199874079,-302319530 207921071,-282954294 276688397))
32731;POLYGON((302847313 299575152,312725270 311665660,334354308 233928426,323697429 224938129,302847313 299575152))
32732;POLYGON((249417177 235719393,257662861 245393004,274973560 184654617,266086638 177463511,249417177 235719393))
32733;POLYGON((204923720 184815636,211777604 192505022,225541809 145343909,218163223 139629623,204923720 184815636))
32734;POLYGON((168030393 144508166,173703005 150578620,184572588 114191015,178473372 109681414,168030393 144508166))
32735;POLYGON((137569885 112814420,142244761 117572618,150767194 89675384,145747814 86142031,137569885 112814420))
32736;POLYGON((112527154 88075554,116363576 91777430,122995921 70523664,118883280 67775951,112527154 88075554))
32737;POLYGON((92023640 68912158,95159193 71769943,100280613 55676050,96925266 53555943,92023640 68912158))
32738;POLYGON((75302651 54184731,77855573 56373224,81778492 44256224,79052068 42633587,75302651 54184731))
32739;POLYGON((61715841 42958564,63787207 44620693,66767197 35544641,64560028 34313088,61715841 42958564))
32740;POLYGON((50710765 34472679,52386487 35724413,54631007 28954874,52849934 28028110,50710765 34472679))
32741;POLYGON((41819447 28112510,43172111 29047164,44848176 24012795,43414549 23321397,41819447 28112510))
32742;POLYGON((34647924 23385986,35738466 24077985,36979346 20338328,35827192 19826949,34647924 23385986))
32743;POLYGON((28866720 19902734,29745951 20410873,30656984 17629577,29731343 17254506,28866720 19902734))
32744;POLYGON((24202201 17356105,24912191 17726363,25575794 15649083,24831215 15376154,24202201 17356105))
32745;POLYGON((20428779 15507749,21004095 15775691,21484057 14212025,20883234 14014822,20428779 15507749))
32746;POLYGON((17361893 14174480,17830722 14367301,18175839 13176161,17688403 13034498,17361893 14174480))
32747;POLYGON((14851763 13217198,15236897 13355434,15484040 12433321,15085471 12331964,14851763 13217198))
32748;POLYGON((12777825 12531611,13097544 12630570,13274210 11902290,12944880 11829893,12777825 12531611))
32749;POLYGON((11043842 12040571,11312685 12111509,11439099 11522904,11163434 11471132,11043842 12040571))
32750;POLYGON((9573622 11687799,9803061 11738875,9893889 11251215,9659634 11214033,9573622 11687799))
32751;POLYGON((8307311 11432822,8506327 11469867,8572052 11055581,8369640 11028683,8307311 11432822))
32752;POLYGON((7198202 11246949,7373788 11274069,7421793 10913549,7243803 10893905,7198202 11246949))
32753;POLYGON((6210032 11110113,6367607 11130165,6403025 10809410,6243730 10794918,6210032 11110113))
32754;POLYGON((5314711 11008461,5458475 11023406,5484829 10732315,5339812 10721536,5314711 11008461))
32755;POLYGON((4490440 10932528,4623658 10943700,4643342 10674860,4509187 10666814,4490440 10932528))
32756;POLYGON((3720174 10875906,3845412 10884206,3860041 10632034,3734077 10626064,3720174 10875906))
32757;POLYGON((2990385 10834291,3109698 10840321,3120350 10600479,3000452 10596145,2990385 10834291))
32758;POLYGON((2290080 10804822,2405159 10808979,2412545 10577960,2296972 10574974,2290080 10804822))
32759;POLYGON((1610028 10785645,1722316 10788182,1726892 10563025,1614165 10561204,1610028 10785645))
32760;POLYGON((942155 10775632,1052941 10776694,1054970 10554778,943774 10554016,942155 10775632))
32601;POLYGON((279054 774218,389543 773866,389140 552748,278246 553001,279054 774218))
32602;POLYGON((-386425 781327,-275042 779540,-277901 556821,-389705 558104,-386425 781327))
32603;POLYGON((-1061563 797355,-948047 794032,-953522 567226,-1067500 569612,-1061563 797355))
32604;POLYGON((-1754160 823228,-1637157 818174,-1645571 584565,-1763108 588196,-1754160 823228))
32605;POLYGON((-2473001 860533,-2350957 853430,-2362840 609902,-2485532 615009,-2473001 860533))
32606;POLYGON((-3228414 911757,-3099472 902113,-3115644 644919,-3245408 651860,-3228414 911757))
32607;POLYGON((-4032986 980661,-3894855 967739,-3916551 692178,-4055762 701492,-4032986 980661))
32608;POLYGON((-4902465 1072863,-4752256 1055566,-4781318 755523,-4932991 768011,-4902465 1072863))
32609;POLYGON((-5856910 1196681,-5690923 1173389,-5730077 840665,-5898093 857516,-5856910 1196681))
32610;POLYGON((-6922123 1364329,-6735589 1332672,-6788834 956023,-6978223 978980,-6922123 1364329))
32611;POLYGON((-8131411 1593566,-7918172 1550115,-7991310 1113887,-8208593 1145478,-8131411 1593566))
32612;POLYGON((-9527721 1909898,-9279845 1849749,-9381189 1331981,-9634799 1375823,-9527721 1909898))
32613;POLYGON((-11166195 2349470,-10873524 2265714,-11014816 1635517,-11315590 1696718,-11166195 2349470))
32614;POLYGON((-13117194 2962783,-12766802 2845820,-12964392 2059856,-13326160 2145522,-13117194 2962783))
32615;POLYGON((-15469827 3819396,-15045393 3656078,-15321724 2653874,-15761988 2773746,-15469827 3819396))
32616;POLYGON((-18336035 5013774,-17817127 4786339,-18202563 3484167,-18743286 3651413,-18336035 5013774))
32617;POLYGON((-21855278 6672467,-21216523 6357246,-21751604 4640220,-22420102 4872406,-21855278 6672467))
32618;POLYGON((-26199862 8962829,-25410014 8528675,-26148168 6240705,-26978135 6560957,-26199862 8962829))
32619;POLYGON((-31580960 12103468,-30601848 11509886,-31612635 8441039,-32645290 8879442,-31580960 12103468))
32620;POLYGON((-38255362 16376672,-37040710 15571600,-38413678 11442389,-39699048 12037640,-38255362 16376672))
32621;POLYGON((-46533013 22143040,-45027128 21060247,-46876332 15502291,-48474684 16303636,-46533013 22143040))
32622;POLYGON((-56785366 29858578,-54921687 28414632,-57390956 20947073,-59374385 22016570,-56785366 29858578))
32623;POLYGON((-69454613 40094523,-67154110 38185285,-70423150 28186284,-72877319 29601416,-69454613 40094523))
32624;POLYGON((-85063819 53560188,-82233240 51056785,-86524645 37729337,-89550707 39586017,-85063819 53560188))
32625;POLYGON((-104228032 71129111,-100757980 67873332,-106345248 50204583,-110061937 52620585,-104228032 71129111))
32626;POLYGON((-127666382 93868836,-123429229 89667904,-130645869 66381050,-135191783 69499909,-127666382 93868836))
32627;POLYGON((-156215235 123074637,-151062855 117695299,-160312693 87193090,-165848769 91188507,-156215235 123074637))
32628;POLYGON((-190842445 160307532,-184603759 153469416,-196372532 113768180,-203084725 118848984,-190842445 160307532))
32629;POLYGON((-232662740 207436951,-225141072 198805108,-240009423 147458146,-248111594 153873847,-232662740 207436951))
32630;POLYGON((-282954294 266688397,-273924525 255865000,-292582505 189874079,-302319530 197921071,-282954294 266688397))
32631;POLYGON((302847313 289575152,312725270 301665660,334354308 223928426,323697429 214938129,302847313 289575152))
32632;POLYGON((249417177 225719393,257662861 235393004,274973560 174654617,266086638 167463511,249417177 225719393))
32633;POLYGON((204923720 174815636,211777604 182505022,225541809 135343909,218163223 129629623,204923720 174815636))
32634;POLYGON((168030393 134508166,173703005 140578620,184572588 104191015,178473372 99681414,168030393 134508166))
32635;POLYGON((137569885 102814420,142244761 107572618,150767194 79675384,145747814 76142031,137569885 102814420))
32636;POLYGON((112527154 78075554,116363576 81777430,122995921 60523664,118883280 57775951,112527154 78075554))
32637;POLYGON((92023640 58912158,95159193 61769943,100280613 45676050,96925266 43555943,92023640 58912158))
32638;POLYGON((75302651 44184731,77855573 46373224,81778492 34256224,79052068 32633587,75302651 44184731))
32639;POLYGON((61715841 32958564,63787207 34620693,66767197 25544641,64560028 24313088,61715841 32958564))
32640;POLYGON((50710765 24472679,52386487 25724413,54631007 18954874,52849934 18028110,50710765 24472679))
32641;POLYGON((41819447 18112510,43172111 19047164,44848176 14012795,43414549 13321397,41819447 18112510))
32642;POLYGON((34647924 13385986,35738466 14077985,36979346 10338328,35827192 9826949,34647924 13385986))
32643;POLYGON((28866720 9902734,29745951 10410873,30656984 7629577,29731343 7254506,28866720 9902734))
32644;POLYGON((24202201 7356105,24912191 7726363,25575794 5649083,24831215 5376154,24202201 7356105))
32645;POLYGON((20428779 5507749,21004095 5775691,21484057 4212025,20883234 4014822,20428779 5507749))
32646;POLYGON((17361893 4174480,17830722 4367301,18175839 3176161,17688403 3034498,17361893 4174480))
32647;POLYGON((14851763 3217198,15236897 3355434,15484040 2433321,15085471 2331964,14851763 3217198))
32648;POLYGON((12777825 2531611,13097544 2630570,13274210 1902290,12944880 1829893,12777825 2531611))
32649;POLYGON((11043842 2040571,11312685 2111509,11439099 1522904,11163434 1471132,11043842 2040571))
32650;POLYGON((9573622 1687799,9803061 1738875,9893889 1251215,9659634 1214033,9573622 1687799))
32651;POLYGON((8307311 1432822,8506327 1469867,8572052 1055581,8369640 1028683,8307311 1432822))
32652;POLYGON((7198202 1246949,7373788 1274069,7421793 913549,7243803 893905,7198202 1246949))
32653;POLYGON((6210032 1110113,6367607 1130165,6403025 809410,6243730 794918,6210032 1110113))
32654;POLYGON((5314711 1008461,5458475 1023406,5484829 732315,5339812 721536,5314711 1008461))
32655;POLYGON((4490440 932528,4623658 943700,4643342 674860,4509187 666814,4490440 932528))
32656;POLYGON((3720174 875906,3845412 884206,3860041 632034,3734077 626064,3720174 875906))
32657;POLYGON((2990385 834291,3109698 840321,3120350 600479,3000452 596145,2990385 834291))
32658;POLYGON((2290080 804822,2405159 808979,2412545 577960,2296972 574974,2290080 804822))
32659;POLYGON((1610028 785645,1722316 788182,1726892 563025,1614165 561204,1610028 785645))
32660;POLYGON((942155 775632,1052941 776694,1054970 554778,943774 554016,942155 775632))
