32701;POLYGON((350812 15318235,425404 15316784,422567 15094533,345136 15095992,350812 15318235))
32702;POLYGON((-96557 15347346,-22031 15340054,-41978 15117921,-119385 15125252,-96557 15347346))
32703;POLYGON((-543165 15411917,-468814 15398650,-506262 15176867,-583591 15190223,-543165 15411917))
32704;POLYGON((-988184 15513125,-914171 15493644,-969844 15272588,-1046988 15292244,-988184 15513125))
32705;POLYGON((-1430358 15652763,-1356932 15626728,-1431874 15407030,-1508635 15433376,-1430358 15652763))
32706;POLYGON((-1867765 15833184,-1795303 15800167,-1890853 15582829,-1966898 15616371,-1867765 15833184))
32707;POLYGON((-2297547 16057208,-2226603 16016713,-2344342 15803260,-2419150 15844597,-2297547 16057208))
32708;POLYGON((-2715572 16327945,-2646940 16279443,-2788603 16072102,-2861395 16121900,-2715572 16327945))
32709;POLYGON((-3116031 16648523,-3050816 16591508,-3218144 16393428,-3287795 16452372,-3116031 16648523))
32710;POLYGON((-3490938 17021664,-3430646 16955733,-3625163 16771248,-3690104 16839965,-3490938 17021664))
32711;POLYGON((-3829540 17449076,-3776183 17374048,-3998873 17208978,-4056959 17287931,-3829540 17449076))
32712;POLYGON((-4117600 17930597,-4073827 17846674,-4324678 17708681,-4373041 17798014,-4117600 17930597))
32713;POLYGON((-4336566 18463043,-4305809 18371025,-4583205 18270014,-4618074 18369340,-4336566 18463043))
32714;POLYGON((-4462586 19038680,-4449234 18940249,-4749152 18888809,-4765642 18996942,-4462586 19038680))
32715;POLYGON((-4465374 19643267,-4474975 19541347,-4789948 19555241,-4781819 19669834,-4465374 19643267))
32716;POLYGON((-4306903 20253563,-4346393 20152775,-4664211 20251465,-4623588 20368567,-4306903 20253563))
32717;POLYGON((-3939919 20834244,-4017884 20741467,-4319973 20948665,-4237028 21062163,-3939919 20834244))
32718;POLYGON((-3306251 21334112,-3433222 21259164,-3692665 21603409,-3555256 21704343,-3306251 21334112))
32719;POLYGON((-2334921 21681503,-2523704 21637971,-2702850 22153208,-2496117 22228949,-2334921 21681503))
32720;POLYGON((-940016 21778798,-1206064 21785018,-1253670 22511169,-959581 22544434,-940016 21778798))
32721;POLYGON((981664 21495914,619843 21576130,771993 22559644,1175145 22527324,981664 21495914))
32722;POLYGON((3553224 20662648,3073613 20848375,3514675 22142723,4052826 22014518,3553224 20662648))
32723;POLYGON((6920545 19059771,6297117 19391371,7141798 21057478,7845731 20794303,6920545 19059771))
32724;POLYGON((11255441 16408716,10457617 16937220,11851502 19043789,12757515 18595933,11255441 16408716))
32725;POLYGON((16759110 12359732,15751160 13148927,17876829 15772638,19027470 15077651,16759110 12359732))
32726;POLYGON((23665887 6478350,22406286 7607160,25490285 10832700,26935151 9812983,23665887 6478350))
32727;POLYGON((32247324 -1769976,30688046 -204799,35008799 3715089,36805401 2275161,32247324 -1769976))
32728;POLYGON((42816600 -13037244,40902359 -10918077,46799095 -6203908,49013797 -8180495,42816600 -13037244))
32729;POLYGON((55733276 -28112422,53400712 -25297361,61283497 -19682289,63992521 -22336419,55733276 -28112422))
32730;POLYGON((71408422 -47943316,68585219 -44262361,78946170 -37634138,82236689 -41135005,71408422 -47943316))
32731;POLYGON((-76325613 -55800143,-79424309 -59987725,-91756908 -52619583,-88139214 -48621885,-76325613 -55800143))
32732;POLYGON((-59629941 -34142472,-62198189 -37367313,-71672839 -31089571,-68684693 -28035154,-59629941 -34142472))
32733;POLYGON((-45842147 -17595888,-47957090 -20043602,-55127475 -14741051,-52675798 -12444976,-45842147 -17595888))
32734;POLYGON((-34532791 -5154350,-36262155 -6980386,-41591718 -2542512,-39594953 -850252,-34532791 -5154350))
32735;POLYGON((-25325728 4021505,-26728729 2687834,-30602737 6365524,-28989722 7582177,-25325728 4021505))
32736;POLYGON((-17892864 10627051,-19021060 9678961,-21757415 12693991,-20466335 13540594,-17892864 10627051))
32737;POLYGON((-11949281 15233953,-12847356 14583963,-14706250 17026277,-13683662 17589005,-11949281 15233953))
32738;POLYGON((-7248706 18308235,-7955203 17885307,-9147695 19836931,-8347631 20185489,-7248706 18308235))
32739;POLYGON((-3579327 20226296,-4127323 19973300,-4822931 21508243,-4206064 21698429,-3579327 20226296))
32740;POLYGON((-759935 21289037,-1177661 21160518,-1511038 22344861,-1043916 22420827,-759935 21289037))
32741;POLYGON((1363630 21734246,1052218 21694478,975437 22586619,1321094 22582844,1363630 21734246))
32742;POLYGON((2921733 21747410,2696431 21768698,2794550 22419716,3042491 22362718,2921733 21747410))
32743;POLYGON((4023906 21471079,3867787 21532288,4078658 21986399,4248685 21896216,4023906 21471079))
32744;POLYGON((4761550 21012915,4660533 21098219,4937791 21393289,5046291 21284745,4761550 21012915))
32745;POLYGON((5210374 20452575,5152834 20550384,5462700 20718491,5523120 20602267,5210374 20452575))
32746;POLYGON((5432596 19847527,5409014 19949585,5727596 20017596,5750874 19901134,5432596 19847527))
32747;POLYGON((5478913 19237928,5481563 19338564,5792610 19328711,5787554 19216966,5478913 19237928))
32748;POLYGON((5390251 18650671,5412922 18746174,5705968 18676626,5679599 18572685,5390251 18650671))
32749;POLYGON((5199324 18102692,5237074 18190810,5505931 18076216,5463779 17981795,5199324 18102692))
32750;POLYGON((4931994 17603653,4980935 17683185,5222485 17535186,5168850 17451033,4931994 17603653))
32751;POLYGON((4608463 17158064,4665576 17228540,4878817 17056246,4816994 16982452,4608463 17158064))
32752;POLYGON((4244307 16766951,4307278 16828384,4492589 16638800,4425064 16575041,4244307 16766951))
32753;POLYGON((3851354 16429119,3918439 16481818,4077027 16280234,4005640 16225947,3851354 16429119))
32754;POLYGON((3438443 16142106,3508347 16186538,3641839 15976860,3567922 15931378,3438443 16142106))
32755;POLYGON((3012047 15902864,3083833 15939556,3193988 15724599,3118482 15687239,3012047 15902864))
32756;POLYGON((2576809 15708241,2649811 15737709,2738326 15519444,2661871 15489569,2576809 15708241))
32757;POLYGON((2135971 15555296,2209729 15578005,2278113 15357765,2201129 15334820,2135971 15555296))
32758;POLYGON((1691732 15441506,1765939 15457843,1815437 15236490,1738182 15220026,1691732 15441506))
32759;POLYGON((1245545 15364884,1320000 15375140,1351550 15153207,1274173 15142890,1245545 15364884))
32760;POLYGON((798356 15324045,872928 15328407,887144 15106214,809720 15101830,798356 15324045))
32601;POLYGON((350812 5318235,425404 5316784,422567 5094533,345136 5095992,350812 5318235))
32602;POLYGON((-96557 5347346,-22031 5340054,-41978 5117921,-119385 5125252,-96557 5347346))
32603;POLYGON((-543165 5411917,-468814 5398650,-506262 5176867,-583591 5190223,-543165 5411917))
32604;POLYGON((-988184 5513125,-914171 5493644,-969844 5272588,-1046988 5292244,-988184 5513125))
32605;POLYGON((-1430358 5652763,-1356932 5626728,-1431874 5407030,-1508635 5433376,-1430358 5652763))
32606;POLYGON((-1867765 5833184,-1795303 5800167,-1890853 5582829,-1966898 5616371,-1867765 5833184))
32607;POLYGON((-2297547 6057208,-2226603 6016713,-2344342 5803260,-2419150 5844597,-2297547 6057208))
32608;POLYGON((-2715572 6327945,-2646940 6279443,-2788603 6072102,-2861395 6121900,-2715572 6327945))
32609;POLYGON((-3116031 6648523,-3050816 6591508,-3218144 6393428,-3287795 6452372,-3116031 6648523))
32610;POLYGON((-3490938 7021664,-3430646 6955733,-3625163 6771248,-3690104 6839965,-3490938 7021664))
32611;POLYGON((-3829540 7449076,-3776183 7374048,-3998873 7208978,-4056959 7287931,-3829540 7449076))
32612;POLYGON((-4117600 7930597,-4073827 7846674,-4324678 7708681,-4373041 7798014,-4117600 7930597))
32613;POLYGON((-4336566 8463043,-4305809 8371025,-4583205 8270014,-4618074 8369340,-4336566 8463043))
32614;POLYGON((-4462586 9038680,-4449234 8940249,-4749152 8888809,-4765642 8996942,-4462586 9038680))
32615;POLYGON((-4465374 9643267,-4474975 9541347,-4789948 9555241,-4781819 9669834,-4465374 9643267))
32616;POLYGON((-4306903 10253563,-4346393 10152775,-4664211 10251465,-4623588 10368567,-4306903 10253563))
32617;POLYGON((-3939919 10834244,-4017884 10741467,-4319973 10948665,-4237028 11062163,-3939919 10834244))
32618;POLYGON((-3306251 11334112,-3433222 11259164,-3692665 11603409,-3555256 11704343,-3306251 11334112))
32619;POLYGON((-2334921 11681503,-2523704 11637971,-2702850 12153208,-2496117 12228949,-2334921 11681503))
32620;POLYGON((-940016 11778798,-1206064 11785018,-1253670 12511169,-959581 12544434,-940016 11778798))
32621;POLYGON((981664 11495914,619843 11576130,771993 12559644,1175145 12527324,981664 11495914))
32622;POLYGON((3553224 10662648,3073613 10848375,3514675 12142723,4052826 12014518,3553224 10662648))
32623;POLYGON((6920545 9059771,6297117 9391371,7141798 11057478,7845731 10794303,6920545 9059771))
32624;POLYGON((11255441 6408716,10457617 6937220,11851502 9043789,12757515 8595933,11255441 6408716))
32625;POLYGON((16759110 2359732,15751160 3148927,17876829 5772638,19027470 5077651,16759110 2359732))
32626;POLYGON((23665887 -3521649,22406286 -2392839,25490285 832700,26935151 -187016,23665887 -3521649))
32627;POLYGON((32247324 -11769976,30688046 -10204799,35008799 -6284910,36805401 -7724838,32247324 -11769976))
32628;POLYGON((42816600 -23037244,40902359 -20918077,46799095 -16203908,49013797 -18180495,42816600 -23037244))
32629;POLYGON((55733276 -38112422,53400712 -35297361,61283497 -29682289,63992521 -32336419,55733276 -38112422))
32630;POLYGON((71408422 -57943316,68585219 -54262361,78946170 -47634138,82236689 -51135005,71408422 -57943316))
32631;POLYGON((-76325613 -65800143,-79424309 -69987725,-91756908 -62619583,-88139214 -58621885,-76325613 -65800143))
32632;POLYGON((-59629941 -44142472,-62198189 -47367313,-71672839 -41089571,-68684693 -38035154,-59629941 -44142472))
32633;POLYGON((-45842147 -27595888,-47957090 -30043602,-55127475 -24741051,-52675798 -22444976,-45842147 -27595888))
32634;POLYGON((-34532791 -15154350,-36262155 -16980386,-41591718 -12542512,-39594953 -10850252,-34532791 -15154350))
32635;POLYGON((-25325728 -5978494,-26728729 -7312165,-30602737 -3634475,-28989722 -2417822,-25325728 -5978494))
32636;POLYGON((-17892864 627051,-19021060 -321038,-21757415 2693991,-20466335 3540594,-17892864 627051))
32637;POLYGON((-11949281 5233953,-12847356 4583963,-14706250 7026277,-13683662 7589005,-11949281 5233953))
32638;POLYGON((-7248706 8308235,-7955203 7885307,-9147695 9836931,-8347631 10185489,-7248706 8308235))
32639;POLYGON((-3579327 10226296,-4127323 9973300,-4822931 11508243,-4206064 11698429,-3579327 10226296))
32640;POLYGON((-759935 11289037,-1177661 11160518,-1511038 12344861,-1043916 12420827,-759935 11289037))
32641;POLYGON((1363630 11734246,1052218 11694478,975437 12586619,1321094 12582844,1363630 11734246))
32642;POLYGON((2921733 11747410,2696431 11768698,2794550 12419716,3042491 12362718,2921733 11747410))
32643;POLYGON((4023906 11471079,3867787 11532288,4078658 11986399,4248685 11896216,4023906 11471079))
32644;POLYGON((4761550 11012915,4660533 11098219,4937791 11393289,5046291 11284745,4761550 11012915))
32645;POLYGON((5210374 10452575,5152834 10550384,5462700 10718491,5523120 10602267,5210374 10452575))
32646;POLYGON((5432596 9847527,5409014 9949585,5727596 10017596,5750874 9901134,5432596 9847527))
32647;POLYGON((5478913 9237928,5481563 9338564,5792610 9328711,5787554 9216966,5478913 9237928))
32648;POLYGON((5390251 8650671,5412922 8746174,5705968 8676626,5679599 8572685,5390251 8650671))
32649;POLYGON((5199324 8102692,5237074 8190810,5505931 8076216,5463779 7981795,5199324 8102692))
32650;POLYGON((4931994 7603653,4980935 7683185,5222485 7535186,5168850 7451033,4931994 7603653))
32651;POLYGON((4608463 7158064,4665576 7228540,4878817 7056246,4816994 6982452,4608463 7158064))
32652;POLYGON((4244307 6766951,4307278 6828384,4492589 6638800,4425064 6575041,4244307 6766951))
32653;POLYGON((3851354 6429119,3918439 6481818,4077027 6280234,4005640 6225947,3851354 6429119))
32654;POLYGON((3438443 6142106,3508347 6186538,3641839 5976860,3567922 5931378,3438443 6142106))
32655;POLYGON((3012047 5902864,3083833 5939556,3193988 5724599,3118482 5687239,3012047 5902864))
32656;POLYGON((2576809 5708241,2649811 5737709,2738326 5519444,2661871 5489569,2576809 5708241))
32657;POLYGON((2135971 5555296,2209729 5578005,2278113 5357765,2201129 5334820,2135971 5555296))
32658;POLYGON((1691732 5441506,1765939 5457843,1815437 5236490,1738182 5220026,1691732 5441506))
32659;POLYGON((1245545 5364884,1320000 5375140,1351550 5153207,1274173 5142890,1245545 5364884))
32660;POLYGON((798356 5324045,872928 5328407,887144 5106214,809720 5101830,798356 5324045))
