32701;POLYGON((359666 15651728,429831 15650300,426857 15427937,353719 15429382,359666 15651728))
32702;POLYGON((-60973 15680349,9068 15673183,-11818 15451106,-84872 15458365,-60973 15680349))
32703;POLYGON((-480258 15743736,-410521 15730724,-449659 15509421,-522491 15522619,-480258 15743736))
32704;POLYGON((-896935 15842822,-827733 15823775,-885739 15603880,-958163 15623239,-896935 15842822))
32705;POLYGON((-1309352 15978999,-1240998 15953655,-1318743 15736049,-1390487 15761883,-1309352 15978999))
32706;POLYGON((-1715260 16154053,-1648179 16122093,-1746749 15908012,-1817418 15940712,-1715260 16154053))
32707;POLYGON((-2111586 16370034,-2046358 16331104,-2166983 16122267,-2236010 16162279,-2111586 16370034))
32708;POLYGON((-2494161 16629059,-2431570 16582814,-2575508 16381560,-2642099 16429349,-2494161 16629059))
32709;POLYGON((-2857412 16933018,-2798499 16879174,-2966863 16688617,-3029931 16744609,-2857412 16933018))
32710;POLYGON((-3193989 17283130,-3140120 17221554,-3333623 17045736,-3391704 17110235,-3193989 17283130))
32711;POLYGON((-3494330 17679339,-3447273 17610162,-3665873 17454205,-3717030 17527274,-3494330 17679339))
32712;POLYGON((-3746155 18119474,-3708170 18043248,-3950584 17913488,-3992292 17994788,-3746155 18119474))
32713;POLYGON((-3933871 18598143,-3907813 18516046,-4170873 18420123,-4199887 18508695,-3933871 18598143))
32714;POLYGON((-4037890 19105286,-4027334 19019392,-4305153 18966271,-4317348 19060260,-4037890 19105286))
32715;POLYGON((-4033848 19624337,-4043223 19537951,-4326130 19537852,-4316326 19634147,-4033848 19624337))
32716;POLYGON((-3891711 20129922,-3926458 20047998,-4199671 20112182,-4161425 20205968,-3891711 20129922))
32717;POLYGON((-3574765 20585008,-3641513 20514666,-3883502 20655032,-3808875 20739239,-3574765 20585008))
32718;POLYGON((-3038476 20937429,-3145243 20888583,-3325735 21117025,-3205032 21181657,-3038476 20937429))
32719;POLYGON((-2229222 21115711,-2385635 21101815,-2463218 21429274,-2284692 21460599,-2229222 21115711))
32720;POLYGON((-1082871 21024077,-1300412 21063020,-1219687 21498149,-969211 21477737,-1082871 21024077))
32721;POLYGON((476788 20536563,184506 20651715,496293 21199082,835589 21102669,476788 20536563))
32722;POLYGON((2539785 19490115,2156719 19711552,2793603 20369281,3241736 20165441,2539785 19490115))
32723;POLYGON((5211861 17676572,4719210 18042497,5801076 18799237,6381646 18447841,5211861 17676572))
32724;POLYGON((8616565 14833411,7992407 15391786,9670246 16222895,10410923 15673333,8616565 14833411))
32725;POLYGON((12897522 10633128,12116424 11443543,14578356 12306360,15511407 11495504,12897522 10633128))
32726;POLYGON((18220907 4671141,17253495 5806942,20731635 6634983,21894493 5484873,18220907 4671141))
32727;POLYGON((24778120 -3547937,23590622 -1997246,28368844 -1301299,29804733 -2886086,24778120 -3547937))
32728;POLYGON((32788685 -14625795,31342431 -12551837,37765129 -12124552,39523729 -14259859,32788685 -14625795))
32729;POLYGON((42503360 -29287810,40754249 -26560300,49236166 -26587484,51374341 -29412897,42503360 -29287810))
32730;POLYGON((54207498 -48402517,52105420 -44865866,63142631 -45594344,65725199 -49276905,54207498 -48402517))
32731;POLYGON((-57605727 -55936982,-59905124 -59945477,-72967120 -61314916,-70135336 -57131444,-57605727 -55936982))
32732;POLYGON((-45168533 -35117217,-47087464 -38228125,-57212282 -38691103,-54860542 -35459868,-45168533 -35117217))
32733;POLYGON((-34824218 -19075147,-36416026 -21458097,-44160672 -21309643,-42219870 -18848355,-34824218 -19075147))
32734;POLYGON((-26275116 -6889816,-27586831 -8687299,-33418976 -8152471,-31828372 -6308306,-26275116 -6889816))
32735;POLYGON((-19259320 2209603,-20332259 878658,-24642035 1631683,-23348451 2986001,-19259320 2209603))
32736;POLYGON((-13547252 8863998,-14417573 7901009,-17528162 8749773,-16485233 9719485,-13547252 8863998))
32737;POLYGON((-8938472 13602376,-9637685 12926237,-11814786 13784563,-10982264 14456012,-8938472 13602376))
32738;POLYGON((-5258702 16857980,-5814156 16402506,-7274401 17212567,-6617510 17655989,-5258702 16857980))
32739;POLYGON((-2357087 18982583,-2792409 18694247,-3710823 19419976,-3199664 19691968,-2357087 18982583))
32740;POLYGON((-103648 20259119,-439152 20095057,-955728 20716722,-564728 20862415,-103648 20259119))
32741;POLYGON((1613052 20912776,1359986 20839039,1134530 21348828,1427121 21403794,1613052 20912776))
32742;POLYGON((2888060 21120695,2702645 21110723,2681840 21509210,2894413 21501114,2888060 21120695))
32743;POLYGON((3801991 21020383,3671714 21053690,3789001 21347036,3937006 21297072,3801991 21020383))
32744;POLYGON((4422821 20716977,4337161 20778012,4542148 20975809,4638480 20899927,4422821 20716977))
32745;POLYGON((4807512 20289456,4757675 20366638,5012958 20480272,5068300 20390226,4807512 20289456))
32746;POLYGON((5003478 19795920,4982167 19880817,5260633 19922272,5283765 19826504,5003478 19795920))
32747;POLYGON((5049907 19278026,5051109 19364672,5333679 19345693,5331763 19250067,5049907 19278026))
32748;POLYGON((4978940 18764691,4997743 18849013,5271505 18780548,5250324 18688966,4978940 18764691))
32749;POLYGON((4816728 18275134,4849149 18354492,5105827 18246359,5070009 18161254,4816728 18275134))
32750;POLYGON((4584359 17821358,4627197 17894162,4861916 17754887,4815126 17677628,4584359 17821358))
32751;POLYGON((4298674 17410132,4349386 17475547,4559690 17312328,4504795 17243531,4298674 17410132))
32752;POLYGON((3972990 17044563,4029575 17102269,4214656 16921026,4153871 16860806,3972990 17044563))
32753;POLYGON((3617714 16725307,3678615 16775324,3838731 16580801,3773744 16528959,3617714 16725307))
32754;POLYGON((3240881 16451492,3304903 16494038,3440935 16289952,3373010 16246109,3240881 16451492))
32755;POLYGON((2848614 16221394,2914852 16256794,3027984 16045982,2958053 16009684,2848614 16221394))
32756;POLYGON((2445510 16032934,2513289 16061543,2604786 15846122,2533521 15816908,2445510 16032934))
32757;POLYGON((2034977 15884012,2103800 15906170,2174853 15687684,2102729 15665131,2034977 15884012))
32758;POLYGON((1619512 15772739,1689014 15788740,1740646 15568292,1667990 15552048,1619512 15772739))
32759;POLYGON((1200941 15697579,1270856 15707650,1303856 15486028,1230894 15475822,1200941 15697579))
32760;POLYGON((780631 15657443,850755 15661732,865648 15439511,792537 15435168,780631 15657443))
32601;POLYGON((359666 5651728,429831 5650300,426857 5427937,353719 5429382,359666 5651728))
32602;POLYGON((-60973 5680349,9068 5673183,-11818 5451106,-84872 5458365,-60973 5680349))
32603;POLYGON((-480258 5743736,-410521 5730724,-449659 5509421,-522491 5522619,-480258 5743736))
32604;POLYGON((-896935 5842822,-827733 5823775,-885739 5603880,-958163 5623239,-896935 5842822))
32605;POLYGON((-1309352 5978999,-1240998 5953655,-1318743 5736049,-1390487 5761883,-1309352 5978999))
32606;POLYGON((-1715260 6154053,-1648179 6122093,-1746749 5908012,-1817418 5940712,-1715260 6154053))
32607;POLYGON((-2111586 6370034,-2046358 6331104,-2166983 6122267,-2236010 6162279,-2111586 6370034))
32608;POLYGON((-2494161 6629059,-2431570 6582814,-2575508 6381560,-2642099 6429349,-2494161 6629059))
32609;POLYGON((-2857412 6933018,-2798499 6879174,-2966863 6688617,-3029931 6744609,-2857412 6933018))
32610;POLYGON((-3193989 7283130,-3140120 7221554,-3333623 7045736,-3391704 7110235,-3193989 7283130))
32611;POLYGON((-3494330 7679339,-3447273 7610162,-3665873 7454205,-3717030 7527274,-3494330 7679339))
32612;POLYGON((-3746155 8119474,-3708170 8043248,-3950584 7913488,-3992292 7994788,-3746155 8119474))
32613;POLYGON((-3933871 8598143,-3907813 8516046,-4170873 8420123,-4199887 8508695,-3933871 8598143))
32614;POLYGON((-4037890 9105286,-4027334 9019392,-4305153 8966271,-4317348 9060260,-4037890 9105286))
32615;POLYGON((-4033848 9624337,-4043223 9537951,-4326130 9537852,-4316326 9634147,-4033848 9624337))
32616;POLYGON((-3891711 10129922,-3926458 10047998,-4199671 10112182,-4161425 10205968,-3891711 10129922))
32617;POLYGON((-3574765 10585008,-3641513 10514666,-3883502 10655032,-3808875 10739239,-3574765 10585008))
32618;POLYGON((-3038476 10937429,-3145243 10888583,-3325735 11117025,-3205032 11181657,-3038476 10937429))
32619;POLYGON((-2229222 11115711,-2385635 11101815,-2463218 11429274,-2284692 11460599,-2229222 11115711))
32620;POLYGON((-1082871 11024077,-1300412 11063020,-1219687 11498149,-969211 11477737,-1082871 11024077))
32621;POLYGON((476788 10536563,184506 10651715,496293 11199082,835589 11102669,476788 10536563))
32622;POLYGON((2539785 9490115,2156719 9711552,2793603 10369281,3241736 10165441,2539785 9490115))
32623;POLYGON((5211861 7676572,4719210 8042497,5801076 8799237,6381646 8447841,5211861 7676572))
32624;POLYGON((8616565 4833411,7992407 5391786,9670246 6222895,10410923 5673333,8616565 4833411))
32625;POLYGON((12897522 633128,12116424 1443543,14578356 2306360,15511407 1495504,12897522 633128))
32626;POLYGON((18220907 -5328858,17253495 -4193057,20731635 -3365016,21894493 -4515126,18220907 -5328858))
32627;POLYGON((24778120 -13547937,23590622 -11997246,28368844 -11301299,29804733 -12886086,24778120 -13547937))
32628;POLYGON((32788685 -24625795,31342431 -22551837,37765129 -22124552,39523729 -24259859,32788685 -24625795))
32629;POLYGON((42503360 -39287810,40754249 -36560300,49236166 -36587484,51374341 -39412897,42503360 -39287810))
32630;POLYGON((54207498 -58402517,52105420 -54865866,63142631 -55594344,65725199 -59276905,54207498 -58402517))
32631;POLYGON((-57605727 -65936982,-59905124 -69945477,-72967120 -71314916,-70135336 -67131444,-57605727 -65936982))
32632;POLYGON((-45168533 -45117217,-47087464 -48228125,-57212282 -48691103,-54860542 -45459868,-45168533 -45117217))
32633;POLYGON((-34824218 -29075147,-36416026 -31458097,-44160672 -31309643,-42219870 -28848355,-34824218 -29075147))
32634;POLYGON((-26275116 -16889816,-27586831 -18687299,-33418976 -18152471,-31828372 -16308306,-26275116 -16889816))
32635;POLYGON((-19259320 -7790396,-20332259 -9121341,-24642035 -8368316,-23348451 -7013998,-19259320 -7790396))
32636;POLYGON((-13547252 -1136001,-14417573 -2098990,-17528162 -1250226,-16485233 -280514,-13547252 -1136001))
32637;POLYGON((-8938472 3602376,-9637685 2926237,-11814786 3784563,-10982264 4456012,-8938472 3602376))
32638;POLYGON((-5258702 6857980,-5814156 6402506,-7274401 7212567,-6617510 7655989,-5258702 6857980))
32639;POLYGON((-2357087 8982583,-2792409 8694247,-3710823 9419976,-3199664 9691968,-2357087 8982583))
32640;POLYGON((-103648 10259119,-439152 10095057,-955728 10716722,-564728 10862415,-103648 10259119))
32641;POLYGON((1613052 10912776,1359986 10839039,1134530 11348828,1427121 11403794,1613052 10912776))
32642;POLYGON((2888060 11120695,2702645 11110723,2681840 11509210,2894413 11501114,2888060 11120695))
32643;POLYGON((3801991 11020383,3671714 11053690,3789001 11347036,3937006 11297072,3801991 11020383))
32644;POLYGON((4422821 10716977,4337161 10778012,4542148 10975809,4638480 10899927,4422821 10716977))
32645;POLYGON((4807512 10289456,4757675 10366638,5012958 10480272,5068300 10390226,4807512 10289456))
32646;POLYGON((5003478 9795920,4982167 9880817,5260633 9922272,5283765 9826504,5003478 9795920))
32647;POLYGON((5049907 9278026,5051109 9364672,5333679 9345693,5331763 9250067,5049907 9278026))
32648;POLYGON((4978940 8764691,4997743 8849013,5271505 8780548,5250324 8688966,4978940 8764691))
32649;POLYGON((4816728 8275134,4849149 8354492,5105827 8246359,5070009 8161254,4816728 8275134))
32650;POLYGON((4584359 7821358,4627197 7894162,4861916 7754887,4815126 7677628,4584359 7821358))
32651;POLYGON((4298674 7410132,4349386 7475547,4559690 7312328,4504795 7243531,4298674 7410132))
32652;POLYGON((3972990 7044563,4029575 7102269,4214656 6921026,4153871 6860806,3972990 7044563))
32653;POLYGON((3617714 6725307,3678615 6775324,3838731 6580801,3773744 6528959,3617714 6725307))
32654;POLYGON((3240881 6451492,3304903 6494038,3440935 6289952,3373010 6246109,3240881 6451492))
32655;POLYGON((2848614 6221394,2914852 6256794,3027984 6045982,2958053 6009684,2848614 6221394))
32656;POLYGON((2445510 6032934,2513289 6061543,2604786 5846122,2533521 5816908,2445510 6032934))
32657;POLYGON((2034977 5884012,2103800 5906170,2174853 5687684,2102729 5665131,2034977 5884012))
32658;POLYGON((1619512 5772739,1689014 5788740,1740646 5568292,1667990 5552048,1619512 5772739))
32659;POLYGON((1200941 5697579,1270856 5707650,1303856 5486028,1230894 5475822,1200941 5697579))
32660;POLYGON((780631 5657443,850755 5661732,865648 5439511,792537 5435168,780631 5657443))
