32701;POLYGON((277438 10110597,388736 10110547,388736 9889452,277438 9889402,277438 10110597))
32702;POLYGON((-392989 10111623,-280763 10111365,-280763 9888634,-392989 9888376,-392989 10111623))
32703;POLYGON((-1073447 10113937,-959006 10113457,-959006 9886542,-1073447 9886062,-1073447 10113937))
32704;POLYGON((-1772076 10117674,-1654002 10116944,-1654002 9883055,-1772076 9882325,-1772076 10117674))
32705;POLYGON((-2498101 10123070,-2374756 10122042,-2374756 9877957,-2498101 9876929,-2498101 10123070))
32706;POLYGON((-3262469 10130493,-3131877 10129094,-3131877 9870905,-3262469 9869506,-3262469 10130493))
32707;POLYGON((-4078661 10140503,-3938359 10138624,-3938359 9861375,-4078661 9859496,-4078661 10140503))
32708;POLYGON((-4963737 10153941,-4810580 10151417,-4810580 9848582,-4963737 9846058,-4963737 10153941))
32709;POLYGON((-5939662 10172058,-5769582 10168644,-5769582 9831355,-5939662 9827941,-5939662 10172058))
32710;POLYGON((-7034983 10196700,-6842684 10192038,-6842684 9807961,-7034983 9803299,-7034983 10196700))
32711;POLYGON((-8286883 10230562,-8065466 10224131,-8065466 9775868,-8286883 9769437,-8286883 10230562))
32712;POLYGON((-9743692 10277530,-9484208 10268581,-9484208 9731418,-9743692 9722469,-9743692 10277530))
32713;POLYGON((-11467894 10343124,-11158801 10330602,-11158801 9669397,-11467894 9656875,-11467894 10343124))
32714;POLYGON((-13539687 10435083,-13166220 10417515,-13166220 9582484,-13539687 9564916,-13539687 10435083))
32715;POLYGON((-16061149 10564085,-15604580 10539450,-15604580 9460549,-16061149 9435914,-16061149 10564085))
32716;POLYGON((-19161067 10744659,-18597851 10710225,-18597851 9289774,-19161067 9255340,-19161067 10744659))
32717;POLYGON((-23000475 10996301,-22301275 10948419,-22301275 9051580,-23000475 9003698,-23000475 10996301))
32718;POLYGON((-27778965 11344826,-26907546 11278689,-26907546 8721310,-27778965 8655173,-27778965 11344826))
32719;POLYGON((-33741810 11823994,-32653793 11733345,-32653793 8266654,-33741810 8176005,-33741810 11823994))
32720;POLYGON((-41187975 12477439,-39829436 12354230,-39829436 7645769,-41187975 7522560,-41187975 12477439))
32721;POLYGON((-50479039 13360950,-48784959 13194929,-48784959 6805070,-50479039 6639049,-50479039 13360950))
32722;POLYGON((-62049111 14545124,-59941651 14323372,-59941651 5676627,-62049111 5454875,-62049111 14545124))
32723;POLYGON((-76415778 16118455,-73802378 15824835,-73802378 4175164,-76415778 3881544,-76415778 16118455))
32724;POLYGON((-94192136 18190884,-90963437 17805418,-90963437 2194581,-94192136 1809115,-94192136 18190884))
32725;POLYGON((-116099969 20897877,-112127531 20396024,-112127531 -396024,-116099969 -897877,-116099969 20897877))
32726;POLYGON((-142984121 24405050,-138117944 23756900,-138117944 -3756900,-142984121 -4405050,-142984121 24405050))
32727;POLYGON((-175828115 28913427,-169893946 28082774,-169893946 -8082774,-175828115 -8913427,-175828115 28913427))
32728;POLYGON((-215771079 34665359,-208567499 33608669,-208567499 -13608669,-215771079 -14665359,-215771079 34665359))
32729;POLYGON((-264126026 41951159,-255421306 40616411,-255421306 -20616411,-264126026 -21951159,-264126026 41951159))
32730;POLYGON((-322399536 51116535,-311928259 49441924,-311928259 -29441924,-322399536 -31116535,-322399536 51116535))
32731;POLYGON((345319062 54658093,356784664 56529259,356784664 -36529259,345319062 -34658093,345319062 54658093))
32732;POLYGON((283368093 44778621,292920669 46274910,292920669 -26274910,283368093 -24778621,283368093 44778621))
32733;POLYGON((231884511 36907673,239807671 38096310,239807671 -18096310,231884511 -16907673,231884511 36907673))
32734;POLYGON((189292583 30679284,195834462 31617012,195834462 -11617012,189292583 -10679284,189292583 30679284))
32735;POLYGON((154217032 25785540,159593796 26519984,159593796 -6519984,154217032 -5785540,154217032 25785540))
32736;POLYGON((125462870 21968881,129861977 22539772,129861977 -2539772,125462870 -1968881,125462870 21968881))
32737;POLYGON((101996650 19015198,105579876 19455474,105579876 544525,101996650 984801,101996650 19015198))
32738;POLYGON((82929102 16747687,85835344 17084465,85835344 2915534,82929102 3252312,82929102 16747687))
32739;POLYGON((67499078 15021377,69846939 15276821,69846939 4723178,67499078 4978622,67499078 15021377))
32740;POLYGON((55058775 13718298,56948942 13910382,56948942 6089617,55058775 6281701,55058775 13718298))
32741;POLYGON((45060163 12743226,46577586 12886405,46577586 7113594,45060163 7256773,45060163 12743226))
32742;POLYGON((37042576 12019963,38258458 12125759,38258458 7874240,37042576 7980036,37042576 12019963))
32743;POLYGON((30621408 11488101,31595016 11565609,31595016 8434390,30621408 8511898,30621408 11488101))
32744;POLYGON((25477863 11100225,26258165 11156550,26258165 8843449,25477863 8899774,25477863 11100225))
32745;POLYGON((21349706 10819513,21976843 10860149,21976843 9139850,21349706 9180486,21349706 10819513))
32746;POLYGON((18022950 10617697,18529562 10646838,18529562 9353161,18022950 9382302,18022950 10617697))
32747;POLYGON((15324450 10473339,15736847 10494148,15736847 9505851,15324450 9526660,15324450 10473339))
32748;POLYGON((13115323 10370389,13454527 10385219,13454527 9614780,13115323 9629610,13115323 10370389))
32749;POLYGON((11285157 10296995,11567817 10307575,11567817 9692424,11285157 9703004,11285157 10296995))
32750;POLYGON((9746956 10244528,9986139 10252107,9986139 9747892,9746956 9755471,9746956 10244528))
32751;POLYGON((8432755 10206800,8638634 10212269,8638634 9787730,8432755 9793199,8432755 10206800))
32752;POLYGON((7289867 10179434,7470304 10183419,7470304 9816580,7289867 9820565,7289867 10179434))
32753;POLYGON((6277694 10159384,6438735 10162316,6438735 9837683,6277694 9840615,6277694 10159384))
32754;POLYGON((5365063 10144550,5511348 10146727,5511348 9853272,5365063 9855449,5365063 10144550))
32755;POLYGON((4528017 10133508,4663119 10135130,4663119 9864869,4528017 9866491,4528017 10133508))
32756;POLYGON((3748025 10125296,3874720 10126499,3874720 9873500,3748025 9874703,3748025 10125296))
32757;POLYGON((3010542 10119274,3131028 10120146,3131028 9879853,3010542 9880725,3010542 10119274))
32758;POLYGON((2303877 10115015,2419946 10115615,2419946 9884384,2303877 9884984,2303877 10115015))
32759;POLYGON((1618308 10112246,1731474 10112612,1731474 9887387,1618308 9887753,1618308 10112246))
32760;POLYGON((945396 10110801,1057002 10110955,1057002 9889044,945396 9889198,945396 10110801))
32601;POLYGON((277438 110597,388736 110547,388736 -110547,277438 -110597,277438 110597))
32602;POLYGON((-392989 111623,-280763 111365,-280763 -111365,-392989 -111623,-392989 111623))
32603;POLYGON((-1073447 113937,-959006 113457,-959006 -113457,-1073447 -113937,-1073447 113937))
32604;POLYGON((-1772076 117674,-1654002 116944,-1654002 -116944,-1772076 -117674,-1772076 117674))
32605;POLYGON((-2498101 123070,-2374756 122042,-2374756 -122042,-2498101 -123070,-2498101 123070))
32606;POLYGON((-3262469 130493,-3131877 129094,-3131877 -129094,-3262469 -130493,-3262469 130493))
32607;POLYGON((-4078661 140503,-3938359 138624,-3938359 -138624,-4078661 -140503,-4078661 140503))
32608;POLYGON((-4963737 153941,-4810580 151417,-4810580 -151417,-4963737 -153941,-4963737 153941))
32609;POLYGON((-5939662 172058,-5769582 168644,-5769582 -168644,-5939662 -172058,-5939662 172058))
32610;POLYGON((-7034983 196700,-6842684 192038,-6842684 -192038,-7034983 -196700,-7034983 196700))
32611;POLYGON((-8286883 230562,-8065466 224131,-8065466 -224131,-8286883 -230562,-8286883 230562))
32612;POLYGON((-9743692 277530,-9484208 268581,-9484208 -268581,-9743692 -277530,-9743692 277530))
32613;POLYGON((-11467894 343124,-11158801 330602,-11158801 -330602,-11467894 -343124,-11467894 343124))
32614;POLYGON((-13539687 435083,-13166220 417515,-13166220 -417515,-13539687 -435083,-13539687 435083))
32615;POLYGON((-16061149 564085,-15604580 539450,-15604580 -539450,-16061149 -564085,-16061149 564085))
32616;POLYGON((-19161067 744659,-18597851 710225,-18597851 -710225,-19161067 -744659,-19161067 744659))
32617;POLYGON((-23000475 996301,-22301275 948419,-22301275 -948419,-23000475 -996301,-23000475 996301))
32618;POLYGON((-27778965 1344826,-26907546 1278689,-26907546 -1278689,-27778965 -1344826,-27778965 1344826))
32619;POLYGON((-33741810 1823994,-32653793 1733345,-32653793 -1733345,-33741810 -1823994,-33741810 1823994))
32620;POLYGON((-41187975 2477439,-39829436 2354230,-39829436 -2354230,-41187975 -2477439,-41187975 2477439))
32621;POLYGON((-50479039 3360950,-48784959 3194929,-48784959 -3194929,-50479039 -3360950,-50479039 3360950))
32622;POLYGON((-62049111 4545124,-59941651 4323372,-59941651 -4323372,-62049111 -4545124,-62049111 4545124))
32623;POLYGON((-76415778 6118455,-73802378 5824835,-73802378 -5824835,-76415778 -6118455,-76415778 6118455))
32624;POLYGON((-94192136 8190884,-90963437 7805418,-90963437 -7805418,-94192136 -8190884,-94192136 8190884))
32625;POLYGON((-116099969 10897877,-112127531 10396024,-112127531 -10396024,-116099969 -10897877,-116099969 10897877))
32626;POLYGON((-142984121 14405050,-138117944 13756900,-138117944 -13756900,-142984121 -14405050,-142984121 14405050))
32627;POLYGON((-175828115 18913427,-169893946 18082774,-169893946 -18082774,-175828115 -18913427,-175828115 18913427))
32628;POLYGON((-215771079 24665359,-208567499 23608669,-208567499 -23608669,-215771079 -24665359,-215771079 24665359))
32629;POLYGON((-264126026 31951159,-255421306 30616411,-255421306 -30616411,-264126026 -31951159,-264126026 31951159))
32630;POLYGON((-322399536 41116535,-311928259 39441924,-311928259 -39441924,-322399536 -41116535,-322399536 41116535))
32631;POLYGON((345319062 44658093,356784664 46529259,356784664 -46529259,345319062 -44658093,345319062 44658093))
32632;POLYGON((283368093 34778621,292920669 36274910,292920669 -36274910,283368093 -34778621,283368093 34778621))
32633;POLYGON((231884511 26907673,239807671 28096310,239807671 -28096310,231884511 -26907673,231884511 26907673))
32634;POLYGON((189292583 20679284,195834462 21617012,195834462 -21617012,189292583 -20679284,189292583 20679284))
32635;POLYGON((154217032 15785540,159593796 16519984,159593796 -16519984,154217032 -15785540,154217032 15785540))
32636;POLYGON((125462870 11968881,129861977 12539772,129861977 -12539772,125462870 -11968881,125462870 11968881))
32637;POLYGON((101996650 9015198,105579876 9455474,105579876 -9455474,101996650 -9015198,101996650 9015198))
32638;POLYGON((82929102 6747687,85835344 7084465,85835344 -7084465,82929102 -6747687,82929102 6747687))
32639;POLYGON((67499078 5021377,69846939 5276821,69846939 -5276821,67499078 -5021377,67499078 5021377))
32640;POLYGON((55058775 3718298,56948942 3910382,56948942 -3910382,55058775 -3718298,55058775 3718298))
32641;POLYGON((45060163 2743226,46577586 2886405,46577586 -2886405,45060163 -2743226,45060163 2743226))
32642;POLYGON((37042576 2019963,38258458 2125759,38258458 -2125759,37042576 -2019963,37042576 2019963))
32643;POLYGON((30621408 1488101,31595016 1565609,31595016 -1565609,30621408 -1488101,30621408 1488101))
32644;POLYGON((25477863 1100225,26258165 1156550,26258165 -1156550,25477863 -1100225,25477863 1100225))
32645;POLYGON((21349706 819513,21976843 860149,21976843 -860149,21349706 -819513,21349706 819513))
32646;POLYGON((18022950 617697,18529562 646838,18529562 -646838,18022950 -617697,18022950 617697))
32647;POLYGON((15324450 473339,15736847 494148,15736847 -494148,15324450 -473339,15324450 473339))
32648;POLYGON((13115323 370389,13454527 385219,13454527 -385219,13115323 -370389,13115323 370389))
32649;POLYGON((11285157 296995,11567817 307575,11567817 -307575,11285157 -296995,11285157 296995))
32650;POLYGON((9746956 244528,9986139 252107,9986139 -252107,9746956 -244528,9746956 244528))
32651;POLYGON((8432755 206800,8638634 212269,8638634 -212269,8432755 -206800,8432755 206800))
32652;POLYGON((7289867 179434,7470304 183419,7470304 -183419,7289867 -179434,7289867 179434))
32653;POLYGON((6277694 159384,6438735 162316,6438735 -162316,6277694 -159384,6277694 159384))
32654;POLYGON((5365063 144550,5511348 146727,5511348 -146727,5365063 -144550,5365063 144550))
32655;POLYGON((4528017 133508,4663119 135130,4663119 -135130,4528017 -133508,4528017 133508))
32656;POLYGON((3748025 125296,3874720 126499,3874720 -126499,3748025 -125296,3748025 125296))
32657;POLYGON((3010542 119274,3131028 120146,3131028 -120146,3010542 -119274,3010542 119274))
32658;POLYGON((2303877 115015,2419946 115615,2419946 -115615,2303877 -115015,2303877 115015))
32659;POLYGON((1618308 112246,1731474 112612,1731474 -112612,1618308 -112246,1618308 112246))
32660;POLYGON((945396 110801,1057002 110955,1057002 -110955,945396 -110801,945396 110801))
