32701;POLYGON((723775 4679344,872928 4671592,858256 4449380,714984 4457055,723775 4679344))
32702;POLYGON((276224 4679344,425404 4683215,428333 4460890,285015 4457055,276224 4679344))
32703;POLYGON((-171063 4644378,-22031 4659945,-1451 4437850,-144535 4422444,-171063 4644378))
32704;POLYGON((-617472 4573799,-468814 4601349,-430226 4379887,-572751 4352661,-617472 4573799))
32705;POLYGON((-1062120 4466327,-914171 4506355,-856923 4286076,-998458 4246605,-1062120 4466327))
32706;POLYGON((-1503654 4320069,-1356932 4373271,-1280093 4154976,-1420036 4102671,-1503654 4320069))
32707;POLYGON((-1940019 4132587,-1795303 4199832,-1697702 3984682,-1835205 3918825,-1940019 4132587))
32708;POLYGON((-2368168 3900998,-2226603 3983286,-2106894 3772940,-2240775 3692730,-2368168 3900998))
32709;POLYGON((-2783721 3622167,-2646940 3720556,-2503710 3517324,-2632347 3421957,-2783721 3622167))
32710;POLYGON((-3180542 3292999,-3050816 3408491,-2882750 3215507,-3003957 3104296,-3180542 3292999))
32711;POLYGON((-3550230 2910893,-3430646 3044266,-3236777 2865675,-3347654 2738225,-3550230 2910893))
32712;POLYGON((-3881502 2474386,-3776183 2625951,-3556241 2467114,-3652996 2323563,-3881502 2474386))
32713;POLYGON((-4159465 1984054,-4073827 2153325,-3828719 2021015,-3906462 1862364,-4159465 1984054))
32714;POLYGON((-4364755 1443724,-4305809 1628974,-4038257 1531565,-4090758 1360108,-4364755 1443724))
32715;POLYGON((-4472532 862063,-4449234 1059750,-4164614 1007367,-4184024 827258,-4472532 862063))
32716;POLYGON((-4451314 254627,-4474975 458652,-4182379 463271,-4158909 281230,-4451314 254627))
32717;POLYGON((-4261645 -353563,-4346393 -152775,-4059966 -77322,-3981522 -251117,-4261645 -353563))
32718;POLYGON((-3854575 -924823,-4017884 -741467,-3758473 -579602,-3610244 -730428,-3854575 -924823))
32719;POLYGON((-3169935 -1404882,-3433222 -1259164,-3230391 -993847,-2994380 -1101107,-3169935 -1404882))
32720;POLYGON((-2134412 -1718159,-2523704 -1637971,-2418152 -1251190,-2072661 -1286825,-2134412 -1718159))
32721;POLYGON((-659381 -1762108,-1206064 -1785018,-1252514 -1258559,-771563 -1185157,-659381 -1762108))
32722;POLYGON((1361485 -1400519,619843 -1576130,349238 -892677,996552 -661252,1361485 -1400519))
32723;POLYGON((4054882 -455676,3073613 -848375,2485279 6970,3335489 459581,4054882 -455676))
32724;POLYGON((7570785 1300784,6297117 608628,5271431 1646341,6367474 2400487,7570785 1300784))
32725;POLYGON((12085657 4158428,10457617 3062779,8843560 4286311,10235626 5442996,12085657 4158428))
32726;POLYGON((17805951 8480138,15751160 6851072,13360198 8253571,15106652 9938417,17805951 8480138))
32727;POLYGON((24971913 14715943,22406286 12392839,19005389 13953059,21173776 16320827,24971913 14715943))
32728;POLYGON((33861716 23418705,30688046 20204799,25991785 21882090,28659919 25121780,33861716 23418705))
32729;POLYGON((44795930 35261829,40902359 30918077,34563991 32646311,37821121 36986921,44795930 35261829))
32730;POLYGON((58142335 51059174,53400712 45297361,45002169 46977649,48950248 52694625,58142335 51059174))
32731;POLYGON((74321110 71787320,68585219 64262361,57625923 65754405,62380961 73176846,74321110 71787320))
32732;POLYGON((-73321110 71787320,-79424309 79987725,-66433403 81251320,-61380961 73176846,-73321110 71787320))
32733;POLYGON((-57142335 51059174,-62198189 57367313,-52153688 58940651,-47950248 52694625,-57142335 51059174))
32734;POLYGON((-43795930 35261829,-47957090 40043602,-40296574 41753221,-36821121 36986921,-43795930 35261829))
32735;POLYGON((-32861716 23418705,-36262155 26980386,-30513867 28700845,-27659919 25121780,-32861716 23418705))
32736;POLYGON((-23971913 14715943,-26728729 17312165,-22499560 18956385,-20173776 16320827,-23971913 14715943))
32737;POLYGON((-16805951 8480138,-19021060 10321038,-15985761 11832129,-14106652 9938417,-16805951 8480138))
32738;POLYGON((-11085657 4158428,-12847356 5416036,-10738904 6760436,-9235626 5442996,-11085657 4158428))
32739;POLYGON((-6570785 1300784,-7955203 2114692,-6556230 3276461,-5367474 2400487,-6570785 1300784))
32740;POLYGON((-3054882 -455676,-4127323 26699,-3262532 1002832,-2335489 459581,-3054882 -455676))
32741;POLYGON((-361485 -1400519,-1177661 -1160518,-707139 -363899,3447 -661252,-361485 -1400519))
32742;POLYGON((1659381 -1762108,1052218 -1694478,1238855 -1065167,1771563 -1185157,1659381 -1762108))
32743;POLYGON((3134412 -1718159,2696431 -1768698,2685134 -1290793,3072661 -1286825,3134412 -1718159))
32744;POLYGON((4169935 -1404882,3867787 -1532288,3724486 -1188029,3994380 -1101107,4169935 -1404882))
32745;POLYGON((4854575 -924823,4660533 -1098219,4434925 -869353,4610244 -730428,4854575 -924823))
32746;POLYGON((5261645 -353563,5152834 -550384,4881609 -419152,4981522 -251117,5261645 -353563))
32747;POLYGON((5451314 254627,5409014 50414,5118583 100608,5158909 281230,5451314 254627))
32748;POLYGON((5472532 862063,5481563 661435,5190334 645607,5184024 827258,5472532 862063))
32749;POLYGON((5364755 1443724,5412922 1253825,5133190 1185195,5090758 1360108,5364755 1443724))
32750;POLYGON((5159465 1984054,5237074 1809189,4976557 1699110,4906462 1862364,5159465 1984054))
32751;POLYGON((4881502 2474386,4980935 2316814,4744018 2174814,4652996 2323563,4881502 2474386))
32752;POLYGON((4550230 2910893,4665576 2771459,4454295 2605358,4347654 2738225,4550230 2910893))
32753;POLYGON((4180542 3292999,4307278 3171615,4122083 2987695,4003957 3104296,4180542 3292999))
32754;POLYGON((3783721 3622167,3918439 3518181,3758782 3321374,3632347 3421957,3783721 3622167))
32755;POLYGON((3368168 3900998,3508347 3813461,3373112 3607554,3240775 3692730,3368168 3900998))
32756;POLYGON((2940019 4132587,3083833 4060443,2971650 3848275,2835205 3918825,2940019 4132587))
32757;POLYGON((2503654 4320069,2649811 4262290,2559274 4045935,2420036 4102671,2503654 4320069))
32758;POLYGON((2062120 4466327,2209729 4421994,2139540 4202928,1998458 4246605,2062120 4466327))
32759;POLYGON((1617472 4573799,1765939 4542156,1715001 4321408,1572751 4352661,1617472 4573799))
32760;POLYGON((1171063 4644378,1320000 4624859,1287473 4403134,1144535 4422444,1171063 4644378))
