32701;POLYGON((317483 6125129,408746 6126500,411022 5904660,322037 5903257,317483 6125129))
32702;POLYGON((-230827 6097579,-139307 6104490,-123261 5882149,-212447 5875082,-230827 6097579))
32703;POLYGON((-781845 6036060,-689739 6048746,-659398 5825183,-749038 5812229,-781845 6036060))
32704;POLYGON((-1337424 5938479,-1244440 5957373,-1198807 5731963,-1289109 5712711,-1337424 5938479))
32705;POLYGON((-1899099 5801470,-1805012 5827227,-1742567 5599521,-1833664 5573356,-1899099 5801470))
32706;POLYGON((-2467848 5620228,-2372547 5653759,-2291183 5423605,-2383080 5389683,-2467848 5620228))
32707;POLYGON((-3043774 5388283,-2947320 5430792,-2844259 5198526,-2936774 5155745,-3043774 5388283))
32708;POLYGON((-3625656 5097214,-3528367 5150255,-3400059 4916977,-3492735 4863951,-3625656 5097214))
32709;POLYGON((-4210347 4736310,-4112912 4801843,-3954921 4569845,-4046909 4504864,-4210347 4736310))
32710;POLYGON((-4791994 4292172,-4695616 4372635,-4502498 4146013,-4592414 4067016,-4791994 4292172))
32711;POLYGON((-5361048 3748256,-5267624 3846645,-5032795 3632179,-5118541 3536727,-5361048 3748256))
32712;POLYGON((-5903035 3084368,-5815379 3204327,-5530987 3012712,-5609522 2897966,-5903035 3084368))
32713;POLYGON((-6397061 2276101,-6319173 2422015,-5975965 2269556,-6043045 2132267,-6397061 2276101))
32714;POLYGON((-6814020 1294219,-6751408 1471324,-6338613 1382209,-6388468 1218727,-6814020 1294219))
32715;POLYGON((-7114485 103994,-7074536 318488,-6579758 327810,-6604719 134109,-7114485 103994))
32716;POLYGON((-7246234 -1335511,-7238657 -1076341,-6647790 -918646,-6637857 -1146921,-7246234 -1335511))
32717;POLYGON((-7141411 -3072207,-7178733 -2759858,-6475903 -2383945,-6418252 -2651392,-7141411 -3072207))
32718;POLYGON((-6713262 -5161779,-6811406 -4786395,-5978950 -4096078,-5857360 -4407429,-6713262 -5161779))
32719;POLYGON((-5852446 -7668547,-6031374 -7218770,-5049861 -6083456,-4844080 -6443417,-5852446 -7668547))
32720;POLYGON((-4422871 -10666356,-4707315 -10129180,-3555617 -8373856,-3240642 -8786904,-4422871 -10666356))
32721;POLYGON((-2257040 -14239515,-2677310 -13600119,-1332735 -10993055,-878014 -11463177,-2257040 -14239515))
32722;POLYGON((849132 -18483762,256245 -17725354,1817743 -13963131,2449203 -14493507,849132 -18483762))
32723;POLYGON((5142049 -23507276,4332279 -22610919,6135822 -17300366,6988432 -17892974,5142049 -23507276))
32724;POLYGON((10916745 -29431715,9837255 -28376151,11908662 -21012709,13035329 -21667861,10916745 -29431715))
32725;POLYGON((18523808 -36393285,17111997 -35154757,19477303 -25096764,20940612 -25812548,18523808 -36393285))
32726;POLYGON((28376938 -44543836,26559132 -43095902,29243999 -29534228,31117495 -30305863,28376938 -44543836))
32727;POLYGON((40961179 -54051983,38651214 -52365328,41680208 -34287744,44049793 -35106824,40961179 -54051983))
32728;POLYGON((56841835 -65104244,53939519 -63146490,57335254 -39296106,60300700 -40149737,56841835 -65104244))
32729;POLYGON((76674119 -77906204,73063575 -75641713,76845697 -44468754,80522277 -45338559,76674119 -77906204))
32730;POLYGON((101213547 -92683684,96761425 -90073363,100945439 -49679503,105465686 -50540502,101213547 -92683684))
32731;POLYGON((-109585803 -98090608,-114514701 -100889637,-118972601 -53093083,-113974916 -52248262,-109585803 -98090608))
32732;POLYGON((-83290503 -82600771,-87304001 -85033067,-91352639 -47947817,-87271943 -47078832,-83290503 -82600771))
32733;POLYGON((-61978385 -69166429,-65219282 -71272886,-68870655 -42733266,-65565087 -41868867,-61978385 -69166429))
32734;POLYGON((-44858053 -57554753,-47450730 -59372710,-50721865 -37603257,-48067751 -36764972,-44858053 -57554753))
32735;POLYGON((-31242053 -47553543,-33294329 -49116985,-36205986 -32671352,-34096013 -31874685,-31242053 -47553543))
32736;POLYGON((-20536219 -38970055,-22141072 -40309806,-24716619 -28017670,-23058148 -27273155,-20536219 -38970055))
32737;POLYGON((-12229781 -31629835,-13466947 -32773747,-15731403 -23694891,-14444892 -23009022,-12229781 -31629835))
32738;POLYGON((-5886206 -25375570,-6823651 -26348720,-8802877 -19733522,-7820428 -19109556,-5886206 -25375570))
32739;POLYGON((-1134739 -20065961,-1830026 -20890835,-3550045 -16146466,-2814066 -15585129,-1134739 -20065961))
32740;POLYGON((2337370 -15574622,1835833 -16271295,349388 -12932970,887415 -12433053,2337370 -15574622))
32741;POLYGON((4792006 -11788999,4443821 -12375313,3166148 -10081995,3546797 -9640866,4792006 -11788999))
32742;POLYGON((6446694 -8609317,6218428 -9101058,5125905 -7575071,5382831 -7189102,6446694 -8609317))
32743;POLYGON((7480525 -5947571,7344764 -6358632,6415203 -5388673,6576078 -5053596,7480525 -5947571))
32744;POLYGON((8039516 -3726532,7974010 -4069076,7186836 -3496185,7274193 -3207380,8039516 -3726532))
32745;POLYGON((8241441 -1878807,8228332 -2163422,7564698 -1869485,7596688 -1622211,8241441 -1878807))
32746;POLYGON((8180147 -345928,8205288 -581776,7648126 -480198,7639197 -269772,8180147 -345928))
32747;POLYGON((7929409 922514,7981747 727554,7515778 699341,7477277 877407,7929409 922514))
32748;POLYGON((7546323 1969693,7617369 1808896,7229065 1695377,7169767 1845281,7546323 1969693))
32749;POLYGON((7074289 2832326,7157647 2699988,6835163 2532234,6761737 2657820,7074289 2832326))
32750;POLYGON((6545602 3541403,6636561 3432728,6369646 3232002,6287058 3336721,6545602 3541403))
32751;POLYGON((5983678 4122870,6078868 4033856,5858750 3814373,5770604 3901267,5983678 4122870))
32752;POLYGON((5404952 4598260,5502048 4525600,5321312 4296587,5230147 4368295,5404952 4598260))
32753;POLYGON((4820466 4985274,4917942 4926261,4770398 4693486,4677931 4752255,4820466 4985274))
32754;POLYGON((4237182 5298307,4334114 5250750,4214668 5017624,4121994 5065335,4237182 5298307))
32755;POLYGON((3659054 5548919,3754953 5511070,3659478 5279431,3567234 5317628,3659054 5548919))
32756;POLYGON((3087869 5746253,3182557 5716740,3107773 5487394,3016267 5517317,3087869 5746253))
32757;POLYGON((2523909 5897396,2617422 5875167,2560784 5648261,2470095 5670879,2523909 5897396))
32758;POLYGON((1966447 6007678,2058958 5991956,2018565 5767222,1928616 5783261,1966447 6007678))
32759;POLYGON((1414103 6080926,1505876 6071168,1480387 5848088,1391004 5858059,1414103 6080926))
32760;POLYGON((865108 6119639,956457 6115516,945037 5893424,855984 5897642,865108 6119639))
32601;POLYGON((317483 -3874870,408746 -3873499,411022 -4095339,322037 -4096742,317483 -3874870))
32602;POLYGON((-230827 -3902420,-139307 -3895509,-123261 -4117850,-212447 -4124917,-230827 -3902420))
32603;POLYGON((-781845 -3963939,-689739 -3951253,-659398 -4174816,-749038 -4187770,-781845 -3963939))
32604;POLYGON((-1337424 -4061520,-1244440 -4042626,-1198807 -4268036,-1289109 -4287288,-1337424 -4061520))
32605;POLYGON((-1899099 -4198529,-1805012 -4172772,-1742567 -4400478,-1833664 -4426643,-1899099 -4198529))
32606;POLYGON((-2467848 -4379771,-2372547 -4346240,-2291183 -4576394,-2383080 -4610316,-2467848 -4379771))
32607;POLYGON((-3043774 -4611716,-2947320 -4569207,-2844259 -4801473,-2936774 -4844254,-3043774 -4611716))
32608;POLYGON((-3625656 -4902785,-3528367 -4849744,-3400059 -5083022,-3492735 -5136048,-3625656 -4902785))
32609;POLYGON((-4210347 -5263689,-4112912 -5198156,-3954921 -5430154,-4046909 -5495135,-4210347 -5263689))
32610;POLYGON((-4791994 -5707827,-4695616 -5627364,-4502498 -5853986,-4592414 -5932983,-4791994 -5707827))
32611;POLYGON((-5361048 -6251743,-5267624 -6153354,-5032795 -6367820,-5118541 -6463272,-5361048 -6251743))
32612;POLYGON((-5903035 -6915631,-5815379 -6795672,-5530987 -6987287,-5609522 -7102033,-5903035 -6915631))
32613;POLYGON((-6397061 -7723898,-6319173 -7577984,-5975965 -7730443,-6043045 -7867732,-6397061 -7723898))
32614;POLYGON((-6814020 -8705780,-6751408 -8528675,-6338613 -8617790,-6388468 -8781272,-6814020 -8705780))
32615;POLYGON((-7114485 -9896005,-7074536 -9681511,-6579758 -9672189,-6604719 -9865890,-7114485 -9896005))
32616;POLYGON((-7246234 -11335511,-7238657 -11076341,-6647790 -10918646,-6637857 -11146921,-7246234 -11335511))
32617;POLYGON((-7141411 -13072207,-7178733 -12759858,-6475903 -12383945,-6418252 -12651392,-7141411 -13072207))
32618;POLYGON((-6713262 -15161779,-6811406 -14786395,-5978950 -14096078,-5857360 -14407429,-6713262 -15161779))
32619;POLYGON((-5852446 -17668547,-6031374 -17218770,-5049861 -16083456,-4844080 -16443417,-5852446 -17668547))
32620;POLYGON((-4422871 -20666356,-4707315 -20129180,-3555617 -18373856,-3240642 -18786904,-4422871 -20666356))
32621;POLYGON((-2257040 -24239515,-2677310 -23600119,-1332735 -20993055,-878014 -21463177,-2257040 -24239515))
32622;POLYGON((849132 -28483762,256245 -27725354,1817743 -23963131,2449203 -24493507,849132 -28483762))
32623;POLYGON((5142049 -33507276,4332279 -32610919,6135822 -27300366,6988432 -27892974,5142049 -33507276))
32624;POLYGON((10916745 -39431715,9837255 -38376151,11908662 -31012709,13035329 -31667861,10916745 -39431715))
32625;POLYGON((18523808 -46393285,17111997 -45154757,19477303 -35096764,20940612 -35812548,18523808 -46393285))
32626;POLYGON((28376938 -54543836,26559132 -53095902,29243999 -39534228,31117495 -40305863,28376938 -54543836))
32627;POLYGON((40961179 -64051983,38651214 -62365328,41680208 -44287744,44049793 -45106824,40961179 -64051983))
32628;POLYGON((56841835 -75104244,53939519 -73146490,57335254 -49296106,60300700 -50149737,56841835 -75104244))
32629;POLYGON((76674119 -87906204,73063575 -85641713,76845697 -54468754,80522277 -55338559,76674119 -87906204))
32630;POLYGON((101213547 -102683684,96761425 -100073363,100945439 -59679503,105465686 -60540502,101213547 -102683684))
32631;POLYGON((-109585803 -108090608,-114514701 -110889637,-118972601 -63093083,-113974916 -62248262,-109585803 -108090608))
32632;POLYGON((-83290503 -92600771,-87304001 -95033067,-91352639 -57947817,-87271943 -57078832,-83290503 -92600771))
32633;POLYGON((-61978385 -79166429,-65219282 -81272886,-68870655 -52733266,-65565087 -51868867,-61978385 -79166429))
32634;POLYGON((-44858053 -67554753,-47450730 -69372710,-50721865 -47603257,-48067751 -46764972,-44858053 -67554753))
32635;POLYGON((-31242053 -57553543,-33294329 -59116985,-36205986 -42671352,-34096013 -41874685,-31242053 -57553543))
32636;POLYGON((-20536219 -48970055,-22141072 -50309806,-24716619 -38017670,-23058148 -37273155,-20536219 -48970055))
32637;POLYGON((-12229781 -41629835,-13466947 -42773747,-15731403 -33694891,-14444892 -33009022,-12229781 -41629835))
32638;POLYGON((-5886206 -35375570,-6823651 -36348720,-8802877 -29733522,-7820428 -29109556,-5886206 -35375570))
32639;POLYGON((-1134739 -30065961,-1830026 -30890835,-3550045 -26146466,-2814066 -25585129,-1134739 -30065961))
32640;POLYGON((2337370 -25574622,1835833 -26271295,349388 -22932970,887415 -22433053,2337370 -25574622))
32641;POLYGON((4792006 -21788999,4443821 -22375313,3166148 -20081995,3546797 -19640866,4792006 -21788999))
32642;POLYGON((6446694 -18609317,6218428 -19101058,5125905 -17575071,5382831 -17189102,6446694 -18609317))
32643;POLYGON((7480525 -15947571,7344764 -16358632,6415203 -15388673,6576078 -15053596,7480525 -15947571))
32644;POLYGON((8039516 -13726532,7974010 -14069076,7186836 -13496185,7274193 -13207380,8039516 -13726532))
32645;POLYGON((8241441 -11878807,8228332 -12163422,7564698 -11869485,7596688 -11622211,8241441 -11878807))
32646;POLYGON((8180147 -10345928,8205288 -10581776,7648126 -10480198,7639197 -10269772,8180147 -10345928))
32647;POLYGON((7929409 -9077485,7981747 -9272445,7515778 -9300658,7477277 -9122592,7929409 -9077485))
32648;POLYGON((7546323 -8030306,7617369 -8191103,7229065 -8304622,7169767 -8154718,7546323 -8030306))
32649;POLYGON((7074289 -7167673,7157647 -7300011,6835163 -7467765,6761737 -7342179,7074289 -7167673))
32650;POLYGON((6545602 -6458596,6636561 -6567271,6369646 -6767997,6287058 -6663278,6545602 -6458596))
32651;POLYGON((5983678 -5877129,6078868 -5966143,5858750 -6185626,5770604 -6098732,5983678 -5877129))
32652;POLYGON((5404952 -5401739,5502048 -5474399,5321312 -5703412,5230147 -5631704,5404952 -5401739))
32653;POLYGON((4820466 -5014725,4917942 -5073738,4770398 -5306513,4677931 -5247744,4820466 -5014725))
32654;POLYGON((4237182 -4701692,4334114 -4749249,4214668 -4982375,4121994 -4934664,4237182 -4701692))
32655;POLYGON((3659054 -4451080,3754953 -4488929,3659478 -4720568,3567234 -4682371,3659054 -4451080))
32656;POLYGON((3087869 -4253746,3182557 -4283259,3107773 -4512605,3016267 -4482682,3087869 -4253746))
32657;POLYGON((2523909 -4102603,2617422 -4124832,2560784 -4351738,2470095 -4329120,2523909 -4102603))
32658;POLYGON((1966447 -3992321,2058958 -4008043,2018565 -4232777,1928616 -4216738,1966447 -3992321))
32659;POLYGON((1414103 -3919073,1505876 -3928831,1480387 -4151911,1391004 -4141940,1414103 -3919073))
32660;POLYGON((865108 -3880360,956457 -3884483,945037 -4106575,855984 -4102357,865108 -3880360))
