32701;POLYGON((347950 4792894,423974 4794350,426857 4572062,353719 4570617,347950 4792894))
32702;POLYGON((-108063 4763691,-32085 4771007,-11818 4548893,-84872 4541634,-108063 4763691))
32703;POLYGON((-563534 4698881,-487683 4712200,-449659 4490578,-522491 4477380,-563534 4698881))
32704;POLYGON((-1017796 4597205,-942210 4616785,-885739 4396119,-958163 4376760,-1017796 4597205))
32705;POLYGON((-1469746 4456737,-1394647 4482943,-1318743 4263950,-1390487 4238116,-1469746 4456737))
32706;POLYGON((-1917598 4274925,-1843343 4308224,-1746749 4091987,-1817418 4059287,-1917598 4274925))
32707;POLYGON((-2358602 4048680,-2285730 4089617,-2166983 3877732,-2236010 3837720,-2358602 4048680))
32708;POLYGON((-2788679 3774528,-2717981 3823700,-2575508 3618439,-2642099 3570650,-2788679 3774528))
32709;POLYGON((-3201994 3448874,-3134585 3506874,-2966863 3311382,-3029931 3255390,-3201994 3448874))
32710;POLYGON((-3590410 3068403,-3527832 3135741,-3333623 2954263,-3391704 2889764,-3590410 3068403))
32711;POLYGON((-3942845 2630674,-3887181 2707665,-3665873 2545794,-3717030 2472725,-3942845 2630674))
32712;POLYGON((-4244495 2134955,-4198508 2221557,-3950584 2086511,-3992292 2005211,-4244495 2134955))
32713;POLYGON((-4475910 1583364,-4443207 1678967,-4170873 1579876,-4199887 1491304,-4475910 1583364))
32714;POLYGON((-4611915 982381,-4597142 1085526,-4305153 1033728,-4317348 939739,-4611915 982381))
32715;POLYGON((-4620357 344806,-4629415 452822,-4326130 462147,-4316326 365852,-4620357 344806))
32716;POLYGON((-4460657 -307755,-4500962 -199204,-4199671 -112182,-4161425 -205968,-4460657 -307755))
32717;POLYGON((-4082160 -941801,-4162932 -839276,-3883502 -655032,-3808875 -739239,-4082160 -941801))
32718;POLYGON((-3422267 -1508117,-3554854 -1421098,-3325735 -1117025,-3205032 -1181657,-3422267 -1508117))
32719;POLYGON((-2404321 -1937165,-2602572 -1878875,-2463218 -1429274,-2284692 -1460599,-2404321 -1937165))
32720;POLYGON((-935252 -2133545,-1215927 -2121945,-1219687 -1498149,-969211 -1477737,-935252 -2133545))
32721;POLYGON((1097050 -1969425,713823 -2028386,496293 -1199082,835589 -1102669,1097050 -1969425))
32722;POLYGON((3826649 -1276817,3316871 -1437490,2793603 -369281,3241736 -165441,3826649 -1276817))
32723;POLYGON((7412765 161437,6748006 -140980,5801076 1200762,6381646 1552158,7412765 161437))
32724;POLYGON((12043295 2622094,11190088 2127179,9670246 3777104,10410923 4326666,12043295 2622094))
32725;POLYGON((17938668 6453505,16857842 5702502,14578356 7693639,15511407 8504495,17938668 6453505))
32726;POLYGON((25356033 12089320,24001992 11003394,20731635 13365016,21894493 14515126,25356033 12089320))
32727;POLYGON((34593816 20064067,32913750 18546403,28368844 21301299,29804733 22886086,34593816 20064067))
32728;POLYGON((45996647 31030757,43929689 28963481,37765129 32124552,39523729 34259859,45996647 31030757))
32729;POLYGON((59960679 45780694,57436988 43021407,49236166 46587484,51374341 49412897,59960679 45780694))
32730;POLYGON((76939316 65265664,73879093 61643573,63142631 65594344,65725199 69276905,76939316 65265664))
32731;POLYGON((-82356146 73003555,-85717957 77131135,-72967120 81314916,-70135336 77131444,-82356146 73003555))
32732;POLYGON((-64261113 51697484,-67042433 54864886,-57212282 58691103,-54860542 55459868,-64261113 51697484))
32733;POLYGON((-49345591 35483569,-51631587 37877372,-44160672 41309643,-42219870 38848355,-49345591 35483569))
32734;POLYGON((-37135749 23351163,-39001113 25127452,-33418976 28152471,-31828372 26308306,-37135749 23351163))
32735;POLYGON((-27217007 14458058,-28726976 15746511,-24642035 18368316,-23348451 17013998,-27217007 14458058))
32736;POLYGON((-19228171 8107460,-20439473 9015014,-17528162 11250226,-16485233 10280514,-19228171 8107460))
32737;POLYGON((-12855981 3727407,-13817717 4341524,-11814786 6215436,-10982264 5543987,-12855981 3727407))
32738;POLYGON((-7830052 852450,-8584511 1244023,-7274401 2787432,-6617510 2344010,-7830052 852450))
32739;POLYGON((-3918199 -892581,-4501614 -666663,-3710823 580023,-3199664 308031,-3918199 -892581))
32740;POLYGON((-922126 -1806895,-1365366 -1701487,-955728 -716722,-564728 -862415,-922126 -1806895))
32741;POLYGON((1326539 -2126283,997333 -2106007,1134530 -1348828,1427121 -1403794,1326539 -2126283))
32742;POLYGON((2969874 -2034053,2732705 -2071583,2681840 -1509210,2894413 -1501114,2969874 -2034053))
32743;POLYGON((4126970 -1670506,3963453 -1745084,3789001 -1347036,3937006 -1297072,4126970 -1670506))
32744;POLYGON((4896937 -1141065,4791824 -1237235,4542148 -975809,4638480 -899927,4896937 -1141065))
32745;POLYGON((5361628 -523227,5302367 -629750,5012958 -480272,5068300 -390226,5361628 -523227))
32746;POLYGON((5588083 127575,5564433 18625,5260633 77727,5283765 173495,5588083 127575))
32747;POLYGON((5630718 773063,5634402 667057,5333679 654306,5331763 749932,5630718 773063))
32748;POLYGON((5533277 1388043,5557669 1288421,5271505 1219451,5250324 1311033,5533277 1388043))
32749;POLYGON((5330551 1957086,5370407 1865861,5105827 1753640,5070009 1838745,5330551 1957086))
32750;POLYGON((5049893 2471845,5101113 2390014,4861916 2245112,4815126 2322371,5049893 2471845))
32751;POLYGON((4712533 2928937,4771953 2856794,4559690 2687671,4504795 2756468,4712533 2928937))
32752;POLYGON((4334712 3328286,4399929 3265672,4214656 3078973,4153871 3139193,4334712 3328286))
32753;POLYGON((3928662 3671873,3997880 3618358,3838731 3419198,3773744 3471040,3928662 3671873))
32754;POLYGON((3503422 3962797,3575324 3917818,3440935 3710047,3373010 3753890,3503422 3962797))
32755;POLYGON((3065531 4204613,3139175 4167567,3027984 3954017,2958053 3990315,3065531 4204613))
32756;POLYGON((2619598 4400870,2694330 4371181,2604786 4153877,2533521 4183091,2619598 4400870))
32757;POLYGON((2168775 4554806,2244153 4531966,2174853 4312315,2102729 4334868,2168775 4554806))
32758;POLYGON((1715132 4669167,1790872 4652756,1740646 4431707,1667990 4447951,1715132 4669167))
32759;POLYGON((1259973 4746092,1335900 4735799,1303856 4513971,1230894 4524177,1259973 4746092))
32760;POLYGON((804085 4787066,880094 4782691,865648 4560488,792537 4564831,804085 4787066))
32601;POLYGON((347950 -5207105,423974 -5205649,426857 -5427937,353719 -5429382,347950 -5207105))
32602;POLYGON((-108063 -5236308,-32085 -5228992,-11818 -5451106,-84872 -5458365,-108063 -5236308))
32603;POLYGON((-563534 -5301118,-487683 -5287799,-449659 -5509421,-522491 -5522619,-563534 -5301118))
32604;POLYGON((-1017796 -5402794,-942210 -5383214,-885739 -5603880,-958163 -5623239,-1017796 -5402794))
32605;POLYGON((-1469746 -5543262,-1394647 -5517056,-1318743 -5736049,-1390487 -5761883,-1469746 -5543262))
32606;POLYGON((-1917598 -5725074,-1843343 -5691775,-1746749 -5908012,-1817418 -5940712,-1917598 -5725074))
32607;POLYGON((-2358602 -5951319,-2285730 -5910382,-2166983 -6122267,-2236010 -6162279,-2358602 -5951319))
32608;POLYGON((-2788679 -6225471,-2717981 -6176299,-2575508 -6381560,-2642099 -6429349,-2788679 -6225471))
32609;POLYGON((-3201994 -6551125,-3134585 -6493125,-2966863 -6688617,-3029931 -6744609,-3201994 -6551125))
32610;POLYGON((-3590410 -6931596,-3527832 -6864258,-3333623 -7045736,-3391704 -7110235,-3590410 -6931596))
32611;POLYGON((-3942845 -7369325,-3887181 -7292334,-3665873 -7454205,-3717030 -7527274,-3942845 -7369325))
32612;POLYGON((-4244495 -7865044,-4198508 -7778442,-3950584 -7913488,-3992292 -7994788,-4244495 -7865044))
32613;POLYGON((-4475910 -8416635,-4443207 -8321032,-4170873 -8420123,-4199887 -8508695,-4475910 -8416635))
32614;POLYGON((-4611915 -9017618,-4597142 -8914473,-4305153 -8966271,-4317348 -9060260,-4611915 -9017618))
32615;POLYGON((-4620357 -9655193,-4629415 -9547177,-4326130 -9537852,-4316326 -9634147,-4620357 -9655193))
32616;POLYGON((-4460657 -10307755,-4500962 -10199204,-4199671 -10112182,-4161425 -10205968,-4460657 -10307755))
32617;POLYGON((-4082160 -10941801,-4162932 -10839276,-3883502 -10655032,-3808875 -10739239,-4082160 -10941801))
32618;POLYGON((-3422267 -11508117,-3554854 -11421098,-3325735 -11117025,-3205032 -11181657,-3422267 -11508117))
32619;POLYGON((-2404321 -11937165,-2602572 -11878875,-2463218 -11429274,-2284692 -11460599,-2404321 -11937165))
32620;POLYGON((-935252 -12133545,-1215927 -12121945,-1219687 -11498149,-969211 -11477737,-935252 -12133545))
32621;POLYGON((1097050 -11969425,713823 -12028386,496293 -11199082,835589 -11102669,1097050 -11969425))
32622;POLYGON((3826649 -11276817,3316871 -11437490,2793603 -10369281,3241736 -10165441,3826649 -11276817))
32623;POLYGON((7412765 -9838562,6748006 -10140980,5801076 -8799237,6381646 -8447841,7412765 -9838562))
32624;POLYGON((12043295 -7377905,11190088 -7872820,9670246 -6222895,10410923 -5673333,12043295 -7377905))
32625;POLYGON((17938668 -3546494,16857842 -4297497,14578356 -2306360,15511407 -1495504,17938668 -3546494))
32626;POLYGON((25356033 2089320,24001992 1003394,20731635 3365016,21894493 4515126,25356033 2089320))
32627;POLYGON((34593816 10064067,32913750 8546403,28368844 11301299,29804733 12886086,34593816 10064067))
32628;POLYGON((45996647 21030757,43929689 18963481,37765129 22124552,39523729 24259859,45996647 21030757))
32629;POLYGON((59960679 35780694,57436988 33021407,49236166 36587484,51374341 39412897,59960679 35780694))
32630;POLYGON((76939316 55265664,73879093 51643573,63142631 55594344,65725199 59276905,76939316 55265664))
32631;POLYGON((-82356146 63003555,-85717957 67131135,-72967120 71314916,-70135336 67131444,-82356146 63003555))
32632;POLYGON((-64261113 41697484,-67042433 44864886,-57212282 48691103,-54860542 45459868,-64261113 41697484))
32633;POLYGON((-49345591 25483569,-51631587 27877372,-44160672 31309643,-42219870 28848355,-49345591 25483569))
32634;POLYGON((-37135749 13351163,-39001113 15127452,-33418976 18152471,-31828372 16308306,-37135749 13351163))
32635;POLYGON((-27217007 4458058,-28726976 5746511,-24642035 8368316,-23348451 7013998,-27217007 4458058))
32636;POLYGON((-19228171 -1892539,-20439473 -984985,-17528162 1250226,-16485233 280514,-19228171 -1892539))
32637;POLYGON((-12855981 -6272592,-13817717 -5658475,-11814786 -3784563,-10982264 -4456012,-12855981 -6272592))
32638;POLYGON((-7830052 -9147549,-8584511 -8755976,-7274401 -7212567,-6617510 -7655989,-7830052 -9147549))
32639;POLYGON((-3918199 -10892581,-4501614 -10666663,-3710823 -9419976,-3199664 -9691968,-3918199 -10892581))
32640;POLYGON((-922126 -11806895,-1365366 -11701487,-955728 -10716722,-564728 -10862415,-922126 -11806895))
32641;POLYGON((1326539 -12126283,997333 -12106007,1134530 -11348828,1427121 -11403794,1326539 -12126283))
32642;POLYGON((2969874 -12034053,2732705 -12071583,2681840 -11509210,2894413 -11501114,2969874 -12034053))
32643;POLYGON((4126970 -11670506,3963453 -11745084,3789001 -11347036,3937006 -11297072,4126970 -11670506))
32644;POLYGON((4896937 -11141065,4791824 -11237235,4542148 -10975809,4638480 -10899927,4896937 -11141065))
32645;POLYGON((5361628 -10523227,5302367 -10629750,5012958 -10480272,5068300 -10390226,5361628 -10523227))
32646;POLYGON((5588083 -9872424,5564433 -9981374,5260633 -9922272,5283765 -9826504,5588083 -9872424))
32647;POLYGON((5630718 -9226936,5634402 -9332942,5333679 -9345693,5331763 -9250067,5630718 -9226936))
32648;POLYGON((5533277 -8611956,5557669 -8711578,5271505 -8780548,5250324 -8688966,5533277 -8611956))
32649;POLYGON((5330551 -8042913,5370407 -8134138,5105827 -8246359,5070009 -8161254,5330551 -8042913))
32650;POLYGON((5049893 -7528154,5101113 -7609985,4861916 -7754887,4815126 -7677628,5049893 -7528154))
32651;POLYGON((4712533 -7071062,4771953 -7143205,4559690 -7312328,4504795 -7243531,4712533 -7071062))
32652;POLYGON((4334712 -6671713,4399929 -6734327,4214656 -6921026,4153871 -6860806,4334712 -6671713))
32653;POLYGON((3928662 -6328126,3997880 -6381641,3838731 -6580801,3773744 -6528959,3928662 -6328126))
32654;POLYGON((3503422 -6037202,3575324 -6082181,3440935 -6289952,3373010 -6246109,3503422 -6037202))
32655;POLYGON((3065531 -5795386,3139175 -5832432,3027984 -6045982,2958053 -6009684,3065531 -5795386))
32656;POLYGON((2619598 -5599129,2694330 -5628818,2604786 -5846122,2533521 -5816908,2619598 -5599129))
32657;POLYGON((2168775 -5445193,2244153 -5468033,2174853 -5687684,2102729 -5665131,2168775 -5445193))
32658;POLYGON((1715132 -5330832,1790872 -5347243,1740646 -5568292,1667990 -5552048,1715132 -5330832))
32659;POLYGON((1259973 -5253907,1335900 -5264200,1303856 -5486028,1230894 -5475822,1259973 -5253907))
32660;POLYGON((804085 -5212933,880094 -5217308,865648 -5439511,792537 -5435168,804085 -5212933))
