32701;POLYGON((277539 9778803,388786 9778905,388988 9557805,277943 9557602,277539 9778803))
32702;POLYGON((-392578 9776753,-280405 9777268,-278974 9554540,-390936 9553512,-392578 9776753))
32703;POLYGON((-1072703 9772129,-958320 9773088,-955578 9546200,-1069729 9544288,-1072703 9772129))
32704;POLYGON((-1770954 9764659,-1652947 9766119,-1648731 9532300,-1766469 9529390,-1770954 9764659))
32705;POLYGON((-2496528 9753875,-2373265 9755930,-2367305 9511985,-2490241 9507889,-2496528 9753875))
32706;POLYGON((-3260333 9739042,-3129845 9741837,-3121724 9483898,-3251798 9478329,-3260333 9739042))
32707;POLYGON((-4075792 9719043,-3935627 9722798,-3924716 9445974,-4064335 9438498,-4075792 9719043))
32708;POLYGON((-4959881 9692201,-4806911 9697243,-4792267 9395113,-4944494 9385082,-4959881 9692201))
32709;POLYGON((-5934445 9656022,-5764625 9662838,-5744850 9326702,-5913636 9313156,-5934445 9656022))
32710;POLYGON((-7027852 9606826,-6835919 9616132,-6808956 9233935,-6999430 9215464,-7027852 9606826))
32711;POLYGON((-8277035 9539243,-8056140 9552077,-8018998 9106868,-8237821 9081427,-8277035 9539243))
32712;POLYGON((-9729980 9445536,-9471238 9463387,-9419623 8931155,-9675419 8895813,-9729980 9445536))
32713;POLYGON((-11448695 9314704,-11140654 9339677,-11068492 8686370,-11372359 8636989,-11448695 9314704))
32714;POLYGON((-13512743 9131342,-13140757 9166368,-13039576 8343854,-13405693 8274674,-13512743 9131342))
32715;POLYGON((-16023366 8874187,-15568861 8923289,-15427022 7863979,-15873345 7767100,-16023366 8874187))
32716;POLYGON((-19108260 8514314,-18547893 8582933,-18349629 7192730,-18898706 7057468,-19108260 8514314))
32717;POLYGON((-22927066 8012913,-22231757 8108312,-21956002 6257502,-22635900 6069604,-22927066 8012913))
32718;POLYGON((-27677609 7318599,-26811445 7450346,-26430419 4961987,-27275773 4702683,-27677609 7318599))
32719;POLYGON((-33602957 6364180,-32521962 6544726,-31999470 3180030,-33052670 2824895,-33602957 6364180))
32720;POLYGON((-40999346 5062810,-39650090 5308176,-38939515 748307,-40252033 265924,-40999346 5062810))
32721;POLYGON((-50225011 3303463,-48543079 3634049,-47585022 -2542298,-49218885 -3191922,-50225011 3303463))
32722;POLYGON((-61710007 945648,-59618289 1387163,-58337812 -6956805,-60367244 -7824072,-61710007 945648))
32723;POLYGON((-75967037 -2186736,-73373851 -1602180,-71677294 -12827853,-74190514 -13975699,-75967037 -2186736))
32724;POLYGON((-93603366 -6312468,-90400395 -5545114,-88171712 -20569235,-91272914 -22075574,-93603366 -6312468))
32725;POLYGON((-115333866 -11701098,-111393904 -10702118,-108490474 -30691405,-112301987 -32651918,-115333866 -11701098))
32726;POLYGON((-141995236 -18682175,-137169732 -17392051,-133417598 -43819150,-138082246 -46350454,-141995236 -18682175))
32727;POLYGON((-174561467 -27655688,-168677861 -26002382,-163866349 -60711624,-169550001 -63954855,-174561467 -27655688))
32728;POLYGON((-214160590 -39103844,-207019428 -37000735,-200895084 -82284953,-207789426 -86409800,-214160590 -39103844))
32729;POLYGON((-262092767 -53604279,-253464593 -50947861,-245724395 -109637619,-254049905 -114846839,-262092767 -53604279))
32730;POLYGON((-319849781 -71844828,-309471787 -68512132,-299755562 -144078849,-309764728 -150613307,-319849781 -71844828))
32731;POLYGON((342573447 -78892932,353936301 -82616736,342670617 -171732971,331714003 -164432146,342573447 -78892932))
32732;POLYGON((281173874 -59231446,290641886 -62209307,281628220 -131720400,272494575 -125881263,281173874 -59231446))
32733;POLYGON((230142557 -43566631,237996540 -45932304,230831992 -99801767,223251548 -95162335,230142557 -43566631))
32734;POLYGON((187919260 -31170353,194404913 -33036736,188749253 -74509991,182485943 -70849118,187919260 -31170353))
32735;POLYGON((153142183 -21429964,158473558 -22891813,154041088 -54609441,148889218 -51741500,153142183 -21429964))
32736;POLYGON((124627997 -13832989,128990726 -14969363,125542970 -39065422,121324120 -36835535,124627997 -13832989))
32737;POLYGON((101353290 -7953411,104907582 -8829846,102246744 -27016811,98806901 -25296575,101353290 -7953411))
32738;POLYGON((82437379 -3439425,85320793 -4109879,83283927 -17751623,80490821 -16435310,82437379 -3439425))
32739;POLYGON((67126424 -2564,69456427 -511139,67910271 -10685287,65650922 -9686473,67126424 -2564))
32740;POLYGON((54778798 2591921,56655120 2209458,55491528 -5341423,53669988 -4590008,54778798 2591921))
32741;POLYGON((44851655 4533524,46358446 4248406,45490381 -1334910,44025666 -774510,44851655 4533524))
32742;POLYGON((36888646 5973878,38096445 5763178,37454481 1642940,36278680 2057275,36888646 5973878))
32743;POLYGON((30508737 7033204,31476263 6878821,31005546 3837293,30062102 4141056,30508737 7033204))
32744;POLYGON((25396053 7805868,26171827 7693657,25829460 5440956,25071619 5661886,25396053 7805868))
32745;POLYGON((21290730 8365155,21914533 8284186,21667332 6603970,21056738 6763511,21290730 8365155))
32746;POLYGON((17980686 8767332,18484869 8709255,18307466 7441791,17812906 7556324,17980686 8767332))
32747;POLYGON((15294286 9055074,15704932 9013593,15578172 8042196,15174464 8124080,15294286 9055074))
32748;POLYGON((13093830 9260333,13431785 9230761,13341397 8471071,13008395 8529512,13093830 9260333))
32749;POLYGON((11269824 9406707,11551600 9385604,11487096 8777212,11208828 8818965,11269824 9406707))
32750;POLYGON((9735968 9511376,9974529 9496254,9928315 8996246,9692225 9026204,9735968 9511376))
32751;POLYGON((8424822 9586667,8630264 9575752,8596919 9153814,8393215 9175465,8424822 9586667))
32752;POLYGON((7284083 9641294,7464212 9633340,7439925 9268101,7261022 9283898,7284083 9641294))
32753;POLYGON((6273434 9681332,6434255 9675476,6416382 9351822,6256435 9363466,6273434 9681332))
32754;POLYGON((5361899 9710960,5508024 9706611,5494754 9413751,5349264 9422407,5361899 9710960))
32755;POLYGON((4525659 9733019,4660642 9729778,4650748 9459874,4516239 9466330,4525659 9733019))
32756;POLYGON((3746279 9749427,3872882 9747024,3865540 9494233,3739302 9499022,3746279 9749427))
32757;POLYGON((3009279 9761463,3129692 9759720,3124351 9519541,3004233 9523016,3009279 9761463))
32758;POLYGON((2303013 9769974,2419020 9768774,2415319 9537596,2299560 9539989,2303013 9769974))
32759;POLYGON((1617790 9775508,1730901 9774776,1728610 9549567,1615718 9551027,1617790 9775508))
32760;POLYGON((945193 9778395,1056748 9778089,1055732 9556177,944382 9556789,945193 9778395))
32601;POLYGON((277539 -221196,388786 -221094,388988 -442194,277943 -442397,277539 -221196))
32602;POLYGON((-392578 -223246,-280405 -222731,-278974 -445459,-390936 -446487,-392578 -223246))
32603;POLYGON((-1072703 -227870,-958320 -226911,-955578 -453799,-1069729 -455711,-1072703 -227870))
32604;POLYGON((-1770954 -235340,-1652947 -233880,-1648731 -467699,-1766469 -470609,-1770954 -235340))
32605;POLYGON((-2496528 -246124,-2373265 -244069,-2367305 -488014,-2490241 -492110,-2496528 -246124))
32606;POLYGON((-3260333 -260957,-3129845 -258162,-3121724 -516101,-3251798 -521670,-3260333 -260957))
32607;POLYGON((-4075792 -280956,-3935627 -277201,-3924716 -554025,-4064335 -561501,-4075792 -280956))
32608;POLYGON((-4959881 -307798,-4806911 -302756,-4792267 -604886,-4944494 -614917,-4959881 -307798))
32609;POLYGON((-5934445 -343977,-5764625 -337161,-5744850 -673297,-5913636 -686843,-5934445 -343977))
32610;POLYGON((-7027852 -393173,-6835919 -383867,-6808956 -766064,-6999430 -784535,-7027852 -393173))
32611;POLYGON((-8277035 -460756,-8056140 -447922,-8018998 -893131,-8237821 -918572,-8277035 -460756))
32612;POLYGON((-9729980 -554463,-9471238 -536612,-9419623 -1068844,-9675419 -1104186,-9729980 -554463))
32613;POLYGON((-11448695 -685295,-11140654 -660322,-11068492 -1313629,-11372359 -1363010,-11448695 -685295))
32614;POLYGON((-13512743 -868657,-13140757 -833631,-13039576 -1656145,-13405693 -1725325,-13512743 -868657))
32615;POLYGON((-16023366 -1125812,-15568861 -1076710,-15427022 -2136020,-15873345 -2232899,-16023366 -1125812))
32616;POLYGON((-19108260 -1485685,-18547893 -1417066,-18349629 -2807269,-18898706 -2942531,-19108260 -1485685))
32617;POLYGON((-22927066 -1987086,-22231757 -1891687,-21956002 -3742497,-22635900 -3930395,-22927066 -1987086))
32618;POLYGON((-27677609 -2681400,-26811445 -2549653,-26430419 -5038012,-27275773 -5297316,-27677609 -2681400))
32619;POLYGON((-33602957 -3635819,-32521962 -3455273,-31999470 -6819969,-33052670 -7175104,-33602957 -3635819))
32620;POLYGON((-40999346 -4937189,-39650090 -4691823,-38939515 -9251692,-40252033 -9734075,-40999346 -4937189))
32621;POLYGON((-50225011 -6696536,-48543079 -6365950,-47585022 -12542298,-49218885 -13191922,-50225011 -6696536))
32622;POLYGON((-61710007 -9054351,-59618289 -8612836,-58337812 -16956805,-60367244 -17824072,-61710007 -9054351))
32623;POLYGON((-75967037 -12186736,-73373851 -11602180,-71677294 -22827853,-74190514 -23975699,-75967037 -12186736))
32624;POLYGON((-93603366 -16312468,-90400395 -15545114,-88171712 -30569235,-91272914 -32075574,-93603366 -16312468))
32625;POLYGON((-115333866 -21701098,-111393904 -20702118,-108490474 -40691405,-112301987 -42651918,-115333866 -21701098))
32626;POLYGON((-141995236 -28682175,-137169732 -27392051,-133417598 -53819150,-138082246 -56350454,-141995236 -28682175))
32627;POLYGON((-174561467 -37655688,-168677861 -36002382,-163866349 -70711624,-169550001 -73954855,-174561467 -37655688))
32628;POLYGON((-214160590 -49103844,-207019428 -47000735,-200895084 -92284953,-207789426 -96409800,-214160590 -49103844))
32629;POLYGON((-262092767 -63604279,-253464593 -60947861,-245724395 -119637619,-254049905 -124846839,-262092767 -63604279))
32630;POLYGON((-319849781 -81844828,-309471787 -78512132,-299755562 -154078849,-309764728 -160613307,-319849781 -81844828))
32631;POLYGON((342573447 -88892932,353936301 -92616736,342670617 -181732971,331714003 -174432146,342573447 -88892932))
32632;POLYGON((281173874 -69231446,290641886 -72209307,281628220 -141720400,272494575 -135881263,281173874 -69231446))
32633;POLYGON((230142557 -53566631,237996540 -55932304,230831992 -109801767,223251548 -105162335,230142557 -53566631))
32634;POLYGON((187919260 -41170353,194404913 -43036736,188749253 -84509991,182485943 -80849118,187919260 -41170353))
32635;POLYGON((153142183 -31429964,158473558 -32891813,154041088 -64609441,148889218 -61741500,153142183 -31429964))
32636;POLYGON((124627997 -23832989,128990726 -24969363,125542970 -49065422,121324120 -46835535,124627997 -23832989))
32637;POLYGON((101353290 -17953411,104907582 -18829846,102246744 -37016811,98806901 -35296575,101353290 -17953411))
32638;POLYGON((82437379 -13439425,85320793 -14109879,83283927 -27751623,80490821 -26435310,82437379 -13439425))
32639;POLYGON((67126424 -10002564,69456427 -10511139,67910271 -20685287,65650922 -19686473,67126424 -10002564))
32640;POLYGON((54778798 -7408078,56655120 -7790541,55491528 -15341423,53669988 -14590008,54778798 -7408078))
32641;POLYGON((44851655 -5466475,46358446 -5751593,45490381 -11334910,44025666 -10774510,44851655 -5466475))
32642;POLYGON((36888646 -4026121,38096445 -4236821,37454481 -8357059,36278680 -7942724,36888646 -4026121))
32643;POLYGON((30508737 -2966795,31476263 -3121178,31005546 -6162706,30062102 -5858943,30508737 -2966795))
32644;POLYGON((25396053 -2194131,26171827 -2306342,25829460 -4559043,25071619 -4338113,25396053 -2194131))
32645;POLYGON((21290730 -1634844,21914533 -1715813,21667332 -3396029,21056738 -3236488,21290730 -1634844))
32646;POLYGON((17980686 -1232667,18484869 -1290744,18307466 -2558208,17812906 -2443675,17980686 -1232667))
32647;POLYGON((15294286 -944925,15704932 -986406,15578172 -1957803,15174464 -1875919,15294286 -944925))
32648;POLYGON((13093830 -739666,13431785 -769238,13341397 -1528928,13008395 -1470487,13093830 -739666))
32649;POLYGON((11269824 -593292,11551600 -614395,11487096 -1222787,11208828 -1181034,11269824 -593292))
32650;POLYGON((9735968 -488623,9974529 -503745,9928315 -1003753,9692225 -973795,9735968 -488623))
32651;POLYGON((8424822 -413332,8630264 -424247,8596919 -846185,8393215 -824534,8424822 -413332))
32652;POLYGON((7284083 -358705,7464212 -366659,7439925 -731898,7261022 -716101,7284083 -358705))
32653;POLYGON((6273434 -318667,6434255 -324523,6416382 -648177,6256435 -636533,6273434 -318667))
32654;POLYGON((5361899 -289039,5508024 -293388,5494754 -586248,5349264 -577592,5361899 -289039))
32655;POLYGON((4525659 -266980,4660642 -270221,4650748 -540125,4516239 -533669,4525659 -266980))
32656;POLYGON((3746279 -250572,3872882 -252975,3865540 -505766,3739302 -500977,3746279 -250572))
32657;POLYGON((3009279 -238536,3129692 -240279,3124351 -480458,3004233 -476983,3009279 -238536))
32658;POLYGON((2303013 -230025,2419020 -231225,2415319 -462403,2299560 -460010,2303013 -230025))
32659;POLYGON((1617790 -224491,1730901 -225223,1728610 -450432,1615718 -448972,1617790 -224491))
32660;POLYGON((945193 -221604,1056748 -221910,1055732 -443822,944382 -443210,945193 -221604))
