32701;POLYGON((438476 18213070,469234 18212296,465510 17989218,431030 17990077,438476 18213070))
32702;POLYGON((254543 18228541,285086 18224675,259053 18002951,224802 18007240,254543 18228541))
32703;POLYGON((72903 18262485,102944 18255552,54743 18037219,21030 18044917,72903 18262485))
32704;POLYGON((-104712 18314692,-75463 18304735,-145558 18091853,-178419 18102921,-104712 18314692))
32705;POLYGON((-276559 18384821,-248393 18371907,-339957 18166566,-371648 18180942,-276559 18384821))
32706;POLYGON((-440877 18472388,-414089 18456608,-526523 18260927,-556717 18278525,-440877 18472388))
32707;POLYGON((-595897 18576744,-570781 18558219,-703282 18374339,-731648 18395040,-595897 18576744))
32708;POLYGON((-739859 18697052,-716708 18675935,-868234 18505999,-894437 18529647,-739859 18697052))
32709;POLYGON((-871036 18832267,-850133 18808747,-1019374 18654863,-1043082 18681258,-871036 18832267))
32710;POLYGON((-987774 18981115,-969387 18955422,-1154733 18819613,-1175625 18848506,-987774 18981115))
32711;POLYGON((-1088545 19142080,-1072918 19114483,-1272436 18998618,-1290214 19029705,-1088545 19142080))
32712;POLYGON((-1172019 19313403,-1159356 19284212,-1370781 19189910,-1385185 19222829,-1172019 19313403))
32713;POLYGON((-1237154 19493084,-1227605 19462648,-1448341 19391170,-1459168 19425500,-1237154 19493084))
32714;POLYGON((-1283304 19678918,-1276943 19647617,-1504094 19599723,-1511224 19634984,-1283304 19678918))
32715;POLYGON((-1310353 19868540,-1307156 19836777,-1537577 19812559,-1540999 19848221,-1310353 19868540))
32716;POLYGON((-1318876 20059501,-1318693 20027685,-1549076 20026382,-1548927 20061870,-1318876 20059501))
32717;POLYGON((-1310320 20249386,-1312840 20217912,-1539848 20237678,-1536449 20272396,-1310320 20249386))
32718;POLYGON((-1287222 20435962,-1291936 20405181,-1512378 20442841,-1506282 20476187,-1287222 20435962))
32719;POLYGON((-1253451 20617374,-1259610 20587559,-1470673 20638325,-1462720 20669728,-1253451 20617374))
32720;POLYGON((-1214485 20792406,-1221052 20763703,-1420603 20820856,-1411977 20849817,-1214485 20792406))
32721;POLYGON((-1177731 20960787,-1183323 20933160,-1370280 20987711,-1362582 21013850,-1177731 20960787))
32722;POLYGON((-1152866 21123580,-1155697 21096740,-1330487 21137051,-1325806 21160177,-1152866 21123580))
32723;POLYGON((-1152232 21283642,-1150041 21256967,-1315154 21268342,-1316154 21288527,-1152232 21283642))
32724;POLYGON((-1191264 21446176,-1181245 21418610,-1341887 21382859,-1351899 21400531,-1191264 21446176))
32725;POLYGON((-1288963 21619373,-1267680 21589312,-1432547 21484285,-1455673 21500341,-1288963 21619373))
32726;POLYGON((-1468415 21815169,-1431714 21780328,-1613892 21579418,-1655115 21595349,-1468415 21815169))
32727;POLYGON((-1757359 22050109,-1700267 22007370,-1918272 21678992,-1983581 21697035,-1757359 22050109))
32728;POLYGON((-2188795 22346348,-2105420 22291584,-2384392 21798628,-2480912 21821936,-2188795 22346348))
32729;POLYGON((-2801655 22732785,-2685066 22660657,-3058130 21959926,-3194266 21992764,-2801655 22732785))
32730;POLYGON((-3641522 23246349,-3483628 23150086,-3993433 22191702,-4179027 22239672,-3641522 23246349))
32731;POLYGON((4980855 23453505,5162835 23564893,5792976 22403463,5578469 22345342,4980855 23453505))
32732;POLYGON((4053931 22887766,4190083 22971016,4648912 22104495,4489374 22064884,4053931 22887766))
32733;POLYGON((3370816 22463493,3469863 22526188,3807328 21899915,3692137 21872453,3370816 22463493))
32734;POLYGON((2883545 22140767,2952979 22188932,3208373 21755323,3128426 21735106,2883545 22140767))
32735;POLYGON((2551049 21888164,2597269 21926505,2800892 21644455,2748442 21627800,2551049 21888164))
32736;POLYGON((2338428 21681414,2366852 21713531,2541493 21547835,2510001 21532070,2338428 21681414))
32737;POLYGON((2216260 21502219,2231439 21530793,2393680 21451584,2377676 21434866,2216260 21502219))
32738;POLYGON((2159975 21337209,2165691 21364166,2327047 21346380,2322003 21327531,2159975 21337209))
32739;POLYGON((2149268 21177034,2148633 21203689,2316543 21226548,2318756 21204922,2149268 21177034))
32740;POLYGON((2167571 21015573,2163108 21042751,2341792 21089282,2348276 21064640,2167571 21015573))
32741;POLYGON((2201561 20849251,2195285 20877397,2386477 20933971,2394867 20906383,2201561 20849251))
32742;POLYGON((2240716 20676463,2234203 20705731,2437772 20761634,2446234 20731396,2240716 20676463))
32743;POLYGON((2276916 20497082,2271369 20527408,2485836 20574449,2492986 20542007,2276916 20497082))
32744;POLYGON((2304076 20312047,2300382 20343215,2523349 20375357,2528183 20341252,2304076 20312047))
32745;POLYGON((2317821 20123031,2316603 20154724,2545102 20167749,2546930 20132570,2317821 20123031))
32746;POLYGON((2315201 19932166,2316862 19964006,2547631 19955211,2546021 19919563,2315201 19932166))
32747;POLYGON((2294430 19741825,2299198 19773408,2528890 19741336,2523621 19705806,2294430 19741825))
32748;POLYGON((2254665 19554459,2262623 19585377,2487975 19529574,2478988 19494716,2254665 19554459))
32749;POLYGON((2195810 19372473,2206930 19402332,2424871 19323134,2412235 19289453,2195810 19372473))
32750;POLYGON((2118350 19198131,2132517 19226566,2340246 19124917,2324126 19092865,2118350 19198131))
32751;POLYGON((2023209 19033506,2040244 19060187,2235273 18937480,2215903 18907448,2023209 19033506))
32752;POLYGON((1911632 18880438,1931309 18905076,2111485 18763025,2089146 18735347,1911632 18880438))
32753;POLYGON((1785089 18740526,1807152 18762871,1970651 18603405,1945655 18578356,1785089 18740526))
32754;POLYGON((1645200 18615122,1669370 18634964,1814686 18460144,1787359 18437947,1645200 18615122))
32755;POLYGON((1493671 18505345,1519660 18522515,1645575 18334463,1616253 18315297,1493671 18505345))
32756;POLYGON((1332256 18412101,1359770 18426461,1465326 18227323,1434342 18211323,1332256 18412101))
32757;POLYGON((1162722 18336097,1191467 18347543,1275932 18139454,1243615 18126723,1162722 18336097))
32758;POLYGON((986834 18277872,1016516 18286324,1079352 18071394,1046025 18062006,986834 18277872))
32759;POLYGON((806342 18237811,836670 18243214,877506 18023523,843485 18017526,806342 18237811))
32760;POLYGON((622982 18216166,653668 18218488,672275 17996086,637871 17993511,622982 18216166))
32601;POLYGON((438476 8213070,469234 8212296,465510 7989218,431030 7990077,438476 8213070))
32602;POLYGON((254543 8228541,285086 8224675,259053 8002951,224802 8007240,254543 8228541))
32603;POLYGON((72903 8262485,102944 8255552,54743 8037219,21030 8044917,72903 8262485))
32604;POLYGON((-104712 8314692,-75463 8304735,-145558 8091853,-178419 8102921,-104712 8314692))
32605;POLYGON((-276559 8384821,-248393 8371907,-339957 8166566,-371648 8180942,-276559 8384821))
32606;POLYGON((-440877 8472388,-414089 8456608,-526523 8260927,-556717 8278525,-440877 8472388))
32607;POLYGON((-595897 8576744,-570781 8558219,-703282 8374339,-731648 8395040,-595897 8576744))
32608;POLYGON((-739859 8697052,-716708 8675935,-868234 8505999,-894437 8529647,-739859 8697052))
32609;POLYGON((-871036 8832267,-850133 8808747,-1019374 8654863,-1043082 8681258,-871036 8832267))
32610;POLYGON((-987774 8981115,-969387 8955422,-1154733 8819613,-1175625 8848506,-987774 8981115))
32611;POLYGON((-1088545 9142080,-1072918 9114483,-1272436 8998618,-1290214 9029705,-1088545 9142080))
32612;POLYGON((-1172019 9313403,-1159356 9284212,-1370781 9189910,-1385185 9222829,-1172019 9313403))
32613;POLYGON((-1237154 9493084,-1227605 9462648,-1448341 9391170,-1459168 9425500,-1237154 9493084))
32614;POLYGON((-1283304 9678918,-1276943 9647617,-1504094 9599723,-1511224 9634984,-1283304 9678918))
32615;POLYGON((-1310353 9868540,-1307156 9836777,-1537577 9812559,-1540999 9848221,-1310353 9868540))
32616;POLYGON((-1318876 10059501,-1318693 10027685,-1549076 10026382,-1548927 10061870,-1318876 10059501))
32617;POLYGON((-1310320 10249386,-1312840 10217912,-1539848 10237678,-1536449 10272396,-1310320 10249386))
32618;POLYGON((-1287222 10435962,-1291936 10405181,-1512378 10442841,-1506282 10476187,-1287222 10435962))
32619;POLYGON((-1253451 10617374,-1259610 10587559,-1470673 10638325,-1462720 10669728,-1253451 10617374))
32620;POLYGON((-1214485 10792406,-1221052 10763703,-1420603 10820856,-1411977 10849817,-1214485 10792406))
32621;POLYGON((-1177731 10960787,-1183323 10933160,-1370280 10987711,-1362582 11013850,-1177731 10960787))
32622;POLYGON((-1152866 11123580,-1155697 11096740,-1330487 11137051,-1325806 11160177,-1152866 11123580))
32623;POLYGON((-1152232 11283642,-1150041 11256967,-1315154 11268342,-1316154 11288527,-1152232 11283642))
32624;POLYGON((-1191264 11446176,-1181245 11418610,-1341887 11382859,-1351899 11400531,-1191264 11446176))
32625;POLYGON((-1288963 11619373,-1267680 11589312,-1432547 11484285,-1455673 11500341,-1288963 11619373))
32626;POLYGON((-1468415 11815169,-1431714 11780328,-1613892 11579418,-1655115 11595349,-1468415 11815169))
32627;POLYGON((-1757359 12050109,-1700267 12007370,-1918272 11678992,-1983581 11697035,-1757359 12050109))
32628;POLYGON((-2188795 12346348,-2105420 12291584,-2384392 11798628,-2480912 11821936,-2188795 12346348))
32629;POLYGON((-2801655 12732785,-2685066 12660657,-3058130 11959926,-3194266 11992764,-2801655 12732785))
32630;POLYGON((-3641522 13246349,-3483628 13150086,-3993433 12191702,-4179027 12239672,-3641522 13246349))
32631;POLYGON((4980855 13453505,5162835 13564893,5792976 12403463,5578469 12345342,4980855 13453505))
32632;POLYGON((4053931 12887766,4190083 12971016,4648912 12104495,4489374 12064884,4053931 12887766))
32633;POLYGON((3370816 12463493,3469863 12526188,3807328 11899915,3692137 11872453,3370816 12463493))
32634;POLYGON((2883545 12140767,2952979 12188932,3208373 11755323,3128426 11735106,2883545 12140767))
32635;POLYGON((2551049 11888164,2597269 11926505,2800892 11644455,2748442 11627800,2551049 11888164))
32636;POLYGON((2338428 11681414,2366852 11713531,2541493 11547835,2510001 11532070,2338428 11681414))
32637;POLYGON((2216260 11502219,2231439 11530793,2393680 11451584,2377676 11434866,2216260 11502219))
32638;POLYGON((2159975 11337209,2165691 11364166,2327047 11346380,2322003 11327531,2159975 11337209))
32639;POLYGON((2149268 11177034,2148633 11203689,2316543 11226548,2318756 11204922,2149268 11177034))
32640;POLYGON((2167571 11015573,2163108 11042751,2341792 11089282,2348276 11064640,2167571 11015573))
32641;POLYGON((2201561 10849251,2195285 10877397,2386477 10933971,2394867 10906383,2201561 10849251))
32642;POLYGON((2240716 10676463,2234203 10705731,2437772 10761634,2446234 10731396,2240716 10676463))
32643;POLYGON((2276916 10497082,2271369 10527408,2485836 10574449,2492986 10542007,2276916 10497082))
32644;POLYGON((2304076 10312047,2300382 10343215,2523349 10375357,2528183 10341252,2304076 10312047))
32645;POLYGON((2317821 10123031,2316603 10154724,2545102 10167749,2546930 10132570,2317821 10123031))
32646;POLYGON((2315201 9932166,2316862 9964006,2547631 9955211,2546021 9919563,2315201 9932166))
32647;POLYGON((2294430 9741825,2299198 9773408,2528890 9741336,2523621 9705806,2294430 9741825))
32648;POLYGON((2254665 9554459,2262623 9585377,2487975 9529574,2478988 9494716,2254665 9554459))
32649;POLYGON((2195810 9372473,2206930 9402332,2424871 9323134,2412235 9289453,2195810 9372473))
32650;POLYGON((2118350 9198131,2132517 9226566,2340246 9124917,2324126 9092865,2118350 9198131))
32651;POLYGON((2023209 9033506,2040244 9060187,2235273 8937480,2215903 8907448,2023209 9033506))
32652;POLYGON((1911632 8880438,1931309 8905076,2111485 8763025,2089146 8735347,1911632 8880438))
32653;POLYGON((1785089 8740526,1807152 8762871,1970651 8603405,1945655 8578356,1785089 8740526))
32654;POLYGON((1645200 8615122,1669370 8634964,1814686 8460144,1787359 8437947,1645200 8615122))
32655;POLYGON((1493671 8505345,1519660 8522515,1645575 8334463,1616253 8315297,1493671 8505345))
32656;POLYGON((1332256 8412101,1359770 8426461,1465326 8227323,1434342 8211323,1332256 8412101))
32657;POLYGON((1162722 8336097,1191467 8347543,1275932 8139454,1243615 8126723,1162722 8336097))
32658;POLYGON((986834 8277872,1016516 8286324,1079352 8071394,1046025 8062006,986834 8277872))
32659;POLYGON((806342 8237811,836670 8243214,877506 8023523,843485 8017526,806342 8237811))
32660;POLYGON((622982 8216166,653668 8218488,672275 7996086,637871 7993511,622982 8216166))
