32701;POLYGON((434743 18101569,467367 18100752,463664 17877696,427338 17878596,434743 18101569))
32702;POLYGON((239634 18117895,272035 18113816,246143 17892081,210053 17896573,239634 18117895))
32703;POLYGON((46904 18153727,78784 18146407,30828 17927985,-4709 17936052,46904 18153727))
32704;POLYGON((-141644 18208862,-110587 18198345,-180365 17985256,-215026 17996862,-141644 18208862))
32705;POLYGON((-324188 18282974,-294259 18269322,-385477 18063628,-418931 18078716,-324188 18282974))
32706;POLYGON((-498873 18375588,-470384 18358892,-582494 18162698,-614399 18181185,-498873 18375588))
32707;POLYGON((-663828 18486061,-637091 18466442,-769345 18281891,-799350 18303660,-663828 18486061))
32708;POLYGON((-817169 18613551,-792498 18591164,-943909 18420416,-971658 18445314,-817169 18613551))
32709;POLYGON((-957036 18756988,-934738 18732027,-1104039 18577228,-1129174 18605051,-957036 18756988))
32710;POLYGON((-1081627 18915046,-1061996 18887752,-1247603 18750974,-1269774 18781464,-1081627 18915046))
32711;POLYGON((-1189260 19086127,-1172565 19056785,-1372543 18939949,-1391419 18972784,-1189260 19086127))
32712;POLYGON((-1278447 19268338,-1264919 19237286,-1476958 19142055,-1492245 19176846,-1278447 19268338))
32713;POLYGON((-1347997 19459501,-1337809 19427120,-1559213 19354771,-1570674 19391053,-1347997 19459501))
32714;POLYGON((-1397135 19657161,-1390380 19623878,-1618077 19575126,-1625557 19612361,-1397135 19657161))
32715;POLYGON((-1425650 19858630,-1422317 19824907,-1652890 19799701,-1656348 19837277,-1425650 19858630))
32716;POLYGON((-1434072 20061056,-1434014 20027376,-1663765 20024650,-1663312 20061885,-1434072 20061056))
32717;POLYGON((-1423881 20261521,-1426776 20228369,-1651828 20245742,-1647768 20281901,-1423881 20261521))
32718;POLYGON((-1397745 20457184,-1403053 20425021,-1619496 20458451,-1612380 20492758,-1397745 20457184))
32719;POLYGON((-1359792 20645474,-1366712 20614700,-1570797 20658075,-1561478 20689741,-1359792 20645474))
32720;POLYGON((-1315930 20824330,-1323339 20795241,-1511738 20839909,-1501438 20868165,-1315930 20824330))
32721;POLYGON((-1274191 20992513,-1280587 20965243,-1450717 20999474,-1441099 21023614,-1274191 20992513))
32722;POLYGON((-1245130 21149981,-1248560 21124436,-1398987 21132804,-1392242 21152242,-1245130 21149981))
32723;POLYGON((-1242260 21298351,-1240246 21274124,-1371179 21236811,-1370111 21251146,-1242260 21298351))
32724;POLYGON((-1282541 21441446,-1271995 21417720,-1385870 21309726,-1394003 21318829,-1282541 21441446))
32725;POLYGON((-1386908 21585941,-1364041 21561375,-1466220 21351634,-1487907 21355741,-1386908 21585941))
32726;POLYGON((-1580862 21742121,-1541081 21714715,-1640667 21365101,-1681215 21364933,-1580862 21742121))
32727;POLYGON((-1895104 21924759,-1832902 21891697,-1943688 21355921,-2009486 21352815,-1895104 21924759))
32728;POLYGON((-2366230 22154120,-2275067 22111597,-2416626 21333974,-2515294 21330040,-2366230 22154120))
32729;POLYGON((-3037485 22457115,-2909658 22400131,-3108585 21314216,-3249130 21312521,-3037485 22457115))
32730;POLYGON((-3959573 22868608,-3786077 22790740,-4077407 21317821,-4270390 21322584,-3959573 22868608))
32731;POLYGON((5332623 23037235,5532778 23128468,5910059 21347012,5686361 21337014,5332623 23037235))
32732;POLYGON((4314242 22580246,4463691 22646771,4719743 21312423,4554404 21311498,4314242 22580246))
32733;POLYGON((3565403 22245392,3673857 22294437,3850217 21319393,3731829 21322658,3565403 22245392))
32734;POLYGON((3032723 21994841,3108519 22032087,3237239 21341901,3156041 21345740,3032723 21994841))
32735;POLYGON((2670565 21799183,2720806 21829008,2825994 21360982,2773693 21362831,2670565 21799183))
32736;POLYGON((2440202 21636075,2470897 21661763,2570067 21363490,2539677 21361645,2440202 21636075))
32737;POLYGON((2309049 21489030,2325234 21512970,2430502 21341010,2416192 21334462,2309049 21489030))
32738;POLYGON((2249946 21346371,2255798 21370216,2374923 21288915,2371880 21277200,2249946 21346371))
32739;POLYGON((2240502 21200311,2239448 21225123,2376732 21205542,2381032 21188620,2240502 21200311))
32740;POLYGON((2262494 21046152,2257306 21072530,2414370 21091489,2422862 21069637,2262494 21046152))
32741;POLYGON((2301316 20881607,2294200 20909791,2470645 20949019,2480842 20922739,2301316 20881607))
32742;POLYGON((2345479 20706222,2338152 20736182,2532111 20781559,2542099 20751504,2345479 20706222))
32743;POLYGON((2386155 20520881,2379922 20552395,2588523 20593280,2596868 20560195,2386155 20520881))
32744;POLYGON((2416770 20327410,2412586 20360122,2632328 20388768,2638001 20353436,2416770 20327410))
32745;POLYGON((2432638 20128239,2431167 20161715,2658222 20172747,2660531 20135955,2432638 20128239))
32746;POLYGON((2430638 19926143,2432305 19959906,2662754 19949879,2661276 19912385,2430638 19926143))
32747;POLYGON((2408922 19724032,2413957 19757595,2643969 19724603,2638503 19687117,2408922 19724032))
32748;POLYGON((2366668 19524794,2375146 19557682,2601109 19501027,2591625 19464197,2366668 19524794))
32749;POLYGON((2303861 19331180,2315737 19362948,2534342 19282861,2520943 19247262,2303861 19331180))
32750;POLYGON((2221104 19145729,2236242 19175971,2444541 19073374,2427426 19039508,2221104 19145729))
32751;POLYGON((2119467 18970713,2137662 18999070,2333087 18875386,2312525 18843679,2119467 18970713))
32752;POLYGON((2000350 18808122,2021350 18834282,2201719 18691275,2178023 18662082,2000350 18808122))
32753;POLYGON((1865379 18659651,1888902 18683353,2052399 18523002,2025913 18496613,1865379 18659651))
32754;POLYGON((1716324 18526715,1742067 18547740,1887219 18372152,1858297 18348796,1716324 18526715))
32755;POLYGON((1555032 18410465,1582685 18428640,1708321 18239968,1677322 18219823,1555032 18410465))
32756;POLYGON((1383381 18311817,1412629 18327004,1517848 18127407,1485126 18110608,1383381 18311817))
32757;POLYGON((1203250 18231478,1233782 18243572,1317905 18035181,1283806 18021826,1203250 18231478))
32758;POLYGON((1016499 18169974,1048006 18178899,1110545 17963806,1075405 17953964,1016499 18169974))
32759;POLYGON((824962 18127679,857140 18133383,897762 17913633,861908 17907350,824962 18127679))
32760;POLYGON((630446 18104836,662996 18107286,681500 17884890,645252 17882193,630446 18104836))
32601;POLYGON((434743 8101569,467367 8100752,463664 7877696,427338 7878596,434743 8101569))
32602;POLYGON((239634 8117895,272035 8113816,246143 7892081,210053 7896573,239634 8117895))
32603;POLYGON((46904 8153727,78784 8146407,30828 7927985,-4709 7936052,46904 8153727))
32604;POLYGON((-141644 8208862,-110587 8198345,-180365 7985256,-215026 7996862,-141644 8208862))
32605;POLYGON((-324188 8282974,-294259 8269322,-385477 8063628,-418931 8078716,-324188 8282974))
32606;POLYGON((-498873 8375588,-470384 8358892,-582494 8162698,-614399 8181185,-498873 8375588))
32607;POLYGON((-663828 8486061,-637091 8466442,-769345 8281891,-799350 8303660,-663828 8486061))
32608;POLYGON((-817169 8613551,-792498 8591164,-943909 8420416,-971658 8445314,-817169 8613551))
32609;POLYGON((-957036 8756988,-934738 8732027,-1104039 8577228,-1129174 8605051,-957036 8756988))
32610;POLYGON((-1081627 8915046,-1061996 8887752,-1247603 8750974,-1269774 8781464,-1081627 8915046))
32611;POLYGON((-1189260 9086127,-1172565 9056785,-1372543 8939949,-1391419 8972784,-1189260 9086127))
32612;POLYGON((-1278447 9268338,-1264919 9237286,-1476958 9142055,-1492245 9176846,-1278447 9268338))
32613;POLYGON((-1347997 9459501,-1337809 9427120,-1559213 9354771,-1570674 9391053,-1347997 9459501))
32614;POLYGON((-1397135 9657161,-1390380 9623878,-1618077 9575126,-1625557 9612361,-1397135 9657161))
32615;POLYGON((-1425650 9858630,-1422317 9824907,-1652890 9799701,-1656348 9837277,-1425650 9858630))
32616;POLYGON((-1434072 10061056,-1434014 10027376,-1663765 10024650,-1663312 10061885,-1434072 10061056))
32617;POLYGON((-1423881 10261521,-1426776 10228369,-1651828 10245742,-1647768 10281901,-1423881 10261521))
32618;POLYGON((-1397745 10457184,-1403053 10425021,-1619496 10458451,-1612380 10492758,-1397745 10457184))
32619;POLYGON((-1359792 10645474,-1366712 10614700,-1570797 10658075,-1561478 10689741,-1359792 10645474))
32620;POLYGON((-1315930 10824330,-1323339 10795241,-1511738 10839909,-1501438 10868165,-1315930 10824330))
32621;POLYGON((-1274191 10992513,-1280587 10965243,-1450717 10999474,-1441099 11023614,-1274191 10992513))
32622;POLYGON((-1245130 11149981,-1248560 11124436,-1398987 11132804,-1392242 11152242,-1245130 11149981))
32623;POLYGON((-1242260 11298351,-1240246 11274124,-1371179 11236811,-1370111 11251146,-1242260 11298351))
32624;POLYGON((-1282541 11441446,-1271995 11417720,-1385870 11309726,-1394003 11318829,-1282541 11441446))
32625;POLYGON((-1386908 11585941,-1364041 11561375,-1466220 11351634,-1487907 11355741,-1386908 11585941))
32626;POLYGON((-1580862 11742121,-1541081 11714715,-1640667 11365101,-1681215 11364933,-1580862 11742121))
32627;POLYGON((-1895104 11924759,-1832902 11891697,-1943688 11355921,-2009486 11352815,-1895104 11924759))
32628;POLYGON((-2366230 12154120,-2275067 12111597,-2416626 11333974,-2515294 11330040,-2366230 12154120))
32629;POLYGON((-3037485 12457115,-2909658 12400131,-3108585 11314216,-3249130 11312521,-3037485 12457115))
32630;POLYGON((-3959573 12868608,-3786077 12790740,-4077407 11317821,-4270390 11322584,-3959573 12868608))
32631;POLYGON((5332623 13037235,5532778 13128468,5910059 11347012,5686361 11337014,5332623 13037235))
32632;POLYGON((4314242 12580246,4463691 12646771,4719743 11312423,4554404 11311498,4314242 12580246))
32633;POLYGON((3565403 12245392,3673857 12294437,3850217 11319393,3731829 11322658,3565403 12245392))
32634;POLYGON((3032723 11994841,3108519 12032087,3237239 11341901,3156041 11345740,3032723 11994841))
32635;POLYGON((2670565 11799183,2720806 11829008,2825994 11360982,2773693 11362831,2670565 11799183))
32636;POLYGON((2440202 11636075,2470897 11661763,2570067 11363490,2539677 11361645,2440202 11636075))
32637;POLYGON((2309049 11489030,2325234 11512970,2430502 11341010,2416192 11334462,2309049 11489030))
32638;POLYGON((2249946 11346371,2255798 11370216,2374923 11288915,2371880 11277200,2249946 11346371))
32639;POLYGON((2240502 11200311,2239448 11225123,2376732 11205542,2381032 11188620,2240502 11200311))
32640;POLYGON((2262494 11046152,2257306 11072530,2414370 11091489,2422862 11069637,2262494 11046152))
32641;POLYGON((2301316 10881607,2294200 10909791,2470645 10949019,2480842 10922739,2301316 10881607))
32642;POLYGON((2345479 10706222,2338152 10736182,2532111 10781559,2542099 10751504,2345479 10706222))
32643;POLYGON((2386155 10520881,2379922 10552395,2588523 10593280,2596868 10560195,2386155 10520881))
32644;POLYGON((2416770 10327410,2412586 10360122,2632328 10388768,2638001 10353436,2416770 10327410))
32645;POLYGON((2432638 10128239,2431167 10161715,2658222 10172747,2660531 10135955,2432638 10128239))
32646;POLYGON((2430638 9926143,2432305 9959906,2662754 9949879,2661276 9912385,2430638 9926143))
32647;POLYGON((2408922 9724032,2413957 9757595,2643969 9724603,2638503 9687117,2408922 9724032))
32648;POLYGON((2366668 9524794,2375146 9557682,2601109 9501027,2591625 9464197,2366668 9524794))
32649;POLYGON((2303861 9331180,2315737 9362948,2534342 9282861,2520943 9247262,2303861 9331180))
32650;POLYGON((2221104 9145729,2236242 9175971,2444541 9073374,2427426 9039508,2221104 9145729))
32651;POLYGON((2119467 8970713,2137662 8999070,2333087 8875386,2312525 8843679,2119467 8970713))
32652;POLYGON((2000350 8808122,2021350 8834282,2201719 8691275,2178023 8662082,2000350 8808122))
32653;POLYGON((1865379 8659651,1888902 8683353,2052399 8523002,2025913 8496613,1865379 8659651))
32654;POLYGON((1716324 8526715,1742067 8547740,1887219 8372152,1858297 8348796,1716324 8526715))
32655;POLYGON((1555032 8410465,1582685 8428640,1708321 8239968,1677322 8219823,1555032 8410465))
32656;POLYGON((1383381 8311817,1412629 8327004,1517848 8127407,1485126 8110608,1383381 8311817))
32657;POLYGON((1203250 8231478,1233782 8243572,1317905 8035181,1283806 8021826,1203250 8231478))
32658;POLYGON((1016499 8169974,1048006 8178899,1110545 7963806,1075405 7953964,1016499 8169974))
32659;POLYGON((824962 8127679,857140 8133383,897762 7913633,861908 7907350,824962 8127679))
32660;POLYGON((630446 8104836,662996 8107286,681500 7884890,645252 7882193,630446 8104836))
