32701;POLYGON((295007 7455081,397514 7456130,399086 7234680,298154 7233563,295007 7455081))
32702;POLYGON((-321718 7433965,-218620 7439269,-207506 7216726,-308977 7211079,-321718 7433965))
32703;POLYGON((-944782 7386558,-840293 7396363,-819133 7171070,-921867 7160644,-944782 7386558))
32704;POLYGON((-1579066 7310625,-1472360 7325399,-1440170 7095661,-1544903 7079978,-1579066 7310625))
32705;POLYGON((-2229655 7202441,-2119868 7222922,-2075081 6986989,-2182567 6965301,-2229655 7202441))
32706;POLYGON((-2901886 7056390,-2788109 7083669,-2728419 6839749,-2839423 6810964,-2901886 7056390))
32707;POLYGON((-3601378 6864371,-3482657 6900004,-3404776 6646315,-3520060 6608887,-3601378 6864371))
32708;POLYGON((-4334011 6614909,-4209348 6661090,-4108665 6395980,-4228961 6347755,-4334011 6614909))
32709;POLYGON((-5105852 6291918,-4974229 6351714,-4844331 6073893,-4970302 6011899,-5105852 6291918))
32710;POLYGON((-5923033 5873008,-5783430 5950676,-5615460 5659611,-5747639 5579769,-5923033 5873008))
32711;POLYGON((-6791543 5327208,-6642983 5428624,-6424778 5125172,-6563492 5021922,-6791543 5327208))
32712;POLYGON((-7716948 4611995,-7558548 4745198,-7273534 4432571,-7418803 4298390,-7716948 4611995))
32713;POLYGON((-8704025 3669455,-8535061 3845359,-8160830 3530533,-8312240 3355310,-8704025 3669455))
32714;POLYGON((-9756283 2421424,-9576282 2654703,-9082801 2350417,-9239353 2120682,-9756283 2421424))
32715;POLYGON((-10875392 763424,-10684231 1073618,-10031624 801123,-10191549 499088,-10875392 763424))
32716;POLYGON((-12060478 -1442816,-11858514 -1029951,-10994339 -1237178,-11154883 -1634793,-12060478 -1442816))
32717;POLYGON((-13307303 -4378465,-13095514 -3829315,-11951466 -3920683,-12108642 -4444065,-13307303 -4378465))
32718;POLYGON((-14607294 -8278556,-14387455 -7549681,-12875411 -7451129,-13023704 -8139069,-14607294 -8278556))
32719;POLYGON((-15946437 -13445066,-15721315 -12480862,-13728628 -12086747,-13860670 -12988655,-15946437 -13445066))
32720;POLYGON((-17304006 -20262386,-17077579 -18992331,-14461543 -18155203,-14567743 -19333470,-17304006 -20262386))
32721;POLYGON((-18651126 -29215456,-18428838 -27550887,-15010209 -26068764,-15078332 -27601527,-18651126 -29215456))
32722;POLYGON((-19949162 -40910873,-19738205 -38741249,-15293686 -36341951,-15308389 -38326295,-19949162 -40910873))
32723;POLYGON((-21147922 -56101294,-20957545 -53289888,-15211121 -49611945,-15153438 -52167590,-21147922 -56101294))
32724;POLYGON((-22183663 -75713472,-22025523 -72092428,-14638525 -66662025,-14485296 -69935551,-22183663 -75713472))
32725;POLYGON((-22976892 -100880273,-22865430 -96244978,-13425218 -88448342,-13148467 -92617993,-22976892 -100880273))
32726;POLYGON((-23429950 -132977047,-23382814 -127079755,-11389940 -116130336,-10956191 -121411469,-23429950 -132977047))
32727;POLYGON((-23424379 -173662750,-23462875 -166205375,-8316601 -151105116,-7686135 -157756341,-23424379 -173662750))
32728;POLYGON((-22818045 -224926207,-22967635 -215552245,-3949665 -195046162,-3075711 -203376234,-22818045 -224926207))
32729;POLYGON((-21442025 -289137954,-21732863 -277423429,2010856 -249946679,3182991 -260322205,-21442025 -289137954))
32730;POLYGON((-19097236 -369108083,-19564748 -354551476,9914811 -318167997,11448686 -331022016,-19097236 -369108083))
32731;POLYGON((19061155 -399823594,18490205 -416016572,-15461585 -372404646,-13719962 -358125653,19061155 -399823594))
32732;POLYGON((21778838 -313891102,21404445 -326958708,-6040402 -293784973,-4695935 -282228843,21778838 -313891102))
32733;POLYGON((23454070 -244762288,23237941 -255248937,1173556 -230291168,2189233 -220988134,23454070 -244762288))
32734;POLYGON((24296779 -189466582,24206199 -197833694,6566589 -179286945,7312478 -171838315,24296779 -189466582))
32735;POLYGON((24485555 -145493669,24492787 -152130291,10471296 -138539387,10998018 -132608497,24485555 -145493669))
32736;POLYGON((24171103 -110733534,24252826 -115965892,13172269 -106166984,13522963 -101471062,24171103 -110733534))
32737;POLYGON((23479443 -83422670,23616240 -87522726,14911359 -80592960,15122525 -76895836,23479443 -83422670))
32738;POLYGON((22514862 -62096007,22690742 -65289094,15892549 -60503508,15994825 -57609104,22514862 -62096007))
32739;POLYGON((21362628 -45544119,21564593 -48015721,16286454 -44810569,16305326 -42557113,21362628 -45544119))
32740;POLYGON((20091481 -32775313,20309123 -34677063,16234441 -32618810,16190896 -30873714,20091481 -32775313))
32741;POLYGON((18755898 -22982205,18981038 -24437161,15852408 -23196454,15763535 -21851809,18755898 -22982205))
32742;POLYGON((17398156 -15512393,17624514 -16619655,15234229 -15949655,15113754 -14918280,17398156 -15512393))
32743;POLYGON((16050197 -9842888,16273094 -10681614,14454869 -10400103,14313651 -9612106,16050197 -9842888))
32744;POLYGON((14735294 -5557938,14951387 -6190820,13573208 -6165564,13419677 -5565364,14735294 -5557938))
32745;POLYGON((13469551 -2329938,13676595 -2806180,12634562 -2943089,12475115 -2486858,13469551 -2329938))
32746;POLYGON((12263221 96893,12459863 -260967,11672942 -494610,11512292 -148090,12263221 96893))
32747;POLYGON((11121875 1920362,11307467 1651422,10713046 1365303,10554530 1628651,11121875 1920362))
32748;POLYGON((10047409 3291941,10221851 3089459,9772014 2779784,9617864 2980335,10047409 3291941))
32749;POLYGON((9038917 4326464,9202523 4173487,8860950 3858312,8712526 4011560,9038917 4326464))
32750;POLYGON((8093433 5110129,8246812 4993986,7986237 4683863,7844223 4801492,8093433 5110129))
32751;POLYGON((7206546 5707003,7350510 5618316,7150648 5318776,7015225 5409517,7206546 5707003))
32752;POLYGON((6372907 6164266,6508395 6096156,6354283 5809495,6225264 5879821,6372907 6164266))
32753;POLYGON((5586632 6516372,5714647 6463833,5595336 6190356,5472279 6245032,5586632 6516372))
32754;POLYGON((4841610 6788285,4963176 6747700,4870706 6486565,4753005 6529076,4841610 6788285))
32755;POLYGON((4131736 6997979,4247863 6966753,4176484 6716513,4063435 6749393,4131736 6997979))
32756;POLYGON((3451055 7158306,3562720 7134588,3508309 6893530,3399160 6918605,3451055 7158306))
32757;POLYGON((2793859 7278381,2901995 7260865,2861623 7027195,2755608 7045767,2793859 7278381))
32758;POLYGON((2154717 7364567,2260209 7352351,2231839 7124287,2128199 7137267,2154717 7364567))
32759;POLYGON((1528464 7421166,1632157 7413656,1614430 7189466,1512419 7197458,1528464 7421166))
32760;POLYGON((910159 7450879,1012862 7447721,1004963 7225724,903851 7229088,910159 7450879))
32601;POLYGON((295007 -2544918,397514 -2543869,399086 -2765319,298154 -2766436,295007 -2544918))
32602;POLYGON((-321718 -2566034,-218620 -2560730,-207506 -2783273,-308977 -2788920,-321718 -2566034))
32603;POLYGON((-944782 -2613441,-840293 -2603636,-819133 -2828929,-921867 -2839355,-944782 -2613441))
32604;POLYGON((-1579066 -2689374,-1472360 -2674600,-1440170 -2904338,-1544903 -2920021,-1579066 -2689374))
32605;POLYGON((-2229655 -2797558,-2119868 -2777077,-2075081 -3013010,-2182567 -3034698,-2229655 -2797558))
32606;POLYGON((-2901886 -2943609,-2788109 -2916330,-2728419 -3160250,-2839423 -3189035,-2901886 -2943609))
32607;POLYGON((-3601378 -3135628,-3482657 -3099995,-3404776 -3353684,-3520060 -3391112,-3601378 -3135628))
32608;POLYGON((-4334011 -3385090,-4209348 -3338909,-4108665 -3604019,-4228961 -3652244,-4334011 -3385090))
32609;POLYGON((-5105852 -3708081,-4974229 -3648285,-4844331 -3926106,-4970302 -3988100,-5105852 -3708081))
32610;POLYGON((-5923033 -4126991,-5783430 -4049323,-5615460 -4340388,-5747639 -4420230,-5923033 -4126991))
32611;POLYGON((-6791543 -4672791,-6642983 -4571375,-6424778 -4874827,-6563492 -4978077,-6791543 -4672791))
32612;POLYGON((-7716948 -5388004,-7558548 -5254801,-7273534 -5567428,-7418803 -5701609,-7716948 -5388004))
32613;POLYGON((-8704025 -6330544,-8535061 -6154640,-8160830 -6469466,-8312240 -6644689,-8704025 -6330544))
32614;POLYGON((-9756283 -7578575,-9576282 -7345296,-9082801 -7649582,-9239353 -7879317,-9756283 -7578575))
32615;POLYGON((-10875392 -9236575,-10684231 -8926381,-10031624 -9198876,-10191549 -9500911,-10875392 -9236575))
32616;POLYGON((-12060478 -11442816,-11858514 -11029951,-10994339 -11237178,-11154883 -11634793,-12060478 -11442816))
32617;POLYGON((-13307303 -14378465,-13095514 -13829315,-11951466 -13920683,-12108642 -14444065,-13307303 -14378465))
32618;POLYGON((-14607294 -18278556,-14387455 -17549681,-12875411 -17451129,-13023704 -18139069,-14607294 -18278556))
32619;POLYGON((-15946437 -23445066,-15721315 -22480862,-13728628 -22086747,-13860670 -22988655,-15946437 -23445066))
32620;POLYGON((-17304006 -30262386,-17077579 -28992331,-14461543 -28155203,-14567743 -29333470,-17304006 -30262386))
32621;POLYGON((-18651126 -39215456,-18428838 -37550887,-15010209 -36068764,-15078332 -37601527,-18651126 -39215456))
32622;POLYGON((-19949162 -50910873,-19738205 -48741249,-15293686 -46341951,-15308389 -48326295,-19949162 -50910873))
32623;POLYGON((-21147922 -66101294,-20957545 -63289888,-15211121 -59611945,-15153438 -62167590,-21147922 -66101294))
32624;POLYGON((-22183663 -85713472,-22025523 -82092428,-14638525 -76662025,-14485296 -79935551,-22183663 -85713472))
32625;POLYGON((-22976892 -110880273,-22865430 -106244978,-13425218 -98448342,-13148467 -102617993,-22976892 -110880273))
32626;POLYGON((-23429950 -142977047,-23382814 -137079755,-11389940 -126130336,-10956191 -131411469,-23429950 -142977047))
32627;POLYGON((-23424379 -183662750,-23462875 -176205375,-8316601 -161105116,-7686135 -167756341,-23424379 -183662750))
32628;POLYGON((-22818045 -234926207,-22967635 -225552245,-3949665 -205046162,-3075711 -213376234,-22818045 -234926207))
32629;POLYGON((-21442025 -299137954,-21732863 -287423429,2010856 -259946679,3182991 -270322205,-21442025 -299137954))
32630;POLYGON((-19097236 -379108083,-19564748 -364551476,9914811 -328167997,11448686 -341022016,-19097236 -379108083))
32631;POLYGON((19061155 -409823594,18490205 -426016572,-15461585 -382404646,-13719962 -368125653,19061155 -409823594))
32632;POLYGON((21778838 -323891102,21404445 -336958708,-6040402 -303784973,-4695935 -292228843,21778838 -323891102))
32633;POLYGON((23454070 -254762288,23237941 -265248937,1173556 -240291168,2189233 -230988134,23454070 -254762288))
32634;POLYGON((24296779 -199466582,24206199 -207833694,6566589 -189286945,7312478 -181838315,24296779 -199466582))
32635;POLYGON((24485555 -155493669,24492787 -162130291,10471296 -148539387,10998018 -142608497,24485555 -155493669))
32636;POLYGON((24171103 -120733534,24252826 -125965892,13172269 -116166984,13522963 -111471062,24171103 -120733534))
32637;POLYGON((23479443 -93422670,23616240 -97522726,14911359 -90592960,15122525 -86895836,23479443 -93422670))
32638;POLYGON((22514862 -72096007,22690742 -75289094,15892549 -70503508,15994825 -67609104,22514862 -72096007))
32639;POLYGON((21362628 -55544119,21564593 -58015721,16286454 -54810569,16305326 -52557113,21362628 -55544119))
32640;POLYGON((20091481 -42775313,20309123 -44677063,16234441 -42618810,16190896 -40873714,20091481 -42775313))
32641;POLYGON((18755898 -32982205,18981038 -34437161,15852408 -33196454,15763535 -31851809,18755898 -32982205))
32642;POLYGON((17398156 -25512393,17624514 -26619655,15234229 -25949655,15113754 -24918280,17398156 -25512393))
32643;POLYGON((16050197 -19842888,16273094 -20681614,14454869 -20400103,14313651 -19612106,16050197 -19842888))
32644;POLYGON((14735294 -15557938,14951387 -16190820,13573208 -16165564,13419677 -15565364,14735294 -15557938))
32645;POLYGON((13469551 -12329938,13676595 -12806180,12634562 -12943089,12475115 -12486858,13469551 -12329938))
32646;POLYGON((12263221 -9903106,12459863 -10260967,11672942 -10494610,11512292 -10148090,12263221 -9903106))
32647;POLYGON((11121875 -8079637,11307467 -8348577,10713046 -8634696,10554530 -8371348,11121875 -8079637))
32648;POLYGON((10047409 -6708058,10221851 -6910540,9772014 -7220215,9617864 -7019664,10047409 -6708058))
32649;POLYGON((9038917 -5673535,9202523 -5826512,8860950 -6141687,8712526 -5988439,9038917 -5673535))
32650;POLYGON((8093433 -4889870,8246812 -5006013,7986237 -5316136,7844223 -5198507,8093433 -4889870))
32651;POLYGON((7206546 -4292996,7350510 -4381683,7150648 -4681223,7015225 -4590482,7206546 -4292996))
32652;POLYGON((6372907 -3835733,6508395 -3903843,6354283 -4190504,6225264 -4120178,6372907 -3835733))
32653;POLYGON((5586632 -3483627,5714647 -3536166,5595336 -3809643,5472279 -3754967,5586632 -3483627))
32654;POLYGON((4841610 -3211714,4963176 -3252299,4870706 -3513434,4753005 -3470923,4841610 -3211714))
32655;POLYGON((4131736 -3002020,4247863 -3033246,4176484 -3283486,4063435 -3250606,4131736 -3002020))
32656;POLYGON((3451055 -2841693,3562720 -2865411,3508309 -3106469,3399160 -3081394,3451055 -2841693))
32657;POLYGON((2793859 -2721618,2901995 -2739134,2861623 -2972804,2755608 -2954232,2793859 -2721618))
32658;POLYGON((2154717 -2635432,2260209 -2647648,2231839 -2875712,2128199 -2862732,2154717 -2635432))
32659;POLYGON((1528464 -2578833,1632157 -2586343,1614430 -2810533,1512419 -2802541,1528464 -2578833))
32660;POLYGON((910159 -2549120,1012862 -2552278,1004963 -2774275,903851 -2770911,910159 -2549120))
