32601;POLYGON((418491 4761299,581508 4761299,584102 4539238,415897 4539238,418491 4761299))
32602;POLYGON((-70657 4784650,92421 4772959,79417 4550813,-88914 4562422,-70657 4784650))
32603;POLYGON((-560192 4843581,-396957 4819914,-425892 4597455,-594581 4620984,-560192 4843581))
32604;POLYGON((-1050231 4939527,-886836 4903308,-932440 4680414,-1101627 4716492,-1050231 4939527))
32605;POLYGON((-1540483 5074797,-1377084 5025158,-1440513 4801905,-1610184 4851492,-1540483 5074797))
32606;POLYGON((-2029994 5252596,-1867001 5188370,-1949840 4965152,-2119730 5029554,-2029994 5252596))
32607;POLYGON((-2516829 5477008,-2355020 5396737,-2459288 5174429,-2628764 5255311,-2516829 5477008))
32608;POLYGON((-2997663 5752948,-2838329 5654908,-2966470 5435087,-3134371 5534470,-2997663 5752948))
32609;POLYGON((-3467255 6086037,-3312394 5968287,-3467227 5753534,-3631666 5873775,-3467255 6086037))
32610;POLYGON((-3917792 6482367,-3770341 6342846,-3954977 6137146,-4113082 6280889,-3917792 6482367))
32611;POLYGON((-4338075 6948110,-4202201 6784781,-4419885 6594069,-4567486 6764148,-4338075 6948110))
32612;POLYGON((-4712527 7488928,-4593978 7300008,-4847850 7132881,-4979094 7332162,-4712527 7488928))
32613;POLYGON((-5020003 8109127,-4926528 7893396,-5219274 7762049,-5326158 7993204,-5020003 8109127))
32614;POLYGON((-5232372 8810488,-5174222 8567721,-5507587 8489149,-5579412 8754329,-5232372 8810488))
32615;POLYGON((-5312868 9590709,-5303370 9322241,-5677507 9319783,-5700236 9620176,-5312868 9590709))
32616;POLYGON((-5214162 10441392,-5270396 10150845,-5683015 10256124,-5638527 10591383,-5214162 10441392))
32617;POLYGON((-4876154 11345471,-5019722 11039680,-5465011 11295038,-5330245 11662539,-4876154 11345471))
32618;POLYGON((-4223461 12274024,-4481357 11964174,-4948632 12425685,-4694616 12819607,-4223461 12274024))
32619;POLYGON((-3162562 13182351,-3568165 12885369,-4040208 13626544,-3630956 14036730,-3162562 13182351))
32620;POLYGON((-1578603 14005220,-2172780 13745461,-2623826 14861763,-2015109 15272337,-1578603 14005220))
32621;POLYGON((668182 14651195,-164162 14462444,-557493 16076740,304546 16464451,668182 14651195))
32622;POLYGON((3746438 14995901,2616239 14923736,2331154 17192854,3511524 17525110,3746438 14995901))
32623;POLYGON((7858078 14874130,6358735 14978697,6249589 18101229,7826138 18333786,7858078 14874130))
32624;POLYGON((13243110 14070656,11290072 14429880,11445622 18655435,13510894 18729707,13243110 14070656))
32625;POLYGON((20184929 12309620,17678564 13022907,18213141 18663005,20876408 18502956,20184929 12309620))
32626;POLYGON((29016085 9242350,25839703 10434836,26898387 17875655,30287860 17384225,29016085 9242350))
32627;POLYGON((40124563 4433479,36142269 6260852,37906785 15978078,42172022 15033117,40124563 4433479))
32628;POLYGON((53960585 -2654808,49014947 -840,51710360 12575197,57024873 11024838,53960585 -2654808))
32629;POLYGON((71043965 -12680547,64953501 -8966097,68855766 7177715,75419834 4835166,71043965 -12680547))
32630;POLYGON((91972026 -26441943,84528504 -21384041,89972941 -814148,98016642 -4176460,91972026 -26441943))
32631;POLYGON((-107393648 -38158566,108393648 -38158566,115784423 -12128902,-114784423 -12128902,-107393648 -38158566))
32632;POLYGON((-83528504 -21384041,-90972026 -26441943,-97016642 -4176460,-88972941 -814148,-83528504 -21384041))
32633;POLYGON((-63953501 -8966097,-70043965 -12680547,-74419834 4835166,-67855766 7177715,-63953501 -8966097))
32634;POLYGON((-48014947 -840,-52960585 -2654808,-56024873 11024838,-50710360 12575197,-48014947 -840))
32635;POLYGON((-35142269 6260852,-39124563 4433479,-41172022 15033117,-36906785 15978078,-35142269 6260852))
32636;POLYGON((-24839703 10434836,-28016085 9242350,-29287860 17384225,-25898387 17875655,-24839703 10434836))
32637;POLYGON((-16678564 13022907,-19184929 12309620,-19876408 18502956,-17213141 18663005,-16678564 13022907))
32638;POLYGON((-10290072 14429880,-12243110 14070656,-12510894 18729707,-10445622 18655435,-10290072 14429880))
32639;POLYGON((-5358735 14978697,-6858078 14874130,-6826138 18333786,-5249589 18101229,-5358735 14978697))
32640;POLYGON((-1616239 14923736,-2746438 14995901,-2511524 17525110,-1331154 17192854,-1616239 14923736))
32641;POLYGON((1164162 14462444,331817 14651195,695453 16464451,1557493 16076740,1164162 14462444))
32642;POLYGON((3172780 13745461,2578603 14005220,3015109 15272337,3623826 14861763,3172780 13745461))
32643;POLYGON((4568165 12885369,4162562 13182351,4630956 14036730,5040208 13626544,4568165 12885369))
32644;POLYGON((5481357 11964174,5223461 12274024,5694616 12819607,5948632 12425685,5481357 11964174))
32645;POLYGON((6019722 11039680,5876154 11345471,6330245 11662539,6465011 11295038,6019722 11039680))
32646;POLYGON((6270396 10150845,6214162 10441392,6638527 10591383,6683015 10256124,6270396 10150845))
32647;POLYGON((6303370 9322241,6312868 9590709,6700236 9620176,6677507 9319783,6303370 9322241))
32648;POLYGON((6174222 8567721,6232372 8810488,6579412 8754329,6507587 8489149,6174222 8567721))
32649;POLYGON((5926528 7893396,6020003 8109127,6326158 7993204,6219274 7762049,5926528 7893396))
32650;POLYGON((5593978 7300008,5712527 7488928,5979094 7332162,5847850 7132881,5593978 7300008))
32651;POLYGON((5202201 6784781,5338075 6948110,5567486 6764148,5419885 6594069,5202201 6784781))
32652;POLYGON((4770341 6342846,4917792 6482367,5113082 6280889,4954977 6137146,4770341 6342846))
32653;POLYGON((4312394 5968287,4467255 6086037,4631666 5873775,4467227 5753534,4312394 5968287))
32654;POLYGON((3838329 5654908,3997663 5752948,4134371 5534470,3966470 5435087,3838329 5654908))
32655;POLYGON((3355020 5396737,3516829 5477008,3628764 5255311,3459288 5174429,3355020 5396737))
32656;POLYGON((2867001 5188370,3029994 5252596,3119730 5029554,2949840 4965152,2867001 5188370))
32657;POLYGON((2377084 5025158,2540483 5074797,2610184 4851492,2440513 4801905,2377084 5025158))
32658;POLYGON((1886836 4903308,2050231 4939527,2101627 4716492,1932440 4680414,1886836 4903308))
32659;POLYGON((1396957 4819914,1560192 4843581,1594581 4620984,1425892 4597455,1396957 4819914))
32660;POLYGON((907578 4772959,1070657 4784650,1088914 4562422,920582 4550813,907578 4772959))
