32701;POLYGON((342369 14984896,421184 14983436,418491 14761299,336980 14762755,342369 14984896))
32702;POLYGON((-130519 15014178,-51706 15006840,-70657 14784650,-152212 14791973,-130519 15014178))
32703;POLYGON((-603331 15079230,-524544 15065853,-560192 14843581,-641832 14856950,-603331 15079230))
32704;POLYGON((-1075750 15181473,-997066 15161766,-1050231 14939527,-1131941 14959265,-1075750 15181473))
32705;POLYGON((-1547010 15323103,-1468599 15296646,-1540483 15074797,-1622158 15101378,-1547010 15323103))
32706;POLYGON((-2015644 15507070,-1937811 15473322,-2029994 15252596,-2111389 15286638,-2015644 15507070))
32707;POLYGON((-2479167 15737025,-2402413 15695332,-2516829 15477008,-2597500 15519275,-2479167 15737025))
32708;POLYGON((-2933688 16017205,-2858778 15966827,-2997663 15752948,-3076884 15804333,-2933688 16017205))
32709;POLYGON((-3373405 16352219,-3301464 16292376,-3467255 16086037,-3543923 16147532,-3373405 16352219))
32710;POLYGON((-3790000 16746704,-3722619 16676640,-3917792 16482367,-3990300 16555007,-3790000 16746704))
32711;POLYGON((-4171885 17204798,-4111258 17123888,-4338075 16948110,-4404161 17032894,-4171885 17204798))
32712;POLYGON((-4503293 17729377,-4452382 17637269,-4712527 17488928,-4769089 17586695,-4503293 17729377))
32713;POLYGON((-4763204 18320996,-4725929 18217815,-5020003 18109127,-5062879 18220386,-4763204 18320996))
32714;POLYGON((-4924062 18976472,-4905530 18863080,-5232372 18810488,-5256083 18935187,-4924062 18976472))
32715;POLYGON((-4950294 19687023,-4957060 19565366,-5312868 19590709,-5310314 19727935,-4950294 19687023))
32716;POLYGON((-4796592 20435895,-4836964 20309438,-5214162 20441392,-5176277 20588979,-4796592 20435895))
32717;POLYGON((-4405945 21195385,-4490329 21069652,-4876154 21345471,-4791510 21499519,-4405945 21195385))
32718;POLYGON((-3707405 21923157,-3848696 21806400,-4223461 22274024,-4077812 22428296,-3707405 21923157))
32719;POLYGON((-2613563 22557765,-2827590 22461769,-3162562 23182351,-2938339 23327542,-2613563 22557765))
32720;POLYGON((-1017727 23013259,-1323739 22954309,-1578603 24005220,-1254342 24128079,-1017727 23013259))
32721;POLYGON((1209235 23172776,788012 23172801,668182 24651195,1118467 24733478,1209235 23172776))
32722;POLYGON((4222389 22880974,3658153 22968896,3746438 24995901,4353966 25013140,4222389 22880974))
32723;POLYGON((8206588 21935199,7466285 22148495,7858078 24874130,8660067 24794196,8206588 21935199))
32724;POLYGON((13380712 20075240,12425308 20461756,13243110 24070656,14283630 23852092,13380712 20075240))
32725;POLYGON((20002302 16971526,18785979 17591558,20184929 22309620,21515828 21899723,20002302 16971526))
32726;POLYGON((28372613 12211627,26841899 13140295,29016085 19242350,30698000 18574982,28372613 12211627))
32727;POLYGON((38842109 5284894,36934929 6614839,40124563 14433479,42228018 13426573,38842109 5284894))
32728;POLYGON((51816403 -4434919,49461059 -2590493,53960585 7345191,56567176 5897932,51816403 -4434919))
32729;POLYGON((67762679 -17709235,64876745 -15213138,71043965 -2680547,74247641 -4690886,67762679 -17709235))
32730;POLYGON((87216605 -35456583,83705737 -32143809,91972026 -16441943,95880466 -19163554,87216605 -35456583))
32731;POLYGON((-93584092 -42550780,-97446874 -46343616,-107393648 -28158566,-103087755 -25016719,-93584092 -42550780))
32732;POLYGON((-72829017 -23077673,-76014832 -25959584,-83528504 -11384041,-79986821 -9038332,-72829017 -23077673))
32733;POLYGON((-55776634 -8422844,-58386254 -10574313,-63953501 1033902,-61060936 2745856,-55776634 -8422844))
32734;POLYGON((-41866823 2389918,-43988479 818298,-48014947 9999159,-45670864 11212349,-41866823 2389918))
32735;POLYGON((-30610367 10171844,-32320978 9055328,-35142269 16260852,-33259062 17086629,-30610367 10171844))
32736;POLYGON((-21581864 15591952,-22948184 14828020,-24839703 20434836,-23341467 20964267,-21581864 15591952))
32737;POLYGON((-14413153 19197387,-15492832 18702517,-16678564 23022907,-15499860 23329764,-14413153 19197387))
32738;POLYGON((-8787207 21431515,-9629777 21138316,-10290072 24429880,-9374790 24573291,-8787207 21431515))
32739;POLYGON((-4432496 22649939,-5080278 22504617,-5358735 24978697,-4659037 25005487,-4432496 22649939))
32740;POLYGON((-1117788 23134597,-1606730 23094734,-1616239 24923736,-1091591 24870474,-1117788 23134597))
32741;POLYGON((1352620 23106118,992177 23138725,1164162 24462444,1547877 24357235,1352620 23106118))
32742;POLYGON((3143278 22734565,2885900 22814398,3172780 23745461,3444072 23609495,3143278 22734565))
32743;POLYGON((4391556 22148728,4216078 22256834,4568165 22885369,4750676 22734250,4391556 22148728))
32744;POLYGON((5211261 21444094,5100207 21566570,5481357 21964174,5594528 21809061,5211261 21444094))
32745;POLYGON((5695898 20689629,5634966 20816568,6019722 21039680,6079392 20888244,5695898 20689629))
32746;POLYGON((5921607 19933499,5899199 20058104,6270396 20150845,6289344 20008072,5921607 19933499))
32747;POLYGON((5949783 19207840,5956588 19325691,6303370 19322241,6291791 19191096,5949783 19207840))
32748;POLYGON((5829405 18532691,5858031 18641145,6174222 18567721,6140150 18449689,5829405 18532691))
32749;POLYGON((5599087 17919199,5643739 18016899,5926528 17893396,5876213 17788918,5599087 17919199))
32750;POLYGON((5288881 17372183,5345075 17458673,5593978 17300008,5532205 17208821,5288881 17372183))
32751;POLYGON((4921835 16892158,4986157 16967580,5202201 16784781,5132573 16706187,4921835 16892158))
32752;POLYGON((4515336 16476885,4585231 16541750,4770341 16342846,4695515 16275907,4515336 16476885))
32753;POLYGON((4082258 16122551,4155850 16177563,4312394 15968287,4234283 15911975,4082258 16122551))
32754;POLYGON((3631917 15824615,3707864 15870554,3838329 15654908,3758272 15608200,3631917 15824615))
32755;POLYGON((3170878 15578413,3248249 15616046,3355020 15396737,3273916 15358686,3170878 15578413))
32756;POLYGON((2703611 15379554,2781782 15409581,2867001 15188370,2785425 15158146,2703611 15379554))
32757;POLYGON((2233021 15224176,2311597 15247197,2377084 15025158,2295371 15002067,2233021 15224176))
32758;POLYGON((1760874 15109086,1839624 15125583,1886836 14903308,1805154 14886804,1760874 15109086))
32759;POLYGON((1288141 15031833,1366947 15042162,1396957 14819914,1315361 14809599,1288141 15031833))
32760;POLYGON((815261 14990738,894076 14995124,907578 14772959,826052 14768583,815261 14990738))
32601;POLYGON((342369 4984896,421184 4983436,418491 4761299,336980 4762755,342369 4984896))
32602;POLYGON((-130519 5014178,-51706 5006840,-70657 4784650,-152212 4791973,-130519 5014178))
32603;POLYGON((-603331 5079230,-524544 5065853,-560192 4843581,-641832 4856950,-603331 5079230))
32604;POLYGON((-1075750 5181473,-997066 5161766,-1050231 4939527,-1131941 4959265,-1075750 5181473))
32605;POLYGON((-1547010 5323103,-1468599 5296646,-1540483 5074797,-1622158 5101378,-1547010 5323103))
32606;POLYGON((-2015644 5507070,-1937811 5473322,-2029994 5252596,-2111389 5286638,-2015644 5507070))
32607;POLYGON((-2479167 5737025,-2402413 5695332,-2516829 5477008,-2597500 5519275,-2479167 5737025))
32608;POLYGON((-2933688 6017205,-2858778 5966827,-2997663 5752948,-3076884 5804333,-2933688 6017205))
32609;POLYGON((-3373405 6352219,-3301464 6292376,-3467255 6086037,-3543923 6147532,-3373405 6352219))
32610;POLYGON((-3790000 6746704,-3722619 6676640,-3917792 6482367,-3990300 6555007,-3790000 6746704))
32611;POLYGON((-4171885 7204798,-4111258 7123888,-4338075 6948110,-4404161 7032894,-4171885 7204798))
32612;POLYGON((-4503293 7729377,-4452382 7637269,-4712527 7488928,-4769089 7586695,-4503293 7729377))
32613;POLYGON((-4763204 8320996,-4725929 8217815,-5020003 8109127,-5062879 8220386,-4763204 8320996))
32614;POLYGON((-4924062 8976472,-4905530 8863080,-5232372 8810488,-5256083 8935187,-4924062 8976472))
32615;POLYGON((-4950294 9687023,-4957060 9565366,-5312868 9590709,-5310314 9727935,-4950294 9687023))
32616;POLYGON((-4796592 10435895,-4836964 10309438,-5214162 10441392,-5176277 10588979,-4796592 10435895))
32617;POLYGON((-4405945 11195385,-4490329 11069652,-4876154 11345471,-4791510 11499519,-4405945 11195385))
32618;POLYGON((-3707405 11923157,-3848696 11806400,-4223461 12274024,-4077812 12428296,-3707405 11923157))
32619;POLYGON((-2613563 12557765,-2827590 12461769,-3162562 13182351,-2938339 13327542,-2613563 12557765))
32620;POLYGON((-1017727 13013259,-1323739 12954309,-1578603 14005220,-1254342 14128079,-1017727 13013259))
32621;POLYGON((1209235 13172776,788012 13172801,668182 14651195,1118467 14733478,1209235 13172776))
32622;POLYGON((4222389 12880974,3658153 12968896,3746438 14995901,4353966 15013140,4222389 12880974))
32623;POLYGON((8206588 11935199,7466285 12148495,7858078 14874130,8660067 14794196,8206588 11935199))
32624;POLYGON((13380712 10075240,12425308 10461756,13243110 14070656,14283630 13852092,13380712 10075240))
32625;POLYGON((20002302 6971526,18785979 7591558,20184929 12309620,21515828 11899723,20002302 6971526))
32626;POLYGON((28372613 2211627,26841899 3140295,29016085 9242350,30698000 8574982,28372613 2211627))
32627;POLYGON((38842109 -4715105,36934929 -3385160,40124563 4433479,42228018 3426573,38842109 -4715105))
32628;POLYGON((51816403 -14434919,49461059 -12590493,53960585 -2654808,56567176 -4102067,51816403 -14434919))
32629;POLYGON((67762679 -27709235,64876745 -25213138,71043965 -12680547,74247641 -14690886,67762679 -27709235))
32630;POLYGON((87216605 -45456583,83705737 -42143809,91972026 -26441943,95880466 -29163554,87216605 -45456583))
32631;POLYGON((-93584092 -52550780,-97446874 -56343616,-107393648 -38158566,-103087755 -35016719,-93584092 -52550780))
32632;POLYGON((-72829017 -33077673,-76014832 -35959584,-83528504 -21384041,-79986821 -19038332,-72829017 -33077673))
32633;POLYGON((-55776634 -18422844,-58386254 -20574313,-63953501 -8966097,-61060936 -7254143,-55776634 -18422844))
32634;POLYGON((-41866823 -7610081,-43988479 -9181701,-48014947 -840,-45670864 1212349,-41866823 -7610081))
32635;POLYGON((-30610367 171844,-32320978 -944671,-35142269 6260852,-33259062 7086629,-30610367 171844))
32636;POLYGON((-21581864 5591952,-22948184 4828020,-24839703 10434836,-23341467 10964267,-21581864 5591952))
32637;POLYGON((-14413153 9197387,-15492832 8702517,-16678564 13022907,-15499860 13329764,-14413153 9197387))
32638;POLYGON((-8787207 11431515,-9629777 11138316,-10290072 14429880,-9374790 14573291,-8787207 11431515))
32639;POLYGON((-4432496 12649939,-5080278 12504617,-5358735 14978697,-4659037 15005487,-4432496 12649939))
32640;POLYGON((-1117788 13134597,-1606730 13094734,-1616239 14923736,-1091591 14870474,-1117788 13134597))
32641;POLYGON((1352620 13106118,992177 13138725,1164162 14462444,1547877 14357235,1352620 13106118))
32642;POLYGON((3143278 12734565,2885900 12814398,3172780 13745461,3444072 13609495,3143278 12734565))
32643;POLYGON((4391556 12148728,4216078 12256834,4568165 12885369,4750676 12734250,4391556 12148728))
32644;POLYGON((5211261 11444094,5100207 11566570,5481357 11964174,5594528 11809061,5211261 11444094))
32645;POLYGON((5695898 10689629,5634966 10816568,6019722 11039680,6079392 10888244,5695898 10689629))
32646;POLYGON((5921607 9933499,5899199 10058104,6270396 10150845,6289344 10008072,5921607 9933499))
32647;POLYGON((5949783 9207840,5956588 9325691,6303370 9322241,6291791 9191096,5949783 9207840))
32648;POLYGON((5829405 8532691,5858031 8641145,6174222 8567721,6140150 8449689,5829405 8532691))
32649;POLYGON((5599087 7919199,5643739 8016899,5926528 7893396,5876213 7788918,5599087 7919199))
32650;POLYGON((5288881 7372183,5345075 7458673,5593978 7300008,5532205 7208821,5288881 7372183))
32651;POLYGON((4921835 6892158,4986157 6967580,5202201 6784781,5132573 6706187,4921835 6892158))
32652;POLYGON((4515336 6476885,4585231 6541750,4770341 6342846,4695515 6275907,4515336 6476885))
32653;POLYGON((4082258 6122551,4155850 6177563,4312394 5968287,4234283 5911975,4082258 6122551))
32654;POLYGON((3631917 5824615,3707864 5870554,3838329 5654908,3758272 5608200,3631917 5824615))
32655;POLYGON((3170878 5578413,3248249 5616046,3355020 5396737,3273916 5358686,3170878 5578413))
32656;POLYGON((2703611 5379554,2781782 5409581,2867001 5188370,2785425 5158146,2703611 5379554))
32657;POLYGON((2233021 5224176,2311597 5247197,2377084 5025158,2295371 5002067,2233021 5224176))
32658;POLYGON((1760874 5109086,1839624 5125583,1886836 4903308,1805154 4886804,1760874 5109086))
32659;POLYGON((1288141 5031833,1366947 5042162,1396957 4819914,1315361 4809599,1288141 5031833))
32660;POLYGON((815261 4990738,894076 4995124,907578 4772959,826052 4768583,815261 4990738))
