32701;POLYGON((445999 18436099,472996 18435414,469234 18212296,438476 18213070,445999 18436099))
32702;POLYGON((284579 18449804,311379 18446380,285086 18224675,254543 18228541,284579 18449804))
32703;POLYGON((125251 18479857,151594 18473721,102944 18255552,72903 18262485,125251 18479857))
32704;POLYGON((-30412 18526040,-4789 18517236,-75463 18304735,-104712 18314692,-30412 18526040))
32705;POLYGON((-180842 18588004,-156200 18576599,-248393 18371907,-276559 18384821,-180842 18588004))
32706;POLYGON((-324469 18665261,-301070 18651348,-414089 18456608,-440877 18472388,-324469 18665261))
32707;POLYGON((-459741 18757175,-437841 18740870,-570781 18558219,-595897 18576744,-459741 18757175))
32708;POLYGON((-585132 18862944,-564983 18844393,-716708 18675935,-739859 18697052,-585132 18862944))
32709;POLYGON((-699173 18981592,-681014 18960970,-850133 18808747,-871036 18832267,-699173 18981592))
32710;POLYGON((-800477 19111961,-784533 19089474,-969387 18955422,-987774 18981115,-800477 19111961))
32711;POLYGON((-887790 19252710,-874258 19228593,-1072918 19114483,-1088545 19142080,-887790 19252710))
32712;POLYGON((-960044 19402320,-949086 19376839,-1159356 19284212,-1172019 19313403,-960044 19402320))
32713;POLYGON((-1016427 19559118,-1008157 19532561,-1227605 19462648,-1237154 19493084,-1016427 19559118))
32714;POLYGON((-1056467 19721312,-1050936 19693983,-1276943 19647617,-1283304 19678918,-1056467 19721312))
32715;POLYGON((-1080138 19887044,-1077315 19859255,-1307156 19836777,-1310353 19868540,-1080138 19887044))
32716;POLYGON((-1087978 20054481,-1087728 20026531,-1318693 20027685,-1318876 20059501,-1087978 20054481))
32717;POLYGON((-1081229 20221917,-1083290 20194076,-1312840 20217912,-1310320 20249386,-1081229 20221917))
32718;POLYGON((-1061997 20387927,-1065950 20360406,-1291936 20405181,-1287222 20435962,-1061997 20387927))
32719;POLYGON((-1033438 20551550,-1038675 20524467,-1259610 20587559,-1253451 20617374,-1033438 20551550))
32720;POLYGON((-999966 20712527,-1005655 20685865,-1221052 20763703,-1214485 20792406,-999966 20712527))
32721;POLYGON((-967484 20871588,-972528 20845142,-1183323 20933160,-1177731 20960787,-967484 20871588))
32722;POLYGON((-943650 21030796,-946637 21004114,-1155697 21096740,-1152866 21123580,-943650 21030796))
32723;POLYGON((-938158 21193969,-937320 21166272,-1150041 21256967,-1152232 21283642,-938158 21193969))
32724;POLYGON((-963068 21367163,-956214 21337264,-1181245 21418610,-1191264 21446176,-963068 21367163))
32725;POLYGON((-1033147 21559252,-1017613 21525449,-1267680 21589312,-1288963 21619373,-1033147 21559252))
32726;POLYGON((-1166259 21782583,-1138835 21742546,-1431714 21780328,-1468415 21815169,-1166259 21782583))
32727;POLYGON((-1383781 22053749,-1340642 22004382,-1700267 22007370,-1757359 22050109,-1383781 22053749))
32728;POLYGON((-1711061 22394454,-1647686 22331744,-2105420 22291584,-2188795 22346348,-1711061 22394454))
32729;POLYGON((-2177902 22832509,-2088992 22751350,-2685066 22660657,-2801655 22732785,-2177902 22832509))
32730;POLYGON((-2819103 23402947,-2698488 23296948,-3483628 23150086,-3641522 23246349,-2819103 23402947))
32731;POLYGON((4078387 23629762,4217467 23751040,5162835 23564893,4980855 23453505,4078387 23629762))
32732;POLYGON((3370390 23005984,3474323 23098675,4190083 22971016,4053931 22887766,3370390 23005984))
32733;POLYGON((2849557 22528086,2924985 22599307,3469863 22526188,3370816 22463493,2849557 22528086))
32734;POLYGON((2479304 22158353,2531949 22213827,2952979 22188932,2883545 22140767,2479304 22158353))
32735;POLYGON((2228222 21866699,2262983 21910961,2597269 21926505,2551049 21888164,2228222 21866699))
32736;POLYGON((2069534 21629500,2090575 21666084,2366852 21713531,2338428 21681414,2069534 21629500))
32737;POLYGON((1980594 21428562,1991422 21460164,2231439 21530793,2216260 21502219,1980594 21428562))
32738;POLYGON((1942414 21250212,1945958 21278832,2165691 21364166,2159975 21337209,1942414 21250212))
32739;POLYGON((1939237 21084498,1937917 21111567,2148633 21203689,2149268 21177034,1939237 21084498))
32740;POLYGON((1958145 20924493,1953931 20950981,2163108 21042751,2167571 21015573,1958145 20924493))
32741;POLYGON((1988689 20765690,1983167 20792204,2195285 20877397,2201561 20849251,1988689 20765690))
32742;POLYGON((2022568 20605491,2016985 20632351,2234203 20705731,2240716 20676463,2022568 20605491))
32743;POLYGON((2053324 20442763,2048639 20470072,2271369 20527408,2276916 20497082,2053324 20442763))
32744;POLYGON((2076073 20277471,2073003 20305174,2300382 20343215,2304076 20312047,2076073 20277471))
32745;POLYGON((2087265 20110371,2086318 20138297,2316603 20154724,2317821 20123031,2087265 20110371))
32746;POLYGON((2084465 19942755,2085978 19970661,2316862 19964006,2315201 19932166,2084465 19942755))
32747;POLYGON((2066162 19776254,2070330 19803852,2299198 19773408,2294430 19741825,2066162 19776254))
32748;POLYGON((2031601 19612674,2038503 19639656,2262623 19585377,2254665 19554459,2031601 19612674))
32749;POLYGON((1980633 19453874,1990258 19479931,2206930 19402332,2195810 19372473,1980633 19453874))
32750;POLYGON((1913595 19301675,1925858 19326509,2132517 19226566,2118350 19198131,1913595 19301675))
32751;POLYGON((1831193 19157795,1845955 19181129,2040244 19060187,2023209 19033506,1831193 19157795))
32752;POLYGON((1734421 19023808,1751499 19045391,1931309 18905076,1911632 18880438,1734421 19023808))
32753;POLYGON((1624478 18901115,1643660 18920726,1807152 18762871,1785089 18740526,1624478 18901115))
32754;POLYGON((1502710 18790936,1523765 18808384,1669370 18634964,1645200 18615122,1502710 18790936))
32755;POLYGON((1370564 18694307,1393246 18709432,1519660 18522515,1493671 18505345,1370564 18694307))
32756;POLYGON((1229550 18612085,1253603 18624757,1359770 18426461,1332256 18412101,1229550 18612085))
32757;POLYGON((1081215 18544962,1106380 18555076,1191467 18347543,1162722 18336097,1081215 18544962))
32758;POLYGON((927121 18493474,953136 18500951,1016516 18286324,986834 18277872,927121 18493474))
32759;POLYGON((768840 18458013,795444 18462798,836670 18243214,806342 18237811,768840 18458013))
32760;POLYGON((607942 18438843,634874 18440899,653668 18218488,622982 18216166,607942 18438843))
32601;POLYGON((445999 8436099,472996 8435414,469234 8212296,438476 8213070,445999 8436099))
32602;POLYGON((284579 8449804,311379 8446380,285086 8224675,254543 8228541,284579 8449804))
32603;POLYGON((125251 8479857,151594 8473721,102944 8255552,72903 8262485,125251 8479857))
32604;POLYGON((-30412 8526040,-4789 8517236,-75463 8304735,-104712 8314692,-30412 8526040))
32605;POLYGON((-180842 8588004,-156200 8576599,-248393 8371907,-276559 8384821,-180842 8588004))
32606;POLYGON((-324469 8665261,-301070 8651348,-414089 8456608,-440877 8472388,-324469 8665261))
32607;POLYGON((-459741 8757175,-437841 8740870,-570781 8558219,-595897 8576744,-459741 8757175))
32608;POLYGON((-585132 8862944,-564983 8844393,-716708 8675935,-739859 8697052,-585132 8862944))
32609;POLYGON((-699173 8981592,-681014 8960970,-850133 8808747,-871036 8832267,-699173 8981592))
32610;POLYGON((-800477 9111961,-784533 9089474,-969387 8955422,-987774 8981115,-800477 9111961))
32611;POLYGON((-887790 9252710,-874258 9228593,-1072918 9114483,-1088545 9142080,-887790 9252710))
32612;POLYGON((-960044 9402320,-949086 9376839,-1159356 9284212,-1172019 9313403,-960044 9402320))
32613;POLYGON((-1016427 9559118,-1008157 9532561,-1227605 9462648,-1237154 9493084,-1016427 9559118))
32614;POLYGON((-1056467 9721312,-1050936 9693983,-1276943 9647617,-1283304 9678918,-1056467 9721312))
32615;POLYGON((-1080138 9887044,-1077315 9859255,-1307156 9836777,-1310353 9868540,-1080138 9887044))
32616;POLYGON((-1087978 10054481,-1087728 10026531,-1318693 10027685,-1318876 10059501,-1087978 10054481))
32617;POLYGON((-1081229 10221917,-1083290 10194076,-1312840 10217912,-1310320 10249386,-1081229 10221917))
32618;POLYGON((-1061997 10387927,-1065950 10360406,-1291936 10405181,-1287222 10435962,-1061997 10387927))
32619;POLYGON((-1033438 10551550,-1038675 10524467,-1259610 10587559,-1253451 10617374,-1033438 10551550))
32620;POLYGON((-999966 10712527,-1005655 10685865,-1221052 10763703,-1214485 10792406,-999966 10712527))
32621;POLYGON((-967484 10871588,-972528 10845142,-1183323 10933160,-1177731 10960787,-967484 10871588))
32622;POLYGON((-943650 11030796,-946637 11004114,-1155697 11096740,-1152866 11123580,-943650 11030796))
32623;POLYGON((-938158 11193969,-937320 11166272,-1150041 11256967,-1152232 11283642,-938158 11193969))
32624;POLYGON((-963068 11367163,-956214 11337264,-1181245 11418610,-1191264 11446176,-963068 11367163))
32625;POLYGON((-1033147 11559252,-1017613 11525449,-1267680 11589312,-1288963 11619373,-1033147 11559252))
32626;POLYGON((-1166259 11782583,-1138835 11742546,-1431714 11780328,-1468415 11815169,-1166259 11782583))
32627;POLYGON((-1383781 12053749,-1340642 12004382,-1700267 12007370,-1757359 12050109,-1383781 12053749))
32628;POLYGON((-1711061 12394454,-1647686 12331744,-2105420 12291584,-2188795 12346348,-1711061 12394454))
32629;POLYGON((-2177902 12832509,-2088992 12751350,-2685066 12660657,-2801655 12732785,-2177902 12832509))
32630;POLYGON((-2819103 13402947,-2698488 13296948,-3483628 13150086,-3641522 13246349,-2819103 13402947))
32631;POLYGON((4078387 13629762,4217467 13751040,5162835 13564893,4980855 13453505,4078387 13629762))
32632;POLYGON((3370390 13005984,3474323 13098675,4190083 12971016,4053931 12887766,3370390 13005984))
32633;POLYGON((2849557 12528086,2924985 12599307,3469863 12526188,3370816 12463493,2849557 12528086))
32634;POLYGON((2479304 12158353,2531949 12213827,2952979 12188932,2883545 12140767,2479304 12158353))
32635;POLYGON((2228222 11866699,2262983 11910961,2597269 11926505,2551049 11888164,2228222 11866699))
32636;POLYGON((2069534 11629500,2090575 11666084,2366852 11713531,2338428 11681414,2069534 11629500))
32637;POLYGON((1980594 11428562,1991422 11460164,2231439 11530793,2216260 11502219,1980594 11428562))
32638;POLYGON((1942414 11250212,1945958 11278832,2165691 11364166,2159975 11337209,1942414 11250212))
32639;POLYGON((1939237 11084498,1937917 11111567,2148633 11203689,2149268 11177034,1939237 11084498))
32640;POLYGON((1958145 10924493,1953931 10950981,2163108 11042751,2167571 11015573,1958145 10924493))
32641;POLYGON((1988689 10765690,1983167 10792204,2195285 10877397,2201561 10849251,1988689 10765690))
32642;POLYGON((2022568 10605491,2016985 10632351,2234203 10705731,2240716 10676463,2022568 10605491))
32643;POLYGON((2053324 10442763,2048639 10470072,2271369 10527408,2276916 10497082,2053324 10442763))
32644;POLYGON((2076073 10277471,2073003 10305174,2300382 10343215,2304076 10312047,2076073 10277471))
32645;POLYGON((2087265 10110371,2086318 10138297,2316603 10154724,2317821 10123031,2087265 10110371))
32646;POLYGON((2084465 9942755,2085978 9970661,2316862 9964006,2315201 9932166,2084465 9942755))
32647;POLYGON((2066162 9776254,2070330 9803852,2299198 9773408,2294430 9741825,2066162 9776254))
32648;POLYGON((2031601 9612674,2038503 9639656,2262623 9585377,2254665 9554459,2031601 9612674))
32649;POLYGON((1980633 9453874,1990258 9479931,2206930 9402332,2195810 9372473,1980633 9453874))
32650;POLYGON((1913595 9301675,1925858 9326509,2132517 9226566,2118350 9198131,1913595 9301675))
32651;POLYGON((1831193 9157795,1845955 9181129,2040244 9060187,2023209 9033506,1831193 9157795))
32652;POLYGON((1734421 9023808,1751499 9045391,1931309 8905076,1911632 8880438,1734421 9023808))
32653;POLYGON((1624478 8901115,1643660 8920726,1807152 8762871,1785089 8740526,1624478 8901115))
32654;POLYGON((1502710 8790936,1523765 8808384,1669370 8634964,1645200 8615122,1502710 8790936))
32655;POLYGON((1370564 8694307,1393246 8709432,1519660 8522515,1493671 8505345,1370564 8694307))
32656;POLYGON((1229550 8612085,1253603 8624757,1359770 8426461,1332256 8412101,1229550 8612085))
32657;POLYGON((1081215 8544962,1106380 8555076,1191467 8347543,1162722 8336097,1081215 8544962))
32658;POLYGON((927121 8493474,953136 8500951,1016516 8286324,986834 8277872,927121 8493474))
32659;POLYGON((768840 8458013,795444 8462798,836670 8243214,806342 8237811,768840 8458013))
32660;POLYGON((607942 8438843,634874 8440899,653668 8218488,622982 8216166,607942 8438843))
