32701;POLYGON((405698 17209946,452844 17208827,449348 16985983,398706 16987164,405698 17209946))
32702;POLYGON((123536 17232326,170432 17226731,145951 17004893,95555 17010805,123536 17232326))
32703;POLYGON((-155936 17281577,-109632 17271502,-155133 17052214,-204945 17062870,-155936 17281577))
32704;POLYGON((-430617 17357714,-385262 17343158,-451832 17128049,-500702 17143470,-430617 17357714))
32705;POLYGON((-698266 17460718,-654246 17441688,-741910 17232520,-789444 17252722,-698266 17460718))
32706;POLYGON((-956460 17590481,-914194 17567005,-1022904 17365705,-1068665 17390694,-956460 17590481))
32707;POLYGON((-1202557 17746727,-1162500 17718866,-1292065 17527558,-1335563 17557305,-1202557 17746727))
32708;POLYGON((-1433668 17928917,-1396320 17896784,-1546311 17717784,-1587000 17752207,-1433668 17928917))
32709;POLYGON((-1646657 18136121,-1612558 18099904,-1782203 17935698,-1819471 17974631,-1646657 18136121))
32710;POLYGON((-1838157 18366875,-1807882 18326863,-1995921 18180033,-2029096 18223193,-1838157 18366875))
32711;POLYGON((-2004603 18619005,-1978757 18575617,-2183280 18448711,-2211631 18495653,-2004603 18619005))
32712;POLYGON((-2142309 18889418,-2121512 18843244,-2339759 18738560,-2362503 18788628,-2142309 18889418))
32713;POLYGON((-2247557 19173868,-2232425 19125706,-2460554 19044981,-2476868 19097241,-2247557 19173868))
32714;POLYGON((-2316734 19466679,-2307856 19417588,-2540667 19361537,-2549708 19414707,-2316734 19466679))
32715;POLYGON((-2346500 19760434,-2344405 19711784,-2575025 19679480,-2575949 19731837,-2346500 19760434))
32716;POLYGON((-2333998 20045615,-2339118 19999156,-2558630 19987182,-2550625 20036464,-2333998 20045615))
32717;POLYGON((-2277104 20310208,-2289730 20268134,-2486749 20269479,-2469068 20312762,-2277104 20310208))
32718;POLYGON((-2174735 20539240,-2194961 20504273,-2355149 20506903,-2327152 20540465,-2174735 20539240))
32719;POLYGON((-2027191 20714278,-2054855 20689754,-2160364 20674798,-2121572 20693954,-2027191 20714278))
32720;POLYGON((-1836567 20812851,-1871176 20802821,-1900024 20742296,-1850171 20741220,-1836567 20812851))
32721;POLYGON((-1607212 20807821,-1647863 20817162,-1573215 20671157,-1512321 20642666,-1607212 20807821))
32722;POLYGON((-1346250 20666673,-1391540 20701209,-1180909 20414434,-1109351 20349756,-1346250 20666673))
32723;POLYGON((-1064169 20350729,-1112088 20417371,-726434 19914972,-645033 19803471,-1064169 20350729))
32724;POLYGON((-775467 19814284,-823292 19921177,-216011 19103702,-126126 18932577,-775467 19814284))
32725;POLYGON((-499384 19003647,-543545 19160337,340652 17897731,437020 17651675,-499384 19003647))
32726;POLYGON((-260690 17856088,-296638 18073705,929708 16198191,1029797 15859010,-260690 17856088))
32727;POLYGON((-90560 16298679,-112616 16590139,1532436 13887853,1632599 13434040,-90560 16298679))
32728;POLYGON((-27530 14247027,-28717 14627248,2124459 10828455,2220022 10234717,-27530 14247027))
32729;POLYGON((-118528 11603888,-90396 12090034,2674870 6857746,2759985 6094486,-118528 11603888))
32730;POLYGON((-420002 8257652,-352431 8869390,3145303 1786220,3212777 818955,-420002 8257652))
32731;POLYGON((1578543 6964433,1670206 6281664,-2391736 -2313799,-2336246 -1229903,1578543 6964433))
32732;POLYGON((1192549 10572554,1239024 10026238,-2000085 3611968,-1922801 4472590,1192549 10572554))
32733;POLYGON((1038168 13436902,1050484 13006013,-1498227 8293671,-1407077 8968179,1038168 13436902))
32734;POLYGON((1055516 15674234,1042934 15340392,-930071 11940971,-831554 12461328,1055516 15674234))
32735;POLYGON((1194620 17386409,1164830 17133605,-331387 14733903,-230744 15127487,1194620 17386409))
32736;POLYGON((1414266 18661943,1373576 18476288,269195 16826376,367821 17116523,1414266 18661943))
32737;POLYGON((1680936 19577439,1634440 19446935,849277 18349326,942699 18555832,1680936 19577439))
32738;POLYGON((1967825 20198891,1919563 20113226,1391848 19413581,1477699 19553146,1967825 20198891))
32739;POLYGON((2253943 20582883,2207045 20533231,1884515 20112429,1961128 20199062,2253943 20582883))
32740;POLYGON((2523294 20777671,2480113 20756525,2318804 20523929,2385103 20569307,2523294 20777671))
32741;POLYGON((2764129 20824174,2726357 20825184,2689521 20712977,2744917 20726770,2764129 20824174))
32742;POLYGON((2968273 20756869,2937051 20774701,2994179 20733147,3038485 20723299,2968273 20756869))
32743;POLYGON((3130510 20604606,3106526 20634811,3232486 20628324,3265833 20601312,3130510 20604606))
32744;POLYGON((3248051 20391337,3231622 20430234,3405884 20434152,3428652 20395208,3248051 20391337))
32745;POLYGON((3320044 20136774,3311196 20181346,3517149 20179307,3529905 20132612,3320044 20136774))
32746;POLYGON((3347152 19856985,3345686 19904783,3570034 19886608,3573476 19835468,3347152 19856985))
32747;POLYGON((3331188 19564916,3336736 19613980,3568968 19573997,3563882 19520988,3331188 19564916))
32748;POLYGON((3274796 19270870,3286871 19319648,3518796 19255379,3506012 19202479,3274796 19270870))
32749;POLYGON((3181180 18982923,3199220 19030206,3424559 18941354,3404926 18890053,3181180 18982923))
32750;POLYGON((3053883 18707295,3077282 18752161,3291322 18639842,3265674 18591238,3053883 18707295))
32751;POLYGON((2896603 18448675,2924740 18490437,3124029 18356617,3093171 18311498,2896603 18448675))
32752;POLYGON((2713051 18210513,2745312 18248671,2927396 18095761,2892087 18054671,2713051 18210513))
32753;POLYGON((2506840 17995265,2542633 18029469,2705840 17860048,2666781 17823344,2506840 17995265))
32754;POLYGON((2281409 17804611,2320176 17834626,2463424 17651255,2421259 17619156,2281409 17804611))
32755;POLYGON((2039974 17639641,2081195 17665320,2203842 17470433,2159148 17443059,2039974 17639641))
32756;POLYGON((1785507 17501009,1828704 17522267,1930412 17318119,1883707 17295522,1785507 17501009))
32757;POLYGON((1520730 17389067,1565467 17405862,1646100 17194508,1597847 17176698,1520730 17389067))
32758;POLYGON((1248136 17303969,1294012 17316285,1353553 17099595,1304166 17086560,1248136 17303969))
32759;POLYGON((970021 17245757,1016665 17253592,1055153 17033278,1005006 17024997,970021 17245757))
32760;POLYGON((688528 17214422,735590 17217779,753073 16995436,702513 16991891,688528 17214422))
32601;POLYGON((405698 7209946,452844 7208827,449348 6985983,398706 6987164,405698 7209946))
32602;POLYGON((123536 7232326,170432 7226731,145951 7004893,95555 7010805,123536 7232326))
32603;POLYGON((-155936 7281577,-109632 7271502,-155133 7052214,-204945 7062870,-155936 7281577))
32604;POLYGON((-430617 7357714,-385262 7343158,-451832 7128049,-500702 7143470,-430617 7357714))
32605;POLYGON((-698266 7460718,-654246 7441688,-741910 7232520,-789444 7252722,-698266 7460718))
32606;POLYGON((-956460 7590481,-914194 7567005,-1022904 7365705,-1068665 7390694,-956460 7590481))
32607;POLYGON((-1202557 7746727,-1162500 7718866,-1292065 7527558,-1335563 7557305,-1202557 7746727))
32608;POLYGON((-1433668 7928917,-1396320 7896784,-1546311 7717784,-1587000 7752207,-1433668 7928917))
32609;POLYGON((-1646657 8136121,-1612558 8099904,-1782203 7935698,-1819471 7974631,-1646657 8136121))
32610;POLYGON((-1838157 8366875,-1807882 8326863,-1995921 8180033,-2029096 8223193,-1838157 8366875))
32611;POLYGON((-2004603 8619005,-1978757 8575617,-2183280 8448711,-2211631 8495653,-2004603 8619005))
32612;POLYGON((-2142309 8889418,-2121512 8843244,-2339759 8738560,-2362503 8788628,-2142309 8889418))
32613;POLYGON((-2247557 9173868,-2232425 9125706,-2460554 9044981,-2476868 9097241,-2247557 9173868))
32614;POLYGON((-2316734 9466679,-2307856 9417588,-2540667 9361537,-2549708 9414707,-2316734 9466679))
32615;POLYGON((-2346500 9760434,-2344405 9711784,-2575025 9679480,-2575949 9731837,-2346500 9760434))
32616;POLYGON((-2333998 10045615,-2339118 9999156,-2558630 9987182,-2550625 10036464,-2333998 10045615))
32617;POLYGON((-2277104 10310208,-2289730 10268134,-2486749 10269479,-2469068 10312762,-2277104 10310208))
32618;POLYGON((-2174735 10539240,-2194961 10504273,-2355149 10506903,-2327152 10540465,-2174735 10539240))
32619;POLYGON((-2027191 10714278,-2054855 10689754,-2160364 10674798,-2121572 10693954,-2027191 10714278))
32620;POLYGON((-1836567 10812851,-1871176 10802821,-1900024 10742296,-1850171 10741220,-1836567 10812851))
32621;POLYGON((-1607212 10807821,-1647863 10817162,-1573215 10671157,-1512321 10642666,-1607212 10807821))
32622;POLYGON((-1346250 10666673,-1391540 10701209,-1180909 10414434,-1109351 10349756,-1346250 10666673))
32623;POLYGON((-1064169 10350729,-1112088 10417371,-726434 9914972,-645033 9803471,-1064169 10350729))
32624;POLYGON((-775467 9814284,-823292 9921177,-216011 9103702,-126126 8932577,-775467 9814284))
32625;POLYGON((-499384 9003647,-543545 9160337,340652 7897731,437020 7651675,-499384 9003647))
32626;POLYGON((-260690 7856088,-296638 8073705,929708 6198191,1029797 5859010,-260690 7856088))
32627;POLYGON((-90560 6298679,-112616 6590139,1532436 3887853,1632599 3434040,-90560 6298679))
32628;POLYGON((-27530 4247027,-28717 4627248,2124459 828455,2220022 234717,-27530 4247027))
32629;POLYGON((-118528 1603888,-90396 2090034,2674870 -3142253,2759985 -3905513,-118528 1603888))
32630;POLYGON((-420002 -1742347,-352431 -1130609,3145303 -8213779,3212777 -9181044,-420002 -1742347))
32631;POLYGON((1578543 -3035566,1670206 -3718335,-2391736 -12313799,-2336246 -11229903,1578543 -3035566))
32632;POLYGON((1192549 572554,1239024 26238,-2000085 -6388031,-1922801 -5527409,1192549 572554))
32633;POLYGON((1038168 3436902,1050484 3006013,-1498227 -1706328,-1407077 -1031820,1038168 3436902))
32634;POLYGON((1055516 5674234,1042934 5340392,-930071 1940971,-831554 2461328,1055516 5674234))
32635;POLYGON((1194620 7386409,1164830 7133605,-331387 4733903,-230744 5127487,1194620 7386409))
32636;POLYGON((1414266 8661943,1373576 8476288,269195 6826376,367821 7116523,1414266 8661943))
32637;POLYGON((1680936 9577439,1634440 9446935,849277 8349326,942699 8555832,1680936 9577439))
32638;POLYGON((1967825 10198891,1919563 10113226,1391848 9413581,1477699 9553146,1967825 10198891))
32639;POLYGON((2253943 10582883,2207045 10533231,1884515 10112429,1961128 10199062,2253943 10582883))
32640;POLYGON((2523294 10777671,2480113 10756525,2318804 10523929,2385103 10569307,2523294 10777671))
32641;POLYGON((2764129 10824174,2726357 10825184,2689521 10712977,2744917 10726770,2764129 10824174))
32642;POLYGON((2968273 10756869,2937051 10774701,2994179 10733147,3038485 10723299,2968273 10756869))
32643;POLYGON((3130510 10604606,3106526 10634811,3232486 10628324,3265833 10601312,3130510 10604606))
32644;POLYGON((3248051 10391337,3231622 10430234,3405884 10434152,3428652 10395208,3248051 10391337))
32645;POLYGON((3320044 10136774,3311196 10181346,3517149 10179307,3529905 10132612,3320044 10136774))
32646;POLYGON((3347152 9856985,3345686 9904783,3570034 9886608,3573476 9835468,3347152 9856985))
32647;POLYGON((3331188 9564916,3336736 9613980,3568968 9573997,3563882 9520988,3331188 9564916))
32648;POLYGON((3274796 9270870,3286871 9319648,3518796 9255379,3506012 9202479,3274796 9270870))
32649;POLYGON((3181180 8982923,3199220 9030206,3424559 8941354,3404926 8890053,3181180 8982923))
32650;POLYGON((3053883 8707295,3077282 8752161,3291322 8639842,3265674 8591238,3053883 8707295))
32651;POLYGON((2896603 8448675,2924740 8490437,3124029 8356617,3093171 8311498,2896603 8448675))
32652;POLYGON((2713051 8210513,2745312 8248671,2927396 8095761,2892087 8054671,2713051 8210513))
32653;POLYGON((2506840 7995265,2542633 8029469,2705840 7860048,2666781 7823344,2506840 7995265))
32654;POLYGON((2281409 7804611,2320176 7834626,2463424 7651255,2421259 7619156,2281409 7804611))
32655;POLYGON((2039974 7639641,2081195 7665320,2203842 7470433,2159148 7443059,2039974 7639641))
32656;POLYGON((1785507 7501009,1828704 7522267,1930412 7318119,1883707 7295522,1785507 7501009))
32657;POLYGON((1520730 7389067,1565467 7405862,1646100 7194508,1597847 7176698,1520730 7389067))
32658;POLYGON((1248136 7303969,1294012 7316285,1353553 7099595,1304166 7086560,1248136 7303969))
32659;POLYGON((970021 7245757,1016665 7253592,1055153 7033278,1005006 7024997,970021 7245757))
32660;POLYGON((688528 7214422,735590 7217779,753073 6995436,702513 6991891,688528 7214422))
