32701;POLYGON((488315 336776,494157 336928,498051 113667,496103 113616,488315 336776))
32702;POLYGON((453405 333726,459198 334487,486394 112852,484462 112597,453405 333726))
32703;POLYGON((419002 327047,424684 328410,474885 110823,472990 110368,419002 327047))
32704;POLYGON((385482 316813,390991 318762,463652 107602,461815 106952,385482 316813))
32705;POLYGON((353211 303134,358487 305647,452816 103225,451057 102386,353211 303134))
32706;POLYGON((322541 286157,327527 289208,442497 97739,440836 96721,322541 286157))
32707;POLYGON((293810 266066,298450 269622,432808 91205,431262 90019,293810 266066))
32708;POLYGON((267331 243080,271575 247102,423855 83693,422442 82352,267331 243080))
32709;POLYGON((243396 217448,247197 221892,415736 75287,414471 73806,243396 217448))
32710;POLYGON((222268 189450,225584 194268,408540 66078,407437 64472,222268 189450))
32711;POLYGON((204180 159392,206974 164531,402347 56167,401417 54455,204180 159392))
32712;POLYGON((189329 127600,191572 133005,397223 45663,396477 43863,189329 127600))
32713;POLYGON((177879 94423,179546 100034,393226 34681,392672 32812,177879 94423))
32714;POLYGON((169950 60222,171023 65978,390400 23340,390045 21424,169950 60222))
32715;POLYGON((165624 25367,166093 31205,388776 11766,388623 9823,165624 25367))
32716;POLYGON((164936 -9768,164798 -3908,388373 85,388425 -1862,164936 -9768))
32717;POLYGON((167879 -44812,167138 -38993,389197 -11574,389454 -13506,167879 -44812))
32718;POLYGON((174395 -79401,173065 -73683,391242 -23085,391700 -24980,174395 -79401))
32719;POLYGON((184381 -113191,182482 -107629,394488 -34321,395144 -36158,184381 -113191))
32720;POLYGON((197685 -145858,195245 -140504,398905 -45159,399752 -46919,197685 -145858))
32721;POLYGON((214105 -177114,211162 -172013,404451 -55481,405481 -57143,214105 -177114))
32722;POLYGON((233391 -206713,229990 -201904,411075 -65172,412279 -66719,233391 -206713))
32723;POLYGON((255245 -234462,251438 -229972,418717 -74128,420085 -75542,255245 -234462))
32724;POLYGON((279321 -260232,275170 -256078,427312 -82248,428832 -83514,279321 -260232))
32725;POLYGON((305229 -283969,300801 -280153,436789 -89443,438450 -90546,305229 -283969))
32726;POLYGON((332535 -305708,327906 -302219,447077 -95631,448865 -96559,332535 -305708))
32727;POLYGON((360765 -325587,356017 -322394,458102 -100741,460006 -101483,360765 -325587))
32728;POLYGON((389408 -343862,384628 -340913,469796 -104712,471806 -105259,389408 -343862))
32729;POLYGON((417918 -360921,413199 -358141,482099 -107491,484205 -107835,417918 -360921))
32730;POLYGON((445722 -377304,441162 -374593,494960 -109036,497154 -109171,445722 -377304))
32731;POLYGON((545269 -382732,540826 -385457,496175 -109363,498412 -109335,545269 -382732))
32732;POLYGON((572706 -366426,568054 -369157,509386 -108660,511537 -108420,572706 -366426))
32733;POLYGON((601046 -349660,596285 -352513,522065 -106700,524124 -106253,601046 -349660))
32734;POLYGON((629706 -331841,624931 -334904,534171 -103518,536130 -102872,629706 -331841))
32735;POLYGON((658132 -312531,653434 -315867,545650 -99161,547498 -98325,658132 -312531))
32736;POLYGON((685801 -291432,681263 -295082,556437 -93684,558163 -92667,685801 -291432))
32737;POLYGON((712225 -268370,707927 -272354,566462 -87152,568054 -85966,712225 -268370))
32738;POLYGON((736958 -243276,732971 -247600,575654 -79640,577099 -78298,736958 -243276))
32739;POLYGON((759593 -216176,755982 -220829,583939 -71231,585227 -69748,759593 -216176))
32740;POLYGON((779770 -187175,776592 -192134,591249 -62019,592368 -60412,779770 -187175))
32741;POLYGON((797175 -156446,794479 -161678,597519 -52105,598459 -50392,797175 -156446))
32742;POLYGON((811543 -124219,809369 -129683,602694 -41598,603446 -39798,811543 -124219))
32743;POLYGON((822654 -90770,821036 -96417,606725 -30614,607282 -28745,822654 -90770))
32744;POLYGON((830341 -56410,829304 -62185,609573 -19272,609931 -17356,830341 -56410))
32745;POLYGON((834483 -21477,834043 -27324,611213 -7698,611367 -5755,834483 -21477))
32746;POLYGON((835009 13667,835174 7811,611628 3983,611578 5931,835009 13667))
32747;POLYGON((831894 48658,832665 42853,610817 15642,610563 17574,831894 48658))
32748;POLYGON((825159 83119,826531 77428,608790 27152,608335 29047,825159 83119))
32749;POLYGON((814871 116678,816828 111163,605569 38387,604918 40224,814871 116678))
32750;POLYGON((801138 148970,803660 143691,601191 49223,600352 50982,801138 148970))
32751;POLYGON((784109 179644,787168 174658,595704 59542,594685 61204,784109 179644))
32752;POLYGON((763970 208364,767533 203726,589168 69231,587981 70777,763970 208364))
32753;POLYGON((740943 234817,744971 230578,581655 78183,580313 79597,740943 234817))
32754;POLYGON((715281 258714,719729 254920,573247 86301,571766 87566,715281 258714))
32755;POLYGON((687266 279796,692086 276488,564038 93495,562432 94599,687266 279796))
32756;POLYGON((657206 297833,662345 295047,554127 99687,552414 100617,657206 297833))
32757;POLYGON((625431 312630,630831 310396,543623 104810,541822 105555,625431 312630))
32758;POLYGON((592287 324027,597891 322369,532641 108806,530773 109359,592287 324027))
32759;POLYGON((558137 331900,563883 330836,521302 111633,519386 111988,558137 331900))
32760;POLYGON((523353 336165,529179 335707,509730 113259,507787 113412,523353 336165))
32601;POLYGON((488315 -9663223,494157 -9663071,498051 -9886332,496103 -9886383,488315 -9663223))
32602;POLYGON((453405 -9666273,459198 -9665512,486394 -9887147,484462 -9887402,453405 -9666273))
32603;POLYGON((419002 -9672952,424684 -9671589,474885 -9889176,472990 -9889631,419002 -9672952))
32604;POLYGON((385482 -9683186,390991 -9681237,463652 -9892397,461815 -9893047,385482 -9683186))
32605;POLYGON((353211 -9696865,358487 -9694352,452816 -9896774,451057 -9897613,353211 -9696865))
32606;POLYGON((322541 -9713842,327527 -9710791,442497 -9902260,440836 -9903278,322541 -9713842))
32607;POLYGON((293810 -9733933,298450 -9730377,432808 -9908794,431262 -9909980,293810 -9733933))
32608;POLYGON((267331 -9756919,271575 -9752897,423855 -9916306,422442 -9917647,267331 -9756919))
32609;POLYGON((243396 -9782551,247197 -9778107,415736 -9924712,414471 -9926193,243396 -9782551))
32610;POLYGON((222268 -9810549,225584 -9805731,408540 -9933921,407437 -9935527,222268 -9810549))
32611;POLYGON((204180 -9840607,206974 -9835468,402347 -9943832,401417 -9945544,204180 -9840607))
32612;POLYGON((189329 -9872399,191572 -9866994,397223 -9954336,396477 -9956136,189329 -9872399))
32613;POLYGON((177879 -9905576,179546 -9899965,393226 -9965318,392672 -9967187,177879 -9905576))
32614;POLYGON((169950 -9939777,171023 -9934021,390400 -9976659,390045 -9978575,169950 -9939777))
32615;POLYGON((165624 -9974632,166093 -9968794,388776 -9988233,388623 -9990176,165624 -9974632))
32616;POLYGON((164936 -10009768,164798 -10003908,388373 -9999914,388425 -10001862,164936 -10009768))
32617;POLYGON((167879 -10044812,167138 -10038993,389197 -10011574,389454 -10013506,167879 -10044812))
32618;POLYGON((174395 -10079401,173065 -10073683,391242 -10023085,391700 -10024980,174395 -10079401))
32619;POLYGON((184381 -10113191,182482 -10107629,394488 -10034321,395144 -10036158,184381 -10113191))
32620;POLYGON((197685 -10145858,195245 -10140504,398905 -10045159,399752 -10046919,197685 -10145858))
32621;POLYGON((214105 -10177114,211162 -10172013,404451 -10055481,405481 -10057143,214105 -10177114))
32622;POLYGON((233391 -10206713,229990 -10201904,411075 -10065172,412279 -10066719,233391 -10206713))
32623;POLYGON((255245 -10234462,251438 -10229972,418717 -10074128,420085 -10075542,255245 -10234462))
32624;POLYGON((279321 -10260232,275170 -10256078,427312 -10082248,428832 -10083514,279321 -10260232))
32625;POLYGON((305229 -10283969,300801 -10280153,436789 -10089443,438450 -10090546,305229 -10283969))
32626;POLYGON((332535 -10305708,327906 -10302219,447077 -10095631,448865 -10096559,332535 -10305708))
32627;POLYGON((360765 -10325587,356017 -10322394,458102 -10100741,460006 -10101483,360765 -10325587))
32628;POLYGON((389408 -10343862,384628 -10340913,469796 -10104712,471806 -10105259,389408 -10343862))
32629;POLYGON((417918 -10360921,413199 -10358141,482099 -10107491,484205 -10107835,417918 -10360921))
32630;POLYGON((445722 -10377304,441162 -10374593,494960 -10109036,497154 -10109171,445722 -10377304))
32631;POLYGON((545269 -10382732,540826 -10385457,496175 -10109363,498412 -10109335,545269 -10382732))
32632;POLYGON((572706 -10366426,568054 -10369157,509386 -10108660,511537 -10108420,572706 -10366426))
32633;POLYGON((601046 -10349660,596285 -10352513,522065 -10106700,524124 -10106253,601046 -10349660))
32634;POLYGON((629706 -10331841,624931 -10334904,534171 -10103518,536130 -10102872,629706 -10331841))
32635;POLYGON((658132 -10312531,653434 -10315867,545650 -10099161,547498 -10098325,658132 -10312531))
32636;POLYGON((685801 -10291432,681263 -10295082,556437 -10093684,558163 -10092667,685801 -10291432))
32637;POLYGON((712225 -10268370,707927 -10272354,566462 -10087152,568054 -10085966,712225 -10268370))
32638;POLYGON((736958 -10243276,732971 -10247600,575654 -10079640,577099 -10078298,736958 -10243276))
32639;POLYGON((759593 -10216176,755982 -10220829,583939 -10071231,585227 -10069748,759593 -10216176))
32640;POLYGON((779770 -10187175,776592 -10192134,591249 -10062019,592368 -10060412,779770 -10187175))
32641;POLYGON((797175 -10156446,794479 -10161678,597519 -10052105,598459 -10050392,797175 -10156446))
32642;POLYGON((811543 -10124219,809369 -10129683,602694 -10041598,603446 -10039798,811543 -10124219))
32643;POLYGON((822654 -10090770,821036 -10096417,606725 -10030614,607282 -10028745,822654 -10090770))
32644;POLYGON((830341 -10056410,829304 -10062185,609573 -10019272,609931 -10017356,830341 -10056410))
32645;POLYGON((834483 -10021477,834043 -10027324,611213 -10007698,611367 -10005755,834483 -10021477))
32646;POLYGON((835009 -9986332,835174 -9992188,611628 -9996016,611578 -9994068,835009 -9986332))
32647;POLYGON((831894 -9951341,832665 -9957146,610817 -9984357,610563 -9982425,831894 -9951341))
32648;POLYGON((825159 -9916880,826531 -9922571,608790 -9972847,608335 -9970952,825159 -9916880))
32649;POLYGON((814871 -9883321,816828 -9888836,605569 -9961612,604918 -9959775,814871 -9883321))
32650;POLYGON((801138 -9851029,803660 -9856308,601191 -9950776,600352 -9949017,801138 -9851029))
32651;POLYGON((784109 -9820355,787168 -9825341,595704 -9940457,594685 -9938795,784109 -9820355))
32652;POLYGON((763970 -9791635,767533 -9796273,589168 -9930768,587981 -9929222,763970 -9791635))
32653;POLYGON((740943 -9765182,744971 -9769421,581655 -9921816,580313 -9920402,740943 -9765182))
32654;POLYGON((715281 -9741285,719729 -9745079,573247 -9913698,571766 -9912433,715281 -9741285))
32655;POLYGON((687266 -9720203,692086 -9723511,564038 -9906504,562432 -9905400,687266 -9720203))
32656;POLYGON((657206 -9702166,662345 -9704952,554127 -9900312,552414 -9899382,657206 -9702166))
32657;POLYGON((625431 -9687369,630831 -9689603,543623 -9895189,541822 -9894444,625431 -9687369))
32658;POLYGON((592287 -9675972,597891 -9677630,532641 -9891193,530773 -9890640,592287 -9675972))
32659;POLYGON((558137 -9668099,563883 -9669163,521302 -9888366,519386 -9888011,558137 -9668099))
32660;POLYGON((523353 -9663834,529179 -9664292,509730 -9886740,507787 -9886587,523353 -9663834))
