32701;POLYGON((402187 17098548,451089 17097397,447624 16874583,395257 16875794,402187 17098548))
32702;POLYGON((109487 17121573,158140 17115816,133870 16893963,81745 16900022,109487 17121573))
32703;POLYGON((-180537 17172261,-132473 17161889,-177605 16942476,-229155 16953404,-180537 17172261))
32704;POLYGON((-465782 17250673,-418666 17235676,-484750 17020273,-535366 17036100,-465782 17250673))
32705;POLYGON((-743989 17356856,-698212 17337230,-785330 17127550,-834617 17148309,-743989 17356856))
32706;POLYGON((-1012690 17490785,-968679 17466542,-1076855 17264483,-1124370 17290196,-1012690 17490785))
32707;POLYGON((-1269160 17652276,-1227389 17623461,-1356514 17431137,-1401752 17461795,-1269160 17652276))
32708;POLYGON((-1510385 17840878,-1471377 17807592,-1621114 17627337,-1663502 17662876,-1510385 17840878))
32709;POLYGON((-1733047 18055736,-1697376 18018155,-1867035 17852503,-1905926 17892774,-1733047 18055736))
32710;POLYGON((-1933526 18295416,-1901816 18253828,-2090202 18105443,-2124873 18150170,-1933526 18295416))
32711;POLYGON((-2107932 18557705,-2080847 18512543,-2286076 18384086,-2315723 18432817,-2107932 18557705))
32712;POLYGON((-2252150 18839360,-2230390 18791248,-2449657 18685159,-2473406 18737203,-2252150 18839360))
32713;POLYGON((-2361931 19135819,-2346208 19085622,-2575522 19003786,-2592431 19058144,-2361931 19135819))
32714;POLYGON((-2432999 19440861,-2424021 19389748,-2657878 19333011,-2666950 19388282,-2432999 19440861))
32715;POLYGON((-2461204 19746204,-2459648 19695716,-2690647 19663216,-2690851 19717492,-2461204 19746204))
32716;POLYGON((-2442711 20041045,-2449184 19993180,-2667586 19981437,-2657873 20032175,-2442711 20041045))
32717;POLYGON((-2374227 20311532,-2389230 20268836,-2582428 20270546,-2561765 20314424,-2374227 20311532))
32718;POLYGON((-2253278 20540147,-2277153 20505821,-2429071 20508304,-2396471 20541041,-2253278 20540147))
32719;POLYGON((-2078532 20705013,-2111406 20683040,-2201797 20666243,-2156363 20682402,-2078532 20705013))
32720;POLYGON((-1850168 20779103,-1891889 20774381,-1895535 20708379,-1836505 20701132,-1850168 20779103))
32721;POLYGON((-1570308 20729340,-1620368 20747843,-1506163 20589731,-1432967 20550588,-1570308 20729340))
32722;POLYGON((-1243500 20515585,-1300950 20564541,-1030861 20254612,-943182 20173120,-1243500 20515585))
32723;POLYGON((-877264 20089503,-940619 20177588,-468505 19634692,-366352 19498082,-877264 20089503))
32724;POLYGON((-482697 19393283,-549832 19530849,179881 18646794,296096 18439590,-482697 19393283))
32725;POLYGON((-75154 18358222,-143182 18557541,910632 17190402,1040001 16893972,-75154 18358222))
32726;POLYGON((325013 16903136,259863 17178679,1716876 15144859,1857901 14736922,325013 16903136))
32727;POLYGON((691636 14932608,634167 15301345,2587927 12366229,2738409 11820290,691636 14932608))
32728;POLYGON((991833 12335043,948032 12816786,3508609 8683782,3665533 7968515,991833 12335043))
32729;POLYGON((1185041 8980523,1162245 9598294,4458522 3896100,4617923 2974653,1185041 8980523))
32730;POLYGON((1221958 4718449,1229039 5498891,5411235 -2233260,5568062 -3404028,1221958 4718449))
32731;POLYGON((-189612 3066751,-163733 2193730,-5031787 -7199504,-4878522 -5885703,-189612 3066751))
32732;POLYGON((-217420 7668752,-226489 6973220,-4095258 -24886,-3936439 1015403,-217420 7668752))
32733;POLYGON((-70367 11307963,-104674 10761301,-3140135 5628623,-2981413 6441999,-70367 11307963))
32734;POLYGON((199082 14142441,147618 13719869,-2197344 10023445,-2043208 10649803,199082 14142441))
32735;POLYGON((547574 16308723,485594 15988874,-1291212 13383839,-1145135 13857179,547574 16308723))
32736;POLYGON((939780 17924264,872658 17688790,-440314 15900537,-304888 16249685,939780 17924264))
32737;POLYGON((1347397 19089648,1279402 18922869,341750 17734921,464690 17984194,1347397 19089648))
32738;POLYGON((1748226 19890599,1682670 19779181,1045640 19022798,1154905 19192585,1748226 19890599))
32739;POLYGON((2125334 20399797,2064709 20332460,1665616 19877779,1760557 19985075,2125334 20399797))
32740;POLYGON((2466284 20678516,2412379 20645776,2198952 20394305,2279369 20453180,2466284 20678516))
32741;POLYGON((2762433 20778104,2716454 20772034,2645393 20650342,2711449 20672361,2762433 20778104))
32742;POLYGON((3008308 20741296,2970970 20755320,3006676 20709774,3058823 20704368,3008308 20741296))
32743;POLYGON((3201033 20603406,3172659 20632107,3286097 20624516,3325009 20599307,3201033 20603406))
32744;POLYGON((3339833 20393373,3320425 20432330,3488131 20436373,3514643 20397463,3339833 20393373))
32745;POLYGON((3425579 20134697,3414895 20180334,3618096 20178667,3633156 20130889,3425579 20134697))
32746;POLYGON((3460404 19846267,3458016 19895725,3681865 19877657,3686489 19824787,3460404 19846267))
32747;POLYGON((3447361 19543085,3452709 19594105,3685617 19553762,3680849 19498714,3447361 19543085))
32748;POLYGON((3390131 19236909,3402568 19287732,3635631 19222624,3622513 19167605,3390131 19236909))
32749;POLYGON((3292782 18936804,3311614 18986085,3538109 18896007,3517659 18842658,3292782 18936804))
32750;POLYGON((3159567 18649633,3184078 18696362,3399045 18582572,3372233 18532081,3159567 18649633))
32751;POLYGON((2994758 18380470,3024241 18423910,3224117 18288522,3191853 18241724,2994758 18380470))
32752;POLYGON((2802525 18132962,2836297 18172590,3018612 18018150,2981735 17975607,2802525 18132962))
32753;POLYGON((2586841 17909637,2624256 17945099,2787378 17774287,2746653 17736356,2586841 17909637))
32754;POLYGON((2351420 17712163,2391879 17743230,2534802 17558679,2490912 17525568,2351420 17712163))
32755;POLYGON((2099682 17541568,2142636 17568105,2264802 17372288,2218358 17344099,2099682 17541568))
32756;POLYGON((1834741 17398421,1879692 17420359,1980852 17215536,1932392 17192302,1834741 17398421))
32757;POLYGON((1559417 17282980,1605914 17300292,1686013 17088503,1636009 17070214,1559417 17282980))
32758;POLYGON((1276257 17195314,1323893 17207997,1382983 16991075,1331854 16977702,1276257 17195314))
32759;POLYGON((987586 17135392,1035987 17143455,1074157 16923060,1022277 16914570,987586 17135392))
32760;POLYGON((695550 17103152,744369 17106606,761700 16884271,709413 16880638,695550 17103152))
32601;POLYGON((402187 7098548,451089 7097397,447624 6874583,395257 6875794,402187 7098548))
32602;POLYGON((109487 7121573,158140 7115816,133870 6893963,81745 6900022,109487 7121573))
32603;POLYGON((-180537 7172261,-132473 7161889,-177605 6942476,-229155 6953404,-180537 7172261))
32604;POLYGON((-465782 7250673,-418666 7235676,-484750 7020273,-535366 7036100,-465782 7250673))
32605;POLYGON((-743989 7356856,-698212 7337230,-785330 7127550,-834617 7148309,-743989 7356856))
32606;POLYGON((-1012690 7490785,-968679 7466542,-1076855 7264483,-1124370 7290196,-1012690 7490785))
32607;POLYGON((-1269160 7652276,-1227389 7623461,-1356514 7431137,-1401752 7461795,-1269160 7652276))
32608;POLYGON((-1510385 7840878,-1471377 7807592,-1621114 7627337,-1663502 7662876,-1510385 7840878))
32609;POLYGON((-1733047 8055736,-1697376 8018155,-1867035 7852503,-1905926 7892774,-1733047 8055736))
32610;POLYGON((-1933526 8295416,-1901816 8253828,-2090202 8105443,-2124873 8150170,-1933526 8295416))
32611;POLYGON((-2107932 8557705,-2080847 8512543,-2286076 8384086,-2315723 8432817,-2107932 8557705))
32612;POLYGON((-2252150 8839360,-2230390 8791248,-2449657 8685159,-2473406 8737203,-2252150 8839360))
32613;POLYGON((-2361931 9135819,-2346208 9085622,-2575522 9003786,-2592431 9058144,-2361931 9135819))
32614;POLYGON((-2432999 9440861,-2424021 9389748,-2657878 9333011,-2666950 9388282,-2432999 9440861))
32615;POLYGON((-2461204 9746204,-2459648 9695716,-2690647 9663216,-2690851 9717492,-2461204 9746204))
32616;POLYGON((-2442711 10041045,-2449184 9993180,-2667586 9981437,-2657873 10032175,-2442711 10041045))
32617;POLYGON((-2374227 10311532,-2389230 10268836,-2582428 10270546,-2561765 10314424,-2374227 10311532))
32618;POLYGON((-2253278 10540147,-2277153 10505821,-2429071 10508304,-2396471 10541041,-2253278 10540147))
32619;POLYGON((-2078532 10705013,-2111406 10683040,-2201797 10666243,-2156363 10682402,-2078532 10705013))
32620;POLYGON((-1850168 10779103,-1891889 10774381,-1895535 10708379,-1836505 10701132,-1850168 10779103))
32621;POLYGON((-1570308 10729340,-1620368 10747843,-1506163 10589731,-1432967 10550588,-1570308 10729340))
32622;POLYGON((-1243500 10515585,-1300950 10564541,-1030861 10254612,-943182 10173120,-1243500 10515585))
32623;POLYGON((-877264 10089503,-940619 10177588,-468505 9634692,-366352 9498082,-877264 10089503))
32624;POLYGON((-482697 9393283,-549832 9530849,179881 8646794,296096 8439590,-482697 9393283))
32625;POLYGON((-75154 8358222,-143182 8557541,910632 7190402,1040001 6893972,-75154 8358222))
32626;POLYGON((325013 6903136,259863 7178679,1716876 5144859,1857901 4736922,325013 6903136))
32627;POLYGON((691636 4932608,634167 5301345,2587927 2366229,2738409 1820290,691636 4932608))
32628;POLYGON((991833 2335043,948032 2816786,3508609 -1316217,3665533 -2031484,991833 2335043))
32629;POLYGON((1185041 -1019476,1162245 -401705,4458522 -6103899,4617923 -7025346,1185041 -1019476))
32630;POLYGON((1221958 -5281550,1229039 -4501108,5411235 -12233260,5568062 -13404028,1221958 -5281550))
32631;POLYGON((-189612 -6933248,-163733 -7806269,-5031787 -17199504,-4878522 -15885703,-189612 -6933248))
32632;POLYGON((-217420 -2331247,-226489 -3026779,-4095258 -10024886,-3936439 -8984596,-217420 -2331247))
32633;POLYGON((-70367 1307963,-104674 761301,-3140135 -4371376,-2981413 -3558000,-70367 1307963))
32634;POLYGON((199082 4142441,147618 3719869,-2197344 23445,-2043208 649803,199082 4142441))
32635;POLYGON((547574 6308723,485594 5988874,-1291212 3383839,-1145135 3857179,547574 6308723))
32636;POLYGON((939780 7924264,872658 7688790,-440314 5900537,-304888 6249685,939780 7924264))
32637;POLYGON((1347397 9089648,1279402 8922869,341750 7734921,464690 7984194,1347397 9089648))
32638;POLYGON((1748226 9890599,1682670 9779181,1045640 9022798,1154905 9192585,1748226 9890599))
32639;POLYGON((2125334 10399797,2064709 10332460,1665616 9877779,1760557 9985075,2125334 10399797))
32640;POLYGON((2466284 10678516,2412379 10645776,2198952 10394305,2279369 10453180,2466284 10678516))
32641;POLYGON((2762433 10778104,2716454 10772034,2645393 10650342,2711449 10672361,2762433 10778104))
32642;POLYGON((3008308 10741296,2970970 10755320,3006676 10709774,3058823 10704368,3008308 10741296))
32643;POLYGON((3201033 10603406,3172659 10632107,3286097 10624516,3325009 10599307,3201033 10603406))
32644;POLYGON((3339833 10393373,3320425 10432330,3488131 10436373,3514643 10397463,3339833 10393373))
32645;POLYGON((3425579 10134697,3414895 10180334,3618096 10178667,3633156 10130889,3425579 10134697))
32646;POLYGON((3460404 9846267,3458016 9895725,3681865 9877657,3686489 9824787,3460404 9846267))
32647;POLYGON((3447361 9543085,3452709 9594105,3685617 9553762,3680849 9498714,3447361 9543085))
32648;POLYGON((3390131 9236909,3402568 9287732,3635631 9222624,3622513 9167605,3390131 9236909))
32649;POLYGON((3292782 8936804,3311614 8986085,3538109 8896007,3517659 8842658,3292782 8936804))
32650;POLYGON((3159567 8649633,3184078 8696362,3399045 8582572,3372233 8532081,3159567 8649633))
32651;POLYGON((2994758 8380470,3024241 8423910,3224117 8288522,3191853 8241724,2994758 8380470))
32652;POLYGON((2802525 8132962,2836297 8172590,3018612 8018150,2981735 7975607,2802525 8132962))
32653;POLYGON((2586841 7909637,2624256 7945099,2787378 7774287,2746653 7736356,2586841 7909637))
32654;POLYGON((2351420 7712163,2391879 7743230,2534802 7558679,2490912 7525568,2351420 7712163))
32655;POLYGON((2099682 7541568,2142636 7568105,2264802 7372288,2218358 7344099,2099682 7541568))
32656;POLYGON((1834741 7398421,1879692 7420359,1980852 7215536,1932392 7192302,1834741 7398421))
32657;POLYGON((1559417 7282980,1605914 7300292,1686013 7088503,1636009 7070214,1559417 7282980))
32658;POLYGON((1276257 7195314,1323893 7207997,1382983 6991075,1331854 6977702,1276257 7195314))
32659;POLYGON((987586 7135392,1035987 7143455,1074157 6923060,1022277 6914570,987586 7135392))
32660;POLYGON((695550 7103152,744369 7106606,761700 6884271,709413 6880638,695550 7103152))
