32701;POLYGON((365786 15874141,432890 15872738,429831 15650300,359666 15651728,365786 15874141))
32702;POLYGON((-36398 15902261,30551 15895222,9068 15673183,-60973 15680349,-36398 15902261))
32703;POLYGON((-436888 15964477,-370317 15951712,-410521 15730724,-480258 15743736,-436888 15964477))
32704;POLYGON((-834194 16061560,-768271 16042914,-827733 15823775,-896935 15842822,-834194 16061560))
32705;POLYGON((-1226456 16194651,-1161523 16169911,-1240998 15953655,-1309352 15978999,-1226456 16194651))
32706;POLYGON((-1611274 16365177,-1547777 16334090,-1648179 16122093,-1715260 16154053,-1611274 16365177))
32707;POLYGON((-1985506 16574722,-1924030 16537020,-2046358 16331104,-2111586 16370034,-1985506 16574722))
32708;POLYGON((-2345050 16824824,-2286355 16780266,-2431570 16582814,-2494161 16629059,-2345050 16824824))
32709;POLYGON((-2684593 17116684,-2629660 17065109,-2798499 16879174,-2857412 16933018,-2684593 17116684))
32710;POLYGON((-2997316 17450744,-2947400 17392153,-3140120 17221554,-3193989 17283130,-2997316 17450744))
32711;POLYGON((-3274569 17826107,-3231254 17760773,-3447273 17610162,-3494330 17679339,-3274569 17826107))
32712;POLYGON((-3505480 18239767,-3470751 18168378,-3708170 18043248,-3746155 18119474,-3505480 18239767))
32713;POLYGON((-3676528 18685582,-3652842 18609430,-3907813 18516046,-3933871 18598143,-3676528 18685582))
32714;POLYGON((-3771039 19152960,-3761417 19074186,-4027334 19019392,-4037890 19105286,-3771039 19152960))
32715;POLYGON((-3768625 19625199,-3776750 19547094,-4043223 19537951,-4033848 19624337,-3768625 19625199))
32716;POLYGON((-3644547 20077412,-3674873 20004793,-3926458 20047998,-3891711 20129922,-3644547 20077412))
32717;POLYGON((-3369001 20473978,-3426879 20413651,-3641513 20514666,-3574765 20585008,-3369001 20473978))
32718;POLYGON((-2906318 20765449,-2998138 20726765,-3145243 20888583,-3038476 20937429,-2906318 20765449))
32719;POLYGON((-2214077 20884836,-2347417 20880357,-2385635 21101815,-2229222 21115711,-2214077 20884836))
32720;POLYGON((-1242117 20743195,-1425921 20789480,-1300412 21063020,-1082871 21024077,-1242117 20743195))
32721;POLYGON((68544 20224421,-176215 20342953,184506 20651715,476788 20536563,68544 20224421))
32722;POLYGON((1786912 19179169,1468946 19397434,2156719 19711552,2539785 19490115,1786912 19179169))
32723;POLYGON((3993317 17417796,3587910 17770530,4719210 18042497,5211861 17676572,3993317 17417796))
32724;POLYGON((6780843 14702232,6271531 15232857,7992407 15391786,8616565 14833411,6780843 14702232))
32725;POLYGON((10256883 10736667,9624704 11498928,12116424 11443543,12897522 10633128,10256883 10736667))
32726;POLYGON((14544820 5156947,13768024 6216774,17253495 5806942,18220907 4671141,14544820 5156947))
32727;POLYGON((19785851 -2481441,18839586 -1043828,23590622 -1997246,24778120 -3547937,19785851 -2481441))
32728;POLYGON((26140946 -12716916,24996924 -10804635,31342431 -12551837,32788685 -14625795,26140946 -12716916))
32729;POLYGON((33792969 -26196999,32419098 -23693856,40754249 -26560300,42503360 -29287810,33792969 -26196999))
32730;POLYGON((42948937 -43695307,41308935 -40462831,52105420 -44865866,54207498 -48402517,42948937 -43695307))
32731;POLYGON((-45374697 -50575222,-47162793 -54232144,-59905124 -59945477,-57605727 -55936982,-45374697 -50575222))
32732;POLYGON((-35666889 -31541111,-37169012 -34390095,-47087464 -38228125,-45168533 -35117217,-35666889 -31541111))
32733;POLYGON((-27537814 -16814329,-28792497 -19006198,-36416026 -21458097,-34824218 -19075147,-27537814 -16814329))
32734;POLYGON((-20771872 -5575124,-21813250 -7236820,-27586831 -8687299,-26275116 -6889816,-20771872 -5575124))
32735;POLYGON((-15178408 2864076,-16036626 1626367,-20332259 878658,-19259320 2209603,-15178408 2864076))
32736;POLYGON((-10589397 9076286,-11290980 8174325,-14417573 7901009,-13547252 8863998,-10589397 9076286))
32737;POLYGON((-6857275 13535734,-7425483 12896724,-9637685 12926237,-8938472 13602376,-6857275 13535734))
32738;POLYGON((-3852930 16631953,-4308082 16196305,-5814156 16402506,-5258702 16857980,-3852930 16631953))
32739;POLYGON((-1463834 18682290,-1823609 18401639,-2792409 18694247,-2357087 18982583,-1463834 18682290))
32740;POLYGON((407687 19942964,127973 19778423,-439152 20095057,-103648 20259119,407687 19942964))
32741;POLYGON((1846053 20618802,1633187 20539427,1359986 20839039,1613052 20912776,1846053 20618802))
32742;POLYGON((2923890 20871746,2766528 20853197,2702645 21110723,2888060 21120695,2923890 20871746))
32743;POLYGON((3703385 20828259,3591834 20851640,3671714 21053690,3801991 21020383,3703385 20828259))
32744;POLYGON((4237513 20585720,4163534 20636578,4337161 20778012,4422821 20716977,4237513 20585720))
32745;POLYGON((4571161 20217909,4527790 20285377,4757675 20366638,4807512 20289456,4571161 20217909))
32746;POLYGON((4742144 19779673,4723529 19855751,4982167 19880817,5003478 19795920,4742144 19779673))
32747;POLYGON((4782130 19310871,4783384 19389808,5051109 19364672,5049907 19278026,4782130 19310871))
32748;POLYGON((4717461 18839659,4734531 18917454,4997743 18849013,4978940 18764691,4717461 18839659))
32749;POLYGON((4569901 18385217,4599449 18459195,4849149 18354492,4816728 18275134,4569901 18385217))
32750;POLYGON((4357297 17959967,4396594 18028447,4627197 17894162,4584359 17821358,4357297 17959967))
32751;POLYGON((4094162 17571372,4140999 17633390,4349386 17475547,4298674 17410132,4094162 17571372))
32752;POLYGON((3792200 17223359,3844801 17278456,4029575 17102269,3972990 17044563,3792200 17223359))
32753;POLYGON((3460756 16917429,3517709 16965483,3678615 16775324,3617714 16725307,3460756 16917429))
32754;POLYGON((3107221 16653513,3167415 16694616,3304903 16494038,3240881 16451492,3107221 16653513))
32755;POLYGON((2737375 16430611,2799944 16464972,2914852 16256794,2848614 16221394,2737375 16430611))
32756;POLYGON((2355694 16247257,2419972 16275138,2513289 16061543,2445510 16032934,2355694 16247257))
32757;POLYGON((1965614 16101858,2031091 16123521,2103800 15906170,2034977 15884012,1965614 16101858))
32758;POLYGON((1569760 15992915,1636045 16008597,1689014 15788740,1619512 15772739,1569760 15992915))
32759;POLYGON((1170151 15919182,1236941 15929068,1270856 15707650,1200941 15697579,1170151 15919182))
32760;POLYGON((768381 15879757,835434 15883972,850755 15661732,780631 15657443,768381 15879757))
32601;POLYGON((365786 5874141,432890 5872738,429831 5650300,359666 5651728,365786 5874141))
32602;POLYGON((-36398 5902261,30551 5895222,9068 5673183,-60973 5680349,-36398 5902261))
32603;POLYGON((-436888 5964477,-370317 5951712,-410521 5730724,-480258 5743736,-436888 5964477))
32604;POLYGON((-834194 6061560,-768271 6042914,-827733 5823775,-896935 5842822,-834194 6061560))
32605;POLYGON((-1226456 6194651,-1161523 6169911,-1240998 5953655,-1309352 5978999,-1226456 6194651))
32606;POLYGON((-1611274 6365177,-1547777 6334090,-1648179 6122093,-1715260 6154053,-1611274 6365177))
32607;POLYGON((-1985506 6574722,-1924030 6537020,-2046358 6331104,-2111586 6370034,-1985506 6574722))
32608;POLYGON((-2345050 6824824,-2286355 6780266,-2431570 6582814,-2494161 6629059,-2345050 6824824))
32609;POLYGON((-2684593 7116684,-2629660 7065109,-2798499 6879174,-2857412 6933018,-2684593 7116684))
32610;POLYGON((-2997316 7450744,-2947400 7392153,-3140120 7221554,-3193989 7283130,-2997316 7450744))
32611;POLYGON((-3274569 7826107,-3231254 7760773,-3447273 7610162,-3494330 7679339,-3274569 7826107))
32612;POLYGON((-3505480 8239767,-3470751 8168378,-3708170 8043248,-3746155 8119474,-3505480 8239767))
32613;POLYGON((-3676528 8685582,-3652842 8609430,-3907813 8516046,-3933871 8598143,-3676528 8685582))
32614;POLYGON((-3771039 9152960,-3761417 9074186,-4027334 9019392,-4037890 9105286,-3771039 9152960))
32615;POLYGON((-3768625 9625199,-3776750 9547094,-4043223 9537951,-4033848 9624337,-3768625 9625199))
32616;POLYGON((-3644547 10077412,-3674873 10004793,-3926458 10047998,-3891711 10129922,-3644547 10077412))
32617;POLYGON((-3369001 10473978,-3426879 10413651,-3641513 10514666,-3574765 10585008,-3369001 10473978))
32618;POLYGON((-2906318 10765449,-2998138 10726765,-3145243 10888583,-3038476 10937429,-2906318 10765449))
32619;POLYGON((-2214077 10884836,-2347417 10880357,-2385635 11101815,-2229222 11115711,-2214077 10884836))
32620;POLYGON((-1242117 10743195,-1425921 10789480,-1300412 11063020,-1082871 11024077,-1242117 10743195))
32621;POLYGON((68544 10224421,-176215 10342953,184506 10651715,476788 10536563,68544 10224421))
32622;POLYGON((1786912 9179169,1468946 9397434,2156719 9711552,2539785 9490115,1786912 9179169))
32623;POLYGON((3993317 7417796,3587910 7770530,4719210 8042497,5211861 7676572,3993317 7417796))
32624;POLYGON((6780843 4702232,6271531 5232857,7992407 5391786,8616565 4833411,6780843 4702232))
32625;POLYGON((10256883 736667,9624704 1498928,12116424 1443543,12897522 633128,10256883 736667))
32626;POLYGON((14544820 -4843052,13768024 -3783225,17253495 -4193057,18220907 -5328858,14544820 -4843052))
32627;POLYGON((19785851 -12481441,18839586 -11043828,23590622 -11997246,24778120 -13547937,19785851 -12481441))
32628;POLYGON((26140946 -22716916,24996924 -20804635,31342431 -22551837,32788685 -24625795,26140946 -22716916))
32629;POLYGON((33792969 -36196999,32419098 -33693856,40754249 -36560300,42503360 -39287810,33792969 -36196999))
32630;POLYGON((42948937 -53695307,41308935 -50462831,52105420 -54865866,54207498 -58402517,42948937 -53695307))
32631;POLYGON((-45374697 -60575222,-47162793 -64232144,-59905124 -69945477,-57605727 -65936982,-45374697 -60575222))
32632;POLYGON((-35666889 -41541111,-37169012 -44390095,-47087464 -48228125,-45168533 -45117217,-35666889 -41541111))
32633;POLYGON((-27537814 -26814329,-28792497 -29006198,-36416026 -31458097,-34824218 -29075147,-27537814 -26814329))
32634;POLYGON((-20771872 -15575124,-21813250 -17236820,-27586831 -18687299,-26275116 -16889816,-20771872 -15575124))
32635;POLYGON((-15178408 -7135923,-16036626 -8373632,-20332259 -9121341,-19259320 -7790396,-15178408 -7135923))
32636;POLYGON((-10589397 -923713,-11290980 -1825674,-14417573 -2098990,-13547252 -1136001,-10589397 -923713))
32637;POLYGON((-6857275 3535734,-7425483 2896724,-9637685 2926237,-8938472 3602376,-6857275 3535734))
32638;POLYGON((-3852930 6631953,-4308082 6196305,-5814156 6402506,-5258702 6857980,-3852930 6631953))
32639;POLYGON((-1463834 8682290,-1823609 8401639,-2792409 8694247,-2357087 8982583,-1463834 8682290))
32640;POLYGON((407687 9942964,127973 9778423,-439152 10095057,-103648 10259119,407687 9942964))
32641;POLYGON((1846053 10618802,1633187 10539427,1359986 10839039,1613052 10912776,1846053 10618802))
32642;POLYGON((2923890 10871746,2766528 10853197,2702645 11110723,2888060 11120695,2923890 10871746))
32643;POLYGON((3703385 10828259,3591834 10851640,3671714 11053690,3801991 11020383,3703385 10828259))
32644;POLYGON((4237513 10585720,4163534 10636578,4337161 10778012,4422821 10716977,4237513 10585720))
32645;POLYGON((4571161 10217909,4527790 10285377,4757675 10366638,4807512 10289456,4571161 10217909))
32646;POLYGON((4742144 9779673,4723529 9855751,4982167 9880817,5003478 9795920,4742144 9779673))
32647;POLYGON((4782130 9310871,4783384 9389808,5051109 9364672,5049907 9278026,4782130 9310871))
32648;POLYGON((4717461 8839659,4734531 8917454,4997743 8849013,4978940 8764691,4717461 8839659))
32649;POLYGON((4569901 8385217,4599449 8459195,4849149 8354492,4816728 8275134,4569901 8385217))
32650;POLYGON((4357297 7959967,4396594 8028447,4627197 7894162,4584359 7821358,4357297 7959967))
32651;POLYGON((4094162 7571372,4140999 7633390,4349386 7475547,4298674 7410132,4094162 7571372))
32652;POLYGON((3792200 7223359,3844801 7278456,4029575 7102269,3972990 7044563,3792200 7223359))
32653;POLYGON((3460756 6917429,3517709 6965483,3678615 6775324,3617714 6725307,3460756 6917429))
32654;POLYGON((3107221 6653513,3167415 6694616,3304903 6494038,3240881 6451492,3107221 6653513))
32655;POLYGON((2737375 6430611,2799944 6464972,2914852 6256794,2848614 6221394,2737375 6430611))
32656;POLYGON((2355694 6247257,2419972 6275138,2513289 6061543,2445510 6032934,2355694 6247257))
32657;POLYGON((1965614 6101858,2031091 6123521,2103800 5906170,2034977 5884012,1965614 6101858))
32658;POLYGON((1569760 5992915,1636045 6008597,1689014 5788740,1619512 5772739,1569760 5992915))
32659;POLYGON((1170151 5919182,1236941 5929068,1270856 5707650,1200941 5697579,1170151 5919182))
32660;POLYGON((768381 5879757,835434 5883972,850755 5661732,780631 5657443,768381 5879757))
