32701;POLYGON((295007 12544918,397514 12543869,396067 12322472,292110 12323448,295007 12544918))
32702;POLYGON((-321718 12566034,-218620 12560730,-228858 12338158,-333456 12343094,-321718 12566034))
32703;POLYGON((-944782 12613441,-840293 12603636,-859802 12378100,-965915 12387233,-944782 12613441))
32704;POLYGON((-1579066 12689374,-1472360 12674600,-1502088 12444243,-1610627 12458026,-1579066 12689374))
32705;POLYGON((-2229655 12797558,-2119868 12777077,-2161328 12539944,-2273266 12559099,-2229655 12797558))
32706;POLYGON((-2901886 12943609,-2788109 12916330,-2843549 12670350,-2959938 12695946,-2901886 12943609))
32707;POLYGON((-3601378 13135628,-3482657 13099995,-3555309 12842991,-3677302 12876570,-3601378 13135628))
32708;POLYGON((-4334011 13385090,-4209348 13338909,-4303799 13068658,-4432662 13112420,-4334011 13385090))
32709;POLYGON((-5105852 13708081,-4974229 13648285,-5096928 13362664,-5234055 13419712,-5105852 13708081))
32710;POLYGON((-5923033 14126991,-5783430 14049323,-5943394 13746578,-6090313 13821271,-5923033 14126991))
32711;POLYGON((-6791543 14672791,-6642983 14571375,-6852723 14250579,-7011105 14348991,-6791543 14672791))
32712;POLYGON((-7716948 15388004,-7558548 15254801,-7835293 14916570,-8006952 15047092,-7716948 15388004))
32713;POLYGON((-8704025 16330544,-8535061 16154640,-8902327 15802211,-9089211 15976328,-8704025 16330544))
32714;POLYGON((-9756283 17578575,-9576282 17345296,-10065845 16986067,-10270031 17219337,-9756283 17578575))
32715;POLYGON((-10875392 19236575,-10684231 18926381,-11338598 18574070,-11562275 18887348,-10875392 19236575))
32716;POLYGON((-12060478 21442816,-11858514 21029951,-12733949 20707522,-12979392 21128455,-12060478 21442816))
32717;POLYGON((-13307303 24378465,-13095514 23829315,-14265722 23572876,-14535268 24137727,-13307303 24378465))
32718;POLYGON((-14607294 28278556,-14387455 27549681,-15948003 27413564,-16244008 28169402,-14607294 28278556))
32719;POLYGON((-15946437 33445066,-15721315 32480862,-17794897 32544148,-18119696 33551452,-15946437 33445066))
32720;POLYGON((-17304006 40262386,-17077579 38992331,-19820235 39367096,-20176080 40702829,-17304006 40262386))
32721;POLYGON((-18651126 49215456,-18428838 47550887,-22037221 48392507,-22426225 50153713,-18651126 49215456))
32722;POLYGON((-19949162 60910873,-19738205 58741249,-24458030 60261112,-24882091 62569095,-19949162 60910873))
32723;POLYGON((-21147922 76101294,-20957545 73289888,-27093346 75770927,-27554064 78776072,-21147922 76101294))
32724;POLYGON((-22183663 95713472,-22025523 92092428,-29951834 95907915,-30450415 99795216,-22183663 95713472))
32725;POLYGON((-22976892 120880273,-22865430 116244978,-33039547 121881065,-33576702 126876433,-22976892 120880273))
32726;POLYGON((-23429950 152977047,-23382814 147079755,-36359268 155162311,-36935091 161539720,-23429950 152977047))
32727;POLYGON((-23424379 193662750,-23462875 186205375,-39909773 197531698,-40523616 205621266,-23424379 193662750))
32728;POLYGON((-22818045 244926207,-22967635 235552245,-43685029 251128284,-44335357 261325336,-22818045 244926207))
32729;POLYGON((-21442025 309137954,-21732863 297423429,-47673302 318507224,-48357540 331282449,-21442025 309137954))
32730;POLYGON((-19097236 389108083,-19564748 374551476,-51856196 402703539,-52570556 418614302,-19097236 389108083))
32731;POLYGON((19061155 419823594,18490205 436016572,55740369 469923207,55012796 452205180,19061155 419823594))
32732;POLYGON((21778838 333891102,21404445 346958708,51441714 372560318,50741860 358292887,21778838 333891102))
32733;POLYGON((23454070 264762288,23237941 275248937,47321196 294339478,46653520 282917313,23454070 264762288))
32734;POLYGON((24296779 209466582,24206199 217833694,43402235 231866795,42769896 222777360,24296779 209466582))
32735;POLYGON((24485555 165493669,24492787 172130291,39700893 182274721,39105927 175086347,24485555 165493669))
32736;POLYGON((24171103 130733534,24252826 135965892,36226900 143153545,35670380 137504712,24171103 130733534))
32737;POLYGON((23479443 103422670,23616240 107522726,32984593 112489909,32466779 108079639,23479443 103422670))
32738;POLYGON((22514862 82096007,22690742 85289094,29973774 88611832,29494247 85191133,22514862 82096007))
32739;POLYGON((21362628 65544119,21564593 68015721,27190491 70139781,26748279 67504039,21362628 65544119))
32740;POLYGON((20091481 52775313,20309123 54677063,24627751 55943294,24221439 53925559,20091481 52775313))
32741;POLYGON((18755898 42982205,18981038 44437161,22276154 45102731,21903982 43567803,18755898 42982205))
32742;POLYGON((17398156 35512393,17624514 36619655,20124464 36875704,19784417 35714971,17398156 35512393))
32743;POLYGON((16050197 29842888,16273094 30681614,18160112 30667800,17849999 29794741,16050197 29842888))
32744;POLYGON((14735294 25557938,14951387 26190820,16369646 26007183,16087164 25353493,14735294 25557938))
32745;POLYGON((13469551 22329938,13676595 22806180,14739106 22522726,14481906 22034986,13469551 22329938))
32746;POLYGON((12263221 19903106,12459863 20260967,13254364 19925306,13020094 19562147,12263221 19903106))
32747;POLYGON((11121875 18079637,11307467 18348577,11901397 17991935,11687745 17721653,11121875 18079637))
32748;POLYGON((10047409 16708058,10221851 16910540,10666512 16552418,10471245 16350968,10047409 16708058))
32749;POLYGON((9038917 15673535,9202523 15826512,9536538 15478237,9357519 15327583,9038917 15673535))
32750;POLYGON((8093433 14889870,8246812 15006013,8498956 14673391,8334171 14560146,8093433 14889870))
32751;POLYGON((7206546 14292996,7350510 14381683,7542005 14066930,7389572 13981266,7206546 14292996))
32752;POLYGON((6372907 13835733,6508395 13903843,6654742 13606962,6512918 13541730,6372907 13835733))
32753;POLYGON((5586632 13483627,5714647 13536166,5827072 13255889,5694259 13205942,5586632 13483627))
32754;POLYGON((4841610 13211714,4963176 13252299,5049748 12986709,4924486 12948363,4841610 13211714))
32755;POLYGON((4131736 13002020,4247863 13033246,4314344 12780164,4195303 12750806,4131736 13002020))
32756;POLYGON((3451055 12841693,3562720 12865411,3613196 12622618,3499170 12600403,3451055 12841693))
32757;POLYGON((2793859 12721618,2901995 12739134,2939336 12504484,2829223 12488125,2793859 12721618))
32758;POLYGON((2154717 12635432,2260209 12647648,2286394 12419109,2179185 12407723,2154717 12635432))
32759;POLYGON((1528464 12578833,1632157 12586343,1648495 12361997,1543250 12355006,1528464 12578833))
32760;POLYGON((910159 12549120,1012862 12552278,1020138 12330295,915968 12327357,910159 12549120))
32601;POLYGON((295007 2544918,397514 2543869,396067 2322472,292110 2323448,295007 2544918))
32602;POLYGON((-321718 2566034,-218620 2560730,-228858 2338158,-333456 2343094,-321718 2566034))
32603;POLYGON((-944782 2613441,-840293 2603636,-859802 2378100,-965915 2387233,-944782 2613441))
32604;POLYGON((-1579066 2689374,-1472360 2674600,-1502088 2444243,-1610627 2458026,-1579066 2689374))
32605;POLYGON((-2229655 2797558,-2119868 2777077,-2161328 2539944,-2273266 2559099,-2229655 2797558))
32606;POLYGON((-2901886 2943609,-2788109 2916330,-2843549 2670350,-2959938 2695946,-2901886 2943609))
32607;POLYGON((-3601378 3135628,-3482657 3099995,-3555309 2842991,-3677302 2876570,-3601378 3135628))
32608;POLYGON((-4334011 3385090,-4209348 3338909,-4303799 3068658,-4432662 3112420,-4334011 3385090))
32609;POLYGON((-5105852 3708081,-4974229 3648285,-5096928 3362664,-5234055 3419712,-5105852 3708081))
32610;POLYGON((-5923033 4126991,-5783430 4049323,-5943394 3746578,-6090313 3821271,-5923033 4126991))
32611;POLYGON((-6791543 4672791,-6642983 4571375,-6852723 4250579,-7011105 4348991,-6791543 4672791))
32612;POLYGON((-7716948 5388004,-7558548 5254801,-7835293 4916570,-8006952 5047092,-7716948 5388004))
32613;POLYGON((-8704025 6330544,-8535061 6154640,-8902327 5802211,-9089211 5976328,-8704025 6330544))
32614;POLYGON((-9756283 7578575,-9576282 7345296,-10065845 6986067,-10270031 7219337,-9756283 7578575))
32615;POLYGON((-10875392 9236575,-10684231 8926381,-11338598 8574070,-11562275 8887348,-10875392 9236575))
32616;POLYGON((-12060478 11442816,-11858514 11029951,-12733949 10707522,-12979392 11128455,-12060478 11442816))
32617;POLYGON((-13307303 14378465,-13095514 13829315,-14265722 13572876,-14535268 14137727,-13307303 14378465))
32618;POLYGON((-14607294 18278556,-14387455 17549681,-15948003 17413564,-16244008 18169402,-14607294 18278556))
32619;POLYGON((-15946437 23445066,-15721315 22480862,-17794897 22544148,-18119696 23551452,-15946437 23445066))
32620;POLYGON((-17304006 30262386,-17077579 28992331,-19820235 29367096,-20176080 30702829,-17304006 30262386))
32621;POLYGON((-18651126 39215456,-18428838 37550887,-22037221 38392507,-22426225 40153713,-18651126 39215456))
32622;POLYGON((-19949162 50910873,-19738205 48741249,-24458030 50261112,-24882091 52569095,-19949162 50910873))
32623;POLYGON((-21147922 66101294,-20957545 63289888,-27093346 65770927,-27554064 68776072,-21147922 66101294))
32624;POLYGON((-22183663 85713472,-22025523 82092428,-29951834 85907915,-30450415 89795216,-22183663 85713472))
32625;POLYGON((-22976892 110880273,-22865430 106244978,-33039547 111881065,-33576702 116876433,-22976892 110880273))
32626;POLYGON((-23429950 142977047,-23382814 137079755,-36359268 145162311,-36935091 151539720,-23429950 142977047))
32627;POLYGON((-23424379 183662750,-23462875 176205375,-39909773 187531698,-40523616 195621266,-23424379 183662750))
32628;POLYGON((-22818045 234926207,-22967635 225552245,-43685029 241128284,-44335357 251325336,-22818045 234926207))
32629;POLYGON((-21442025 299137954,-21732863 287423429,-47673302 308507224,-48357540 321282449,-21442025 299137954))
32630;POLYGON((-19097236 379108083,-19564748 364551476,-51856196 392703539,-52570556 408614302,-19097236 379108083))
32631;POLYGON((19061155 409823594,18490205 426016572,55740369 459923207,55012796 442205180,19061155 409823594))
32632;POLYGON((21778838 323891102,21404445 336958708,51441714 362560318,50741860 348292887,21778838 323891102))
32633;POLYGON((23454070 254762288,23237941 265248937,47321196 284339478,46653520 272917313,23454070 254762288))
32634;POLYGON((24296779 199466582,24206199 207833694,43402235 221866795,42769896 212777360,24296779 199466582))
32635;POLYGON((24485555 155493669,24492787 162130291,39700893 172274721,39105927 165086347,24485555 155493669))
32636;POLYGON((24171103 120733534,24252826 125965892,36226900 133153545,35670380 127504712,24171103 120733534))
32637;POLYGON((23479443 93422670,23616240 97522726,32984593 102489909,32466779 98079639,23479443 93422670))
32638;POLYGON((22514862 72096007,22690742 75289094,29973774 78611832,29494247 75191133,22514862 72096007))
32639;POLYGON((21362628 55544119,21564593 58015721,27190491 60139781,26748279 57504039,21362628 55544119))
32640;POLYGON((20091481 42775313,20309123 44677063,24627751 45943294,24221439 43925559,20091481 42775313))
32641;POLYGON((18755898 32982205,18981038 34437161,22276154 35102731,21903982 33567803,18755898 32982205))
32642;POLYGON((17398156 25512393,17624514 26619655,20124464 26875704,19784417 25714971,17398156 25512393))
32643;POLYGON((16050197 19842888,16273094 20681614,18160112 20667800,17849999 19794741,16050197 19842888))
32644;POLYGON((14735294 15557938,14951387 16190820,16369646 16007183,16087164 15353493,14735294 15557938))
32645;POLYGON((13469551 12329938,13676595 12806180,14739106 12522726,14481906 12034986,13469551 12329938))
32646;POLYGON((12263221 9903106,12459863 10260967,13254364 9925306,13020094 9562147,12263221 9903106))
32647;POLYGON((11121875 8079637,11307467 8348577,11901397 7991935,11687745 7721653,11121875 8079637))
32648;POLYGON((10047409 6708058,10221851 6910540,10666512 6552418,10471245 6350968,10047409 6708058))
32649;POLYGON((9038917 5673535,9202523 5826512,9536538 5478237,9357519 5327583,9038917 5673535))
32650;POLYGON((8093433 4889870,8246812 5006013,8498956 4673391,8334171 4560146,8093433 4889870))
32651;POLYGON((7206546 4292996,7350510 4381683,7542005 4066930,7389572 3981266,7206546 4292996))
32652;POLYGON((6372907 3835733,6508395 3903843,6654742 3606962,6512918 3541730,6372907 3835733))
32653;POLYGON((5586632 3483627,5714647 3536166,5827072 3255889,5694259 3205942,5586632 3483627))
32654;POLYGON((4841610 3211714,4963176 3252299,5049748 2986709,4924486 2948363,4841610 3211714))
32655;POLYGON((4131736 3002020,4247863 3033246,4314344 2780164,4195303 2750806,4131736 3002020))
32656;POLYGON((3451055 2841693,3562720 2865411,3613196 2622618,3499170 2600403,3451055 2841693))
32657;POLYGON((2793859 2721618,2901995 2739134,2939336 2504484,2829223 2488125,2793859 2721618))
32658;POLYGON((2154717 2635432,2260209 2647648,2286394 2419109,2179185 2407723,2154717 2635432))
32659;POLYGON((1528464 2578833,1632157 2586343,1648495 2361997,1543250 2355006,1528464 2578833))
32660;POLYGON((910159 2549120,1012862 2552278,1020138 2330295,915968 2327357,910159 2549120))
