32701;POLYGON((283077 11437987,391553 11437348,390750 11216161,281470 11216707,283077 11437987))
32702;POLYGON((-370091 11450865,-260803 11447628,-266488 11224946,-376612 11227713,-370091 11450865))
32703;POLYGON((-1032018 11479868,-920799 11473859,-931673 11247372,-1043807 11252511,-1032018 11479868))
32704;POLYGON((-1709700 11526591,-1595342 11517474,-1612018 11284687,-1727427 11292491,-1709700 11526591))
32705;POLYGON((-2410879 11593748,-2292024 11580979,-2315501 11339083,-2435621 11350029,-2410879 11593748))
32706;POLYGON((-3144441 11685548,-3019509 11668301,-3051317 11414004,-3177834 11428820,-3144441 11685548))
32707;POLYGON((-3920907 11808286,-3788007 11785333,-3830425 11514647,-3965384 11534417,-3920907 11808286))
32708;POLYGON((-4753035 11971241,-4609857 11940778,-4666244 11648724,-4812178 11675051,-4753035 11971241))
32709;POLYGON((-5656570 12187978,-5500244 12147376,-5575517 11827581,-5735612 11862812,-5656570 12187978))
32710;POLYGON((-6651149 12478172,-6478088 12423632,-6579382 12067784,-6757676 12115332,-6651149 12478172))
32711;POLYGON((-7761414 12870117,-7567110 12796194,-7704679 12393300,-7906308 12458072,-7761414 12870117))
32712;POLYGON((-9018333 13404056,-8797123 13303043,-8985538 12838426,-9217025 12927396,-9018333 13404056))
32713;POLYGON((-10460779 14136547,-10205559 13997664,-10465259 13451631,-10734865 13574586,-10460779 14136547))
32714;POLYGON((-12137368 15146058,-11839272 14954425,-12198549 14300512,-12516676 14470995,-12137368 15146058))
32715;POLYGON((-14108610 16540015,-13756626 16275368,-14254115 15478055,-14633781 15714557,-14108610 16540015))
32716;POLYGON((-16449378 18463571,-16029916 18098669,-16717674 17110450,-17175054 17437876,-16449378 18463571))
32717;POLYGON((-19251732 21110349,-18748123 20609033,-19695399 19366693,-20250445 19818157,-19251732 21110349))
32718;POLYGON((-22628120 24735459,-22020059 24050313,-23317835 22470247,-23994978 23089234,-22628120 24735459))
32719;POLYGON((-26714985 29671104,-25977900 28740659,-27744328 26713051,-28573265 27556004,-26714985 29671104))
32720;POLYGON((-31676805 36345104,-30781150 35090535,-33167985 32472188,-34184564 33611565,-31676805 36345104))
32721;POLYGON((-37710587 45302699,-36621063 43623946,-39821217 40229530,-41068415 41757392,-37710587 45302699))
32722;POLYGON((-45050848 57232000,-43725539 55003257,-47981877 50594710,-49510889 52626897,-45050848 57232000))
32723;POLYGON((-53975110 72993498,-52364526 70057996,-57980049 64331787,-59851479 67012753,-53975110 72993498))
32724;POLYGON((-64809924 93654031,-62855963 89818047,-70205501 82389994,-72490676 85898351,-64809924 93654031))
32725;POLYGON((-77937465 120525673,-75572271 115551691,-85115849 105938966,-87898250 110493823,-77937465 120525673))
32726;POLYGON((-93802712 155209983,-90947437 148808922,-103245462 136408876,-106622279 142277037,-93802712 155209983))
32727;POLYGON((-112921250 199648113,-109484709 191470551,-125215137 175535925,-129298963 183040024,-112921250 199648113))
32728;POLYGON((-135887706 256177263,-131764928 245803564,-151742581 225413650,-156663238 234941297,-135887706 256177263))
32729;POLYGON((-163384866 327594026,-158455524 314523282,-183653735 288550526,-189560247 300564561,-163384866 327594026))
32730;POLYGON((-196193476 417225154,-190320206 400862851,-221894972 367934380,-228957682 382984302,-196193476 417225154))
32731;POLYGON((209460359 451810902,215862921 470074888,252433216 431605631,244721248 414801185,209460359 451810902))
32732;POLYGON((174689332 355266227,180072333 369902067,209380787 339461602,202918889 326004208,174689332 355266227))
32733;POLYGON((145513572 278176017,150023567 289830079,173362693 265857846,167969018 255149993,145513572 278176017))
32734;POLYGON((121117376 217019712,124882991 226238082,143345054 207447592,138860192 198984619,121117376 217019712))
32735;POLYGON((100786428 168832245,103920111 176073735,118423050 161410397,114707835 154768430,100786428 168832245))
32736;POLYGON((83897761 131130678,86497402 136778511,97808131 125382907,94741592 120208035,83897761 131130678))
32737;POLYGON((69910414 101848444,72060853 106220708,80816107 97396778,78293573 93395361,69910414 101848444))
32738;POLYGON((58356769 79276658,60131197 82635619,66856117 75823220,64787455 72753258,58356769 79276658))
32739;POLYGON((48834546 62011947,50295793 64572314,55420412 59323688,53728405 56987164,48834546 62011947))
32740;POLYGON((40999412 48910303,42201138 50846521,46074943 46806223,44693797 45042346,40999412 48910303))
32741;POLYGON((34558200 39046461,35545984 40499119,38450709 37387000,37324680 36066270,34558200 39046461))
32742;POLYGON((29262694 31678339,30075031 32759764,32235831 30356642,31317976 29375669,29262694 31678339))
32743;POLYGON((24903962 26216094,25573171 27015206,27168324 25150876,26419359 24427885,24903962 26216094))
32744;POLYGON((21307206 22195362,21860252 22781859,23029531 21325142,22416800 20796096,21307206 22195362))
32745;POLYGON((18327108 19254278,18786347 19682224,19638184 18532766,19134728 18148053,18327108 19254278))
32746;POLYGON((15843644 17113907,16227488 17424769,16845063 16506347,16428783 16227963,15843644 17113907))
32747;POLYGON((13758333 15561697,14081845 15786909,14528213 15042013,14181127 14841195,13758333 15561697))
32748;POLYGON((11990905 14437638,12266329 14600734,12588690 13986227,12296275 13841479,11990905 14437638))
32749;POLYGON((10476354 13622795,10713579 13741167,10946807 13224838,10697417 13120309,10476354 13622795))
32750;POLYGON((9162351 13029910,9369318 13116243,9538839 12674110,9323196 12598267,9162351 13029910))
32751;POLYGON((8006998 12595810,8190050 12659236,8314150 12273449,8124910 12218017,8006998 12595810))
32752;POLYGON((6976878 12275355,7141070 12322361,7232727 11979601,7064099 11938720,6976878 12275355))
32753;POLYGON((6045400 12036686,6194753 12071826,6263063 11762092,6110495 11731664,6045400 12036686))
32754;POLYGON((5191390 11857569,5329109 11884008,5380382 11599706,5240288 11576898,5191390 11857569))
32755;POLYGON((4397918 11722637,4526574 11742553,4565143 11477828,4434687 11460699,4397918 11722637))
32756;POLYGON((3651321 11621349,3772999 11636232,3801819 11386472,3678731 11373702,3651321 11621349))
32757;POLYGON((2940404 11546533,3056829 11557393,3077899 11318870,2960327 11309568,2940404 11546533))
32758;POLYGON((2255798 11493365,2368427 11500875,2383079 11270481,2269474 11264056,2255798 11493365))
32759;POLYGON((1589426 11458683,1699536 11463275,1708629 11238321,1597650 11234395,1589426 11458683))
32760;POLYGON((934084 11440548,1042830 11442473,1046867 11220541,937307 11218895,934084 11440548))
32601;POLYGON((283077 1437987,391553 1437348,390750 1216161,281470 1216707,283077 1437987))
32602;POLYGON((-370091 1450865,-260803 1447628,-266488 1224946,-376612 1227713,-370091 1450865))
32603;POLYGON((-1032018 1479868,-920799 1473859,-931673 1247372,-1043807 1252511,-1032018 1479868))
32604;POLYGON((-1709700 1526591,-1595342 1517474,-1612018 1284687,-1727427 1292491,-1709700 1526591))
32605;POLYGON((-2410879 1593748,-2292024 1580979,-2315501 1339083,-2435621 1350029,-2410879 1593748))
32606;POLYGON((-3144441 1685548,-3019509 1668301,-3051317 1414004,-3177834 1428820,-3144441 1685548))
32607;POLYGON((-3920907 1808286,-3788007 1785333,-3830425 1514647,-3965384 1534417,-3920907 1808286))
32608;POLYGON((-4753035 1971241,-4609857 1940778,-4666244 1648724,-4812178 1675051,-4753035 1971241))
32609;POLYGON((-5656570 2187978,-5500244 2147376,-5575517 1827581,-5735612 1862812,-5656570 2187978))
32610;POLYGON((-6651149 2478172,-6478088 2423632,-6579382 2067784,-6757676 2115332,-6651149 2478172))
32611;POLYGON((-7761414 2870117,-7567110 2796194,-7704679 2393300,-7906308 2458072,-7761414 2870117))
32612;POLYGON((-9018333 3404056,-8797123 3303043,-8985538 2838426,-9217025 2927396,-9018333 3404056))
32613;POLYGON((-10460779 4136547,-10205559 3997664,-10465259 3451631,-10734865 3574586,-10460779 4136547))
32614;POLYGON((-12137368 5146058,-11839272 4954425,-12198549 4300512,-12516676 4470995,-12137368 5146058))
32615;POLYGON((-14108610 6540015,-13756626 6275368,-14254115 5478055,-14633781 5714557,-14108610 6540015))
32616;POLYGON((-16449378 8463571,-16029916 8098669,-16717674 7110450,-17175054 7437876,-16449378 8463571))
32617;POLYGON((-19251732 11110349,-18748123 10609033,-19695399 9366693,-20250445 9818157,-19251732 11110349))
32618;POLYGON((-22628120 14735459,-22020059 14050313,-23317835 12470247,-23994978 13089234,-22628120 14735459))
32619;POLYGON((-26714985 19671104,-25977900 18740659,-27744328 16713051,-28573265 17556004,-26714985 19671104))
32620;POLYGON((-31676805 26345104,-30781150 25090535,-33167985 22472188,-34184564 23611565,-31676805 26345104))
32621;POLYGON((-37710587 35302699,-36621063 33623946,-39821217 30229530,-41068415 31757392,-37710587 35302699))
32622;POLYGON((-45050848 47232000,-43725539 45003257,-47981877 40594710,-49510889 42626897,-45050848 47232000))
32623;POLYGON((-53975110 62993498,-52364526 60057996,-57980049 54331787,-59851479 57012753,-53975110 62993498))
32624;POLYGON((-64809924 83654031,-62855963 79818047,-70205501 72389994,-72490676 75898351,-64809924 83654031))
32625;POLYGON((-77937465 110525673,-75572271 105551691,-85115849 95938966,-87898250 100493823,-77937465 110525673))
32626;POLYGON((-93802712 145209983,-90947437 138808922,-103245462 126408876,-106622279 132277037,-93802712 145209983))
32627;POLYGON((-112921250 189648113,-109484709 181470551,-125215137 165535925,-129298963 173040024,-112921250 189648113))
32628;POLYGON((-135887706 246177263,-131764928 235803564,-151742581 215413650,-156663238 224941297,-135887706 246177263))
32629;POLYGON((-163384866 317594026,-158455524 304523282,-183653735 278550526,-189560247 290564561,-163384866 317594026))
32630;POLYGON((-196193476 407225154,-190320206 390862851,-221894972 357934380,-228957682 372984302,-196193476 407225154))
32631;POLYGON((209460359 441810902,215862921 460074888,252433216 421605631,244721248 404801185,209460359 441810902))
32632;POLYGON((174689332 345266227,180072333 359902067,209380787 329461602,202918889 316004208,174689332 345266227))
32633;POLYGON((145513572 268176017,150023567 279830079,173362693 255857846,167969018 245149993,145513572 268176017))
32634;POLYGON((121117376 207019712,124882991 216238082,143345054 197447592,138860192 188984619,121117376 207019712))
32635;POLYGON((100786428 158832245,103920111 166073735,118423050 151410397,114707835 144768430,100786428 158832245))
32636;POLYGON((83897761 121130678,86497402 126778511,97808131 115382907,94741592 110208035,83897761 121130678))
32637;POLYGON((69910414 91848444,72060853 96220708,80816107 87396778,78293573 83395361,69910414 91848444))
32638;POLYGON((58356769 69276658,60131197 72635619,66856117 65823220,64787455 62753258,58356769 69276658))
32639;POLYGON((48834546 52011947,50295793 54572314,55420412 49323688,53728405 46987164,48834546 52011947))
32640;POLYGON((40999412 38910303,42201138 40846521,46074943 36806223,44693797 35042346,40999412 38910303))
32641;POLYGON((34558200 29046461,35545984 30499119,38450709 27387000,37324680 26066270,34558200 29046461))
32642;POLYGON((29262694 21678339,30075031 22759764,32235831 20356642,31317976 19375669,29262694 21678339))
32643;POLYGON((24903962 16216094,25573171 17015206,27168324 15150876,26419359 14427885,24903962 16216094))
32644;POLYGON((21307206 12195362,21860252 12781859,23029531 11325142,22416800 10796096,21307206 12195362))
32645;POLYGON((18327108 9254278,18786347 9682224,19638184 8532766,19134728 8148053,18327108 9254278))
32646;POLYGON((15843644 7113907,16227488 7424769,16845063 6506347,16428783 6227963,15843644 7113907))
32647;POLYGON((13758333 5561697,14081845 5786909,14528213 5042013,14181127 4841195,13758333 5561697))
32648;POLYGON((11990905 4437638,12266329 4600734,12588690 3986227,12296275 3841479,11990905 4437638))
32649;POLYGON((10476354 3622795,10713579 3741167,10946807 3224838,10697417 3120309,10476354 3622795))
32650;POLYGON((9162351 3029910,9369318 3116243,9538839 2674110,9323196 2598267,9162351 3029910))
32651;POLYGON((8006998 2595810,8190050 2659236,8314150 2273449,8124910 2218017,8006998 2595810))
32652;POLYGON((6976878 2275355,7141070 2322361,7232727 1979601,7064099 1938720,6976878 2275355))
32653;POLYGON((6045400 2036686,6194753 2071826,6263063 1762092,6110495 1731664,6045400 2036686))
32654;POLYGON((5191390 1857569,5329109 1884008,5380382 1599706,5240288 1576898,5191390 1857569))
32655;POLYGON((4397918 1722637,4526574 1742553,4565143 1477828,4434687 1460699,4397918 1722637))
32656;POLYGON((3651321 1621349,3772999 1636232,3801819 1386472,3678731 1373702,3651321 1621349))
32657;POLYGON((2940404 1546533,3056829 1557393,3077899 1318870,2960327 1309568,2940404 1546533))
32658;POLYGON((2255798 1493365,2368427 1500875,2383079 1270481,2269474 1264056,2255798 1493365))
32659;POLYGON((1589426 1458683,1699536 1463275,1708629 1238321,1597650 1234395,1589426 1458683))
32660;POLYGON((934084 1440548,1042830 1442473,1046867 1220541,937307 1218895,934084 1440548))
