32701;POLYGON((299819 7122784,399919 7123933,401674 6902394,303332 6901185,299819 7122784))
32702;POLYGON((-302235 7099658,-201624 7105465,-189222 6882967,-288019 6876860,-302235 7099658))
32703;POLYGON((-909751 7047803,-807944 7058520,-784369 6833622,-884228 6822364,-909751 7047803))
32704;POLYGON((-1526866 6964929,-1423170 6981035,-1387397 6752292,-1488921 6735404,-1526866 6964929))
32705;POLYGON((-2157755 6847248,-2051472 6869492,-2001892 6635473,-2105668 6612215,-2157755 6847248))
32706;POLYGON((-2806598 6689122,-2697036 6718591,-2631304 6477931,-2737885 6447231,-2806598 6689122))
32707;POLYGON((-3477477 6482525,-3363967 6520752,-3278799 6272252,-3388669 6232623,-3477477 6482525))
32708;POLYGON((-4174201 6216289,-4056138 6265395,-3947010 6008219,-4060532 5957628,-4174201 6216289))
32709;POLYGON((-4900033 5875045,-4776926 5937937,-4637674 5671947,-4755017 5607648,-4900033 5875045))
32710;POLYGON((-5657310 5437804,-5528853 5518445,-5351134 5244734,-5472177 5163043,-5657310 5437804))
32711;POLYGON((-6446922 4876079,-6313094 4979832,-6085684 4701560,-6209888 4597563,-6446922 4876079))
32712;POLYGON((-7267650 4151452,-7128834 4285533,-6836731 4009147,-6962979 3876330,-7267650 4151452))
32713;POLYGON((-8115334 3212467,-7972469 3386512,-7595751 3123508,-7722155 2953295,-8115334 3212467))
32714;POLYGON((-8981858 1990725,-8836619 2217504,-8349023 1986886,-8472689 1768057,-8981858 1990725))
32715;POLYGON((-9853926 396040,-9708949 692334,-9076118 523964,-9192868 241947,-9853926 396040))
32716;POLYGON((-10711631 -1689496,-10570759 -1301822,-9748112 -1362753,-9852157 -1726738,-10711631 -1689496))
32717;POLYGON((-11526767 -4418714,-11395357 -3911417,-10325511 -3798519,-10409079 -4268499,-11526767 -4418714))
32718;POLYGON((-12260902 -7987996,-12146160 -7324906,-10755861 -6943025,-10808762 -7549501,-12260902 -7987996))
32719;POLYGON((-12863169 -12647540,-12774538 -11782731,-10971023 -10998324,-10980165 -11779721,-12863169 -12647540))
32720;POLYGON((-13267760 -18713458,-13217361 -17589094,-10884086 -16218149,-10832922 -17222520,-13267760 -18713458))
32721;POLYGON((-13391124 -26581929,-13394243 -25125752,-10385907 -22918798,-10253819 -24205802,-13391124 -26581929))
32722;POLYGON((-13128821 -36745632,-13204460 -34868056,-9341238 -31491763,-9102852 -33134951,-13128821 -36745632))
32723;POLYGON((-12352044 -49812707,-12523520 -47403471,-7584436 -42418282,-7208864 -44507723,-12352044 -49812707))
32724;POLYGON((-10903767 -66528507,-11199386 -63452844,-4914724 -56286010,-4364728 -58931292,-10903767 -66528507))
32725;POLYGON((-8594520 -87800395,-9048305 -83894676,-1090982 -73808026,-322060 -77141661,-8594520 -87800395))
32726;POLYGON((-5197760 -114725883,-5850251 -109792683,4173955 -95844370,5214568 -100025653,-5197760 -114725883))
32727;POLYGON((-444821 -148624403,-1343948 -142426942,11219510 -123426365,12593932 -128645705,-444821 -148624403))
32728;POLYGON((5980558 -191073022,4778532 -183328922,20444113 -157783924,22224989 -164267713,5980558 -191073022))
32729;POLYGON((14448174 -243946411,12877635 -234320727,32312505 -200376124,34584286 -208392158,14448174 -243946411))
32730;POLYGON((25387761 -309461421,23372637 -297558879,47363632 -252925270,50223942 -262788791,25387761 -309461421))
32731;POLYGON((-28667379 -334547560,-30936911 -347757943,-58469210 -294475243,-55273508 -283553126,-28667379 -334547560))
32732;POLYGON((-16796962 -264259868,-18579587 -274970475,-40956379 -234184298,-38403416 -225287145,-16796962 -264259868))
32733;POLYGON((-7556257 -207437197,-8933711 -216076642,-27030969 -185163264,-25015987 -177949644,-7556257 -207437197))
32734;POLYGON((-494044 -161737887,-1537028 -168670258,-16099890 -145493571,-14532028 -139672759,-494044 -161737887))
32735;POLYGON((4778717 -125178394,4009396 -130711432,-7649843 -113544670,-6450720 -108870288,4778717 -125178394))
32736;POLYGON((8595452 -96087114,8047822 -100479574,-1239038 -87937479,-341424 -84201768,8595452 -96087114))
32737;POLYGON((11240060 -73062908,10869998 -76531156,3510501 -67511511,4163905 -64540195,11240060 -73062908))
32738;POLYGON((12952542 -54938008,12722872 -57661916,6920056 -51295422,7377754 -48943107,12952542 -54938008))
32739;POLYGON((13934194 -40744967,13813847 -42873154,9260778 -38480716,9563520 -36626805,13934194 -40744967))
32740;POLYGON((14352366 -29687345,14315617 -31341815,10759731 -28398387,10941471 -26943451,14352366 -29687345))
32741;POLYGON((14344825 -21113825,14370595 -22394053,11605427 -20498244,11694195 -19360825,14344825 -21113825))
32742;POLYGON((14023729 -14495480,14094945 -15481999,11952871 -14330709,11971574 -13444508,14023729 -14495480))
32743;POLYGON((13479227 -9405910,13582251 -10163428,11928154 -9530872,11895294 -8842298,13479227 -9405910))
32744;POLYGON((12782712 -5503994,12906820 -6084103,11632601 -5804603,11562924 -5270646,12782712 -5503994))
32745;POLYGON((11989740 -2519004,12126658 -2962503,11146498 -2916524,11051581 -2502917,11989740 -2519004))
32746;POLYGON((11142629 -237846,11286121 -576731,10532432 -679666,10421197 -359314,11142629 -237846))
32747;POLYGON((10272763 1505790,10418270 1246642,9838251 1053365,9717429 1301726,10272763 1505790))
32748;POLYGON((9402619 2840590,9546935 2642003,9099675 2397888,8974205 2590816,9402619 2840590))
32749;POLYGON((8547525 3865262,8688524 3712580,8342583 3443434,8215963 3593727,8547525 3865262))
32750;POLYGON((7717176 4654876,7853576 4536998,7584982 4258998,7459573 4376474,7717176 4654876))
32751;POLYGON((6916930 5266060,7048092 5174638,6838704 4897363,6715981 4989503,6916930 5266060))
32752;POLYGON((6148885 5741196,6274644 5670004,6110836 5398638,5991604 5471103,6148885 5741196))
32753;POLYGON((5412772 6111780,5533305 6056204,5404902 5793104,5289474 5850153,5412772 6111780))
32754;POLYGON((4706671 6401067,4822388 6357709,4721841 6103484,4610181 6148299,4706671 6401067))
32755;POLYGON((4027580 6626120,4139036 6592496,4060781 6346725,3952611 6381672,4027580 6626120))
32756;POLYGON((3371836 6799374,3479673 6773679,3419639 6535377,3314526 6562198,3371836 6799374))
32757;POLYGON((2735425 6929806,2840327 6910743,2795569 6678639,2692991 6698601,2735425 6929806))
32758;POLYGON((2114184 7023778,2216848 7010441,2185289 6783140,2084672 6797137,2114184 7023778))
32759;POLYGON((1503930 7085650,1605053 7077432,1585289 6853495,1486036 6862133,1503930 7085650))
32760;POLYGON((900512 7118180,1000782 7114721,991964 6892703,893470 6896342,900512 7118180))
32601;POLYGON((299819 -2877215,399919 -2876066,401674 -3097605,303332 -3098814,299819 -2877215))
32602;POLYGON((-302235 -2900341,-201624 -2894534,-189222 -3117032,-288019 -3123139,-302235 -2900341))
32603;POLYGON((-909751 -2952196,-807944 -2941479,-784369 -3166377,-884228 -3177635,-909751 -2952196))
32604;POLYGON((-1526866 -3035070,-1423170 -3018964,-1387397 -3247707,-1488921 -3264595,-1526866 -3035070))
32605;POLYGON((-2157755 -3152751,-2051472 -3130507,-2001892 -3364526,-2105668 -3387784,-2157755 -3152751))
32606;POLYGON((-2806598 -3310877,-2697036 -3281408,-2631304 -3522068,-2737885 -3552768,-2806598 -3310877))
32607;POLYGON((-3477477 -3517474,-3363967 -3479247,-3278799 -3727747,-3388669 -3767376,-3477477 -3517474))
32608;POLYGON((-4174201 -3783710,-4056138 -3734604,-3947010 -3991780,-4060532 -4042371,-4174201 -3783710))
32609;POLYGON((-4900033 -4124954,-4776926 -4062062,-4637674 -4328052,-4755017 -4392351,-4900033 -4124954))
32610;POLYGON((-5657310 -4562195,-5528853 -4481554,-5351134 -4755265,-5472177 -4836956,-5657310 -4562195))
32611;POLYGON((-6446922 -5123920,-6313094 -5020167,-6085684 -5298439,-6209888 -5402436,-6446922 -5123920))
32612;POLYGON((-7267650 -5848547,-7128834 -5714466,-6836731 -5990852,-6962979 -6123669,-7267650 -5848547))
32613;POLYGON((-8115334 -6787532,-7972469 -6613487,-7595751 -6876491,-7722155 -7046704,-8115334 -6787532))
32614;POLYGON((-8981858 -8009274,-8836619 -7782495,-8349023 -8013113,-8472689 -8231942,-8981858 -8009274))
32615;POLYGON((-9853926 -9603959,-9708949 -9307665,-9076118 -9476035,-9192868 -9758052,-9853926 -9603959))
32616;POLYGON((-10711631 -11689496,-10570759 -11301822,-9748112 -11362753,-9852157 -11726738,-10711631 -11689496))
32617;POLYGON((-11526767 -14418714,-11395357 -13911417,-10325511 -13798519,-10409079 -14268499,-11526767 -14418714))
32618;POLYGON((-12260902 -17987996,-12146160 -17324906,-10755861 -16943025,-10808762 -17549501,-12260902 -17987996))
32619;POLYGON((-12863169 -22647540,-12774538 -21782731,-10971023 -20998324,-10980165 -21779721,-12863169 -22647540))
32620;POLYGON((-13267760 -28713458,-13217361 -27589094,-10884086 -26218149,-10832922 -27222520,-13267760 -28713458))
32621;POLYGON((-13391124 -36581929,-13394243 -35125752,-10385907 -32918798,-10253819 -34205802,-13391124 -36581929))
32622;POLYGON((-13128821 -46745632,-13204460 -44868056,-9341238 -41491763,-9102852 -43134951,-13128821 -46745632))
32623;POLYGON((-12352044 -59812707,-12523520 -57403471,-7584436 -52418282,-7208864 -54507723,-12352044 -59812707))
32624;POLYGON((-10903767 -76528507,-11199386 -73452844,-4914724 -66286010,-4364728 -68931292,-10903767 -76528507))
32625;POLYGON((-8594520 -97800395,-9048305 -93894676,-1090982 -83808026,-322060 -87141661,-8594520 -97800395))
32626;POLYGON((-5197760 -124725883,-5850251 -119792683,4173955 -105844370,5214568 -110025653,-5197760 -124725883))
32627;POLYGON((-444821 -158624403,-1343948 -152426942,11219510 -133426365,12593932 -138645705,-444821 -158624403))
32628;POLYGON((5980558 -201073022,4778532 -193328922,20444113 -167783924,22224989 -174267713,5980558 -201073022))
32629;POLYGON((14448174 -253946411,12877635 -244320727,32312505 -210376124,34584286 -218392158,14448174 -253946411))
32630;POLYGON((25387761 -319461421,23372637 -307558879,47363632 -262925270,50223942 -272788791,25387761 -319461421))
32631;POLYGON((-28667379 -344547560,-30936911 -357757943,-58469210 -304475243,-55273508 -293553126,-28667379 -344547560))
32632;POLYGON((-16796962 -274259868,-18579587 -284970475,-40956379 -244184298,-38403416 -235287145,-16796962 -274259868))
32633;POLYGON((-7556257 -217437197,-8933711 -226076642,-27030969 -195163264,-25015987 -187949644,-7556257 -217437197))
32634;POLYGON((-494044 -171737887,-1537028 -178670258,-16099890 -155493571,-14532028 -149672759,-494044 -171737887))
32635;POLYGON((4778717 -135178394,4009396 -140711432,-7649843 -123544670,-6450720 -118870288,4778717 -135178394))
32636;POLYGON((8595452 -106087114,8047822 -110479574,-1239038 -97937479,-341424 -94201768,8595452 -106087114))
32637;POLYGON((11240060 -83062908,10869998 -86531156,3510501 -77511511,4163905 -74540195,11240060 -83062908))
32638;POLYGON((12952542 -64938008,12722872 -67661916,6920056 -61295422,7377754 -58943107,12952542 -64938008))
32639;POLYGON((13934194 -50744967,13813847 -52873154,9260778 -48480716,9563520 -46626805,13934194 -50744967))
32640;POLYGON((14352366 -39687345,14315617 -41341815,10759731 -38398387,10941471 -36943451,14352366 -39687345))
32641;POLYGON((14344825 -31113825,14370595 -32394053,11605427 -30498244,11694195 -29360825,14344825 -31113825))
32642;POLYGON((14023729 -24495480,14094945 -25481999,11952871 -24330709,11971574 -23444508,14023729 -24495480))
32643;POLYGON((13479227 -19405910,13582251 -20163428,11928154 -19530872,11895294 -18842298,13479227 -19405910))
32644;POLYGON((12782712 -15503994,12906820 -16084103,11632601 -15804603,11562924 -15270646,12782712 -15503994))
32645;POLYGON((11989740 -12519004,12126658 -12962503,11146498 -12916524,11051581 -12502917,11989740 -12519004))
32646;POLYGON((11142629 -10237846,11286121 -10576731,10532432 -10679666,10421197 -10359314,11142629 -10237846))
32647;POLYGON((10272763 -8494209,10418270 -8753357,9838251 -8946634,9717429 -8698273,10272763 -8494209))
32648;POLYGON((9402619 -7159409,9546935 -7357996,9099675 -7602111,8974205 -7409183,9402619 -7159409))
32649;POLYGON((8547525 -6134737,8688524 -6287419,8342583 -6556565,8215963 -6406272,8547525 -6134737))
32650;POLYGON((7717176 -5345123,7853576 -5463001,7584982 -5741001,7459573 -5623525,7717176 -5345123))
32651;POLYGON((6916930 -4733939,7048092 -4825361,6838704 -5102636,6715981 -5010496,6916930 -4733939))
32652;POLYGON((6148885 -4258803,6274644 -4329995,6110836 -4601361,5991604 -4528896,6148885 -4258803))
32653;POLYGON((5412772 -3888219,5533305 -3943795,5404902 -4206895,5289474 -4149846,5412772 -3888219))
32654;POLYGON((4706671 -3598932,4822388 -3642290,4721841 -3896515,4610181 -3851700,4706671 -3598932))
32655;POLYGON((4027580 -3373879,4139036 -3407503,4060781 -3653274,3952611 -3618327,4027580 -3373879))
32656;POLYGON((3371836 -3200625,3479673 -3226320,3419639 -3464622,3314526 -3437801,3371836 -3200625))
32657;POLYGON((2735425 -3070193,2840327 -3089256,2795569 -3321360,2692991 -3301398,2735425 -3070193))
32658;POLYGON((2114184 -2976221,2216848 -2989558,2185289 -3216859,2084672 -3202862,2114184 -2976221))
32659;POLYGON((1503930 -2914349,1605053 -2922567,1585289 -3146504,1486036 -3137866,1503930 -2914349))
32660;POLYGON((900512 -2881819,1000782 -2885278,991964 -3107296,893470 -3103657,900512 -2881819))
