32701;POLYGON((307084 6679530,403549 6680793,405542 6459127,311072 6457816,307084 6679530))
32702;POLYGON((-272843 6654126,-175979 6660502,-161912 6438071,-256725 6431456,-272843 6654126))
32703;POLYGON((-857014 6597261,-759224 6609003,-732546 6384674,-828148 6372508,-857014 6597261))
32704;POLYGON((-1448542 6506671,-1349315 6524249,-1308988 6296934,-1405801 6278759,-1448542 6506671))
32705;POLYGON((-2050396 6378654,-1949251 6402796,-1893665 6171502,-1992063 6146612,-2050396 6378654))
32706;POLYGON((-2665253 6207791,-2561773 6239534,-2488630 6003454,-2588903 5970856,-2665253 6207791))
32707;POLYGON((-3295271 5986542,-3189146 6027312,-3095304 5785981,-3197603 5744328,-3295271 5986542))
32708;POLYGON((-3941757 5704691,-3832846 5756405,-3714105 5509958,-3818368 5457467,-3941757 5704691))
32709;POLYGON((-4604685 5348594,-4493110 5413803,-4343929 5163387,-4449780 5097733,-4604685 5348594))
32710;POLYGON((-5282069 4900215,-5168329 4982279,-4981474 4730692,-5088088 4648870,-5282069 4900215))
32711;POLYGON((-5969144 4335873,-5854267 4439192,-5620351 4191824,-5726291 4089985,-5969144 4335873))
32712;POLYGON((-6657328 3624670,-6543060 3754974,-6249986 3521173,-6352990 3394418,-6657328 3624670))
32713;POLYGON((-7332962 2726528,-7221994 2891230,-6854258 2686230,-6950990 2528360,-7332962 2726528))
32714;POLYGON((-7975774 1589769,-7872018 1798407,-7409867 1645966,-7495615 1449185,-7975774 1589769))
32715;POLYGON((-8557067 148166,-8465976 412930,-7884390 348902,-7952707 103458,-8557067 148166))
32716;POLYGON((-9037580 -1682623,-8966531 -1346246,-8234002 -1269196,-8276296 -1575434,-9037580 -1682623))
32717;POLYGON((-9365027 -4009319,-9323756 -3581784,-8400841 -3288044,-8405897 -3670082,-9365027 -4009319))
32718;POLYGON((-9471262 -6966079,-9472359 -6422880,-8309978 -5806017,-8263413 -6282319,-9471262 -6966079))
32719;POLYGON((-9269053 -10720456,-9328532 -10031066,-7865973 -8943872,-7749620 -9537033,-9269053 -10720456))
32720;POLYGON((-8648453 -15480365,-8786382 -14607001,-6948987 -12849049,-6740202 -13586574,-8648453 -15480365))
32721;POLYGON((-7472715 -21502170,-7713934 -20398359,-5410423 -17700628,-5081310 -18615826,-7472715 -21502170))
32722;POLYGON((-5573761 -29100019,-5948666 -27708954,-3068066 -23715003,-2584617 -24848012,-5573761 -29100019))
32723;POLYGON((-2747141 -38656551,-3292560 -36909204,299303 -31152360,978158 -32551303,-2747141 -38656551))
32724;POLYGON((1253510 -50635123,493352 -48448095,4957847 -40324015,5881287 -42046316,1253510 -50635123))
32725;POLYGON((6722564 -65593678,5694996 -62866768,11225189 -51600713,12451646 -53714581,6722564 -65593678))
32726;POLYGON((14009052 -84200435,12651807 -80813891,19477546 -65421959,21075956 -68008046,14009052 -84200435))
32727;POLYGON((23523916 -107251528,21763878 -103062967,30157496 -82306474,32208654 -85459736,23523916 -107251528))
32728;POLYGON((35747870 -135690780,33499722 -130531736,43782402 -102863872,46380438 -106695641,35747870 -135690780))
32729;POLYGON((51239916 -170631773,48404673 -164303849,60953540 -127807649,64207503 -132447930,51239916 -170631773))
32730;POLYGON((70646511 -213382389,67109947 -205652992,82365932 -157969582,86401507 -163569598,70646511 -213382389))
32731;POLYGON((-77110828 -229625463,-81046112 -238154786,-98387228 -181447499,-93908018 -175303515,-77110828 -229625463))
32732;POLYGON((-56239202 -183943551,-59409810 -190940821,-73710142 -147279127,-70082194 -142179315,-56239202 -183943551))
32733;POLYGON((-39518732 -146555023,-42047140 -152271676,-53794941 -118956939,-50883571 -114738429,-39518732 -146555023))
32734;POLYGON((-26271648 -116081321,-28264258 -120732289,-37878265 -95561554,-35566328 -92084066,-26271648 -116081321))
32735;POLYGON((-15910852 -91346950,-17459624 -95115159,-25297480 -76302315,-23483593 -73445483,-15910852 -91346950))
32736;POLYGON((-7930510 -71354072,-9114485 -74394492,-15480339 -60501882,-14077230 -58162835,-7930510 -71354072))
32737;POLYGON((-1897328 -55259630,-2784036 -57702920,-7935384 -47582315,-6868366 -45673493,-1897328 -55259630))
32738;POLYGON((2557526 -42354829,1910766 -44310602,-2243063 -37052532,-1448613 -35499726,2557526 -42354829))
32739;POLYGON((5745876 -32046803,5290756 -33606536,1952479 -28497054,2528016 -27237643,5745876 -32046803))
32740;POLYGON((7929385 -23842294,7625504 -25081915,4950952 -21565929,5352564 -20547312,7929385 -23842294))
32741;POLYGON((9325831 -17333195,9139690 -18315369,7002841 -15965757,7267942 -15143960,9325831 -17333195))
32742;POLYGON((10114834 -12183788,10018920 -12959935,8315732 -11451721,8475161 -10790157,10114834 -12183788))
32743;POLYGON((10443055 -8119550,10415007 -8731606,9060062 -7820544,9138987 -7288924,10443055 -8119550))
32744;POLYGON((10428900 -4917374,10450760 -5399328,9374327 -4904285,9393063 -4477665,10428900 -4917374))
32745;POLYGON((10166746 -2397080,10224288 -2776306,9369774 -2564917,9344513 -2222856,10166746 -2397080))
32746;POLYGON((9730724 -414089,9812852 -712490,9134595 -689590,9078064 -415433,9730724 -414089))
32747;POLYGON((9178073 1146861,9276290 911874,8737669 813465,8659707 1033220,9178073 1146861))
32748;POLYGON((8552104 2377061,8660044 2191735,8231861 2018473,8139933 2194710,8552104 2377061))
32749;POLYGON((7884783 3348347,7997806 3201892,7656923 2985136,7556559 3126582,7884783 3348347))
32750;POLYGON((7198972 4116892,7313815 4000893,7041999 3761214,6937184 3874824,7198972 4116892))
32751;POLYGON((6510352 4726346,6624829 4634281,6407797 4384696,6301294 4475985,6510352 4726346))
32752;POLYGON((5829042 5210428,5941792 5137271,5768421 4885627,5662052 4958941,5829042 5210428))
32753;POLYGON((5160956 5595031,5271235 5536934,5132913 5287628,5027785 5346371,5160956 5595031))
32754;POLYGON((4508905 5899921,4616420 5853954,4506520 5609145,4403215 5655963,4508905 5899921))
32755;POLYGON((3873488 6140083,3978260 6104033,3891727 5864474,3790448 5901406,3873488 6140083))
32756;POLYGON((3253783 6326785,3356049 6298994,3289061 6064583,3189754 6093182,3253783 6326785))
32757;POLYGON((2647873 6468387,2748002 6447636,2697721 6217770,2600157 6239198,2647873 6468387))
32758;POLYGON((2053222 6570963,2151668 6556377,2116040 6330174,2019883 6345272,2053222 6570963))
32759;POLYGON((1466939 6638751,1564201 6629736,1541817 6406164,1446664 6415510,1466939 6638751))
32760;POLYGON((885948 6674471,982546 6670670,972541 6448621,877956 6452565,885948 6674471))
32601;POLYGON((307084 -3320469,403549 -3319206,405542 -3540872,311072 -3542183,307084 -3320469))
32602;POLYGON((-272843 -3345873,-175979 -3339497,-161912 -3561928,-256725 -3568543,-272843 -3345873))
32603;POLYGON((-857014 -3402738,-759224 -3390996,-732546 -3615325,-828148 -3627491,-857014 -3402738))
32604;POLYGON((-1448542 -3493328,-1349315 -3475750,-1308988 -3703065,-1405801 -3721240,-1448542 -3493328))
32605;POLYGON((-2050396 -3621345,-1949251 -3597203,-1893665 -3828497,-1992063 -3853387,-2050396 -3621345))
32606;POLYGON((-2665253 -3792208,-2561773 -3760465,-2488630 -3996545,-2588903 -4029143,-2665253 -3792208))
32607;POLYGON((-3295271 -4013457,-3189146 -3972687,-3095304 -4214018,-3197603 -4255671,-3295271 -4013457))
32608;POLYGON((-3941757 -4295308,-3832846 -4243594,-3714105 -4490041,-3818368 -4542532,-3941757 -4295308))
32609;POLYGON((-4604685 -4651405,-4493110 -4586196,-4343929 -4836612,-4449780 -4902266,-4604685 -4651405))
32610;POLYGON((-5282069 -5099784,-5168329 -5017720,-4981474 -5269307,-5088088 -5351129,-5282069 -5099784))
32611;POLYGON((-5969144 -5664126,-5854267 -5560807,-5620351 -5808175,-5726291 -5910014,-5969144 -5664126))
32612;POLYGON((-6657328 -6375329,-6543060 -6245025,-6249986 -6478826,-6352990 -6605581,-6657328 -6375329))
32613;POLYGON((-7332962 -7273471,-7221994 -7108769,-6854258 -7313769,-6950990 -7471639,-7332962 -7273471))
32614;POLYGON((-7975774 -8410230,-7872018 -8201592,-7409867 -8354033,-7495615 -8550814,-7975774 -8410230))
32615;POLYGON((-8557067 -9851833,-8465976 -9587069,-7884390 -9651097,-7952707 -9896541,-8557067 -9851833))
32616;POLYGON((-9037580 -11682623,-8966531 -11346246,-8234002 -11269196,-8276296 -11575434,-9037580 -11682623))
32617;POLYGON((-9365027 -14009319,-9323756 -13581784,-8400841 -13288044,-8405897 -13670082,-9365027 -14009319))
32618;POLYGON((-9471262 -16966079,-9472359 -16422880,-8309978 -15806017,-8263413 -16282319,-9471262 -16966079))
32619;POLYGON((-9269053 -20720456,-9328532 -20031066,-7865973 -18943872,-7749620 -19537033,-9269053 -20720456))
32620;POLYGON((-8648453 -25480365,-8786382 -24607001,-6948987 -22849049,-6740202 -23586574,-8648453 -25480365))
32621;POLYGON((-7472715 -31502170,-7713934 -30398359,-5410423 -27700628,-5081310 -28615826,-7472715 -31502170))
32622;POLYGON((-5573761 -39100019,-5948666 -37708954,-3068066 -33715003,-2584617 -34848012,-5573761 -39100019))
32623;POLYGON((-2747141 -48656551,-3292560 -46909204,299303 -41152360,978158 -42551303,-2747141 -48656551))
32624;POLYGON((1253510 -60635123,493352 -58448095,4957847 -50324015,5881287 -52046316,1253510 -60635123))
32625;POLYGON((6722564 -75593678,5694996 -72866768,11225189 -61600713,12451646 -63714581,6722564 -75593678))
32626;POLYGON((14009052 -94200435,12651807 -90813891,19477546 -75421959,21075956 -78008046,14009052 -94200435))
32627;POLYGON((23523916 -117251528,21763878 -113062967,30157496 -92306474,32208654 -95459736,23523916 -117251528))
32628;POLYGON((35747870 -145690780,33499722 -140531736,43782402 -112863872,46380438 -116695641,35747870 -145690780))
32629;POLYGON((51239916 -180631773,48404673 -174303849,60953540 -137807649,64207503 -142447930,51239916 -180631773))
32630;POLYGON((70646511 -223382389,67109947 -215652992,82365932 -167969582,86401507 -173569598,70646511 -223382389))
32631;POLYGON((-77110828 -239625463,-81046112 -248154786,-98387228 -191447499,-93908018 -185303515,-77110828 -239625463))
32632;POLYGON((-56239202 -193943551,-59409810 -200940821,-73710142 -157279127,-70082194 -152179315,-56239202 -193943551))
32633;POLYGON((-39518732 -156555023,-42047140 -162271676,-53794941 -128956939,-50883571 -124738429,-39518732 -156555023))
32634;POLYGON((-26271648 -126081321,-28264258 -130732289,-37878265 -105561554,-35566328 -102084066,-26271648 -126081321))
32635;POLYGON((-15910852 -101346950,-17459624 -105115159,-25297480 -86302315,-23483593 -83445483,-15910852 -101346950))
32636;POLYGON((-7930510 -81354072,-9114485 -84394492,-15480339 -70501882,-14077230 -68162835,-7930510 -81354072))
32637;POLYGON((-1897328 -65259630,-2784036 -67702920,-7935384 -57582315,-6868366 -55673493,-1897328 -65259630))
32638;POLYGON((2557526 -52354829,1910766 -54310602,-2243063 -47052532,-1448613 -45499726,2557526 -52354829))
32639;POLYGON((5745876 -42046803,5290756 -43606536,1952479 -38497054,2528016 -37237643,5745876 -42046803))
32640;POLYGON((7929385 -33842294,7625504 -35081915,4950952 -31565929,5352564 -30547312,7929385 -33842294))
32641;POLYGON((9325831 -27333195,9139690 -28315369,7002841 -25965757,7267942 -25143960,9325831 -27333195))
32642;POLYGON((10114834 -22183788,10018920 -22959935,8315732 -21451721,8475161 -20790157,10114834 -22183788))
32643;POLYGON((10443055 -18119550,10415007 -18731606,9060062 -17820544,9138987 -17288924,10443055 -18119550))
32644;POLYGON((10428900 -14917374,10450760 -15399328,9374327 -14904285,9393063 -14477665,10428900 -14917374))
32645;POLYGON((10166746 -12397080,10224288 -12776306,9369774 -12564917,9344513 -12222856,10166746 -12397080))
32646;POLYGON((9730724 -10414089,9812852 -10712490,9134595 -10689590,9078064 -10415433,9730724 -10414089))
32647;POLYGON((9178073 -8853138,9276290 -9088125,8737669 -9186534,8659707 -8966779,9178073 -8853138))
32648;POLYGON((8552104 -7622938,8660044 -7808264,8231861 -7981526,8139933 -7805289,8552104 -7622938))
32649;POLYGON((7884783 -6651652,7997806 -6798107,7656923 -7014863,7556559 -6873417,7884783 -6651652))
32650;POLYGON((7198972 -5883107,7313815 -5999106,7041999 -6238785,6937184 -6125175,7198972 -5883107))
32651;POLYGON((6510352 -5273653,6624829 -5365718,6407797 -5615303,6301294 -5524014,6510352 -5273653))
32652;POLYGON((5829042 -4789571,5941792 -4862728,5768421 -5114372,5662052 -5041058,5829042 -4789571))
32653;POLYGON((5160956 -4404968,5271235 -4463065,5132913 -4712371,5027785 -4653628,5160956 -4404968))
32654;POLYGON((4508905 -4100078,4616420 -4146045,4506520 -4390854,4403215 -4344036,4508905 -4100078))
32655;POLYGON((3873488 -3859916,3978260 -3895966,3891727 -4135525,3790448 -4098593,3873488 -3859916))
32656;POLYGON((3253783 -3673214,3356049 -3701005,3289061 -3935416,3189754 -3906817,3253783 -3673214))
32657;POLYGON((2647873 -3531612,2748002 -3552363,2697721 -3782229,2600157 -3760801,2647873 -3531612))
32658;POLYGON((2053222 -3429036,2151668 -3443622,2116040 -3669825,2019883 -3654727,2053222 -3429036))
32659;POLYGON((1466939 -3361248,1564201 -3370263,1541817 -3593835,1446664 -3584489,1466939 -3361248))
32660;POLYGON((885948 -3325528,982546 -3329329,972541 -3551378,877956 -3547434,885948 -3325528))
