32701;POLYGON((326809 14318679,413407 14317252,411022 14095339,322037 14096742,326809 14318679))
32702;POLYGON((-193202 14347342,-106456 14340155,-123261 14117850,-212447 14124917,-193202 14347342))
32703;POLYGON((-714735 14411219,-627664 14398061,-659398 14174816,-749038 14187770,-714735 14411219))
32704;POLYGON((-1238703 14512172,-1151178 14492661,-1198807 14268036,-1289109 14287288,-1238703 14512172))
32705;POLYGON((-1765610 14653157,-1677585 14626720,-1742567 14400478,-1833664 14426643,-1765610 14653157))
32706;POLYGON((-2295289 14838296,-2206851 14804161,-2291183 14576394,-2383080 14610316,-2295289 14838296))
32707;POLYGON((-2826551 15072980,-2737988 15030156,-2844259 14801473,-2936774 14844254,-2826551 15072980))
32708;POLYGON((-3356726 15363947,-3268610 15311216,-3400059 15083022,-3492735 15136048,-3356726 15363947))
32709;POLYGON((-3881054 15719355,-3794354 15655256,-3954921 15430154,-4046909 15495135,-3881054 15719355))
32710;POLYGON((-4391911 16148789,-4308134 16071627,-4502498 15853986,-4592414 15932983,-4391911 16148789))
32711;POLYGON((-4877836 16663196,-4799208 16571058,-5032795 16367820,-5118541 16463272,-4877836 16663196))
32712;POLYGON((-5322346 17274711,-5252020 17165504,-5530987 16987287,-5609522 17102033,-5322346 17274711))
32713;POLYGON((-5702488 17996333,-5644807 17867850,-5975965 17730443,-6043045 17867732,-5702488 17996333))
32714;POLYGON((-5987127 18841405,-5947931 18691426,-6338613 18617790,-6388468 18781272,-5987127 18841405))
32715;POLYGON((-6134929 19822872,-6121911 19649307,-6579758 19672189,-6604719 19865890,-6134929 19822872))
32716;POLYGON((-6092015 20952240,-6115136 20753326,-6647790 20918646,-6637857 21146921,-6092015 20952240))
32717;POLYGON((-5789258 22238209,-5861223 22012760,-6475903 22383945,-6418252 22651392,-5789258 22238209))
32718;POLYGON((-5139203 23684900,-5276004 23432635,-5978950 24096078,-5857360 24407429,-5139203 23684900))
32719;POLYGON((-4032574 25289626,-4254100 25011576,-5049861 26083456,-4844080 26443417,-4032574 25289626))
32720;POLYGON((-2334350 27040142,-2665074 26739146,-3555617 28373856,-3240642 28786904,-2334350 27040142))
32721;POLYGON((120621 28911294,-349117 28592603,-1332735 30993055,-878014 31463177,120621 28911294))
32722;POLYGON((3532505 30860998,2887736 30532994,1817743 33963131,2449203 34493507,3532505 30860998))
32723;POLYGON((8141862 32825470,7278920 32500517,6135822 37300366,6988432 37892974,8141862 32825470))
32724;POLYGON((14235585 34713624,13103168 34409064,11908662 41012709,13035329 41667861,14235585 34713624))
32725;POLYGON((22153398 36400547,20690923 36139854,19477303 45096764,20940612 45812548,22153398 36400547))
32726;POLYGON((32294949 37719966,30431327 37534078,29243999 49534228,31117495 50305863,32294949 37719966))
32727;POLYGON((45127528 38455602,42779834 38384439,41680208 54287744,44049793 55106824,45127528 38455602))
32728;POLYGON((61194432 38331319,58266462 38425518,57335254 59296106,60300700 60149737,61194432 38331319))
32729;POLYGON((81123999 36999963,77504720 37322831,76845697 64468754,80522277 65338559,81123999 36999963))
32730;POLYGON((105639352 34030777,101201227 34660491,100945439 69679503,105465686 70540502,105639352 34030777))
32731;POLYGON((-113970132 32588852,-118871152 31771084,-118972601 73093083,-113974916 72248262,-113970132 32588852))
32732;POLYGON((-87747614 36216158,-91759273 35750662,-91352639 67947817,-87271943 67078832,-87747614 36216158))
32733;POLYGON((-66374774 38041076,-69633528 37841330,-68870655 62733266,-65565087 61868867,-66374774 38041076))
32734;POLYGON((-49094605 38525288,-51719522 38520842,-50721865 57603257,-48067751 56764972,-49094605 38525288))
32735;POLYGON((-35248290 38042346,-37342788 38176488,-36205986 52671352,-34096013 51874685,-35248290 38042346))
32736;POLYGON((-24265226 36890750,-25918680 37118431,-24716619 48017670,-23058148 47273155,-24265226 36890750))
32737;POLYGON((-15653748 35305573,-16942994 35591566,-15731403 43694891,-14444892 43009022,-15653748 35305573))
32738;POLYGON((-8992549 33468739,-9983263 33786018,-8802877 39733522,-7820428 39109556,-8992549 33468739))
32739;POLYGON((-3922750 31518059,-4670727 31846369,-3550045 36146466,-2814066 35585129,-3922750 31518059))
32740;POLYGON((-140598 29555121,-692927 29879744,349388 32932970,887415 32433053,-140598 29555121))
32741;POLYGON((2609224 27652143,2213087 27962820,3166148 30081995,3546797 29640866,2609224 27652143))
32742;POLYGON((4539723 25857873,4266973 26147886,5125905 27575071,5382831 27189102,4539723 25857873))
32743;POLYGON((5827155 24202627,5650746 24468013,6415203 25388673,6576078 25053596,5827155 24202627))
32744;POLYGON((6616073 22702550,6513917 22941443,7186836 23496185,7274193 23207380,6616073 22702550))
32745;POLYGON((7023877 21363180,6978114 21575261,7564698 21869485,7596688 21622211,7023877 21363180))
32746;POLYGON((7144887 20182392,7141241 20368440,7648126 20480198,7639197 20269772,7144887 20182392))
32747;POLYGON((7053977 19152796,7081176 19314322,7515778 19300658,7477277 19122592,7053977 19152796))
32748;POLYGON((6809789 18263651,6859064 18402609,7229065 18304622,7169767 18154718,6809789 18263651))
32749;POLYGON((6457563 17502360,6522195 17620925,6835163 17467765,6761737 17342179,6457563 17502360))
32750;POLYGON((6031593 16855616,6106532 16956018,6369646 16767997,6287058 16663278,6031593 16855616))
32751;POLYGON((5557354 16310239,5638887 16394637,5858750 16185626,5770604 16098732,5557354 16310239))
32752;POLYGON((5053313 15853761,5138780 15924165,5321312 15703412,5230147 15631704,5053313 15853761))
32753;POLYGON((4532461 15474812,4620020 15533030,4770398 15306513,4677931 15247744,4532461 15474812))
32754;POLYGON((4003582 15163342,4092014 15210952,4214668 14982375,4121994 14934664,4003582 15163342))
32755;POLYGON((3472296 14910715,3560847 14949056,3659478 14720568,3567234 14682371,3472296 14910715))
32756;POLYGON((2941896 14709725,3030149 14739901,3107773 14512605,3016267 14482682,2941896 14709725))
32757;POLYGON((2414004 14554541,2501781 14577431,2560784 14351738,2470095 14329120,2414004 14554541))
32758;POLYGON((1889085 14440627,1976371 14456903,2018565 14232777,1928616 14216738,1889085 14440627))
32759;POLYGON((1366826 14364651,1453714 14374787,1480387 14151911,1391004 14141940,1366826 14364651))
32760;POLYGON((846426 14324393,933073 14328685,945037 14106575,855984 14102357,846426 14324393))
32601;POLYGON((326809 4318679,413407 4317252,411022 4095339,322037 4096742,326809 4318679))
32602;POLYGON((-193202 4347342,-106456 4340155,-123261 4117850,-212447 4124917,-193202 4347342))
32603;POLYGON((-714735 4411219,-627664 4398061,-659398 4174816,-749038 4187770,-714735 4411219))
32604;POLYGON((-1238703 4512172,-1151178 4492661,-1198807 4268036,-1289109 4287288,-1238703 4512172))
32605;POLYGON((-1765610 4653157,-1677585 4626720,-1742567 4400478,-1833664 4426643,-1765610 4653157))
32606;POLYGON((-2295289 4838296,-2206851 4804161,-2291183 4576394,-2383080 4610316,-2295289 4838296))
32607;POLYGON((-2826551 5072980,-2737988 5030156,-2844259 4801473,-2936774 4844254,-2826551 5072980))
32608;POLYGON((-3356726 5363947,-3268610 5311216,-3400059 5083022,-3492735 5136048,-3356726 5363947))
32609;POLYGON((-3881054 5719355,-3794354 5655256,-3954921 5430154,-4046909 5495135,-3881054 5719355))
32610;POLYGON((-4391911 6148789,-4308134 6071627,-4502498 5853986,-4592414 5932983,-4391911 6148789))
32611;POLYGON((-4877836 6663196,-4799208 6571058,-5032795 6367820,-5118541 6463272,-4877836 6663196))
32612;POLYGON((-5322346 7274711,-5252020 7165504,-5530987 6987287,-5609522 7102033,-5322346 7274711))
32613;POLYGON((-5702488 7996333,-5644807 7867850,-5975965 7730443,-6043045 7867732,-5702488 7996333))
32614;POLYGON((-5987127 8841405,-5947931 8691426,-6338613 8617790,-6388468 8781272,-5987127 8841405))
32615;POLYGON((-6134929 9822872,-6121911 9649307,-6579758 9672189,-6604719 9865890,-6134929 9822872))
32616;POLYGON((-6092015 10952240,-6115136 10753326,-6647790 10918646,-6637857 11146921,-6092015 10952240))
32617;POLYGON((-5789258 12238209,-5861223 12012760,-6475903 12383945,-6418252 12651392,-5789258 12238209))
32618;POLYGON((-5139203 13684900,-5276004 13432635,-5978950 14096078,-5857360 14407429,-5139203 13684900))
32619;POLYGON((-4032574 15289626,-4254100 15011576,-5049861 16083456,-4844080 16443417,-4032574 15289626))
32620;POLYGON((-2334350 17040142,-2665074 16739146,-3555617 18373856,-3240642 18786904,-2334350 17040142))
32621;POLYGON((120621 18911294,-349117 18592603,-1332735 20993055,-878014 21463177,120621 18911294))
32622;POLYGON((3532505 20860998,2887736 20532994,1817743 23963131,2449203 24493507,3532505 20860998))
32623;POLYGON((8141862 22825470,7278920 22500517,6135822 27300366,6988432 27892974,8141862 22825470))
32624;POLYGON((14235585 24713624,13103168 24409064,11908662 31012709,13035329 31667861,14235585 24713624))
32625;POLYGON((22153398 26400547,20690923 26139854,19477303 35096764,20940612 35812548,22153398 26400547))
32626;POLYGON((32294949 27719966,30431327 27534078,29243999 39534228,31117495 40305863,32294949 27719966))
32627;POLYGON((45127528 28455602,42779834 28384439,41680208 44287744,44049793 45106824,45127528 28455602))
32628;POLYGON((61194432 28331319,58266462 28425518,57335254 49296106,60300700 50149737,61194432 28331319))
32629;POLYGON((81123999 26999963,77504720 27322831,76845697 54468754,80522277 55338559,81123999 26999963))
32630;POLYGON((105639352 24030777,101201227 24660491,100945439 59679503,105465686 60540502,105639352 24030777))
32631;POLYGON((-113970132 22588852,-118871152 21771084,-118972601 63093083,-113974916 62248262,-113970132 22588852))
32632;POLYGON((-87747614 26216158,-91759273 25750662,-91352639 57947817,-87271943 57078832,-87747614 26216158))
32633;POLYGON((-66374774 28041076,-69633528 27841330,-68870655 52733266,-65565087 51868867,-66374774 28041076))
32634;POLYGON((-49094605 28525288,-51719522 28520842,-50721865 47603257,-48067751 46764972,-49094605 28525288))
32635;POLYGON((-35248290 28042346,-37342788 28176488,-36205986 42671352,-34096013 41874685,-35248290 28042346))
32636;POLYGON((-24265226 26890750,-25918680 27118431,-24716619 38017670,-23058148 37273155,-24265226 26890750))
32637;POLYGON((-15653748 25305573,-16942994 25591566,-15731403 33694891,-14444892 33009022,-15653748 25305573))
32638;POLYGON((-8992549 23468739,-9983263 23786018,-8802877 29733522,-7820428 29109556,-8992549 23468739))
32639;POLYGON((-3922750 21518059,-4670727 21846369,-3550045 26146466,-2814066 25585129,-3922750 21518059))
32640;POLYGON((-140598 19555121,-692927 19879744,349388 22932970,887415 22433053,-140598 19555121))
32641;POLYGON((2609224 17652143,2213087 17962820,3166148 20081995,3546797 19640866,2609224 17652143))
32642;POLYGON((4539723 15857873,4266973 16147886,5125905 17575071,5382831 17189102,4539723 15857873))
32643;POLYGON((5827155 14202627,5650746 14468013,6415203 15388673,6576078 15053596,5827155 14202627))
32644;POLYGON((6616073 12702550,6513917 12941443,7186836 13496185,7274193 13207380,6616073 12702550))
32645;POLYGON((7023877 11363180,6978114 11575261,7564698 11869485,7596688 11622211,7023877 11363180))
32646;POLYGON((7144887 10182392,7141241 10368440,7648126 10480198,7639197 10269772,7144887 10182392))
32647;POLYGON((7053977 9152796,7081176 9314322,7515778 9300658,7477277 9122592,7053977 9152796))
32648;POLYGON((6809789 8263651,6859064 8402609,7229065 8304622,7169767 8154718,6809789 8263651))
32649;POLYGON((6457563 7502360,6522195 7620925,6835163 7467765,6761737 7342179,6457563 7502360))
32650;POLYGON((6031593 6855616,6106532 6956018,6369646 6767997,6287058 6663278,6031593 6855616))
32651;POLYGON((5557354 6310239,5638887 6394637,5858750 6185626,5770604 6098732,5557354 6310239))
32652;POLYGON((5053313 5853761,5138780 5924165,5321312 5703412,5230147 5631704,5053313 5853761))
32653;POLYGON((4532461 5474812,4620020 5533030,4770398 5306513,4677931 5247744,4532461 5474812))
32654;POLYGON((4003582 5163342,4092014 5210952,4214668 4982375,4121994 4934664,4003582 5163342))
32655;POLYGON((3472296 4910715,3560847 4949056,3659478 4720568,3567234 4682371,3472296 4910715))
32656;POLYGON((2941896 4709725,3030149 4739901,3107773 4512605,3016267 4482682,2941896 4709725))
32657;POLYGON((2414004 4554541,2501781 4577431,2560784 4351738,2470095 4329120,2414004 4554541))
32658;POLYGON((1889085 4440627,1976371 4456903,2018565 4232777,1928616 4216738,1889085 4440627))
32659;POLYGON((1366826 4364651,1453714 4374787,1480387 4151911,1391004 4141940,1366826 4364651))
32660;POLYGON((846426 4324393,933073 4328685,945037 4106575,855984 4102357,846426 4324393))
