32701;POLYGON((372071 16096620,436032 16095248,432890 15872738,365786 15874141,372071 16096620))
32702;POLYGON((-11175 16124103,52602 16117225,30551 15895222,-36398 15902261,-11175 16124103))
32703;POLYGON((-392437 16184849,-329100 16172392,-370317 15951712,-436888 15964477,-392437 16184849))
32704;POLYGON((-770024 16279477,-707429 16261317,-768271 16042914,-834194 16061560,-770024 16279477))
32705;POLYGON((-1141914 16408885,-1080427 16384857,-1161523 16169911,-1226456 16194651,-1141914 16408885))
32706;POLYGON((-1505602 16574168,-1445682 16544080,-1547777 16334090,-1611274 16365177,-1505602 16574168))
32707;POLYGON((-1857935 16776485,-1800159 16740147,-1924030 16537020,-1985506 16574722,-1857935 16776485))
32708;POLYGON((-2194933 17016866,-2140029 16974125,-2286355 16780266,-2345050 16824824,-2194933 17016866))
32709;POLYGON((-2511598 17295929,-2460480 17246727,-2629660 17065109,-2684593 17116684,-2511598 17295929))
32710;POLYGON((-2801697 17613499,-2755499 17557940,-2947400 17392153,-2997316 17450744,-2801697 17613499))
32711;POLYGON((-3057523 17968080,-3017642 17906531,-3231254 17760773,-3274569 17826107,-3057523 17968080))
32712;POLYGON((-3269629 18356160,-3237774 18289383,-3470751 18168378,-3505480 18239767,-3269629 18356160))
32713;POLYGON((-3426533 18771318,-3404771 18700630,-3652842 18609430,-3676528 18685582,-3426533 18771318))
32714;POLYGON((-3514386 19203067,-3505206 19130556,-3761417 19074186,-3771039 19152960,-3514386 19203067))
32715;POLYGON((-3516609 19635420,-3522980 19564203,-3776750 19547094,-3768625 19625199,-3516609 19635420))
32716;POLYGON((-3413484 20045100,-3438929 19979650,-3674873 20004793,-3644547 20077412,-3413484 20045100))
32717;POLYGON((-3181704 20399365,-3230376 20345902,-3426879 20413651,-3369001 20473978,-3181704 20399365))
32718;POLYGON((-2793879 20653366,-2870650 20620332,-2998138 20726765,-2906318 20765449,-2793879 20653366))
32719;POLYGON((-2217991 20747001,-2328544 20745624,-2347417 20880357,-2214077 20884836,-2217991 20747001))
32720;POLYGON((-1416790 20601178,-1567723 20646136,-1425921 20789480,-1242117 20743195,-1416790 20601178))
32721;POLYGON((-347148 20113422,-546087 20223626,-176215 20342953,68544 20224421,-347148 20113422))
32722;POLYGON((1040664 19152767,784940 19352263,1468946 19397434,1786912 19179169,1040664 19152767))
32723;POLYGON((2803749 17553821,2481177 17872844,3587910 17770530,3993317 17417796,2803749 17553821))
32724;POLYGON((5007426 15109961,4606511 15586129,6271531 15232857,6780843 14702232,5007426 15109961))
32725;POLYGON((7726144 11565535,7233801 12245223,9624704 11498928,10256883 10736667,7726144 11565535))
32726;POLYGON((11044462 6607006,10445853 7546901,13768024 6216774,14544820 5156947,11044462 6607006))
32727;POLYGON((15058116 -147081,14336462 1121775,18839586 -1043828,19785851 -2481441,15058116 -147081))
32728;POLYGON((19875153 -9157382,19011540 -7476768,24996924 -10804635,26140946 -12716916,19875153 -9157382))
32729;POLYGON((25617151 -20976418,24590322 -18785000,32419098 -23693856,33792969 -26196999,25617151 -20976418))
32730;POLYGON((32420531 -36262706,31206660 -33442723,41308935 -40462831,42948937 -43695307,32420531 -36262706))
32731;POLYGON((-33950075 -42259661,-35267268 -45444677,-47162793 -54232144,-45374697 -50575222,-33950075 -42259661))
32732;POLYGON((-26759823 -25650731,-27877025 -28140439,-37169012 -34390095,-35666889 -31541111,-26759823 -25650731))
32733;POLYGON((-20679960 -12754785,-21622369 -14677312,-28792497 -19006198,-27537814 -16814329,-20679960 -12754785))
32734;POLYGON((-15568817 -2874559,-16358945 -4337983,-21813250 -7236820,-20771872 -5575124,-15568817 -2874559))
32735;POLYGON((-11300016 4576153,-11957921 3481200,-16036626 1626367,-15178408 2864076,-11300016 4576153))
32736;POLYGON((-7761140 10087152,-8304644 9285157,-11290980 8174325,-10589397 9076286,-7761140 10087152))
32737;POLYGON((-4852481 14064972,-5297369 13493447,-7425483 12896724,-6857275 13535734,-4852481 14064972))
32738;POLYGON((-2485874 16844616,-2846086 16452236,-4308082 16196305,-3852930 16631953,-2485874 16844616))
32739;POLYGON((-583614 18699990,-871418 18444941,-1823609 18401639,-1463834 18682290,-583614 18699990))
32740;POLYGON((922556 19853146,696399 19701662,127973 19778423,407687 19942964,922556 19853146))
32741;POLYGON((2092383 20482413,1918469 20407494,1633187 20539427,1846053 20618802,2092383 20482413))
32742;POLYGON((2977961 20729533,2848104 20709822,2766528 20853197,2923890 20871746,2977961 20729533))
32743;POLYGON((3624538 20705872,3531641 20724679,3591834 20851640,3703385 20828259,3624538 20705872))
32744;POLYGON((4071248 20497793,4009183 20542256,4163534 20636578,4237513 20585720,4071248 20497793))
32745;POLYGON((4351782 20171283,4315286 20231644,4527790 20285377,4571161 20217909,4351782 20171283))
32746;POLYGON((4495012 19775898,4479582 19844890,4723529 19855751,4742144 19779673,4495012 19775898))
32747;POLYGON((4525547 19348098,4527355 19420429,4783384 19389808,4782130 19310871,4525547 19348098))
32748;POLYGON((4464248 18914052,4480058 18985970,4734531 18917454,4717461 18839659,4464248 18914052))
32749;POLYGON((4328696 18491959,4355787 18560899,4599449 18459195,4569901 18385217,4328696 18491959))
32750;POLYGON((4133605 18093965,4169707 18158253,4396594 18028447,4357297 17959967,4133605 18093965))
32751;POLYGON((3891208 17727705,3934440 17786326,4140999 17633390,4094162 17571372,3891208 17727705))
32752;POLYGON((3611597 17397548,3660412 17449956,3844801 17278456,3792200 17223359,3611597 17397548))
32753;POLYGON((3303027 17105577,3356165 17151549,3517709 16965483,3460756 16917429,3303027 17105577))
32754;POLYGON((2972195 16852341,3028637 16891865,3167415 16694616,3107221 16653513,2972195 16852341))
32755;POLYGON((2624486 16637436,2683415 16670627,2799944 16464972,2737375 16430611,2624486 16637436))
32756;POLYGON((2264196 16459935,2324964 16486969,2419972 16275138,2355694 16247257,2264196 16459935))
32757;POLYGON((1894733 16318697,1956825 16339768,2031091 16123521,1965614 16101858,1894733 16318697))
32758;POLYGON((1518799 16212588,1581807 16227877,1636045 16008597,1569760 15992915,1518799 16212588))
32759;POLYGON((1138562 16140632,1202154 16150287,1236941 15929068,1170151 15919182,1138562 16140632))
32760;POLYGON((755803 16102110,819703 16106230,835434 15883972,768381 15879757,755803 16102110))
32601;POLYGON((372071 6096620,436032 6095248,432890 5872738,365786 5874141,372071 6096620))
32602;POLYGON((-11175 6124103,52602 6117225,30551 5895222,-36398 5902261,-11175 6124103))
32603;POLYGON((-392437 6184849,-329100 6172392,-370317 5951712,-436888 5964477,-392437 6184849))
32604;POLYGON((-770024 6279477,-707429 6261317,-768271 6042914,-834194 6061560,-770024 6279477))
32605;POLYGON((-1141914 6408885,-1080427 6384857,-1161523 6169911,-1226456 6194651,-1141914 6408885))
32606;POLYGON((-1505602 6574168,-1445682 6544080,-1547777 6334090,-1611274 6365177,-1505602 6574168))
32607;POLYGON((-1857935 6776485,-1800159 6740147,-1924030 6537020,-1985506 6574722,-1857935 6776485))
32608;POLYGON((-2194933 7016866,-2140029 6974125,-2286355 6780266,-2345050 6824824,-2194933 7016866))
32609;POLYGON((-2511598 7295929,-2460480 7246727,-2629660 7065109,-2684593 7116684,-2511598 7295929))
32610;POLYGON((-2801697 7613499,-2755499 7557940,-2947400 7392153,-2997316 7450744,-2801697 7613499))
32611;POLYGON((-3057523 7968080,-3017642 7906531,-3231254 7760773,-3274569 7826107,-3057523 7968080))
32612;POLYGON((-3269629 8356160,-3237774 8289383,-3470751 8168378,-3505480 8239767,-3269629 8356160))
32613;POLYGON((-3426533 8771318,-3404771 8700630,-3652842 8609430,-3676528 8685582,-3426533 8771318))
32614;POLYGON((-3514386 9203067,-3505206 9130556,-3761417 9074186,-3771039 9152960,-3514386 9203067))
32615;POLYGON((-3516609 9635420,-3522980 9564203,-3776750 9547094,-3768625 9625199,-3516609 9635420))
32616;POLYGON((-3413484 10045100,-3438929 9979650,-3674873 10004793,-3644547 10077412,-3413484 10045100))
32617;POLYGON((-3181704 10399365,-3230376 10345902,-3426879 10413651,-3369001 10473978,-3181704 10399365))
32618;POLYGON((-2793879 10653366,-2870650 10620332,-2998138 10726765,-2906318 10765449,-2793879 10653366))
32619;POLYGON((-2217991 10747001,-2328544 10745624,-2347417 10880357,-2214077 10884836,-2217991 10747001))
32620;POLYGON((-1416790 10601178,-1567723 10646136,-1425921 10789480,-1242117 10743195,-1416790 10601178))
32621;POLYGON((-347148 10113422,-546087 10223626,-176215 10342953,68544 10224421,-347148 10113422))
32622;POLYGON((1040664 9152767,784940 9352263,1468946 9397434,1786912 9179169,1040664 9152767))
32623;POLYGON((2803749 7553821,2481177 7872844,3587910 7770530,3993317 7417796,2803749 7553821))
32624;POLYGON((5007426 5109961,4606511 5586129,6271531 5232857,6780843 4702232,5007426 5109961))
32625;POLYGON((7726144 1565535,7233801 2245223,9624704 1498928,10256883 736667,7726144 1565535))
32626;POLYGON((11044462 -3392993,10445853 -2453098,13768024 -3783225,14544820 -4843052,11044462 -3392993))
32627;POLYGON((15058116 -10147081,14336462 -8878224,18839586 -11043828,19785851 -12481441,15058116 -10147081))
32628;POLYGON((19875153 -19157382,19011540 -17476768,24996924 -20804635,26140946 -22716916,19875153 -19157382))
32629;POLYGON((25617151 -30976418,24590322 -28785000,32419098 -33693856,33792969 -36196999,25617151 -30976418))
32630;POLYGON((32420531 -46262706,31206660 -43442723,41308935 -50462831,42948937 -53695307,32420531 -46262706))
32631;POLYGON((-33950075 -52259661,-35267268 -55444677,-47162793 -64232144,-45374697 -60575222,-33950075 -52259661))
32632;POLYGON((-26759823 -35650731,-27877025 -38140439,-37169012 -44390095,-35666889 -41541111,-26759823 -35650731))
32633;POLYGON((-20679960 -22754785,-21622369 -24677312,-28792497 -29006198,-27537814 -26814329,-20679960 -22754785))
32634;POLYGON((-15568817 -12874559,-16358945 -14337983,-21813250 -17236820,-20771872 -15575124,-15568817 -12874559))
32635;POLYGON((-11300016 -5423846,-11957921 -6518799,-16036626 -8373632,-15178408 -7135923,-11300016 -5423846))
32636;POLYGON((-7761140 87152,-8304644 -714842,-11290980 -1825674,-10589397 -923713,-7761140 87152))
32637;POLYGON((-4852481 4064972,-5297369 3493447,-7425483 2896724,-6857275 3535734,-4852481 4064972))
32638;POLYGON((-2485874 6844616,-2846086 6452236,-4308082 6196305,-3852930 6631953,-2485874 6844616))
32639;POLYGON((-583614 8699990,-871418 8444941,-1823609 8401639,-1463834 8682290,-583614 8699990))
32640;POLYGON((922556 9853146,696399 9701662,127973 9778423,407687 9942964,922556 9853146))
32641;POLYGON((2092383 10482413,1918469 10407494,1633187 10539427,1846053 10618802,2092383 10482413))
32642;POLYGON((2977961 10729533,2848104 10709822,2766528 10853197,2923890 10871746,2977961 10729533))
32643;POLYGON((3624538 10705872,3531641 10724679,3591834 10851640,3703385 10828259,3624538 10705872))
32644;POLYGON((4071248 10497793,4009183 10542256,4163534 10636578,4237513 10585720,4071248 10497793))
32645;POLYGON((4351782 10171283,4315286 10231644,4527790 10285377,4571161 10217909,4351782 10171283))
32646;POLYGON((4495012 9775898,4479582 9844890,4723529 9855751,4742144 9779673,4495012 9775898))
32647;POLYGON((4525547 9348098,4527355 9420429,4783384 9389808,4782130 9310871,4525547 9348098))
32648;POLYGON((4464248 8914052,4480058 8985970,4734531 8917454,4717461 8839659,4464248 8914052))
32649;POLYGON((4328696 8491959,4355787 8560899,4599449 8459195,4569901 8385217,4328696 8491959))
32650;POLYGON((4133605 8093965,4169707 8158253,4396594 8028447,4357297 7959967,4133605 8093965))
32651;POLYGON((3891208 7727705,3934440 7786326,4140999 7633390,4094162 7571372,3891208 7727705))
32652;POLYGON((3611597 7397548,3660412 7449956,3844801 7278456,3792200 7223359,3611597 7397548))
32653;POLYGON((3303027 7105577,3356165 7151549,3517709 6965483,3460756 6917429,3303027 7105577))
32654;POLYGON((2972195 6852341,3028637 6891865,3167415 6694616,3107221 6653513,2972195 6852341))
32655;POLYGON((2624486 6637436,2683415 6670627,2799944 6464972,2737375 6430611,2624486 6637436))
32656;POLYGON((2264196 6459935,2324964 6486969,2419972 6275138,2355694 6247257,2264196 6459935))
32657;POLYGON((1894733 6318697,1956825 6339768,2031091 6123521,1965614 6101858,1894733 6318697))
32658;POLYGON((1518799 6212588,1581807 6227877,1636045 6008597,1569760 5992915,1518799 6212588))
32659;POLYGON((1138562 6140632,1202154 6150287,1236941 5929068,1170151 5919182,1138562 6140632))
32660;POLYGON((755803 6102110,819703 6106230,835434 5883972,768381 5879757,755803 6102110))
