32701;POLYGON((484426 448353,492212 448557,496103 225298,492208 225196,484426 448353))
32702;POLYGON((437895 444292,445617 445306,472792 223669,468929 223161,437895 444292))
32703;POLYGON((392037 435400,399612 437214,449778 219614,445989 218704,392037 435400))
32704;POLYGON((347352 421771,354697 424366,427313 213176,423639 211876,347352 421771))
32705;POLYGON((304325 403552,311361 406900,405642 204426,402124 202749,304325 403552))
32706;POLYGON((263427 380937,270077 385002,385004 193459,381680 191423,263427 380937))
32707;POLYGON((225105 354169,231295 358907,365623 180394,362530 178023,225105 354169))
32708;POLYGON((189780 323536,195443 328896,347713 165375,344885 162693,189780 323536))
32709;POLYGON((157842 289370,162914 295295,331470 148565,328937 145602,157842 289370))
32710;POLYGON((129641 252042,134068 258466,317072 130148,314863 126936,129641 252042))
32711;POLYGON((105490 211957,109222 218811,304677 110325,302816 106899,105490 211957))
32712;POLYGON((85654 169551,88650 176761,294422 89313,292929 85711,85654 169551))
32713;POLYGON((70345 125287,72574 132774,286419 67342,285310 63603,70345 125287))
32714;POLYGON((59722 79644,61162 87326,280755 44652,280043 40818,59722 79644))
32715;POLYGON((53884 33111,54522 40907,277493 21491,277185 17603,53884 33111))
32716;POLYGON((52864 -13820,52700 -5991,276665 -1888,276765 -5788,52864 -13820))
32717;POLYGON((56628 -60668,55672 -52886,278280 -25235,278786 -29105,56628 -60668))
32718;POLYGON((65067 -106970,63343 -99309,282317 -48297,283222 -52096,65067 -106970))
32719;POLYGON((77998 -152298,75541 -144827,288728 -70830,290022 -74517,77998 -152298))
32720;POLYGON((95155 -196272,92016 -189051,297438 -92599,299106 -96137,95155 -196272))
32721;POLYGON((116189 -238579,112431 -231655,308347 -113381,310370 -116734,116189 -238579))
32722;POLYGON((140660 -278990,136364 -272393,321330 -132973,323685 -136109,140660 -278990))
32723;POLYGON((168041 -317382,163301 -311125,336240 -151191,338901 -154082,168041 -317382))
32724;POLYGON((197706 -353762,192632 -347833,352911 -167877,355848 -170500,197706 -353762))
32725;POLYGON((228932 -388293,223653 -382654,371157 -182903,374338 -185239,228932 -388293))
32726;POLYGON((260898 -421327,255557 -415904,390782 -196173,394173 -198210,260898 -421327))
32727;POLYGON((292675 -453430,287434 -448112,411578 -207630,415143 -209361,292675 -453430))
32728;POLYGON((323231 -485426,318270 -480057,433332 -217255,437035 -218683,323231 -485426))
32729;POLYGON((351424 -518433,346941 -512804,455831 -225080,459639 -226213,351424 -518433))
32730;POLYGON((376002 -553905,372213 -547749,478870 -231180,482749 -232037,376002 -553905))
32731;POLYGON((616840 -566583,613486 -573125,505566 -234351,509468 -233622,616840 -566583))
32732;POLYGON((639916 -529900,635752 -535755,528856 -229331,532703 -228338,639916 -529900))
32733;POLYGON((667049 -496252,662301 -501721,551738 -222668,555498 -221389,667049 -496252))
32734;POLYGON((696949 -464058,691825 -469379,574012 -214249,577651 -212671,696949 -464058))
32735;POLYGON((728439 -432096,723127 -437449,595470 -204014,598952 -202130,728439 -432096))
32736;POLYGON((760450 -399448,755121 -404967,615899 -191949,619189 -189762,760450 -399448))
32737;POLYGON((792019 -365464,786826 -371241,635087 -178086,638150 -175605,792019 -365464))
32738;POLYGON((822290 -329727,817369 -335817,652829 -162494,655632 -159735,822290 -329727))
32739;POLYGON((850506 -292014,845975 -298441,668933 -145281,671445 -142264,850506 -292014))
32740;POLYGON((876011 -252269,871973 -259032,683219 -126587,685411 -123338,876011 -252269))
32741;POLYGON((898244 -210573,894786 -217650,695526 -106576,697374 -103126,898244 -210573))
32742;POLYGON((916736 -167123,913931 -174475,705714 -85441,707198 -81824,916736 -167123))
32743;POLYGON((931109 -122207,929013 -129780,713668 -63392,714769 -59644,931109 -122207))
32744;POLYGON((941070 -76184,939726 -83915,719294 -40656,720001 -36817,941070 -76184))
32745;POLYGON((946408 -29469,945846 -37284,722528 -17472,722831 -13581,946408 -29469))
32746;POLYGON((946990 17487,947227 9664,723330 5913,723226 9813,946990 17487))
32747;POLYGON((942758 64207,943798 56458,721688 29248,721178 33115,942758 64207))
32748;POLYGON((933722 110202,935559 102608,717620 52280,716709 56071,933722 110202))
32749;POLYGON((919961 154980,922577 147622,711169 74757,709866 78432,919961 154980))
32750;POLYGON((901612 198057,904981 191016,702404 96435,700725 99953,901612 198057))
32751;POLYGON((878872 238965,882957 232317,691422 117075,689384 120399,878872 238965))
32752;POLYGON((851989 277259,856745 271077,678343 136453,675969 139545,851989 277259))
32753;POLYGON((821259 312523,826634 306873,663311 154356,660628 157183,821259 312523))
32754;POLYGON((787022 344372,792956 339316,646492 170589,643527 173119,787022 344372))
32755;POLYGON((749653 372462,756082 368055,628069 184974,624856 187180,749653 372462))
32756;POLYGON((709565 396491,716417 392780,608245 197354,604820 199212,709565 396491))
32757;POLYGON((667197 416200,674398 413225,587237 207594,583636 209084,667197 416200))
32758;POLYGON((623012 431377,630482 429170,565274 215583,561538 216689,623012 431377))
32759;POLYGON((577490 441861,585149 440445,542599 221233,538767 221943,577490 441861))
32760;POLYGON((531127 447540,538891 446931,519457 224483,515573 224789,531127 447540))
32601;POLYGON((484426 -9551646,492212 -9551442,496103 -9774701,492208 -9774803,484426 -9551646))
32602;POLYGON((437895 -9555707,445617 -9554693,472792 -9776330,468929 -9776838,437895 -9555707))
32603;POLYGON((392037 -9564599,399612 -9562785,449778 -9780385,445989 -9781295,392037 -9564599))
32604;POLYGON((347352 -9578228,354697 -9575633,427313 -9786823,423639 -9788123,347352 -9578228))
32605;POLYGON((304325 -9596447,311361 -9593099,405642 -9795573,402124 -9797250,304325 -9596447))
32606;POLYGON((263427 -9619062,270077 -9614997,385004 -9806540,381680 -9808576,263427 -9619062))
32607;POLYGON((225105 -9645830,231295 -9641092,365623 -9819605,362530 -9821976,225105 -9645830))
32608;POLYGON((189780 -9676463,195443 -9671103,347713 -9834624,344885 -9837306,189780 -9676463))
32609;POLYGON((157842 -9710629,162914 -9704704,331470 -9851434,328937 -9854397,157842 -9710629))
32610;POLYGON((129641 -9747957,134068 -9741533,317072 -9869851,314863 -9873063,129641 -9747957))
32611;POLYGON((105490 -9788042,109222 -9781188,304677 -9889674,302816 -9893100,105490 -9788042))
32612;POLYGON((85654 -9830448,88650 -9823238,294422 -9910686,292929 -9914288,85654 -9830448))
32613;POLYGON((70345 -9874712,72574 -9867225,286419 -9932657,285310 -9936396,70345 -9874712))
32614;POLYGON((59722 -9920355,61162 -9912673,280755 -9955347,280043 -9959181,59722 -9920355))
32615;POLYGON((53884 -9966888,54522 -9959092,277493 -9978508,277185 -9982396,53884 -9966888))
32616;POLYGON((52864 -10013820,52700 -10005991,276665 -10001888,276765 -10005788,52864 -10013820))
32617;POLYGON((56628 -10060668,55672 -10052886,278280 -10025235,278786 -10029105,56628 -10060668))
32618;POLYGON((65067 -10106970,63343 -10099309,282317 -10048297,283222 -10052096,65067 -10106970))
32619;POLYGON((77998 -10152298,75541 -10144827,288728 -10070830,290022 -10074517,77998 -10152298))
32620;POLYGON((95155 -10196272,92016 -10189051,297438 -10092599,299106 -10096137,95155 -10196272))
32621;POLYGON((116189 -10238579,112431 -10231655,308347 -10113381,310370 -10116734,116189 -10238579))
32622;POLYGON((140660 -10278990,136364 -10272393,321330 -10132973,323685 -10136109,140660 -10278990))
32623;POLYGON((168041 -10317382,163301 -10311125,336240 -10151191,338901 -10154082,168041 -10317382))
32624;POLYGON((197706 -10353762,192632 -10347833,352911 -10167877,355848 -10170500,197706 -10353762))
32625;POLYGON((228932 -10388293,223653 -10382654,371157 -10182903,374338 -10185239,228932 -10388293))
32626;POLYGON((260898 -10421327,255557 -10415904,390782 -10196173,394173 -10198210,260898 -10421327))
32627;POLYGON((292675 -10453430,287434 -10448112,411578 -10207630,415143 -10209361,292675 -10453430))
32628;POLYGON((323231 -10485426,318270 -10480057,433332 -10217255,437035 -10218683,323231 -10485426))
32629;POLYGON((351424 -10518433,346941 -10512804,455831 -10225080,459639 -10226213,351424 -10518433))
32630;POLYGON((376002 -10553905,372213 -10547749,478870 -10231180,482749 -10232037,376002 -10553905))
32631;POLYGON((616840 -10566583,613486 -10573125,505566 -10234351,509468 -10233622,616840 -10566583))
32632;POLYGON((639916 -10529900,635752 -10535755,528856 -10229331,532703 -10228338,639916 -10529900))
32633;POLYGON((667049 -10496252,662301 -10501721,551738 -10222668,555498 -10221389,667049 -10496252))
32634;POLYGON((696949 -10464058,691825 -10469379,574012 -10214249,577651 -10212671,696949 -10464058))
32635;POLYGON((728439 -10432096,723127 -10437449,595470 -10204014,598952 -10202130,728439 -10432096))
32636;POLYGON((760450 -10399448,755121 -10404967,615899 -10191949,619189 -10189762,760450 -10399448))
32637;POLYGON((792019 -10365464,786826 -10371241,635087 -10178086,638150 -10175605,792019 -10365464))
32638;POLYGON((822290 -10329727,817369 -10335817,652829 -10162494,655632 -10159735,822290 -10329727))
32639;POLYGON((850506 -10292014,845975 -10298441,668933 -10145281,671445 -10142264,850506 -10292014))
32640;POLYGON((876011 -10252269,871973 -10259032,683219 -10126587,685411 -10123338,876011 -10252269))
32641;POLYGON((898244 -10210573,894786 -10217650,695526 -10106576,697374 -10103126,898244 -10210573))
32642;POLYGON((916736 -10167123,913931 -10174475,705714 -10085441,707198 -10081824,916736 -10167123))
32643;POLYGON((931109 -10122207,929013 -10129780,713668 -10063392,714769 -10059644,931109 -10122207))
32644;POLYGON((941070 -10076184,939726 -10083915,719294 -10040656,720001 -10036817,941070 -10076184))
32645;POLYGON((946408 -10029469,945846 -10037284,722528 -10017472,722831 -10013581,946408 -10029469))
32646;POLYGON((946990 -9982512,947227 -9990335,723330 -9994086,723226 -9990186,946990 -9982512))
32647;POLYGON((942758 -9935792,943798 -9943541,721688 -9970751,721178 -9966884,942758 -9935792))
32648;POLYGON((933722 -9889797,935559 -9897391,717620 -9947719,716709 -9943928,933722 -9889797))
32649;POLYGON((919961 -9845019,922577 -9852377,711169 -9925242,709866 -9921567,919961 -9845019))
32650;POLYGON((901612 -9801942,904981 -9808983,702404 -9903564,700725 -9900046,901612 -9801942))
32651;POLYGON((878872 -9761034,882957 -9767682,691422 -9882924,689384 -9879600,878872 -9761034))
32652;POLYGON((851989 -9722740,856745 -9728922,678343 -9863546,675969 -9860454,851989 -9722740))
32653;POLYGON((821259 -9687476,826634 -9693126,663311 -9845643,660628 -9842816,821259 -9687476))
32654;POLYGON((787022 -9655627,792956 -9660683,646492 -9829410,643527 -9826880,787022 -9655627))
32655;POLYGON((749653 -9627537,756082 -9631944,628069 -9815025,624856 -9812819,749653 -9627537))
32656;POLYGON((709565 -9603508,716417 -9607219,608245 -9802645,604820 -9800787,709565 -9603508))
32657;POLYGON((667197 -9583799,674398 -9586774,587237 -9792405,583636 -9790915,667197 -9583799))
32658;POLYGON((623012 -9568622,630482 -9570829,565274 -9784416,561538 -9783310,623012 -9568622))
32659;POLYGON((577490 -9558138,585149 -9559554,542599 -9778766,538767 -9778056,577490 -9558138))
32660;POLYGON((531127 -9552459,538891 -9553068,519457 -9775516,515573 -9775210,531127 -9552459))
