32701;POLYGON((416402 2455782,458196 2456797,461830 2233813,423669 2232874,416402 2455782))
32702;POLYGON((166344 2435493,207890 2440564,233310 2218794,195390 2214103,166344 2435493))
32703;POLYGON((-81055 2390893,-40092 2400011,7045 2181295,-30308 2172868,-81055 2390893))
32704;POLYGON((-323748 2322078,-283716 2335223,-215000 2121451,-251457 2109320,-323748 2322078))
32705;POLYGON((-559599 2229229,-520860 2246362,-430808 2039498,-466024 2023714,-559599 2229229))
32706;POLYGON((-786361 2112651,-749298 2133710,-638288 1935807,-671907 1916447,-786361 2112651))
32707;POLYGON((-1001657 1972830,-966675 1997720,-835272 1810922,-866926 1788097,-1001657 1972830))
32708;POLYGON((-1202983 1810502,-1170509 1839079,-1019518 1665607,-1048826 1639470,-1202983 1810502))
32709;POLYGON((-1387722 1626730,-1358198 1658790,-1188733 1500906,-1215312 1471662,-1387722 1626730))
32710;POLYGON((-1553181 1422993,-1527059 1458258,-1340611 1318196,-1364079 1286112,-1553181 1422993))
32711;POLYGON((-1696653 1201290,-1674381 1239385,-1472895 1119253,-1492885 1084667,-1696653 1201290))
32712;POLYGON((-1815508 964239,-1797515 1004681,-1583461 906308,-1599641 869641,-1815508 964239))
32713;POLYGON((-1907309 715195,-1893982 757368,-1670433 682103,-1682523 643864,-1907309 715195))
32714;POLYGON((-1969972 458358,-1961626 501499,-1732324 449934,-1740126 410729,-1969972 458358))
32715;POLYGON((-2001952 198895,-1998797 242071,-1768217 213687,-1771648 174222,-2001952 198895))
32716;POLYGON((-2002477 -56952,-2004577 -14862,-1777973 -22150,-1777103 -61068,-2002477 -56952))
32717;POLYGON((-1971826 -301758,-1979049 -262077,-1762490 -252498,-1757590 -289968,-1971826 -301758))
32718;POLYGON((-1911653 -526808,-1923612 -491082,-1723996 -471718,-1715589 -506749,-1911653 -526808))
32719;POLYGON((-1825356 -722011,-1841347 -692021,-1666391 -673684,-1655316 -705216,-1825356 -722011))
32720;POLYGON((-1718514 -875827,-1737435 -853600,-1595636 -851898,-1583118 -878821,-1718514 -875827))
32721;POLYGON((-1599365 -975203,-1619636 -963021,-1520195 -999644,-1507922 -1020832,-1599365 -975203))
32722;POLYGON((-1479356 -1005545,-1498821 -1005948,-1451533 -1110202,-1441745 -1124553,-1479356 -1005545))
32723;POLYGON((-1373753 -950703,-1389575 -966491,-1404667 -1177124,-1400255 -1183613,-1373753 -950703))
32724;POLYGON((-1302316 -792997,-1310859 -827220,-1398782 -1194577,-1403395 -1192320,-1302316 -792997))
32725;POLYGON((-1290050 -513270,-1286748 -569220,-1457907 -1157765,-1476073 -1146097,-1290050 -513270))
32726;POLYGON((-1368024 -90985,-1347241 -172176,-1611664 -1063435,-1648918 -1042007,-1368024 -90985))
32727;POLYGON((-1574271 495628,-1529143 385490,-1896075 -910487,-1959106 -879371,-1574271 495628))
32728;POLYGON((-1954764 1269392,-1877034 1126440,-2354457 -700676,-2451258 -660498,-1954764 1269392))
32729;POLYGON((-2564485 2253921,-2444316 2074177,-3038376 -439439,-3178418 -391529,-2564485 2253921))
32730;POLYGON((-3468567 3473324,-3294347 3252750,-4008696 -136846,-4203102 -83407,-3468567 3473324))
32731;POLYGON((4848216 3936178,5054429 4178680,5849422 80334,5623091 25282,4848216 3936178))
32732;POLYGON((3829606 2633094,3975230 2832748,4649261 -241461,4483539 -292473,3829606 2633094))
32733;POLYGON((3129538 1572966,3227152 1733811,3781790 -531717,3664651 -575977,3129538 1572966))
32734;POLYGON((2679222 731603,2739524 857656,3179331 -776681,3100502 -812446,2679222 731603))
32735;POLYGON((2420423 85186,2452438 180376,2784241 -967942,2735012 -994255,2420423 85186))
32736;POLYGON((2304289 -389399,2315555 -321281,2547814 -1101389,2520865 -1117917,2304289 -389399))
32737;POLYGON((2290252 -714299,2286997 -669639,2429270 -1176304,2418507 -1183200,2290252 -714299))
32738;POLYGON((2345025 -910481,2332333 -885872,2394814 -1194578,2395222 -1192364,2345025 -910481))
32739;POLYGON((2441678 -997571,2423633 -989842,2416776 -1160042,2424282 -1149501,2441678 -997571))
32740;POLYGON((2558789 -993753,2538611 -999976,2472820 -1077888,2484168 -1059984,2558789 -993753))
32741;POLYGON((2679672 -915690,2659845 -933195,2545222 -954198,2557861 -930002,2679672 -915690))
32742;POLYGON((2791678 -778495,2774057 -804872,2620216 -795545,2632192 -766177,2791678 -778495))
32743;POLYGON((2885563 -595731,2871478 -628827,2687395 -608674,2697263 -575257,2885563 -595731))
32744;POLYGON((2954921 -379439,2945263 -417350,2739182 -400250,2745919 -363872,2954921 -379439))
32745;POLYGON((2995674 -140184,2990982 -181249,2770348 -176663,2773282 -138350,2995674 -140184))
32746;POLYGON((3005632 112869,3006157 70084,2777594 56115,2776333 95413,3005632 112869))
32747;POLYGON((2984098 371878,2989867 328592,2759168 292625,2753550 332054,2984098 371878))
32748;POLYGON((2931524 630214,2942395 587452,2714551 527981,2704587 566785,2931524 630214))
32749;POLYGON((2849226 882368,2864931 840975,2644166 757897,2630000 795420,2849226 882368))
32750;POLYGON((2739132 1123829,2759316 1084492,2549141 978687,2531017 1014372,2739132 1123829))
32751;POLYGON((2603580 1350973,2627833 1314239,2431112 1187243,2409339 1220626,2603580 1350973))
32752;POLYGON((2445152 1560949,2473031 1527245,2292052 1380999,2266982 1411701,2445152 1560949))
32753;POLYGON((2266538 1751564,2297593 1721215,2134141 1557883,2106149 1585602,2266538 1751564))
32754;POLYGON((2070445 1921177,2104228 1894422,1959659 1716257,1929130 1740760,2070445 1921177))
32755;POLYGON((1859521 2068596,1895596 2045606,1770914 1854863,1738231 1875972,1859521 2068596))
32756;POLYGON((1636311 2192987,1674262 2173881,1570186 1972757,1535723 1990341,1636311 2192987))
32757;POLYGON((1403234 2293787,1442667 2278643,1359693 2069253,1323813 2083219,1403234 2293787))
32758;POLYGON((1162579 2370639,1203121 2359504,1141577 2143870,1104629 2154154,1162579 2370639))
32759;POLYGON((916517 2423324,957814 2416227,917903 2196286,880225 2202849,916517 2423324))
32760;POLYGON((667121 2451724,708833 2448680,690670 2226302,652590 2229119,667121 2451724))
32601;POLYGON((416402 -7544217,458196 -7543202,461830 -7766186,423669 -7767125,416402 -7544217))
32602;POLYGON((166344 -7564506,207890 -7559435,233310 -7781205,195390 -7785896,166344 -7564506))
32603;POLYGON((-81055 -7609106,-40092 -7599988,7045 -7818704,-30308 -7827131,-81055 -7609106))
32604;POLYGON((-323748 -7677921,-283716 -7664776,-215000 -7878548,-251457 -7890679,-323748 -7677921))
32605;POLYGON((-559599 -7770770,-520860 -7753637,-430808 -7960501,-466024 -7976285,-559599 -7770770))
32606;POLYGON((-786361 -7887348,-749298 -7866289,-638288 -8064192,-671907 -8083552,-786361 -7887348))
32607;POLYGON((-1001657 -8027169,-966675 -8002279,-835272 -8189077,-866926 -8211902,-1001657 -8027169))
32608;POLYGON((-1202983 -8189497,-1170509 -8160920,-1019518 -8334392,-1048826 -8360529,-1202983 -8189497))
32609;POLYGON((-1387722 -8373269,-1358198 -8341209,-1188733 -8499093,-1215312 -8528337,-1387722 -8373269))
32610;POLYGON((-1553181 -8577006,-1527059 -8541741,-1340611 -8681803,-1364079 -8713887,-1553181 -8577006))
32611;POLYGON((-1696653 -8798709,-1674381 -8760614,-1472895 -8880746,-1492885 -8915332,-1696653 -8798709))
32612;POLYGON((-1815508 -9035760,-1797515 -8995318,-1583461 -9093691,-1599641 -9130358,-1815508 -9035760))
32613;POLYGON((-1907309 -9284804,-1893982 -9242631,-1670433 -9317896,-1682523 -9356135,-1907309 -9284804))
32614;POLYGON((-1969972 -9541641,-1961626 -9498500,-1732324 -9550065,-1740126 -9589270,-1969972 -9541641))
32615;POLYGON((-2001952 -9801104,-1998797 -9757928,-1768217 -9786312,-1771648 -9825777,-2001952 -9801104))
32616;POLYGON((-2002477 -10056952,-2004577 -10014862,-1777973 -10022150,-1777103 -10061068,-2002477 -10056952))
32617;POLYGON((-1971826 -10301758,-1979049 -10262077,-1762490 -10252498,-1757590 -10289968,-1971826 -10301758))
32618;POLYGON((-1911653 -10526808,-1923612 -10491082,-1723996 -10471718,-1715589 -10506749,-1911653 -10526808))
32619;POLYGON((-1825356 -10722011,-1841347 -10692021,-1666391 -10673684,-1655316 -10705216,-1825356 -10722011))
32620;POLYGON((-1718514 -10875827,-1737435 -10853600,-1595636 -10851898,-1583118 -10878821,-1718514 -10875827))
32621;POLYGON((-1599365 -10975203,-1619636 -10963021,-1520195 -10999644,-1507922 -11020832,-1599365 -10975203))
32622;POLYGON((-1479356 -11005545,-1498821 -11005948,-1451533 -11110202,-1441745 -11124553,-1479356 -11005545))
32623;POLYGON((-1373753 -10950703,-1389575 -10966491,-1404667 -11177124,-1400255 -11183613,-1373753 -10950703))
32624;POLYGON((-1302316 -10792997,-1310859 -10827220,-1398782 -11194577,-1403395 -11192320,-1302316 -10792997))
32625;POLYGON((-1290050 -10513270,-1286748 -10569220,-1457907 -11157765,-1476073 -11146097,-1290050 -10513270))
32626;POLYGON((-1368024 -10090985,-1347241 -10172176,-1611664 -11063435,-1648918 -11042007,-1368024 -10090985))
32627;POLYGON((-1574271 -9504371,-1529143 -9614509,-1896075 -10910487,-1959106 -10879371,-1574271 -9504371))
32628;POLYGON((-1954764 -8730607,-1877034 -8873559,-2354457 -10700676,-2451258 -10660498,-1954764 -8730607))
32629;POLYGON((-2564485 -7746078,-2444316 -7925822,-3038376 -10439439,-3178418 -10391529,-2564485 -7746078))
32630;POLYGON((-3468567 -6526675,-3294347 -6747249,-4008696 -10136846,-4203102 -10083407,-3468567 -6526675))
32631;POLYGON((4848216 -6063821,5054429 -5821319,5849422 -9919665,5623091 -9974717,4848216 -6063821))
32632;POLYGON((3829606 -7366905,3975230 -7167251,4649261 -10241461,4483539 -10292473,3829606 -7366905))
32633;POLYGON((3129538 -8427033,3227152 -8266188,3781790 -10531717,3664651 -10575977,3129538 -8427033))
32634;POLYGON((2679222 -9268396,2739524 -9142343,3179331 -10776681,3100502 -10812446,2679222 -9268396))
32635;POLYGON((2420423 -9914813,2452438 -9819623,2784241 -10967942,2735012 -10994255,2420423 -9914813))
32636;POLYGON((2304289 -10389399,2315555 -10321281,2547814 -11101389,2520865 -11117917,2304289 -10389399))
32637;POLYGON((2290252 -10714299,2286997 -10669639,2429270 -11176304,2418507 -11183200,2290252 -10714299))
32638;POLYGON((2345025 -10910481,2332333 -10885872,2394814 -11194578,2395222 -11192364,2345025 -10910481))
32639;POLYGON((2441678 -10997571,2423633 -10989842,2416776 -11160042,2424282 -11149501,2441678 -10997571))
32640;POLYGON((2558789 -10993753,2538611 -10999976,2472820 -11077888,2484168 -11059984,2558789 -10993753))
32641;POLYGON((2679672 -10915690,2659845 -10933195,2545222 -10954198,2557861 -10930002,2679672 -10915690))
32642;POLYGON((2791678 -10778495,2774057 -10804872,2620216 -10795545,2632192 -10766177,2791678 -10778495))
32643;POLYGON((2885563 -10595731,2871478 -10628827,2687395 -10608674,2697263 -10575257,2885563 -10595731))
32644;POLYGON((2954921 -10379439,2945263 -10417350,2739182 -10400250,2745919 -10363872,2954921 -10379439))
32645;POLYGON((2995674 -10140184,2990982 -10181249,2770348 -10176663,2773282 -10138350,2995674 -10140184))
32646;POLYGON((3005632 -9887130,3006157 -9929915,2777594 -9943884,2776333 -9904586,3005632 -9887130))
32647;POLYGON((2984098 -9628121,2989867 -9671407,2759168 -9707374,2753550 -9667945,2984098 -9628121))
32648;POLYGON((2931524 -9369785,2942395 -9412547,2714551 -9472018,2704587 -9433214,2931524 -9369785))
32649;POLYGON((2849226 -9117631,2864931 -9159024,2644166 -9242102,2630000 -9204579,2849226 -9117631))
32650;POLYGON((2739132 -8876170,2759316 -8915507,2549141 -9021312,2531017 -8985627,2739132 -8876170))
32651;POLYGON((2603580 -8649026,2627833 -8685760,2431112 -8812756,2409339 -8779373,2603580 -8649026))
32652;POLYGON((2445152 -8439050,2473031 -8472754,2292052 -8619000,2266982 -8588298,2445152 -8439050))
32653;POLYGON((2266538 -8248435,2297593 -8278784,2134141 -8442116,2106149 -8414397,2266538 -8248435))
32654;POLYGON((2070445 -8078822,2104228 -8105577,1959659 -8283742,1929130 -8259239,2070445 -8078822))
32655;POLYGON((1859521 -7931403,1895596 -7954393,1770914 -8145136,1738231 -8124027,1859521 -7931403))
32656;POLYGON((1636311 -7807012,1674262 -7826118,1570186 -8027242,1535723 -8009658,1636311 -7807012))
32657;POLYGON((1403234 -7706212,1442667 -7721356,1359693 -7930746,1323813 -7916780,1403234 -7706212))
32658;POLYGON((1162579 -7629360,1203121 -7640495,1141577 -7856129,1104629 -7845845,1162579 -7629360))
32659;POLYGON((916517 -7576675,957814 -7583772,917903 -7803713,880225 -7797150,916517 -7576675))
32660;POLYGON((667121 -7548275,708833 -7551319,690670 -7773697,652590 -7770880,667121 -7548275))
