32701;POLYGON((282241 11327344,391135 11326751,390399 11105578,280766 11106077,282241 11327344))
32702;POLYGON((-373486 11339293,-263762 11336289,-268980 11113599,-379471 11116126,-373486 11339293))
32703;POLYGON((-1038153 11366211,-926458 11360633,-936441 11134078,-1048977 11138772,-1038153 11366211))
32704;POLYGON((-1718924 11409592,-1604019 11401125,-1619334 11168165,-1735207 11175296,-1718924 11409592))
32705;POLYGON((-2423748 11471987,-2304236 11460120,-2325812 11217881,-2446490 11227889,-2423748 11471987))
32706;POLYGON((-3161801 11557356,-3036046 11541310,-3065306 11286407,-3192525 11299965,-3161801 11557356))
32707;POLYGON((-3944014 11671638,-3810047 11650253,-3849116 11378553,-3984990 11396666,-3944014 11671638))
32708;POLYGON((-4783736 11823610,-4639131 11795179,-4691151 11501471,-4838314 11525628,-4783736 11823610))
32709;POLYGON((-5697560 12026139,-5539286 11988166,-5608863 11665710,-5770647 11698096,-5697560 12026139))
32710;POLYGON((-6706329 12297937,-6530568 12246805,-6624405 11886706,-6805054 11930503,-6706329 12297937))
32711;POLYGON((-7836376 12665976,-7638297 12596490,-7766047 12186831,-7970984 12246624,-7836376 12665976))
32712;POLYGON((-9120998 13168699,-8894498 13073491,-9069901 12598158,-9306045 12680476,-9120998 13168699))
32713;POLYGON((-10602225 13860233,-10339608 13728978,-10581970 13166081,-10858114 13280096,-10602225 13860233))
32714;POLYGON((-12332885 14815785,-12024499 14634216,-12360576 13953988,-12687832 14112409,-12332885 14815785))
32715;POLYGON((-14379020 16138458,-14012827 15887117,-14479198 15049172,-14871510 15269366,-14379020 16138458))
32716;POLYGON((-16822661 17967716,-16383750 17620418,-17029752 16570203,-17504487 16875582,-16822661 17967716))
32717;POLYGON((-19765016 20489771,-19235038 20011731,-20126350 18675994,-20704978 19097708,-19765016 20489771))
32718;POLYGON((-23330071 23950168,-22686614 23295733,-23909588 21576817,-24618449 22155799,-23330071 23950168))
32719;POLYGON((-27668665 28668873,-26884537 27778825,-28551379 25547533,-29422541 26336938,-27668665 28668873))
32720;POLYGON((-32963046 35058197,-32005482 33856551,-34260385 30943335,-35332613 32011431,-32963046 35058197))
32721;POLYGON((-39431950 43643881,-38261729 42034137,-41288068 38218311,-42607896 39651869,-39431950 43643881))
32722;POLYGON((-47336231 55089726,-45906695 52950503,-49935420 47947149,-51558340 49855391,-47336231 55089726))
32723;POLYGON((-56985061 70226143,-55241046 67406131,-60560384 60850341,-62552152 63369506,-56985061 70226143))
32724;POLYGON((-68742756 90083036,-66619404 86395194,-73586016 77823239,-76024086 81121823,-68742756 90083036))
32725;POLYGON((-83036221 115927427,-80457699 111142369,-89509422 99969350,-92484518 104254101,-83036221 115927427))
32726;POLYGON((-100363085 149306302,-97241177 143144770,-108911509 128638279,-112529328 134160998,-100363085 149306302))
32727;POLYGON((-121300518 192095105,-117533110 184219475,-132467583 165468728,-136850646 172533960,-121300518 192095105))
32728;POLYGON((-146514788 246552402,-141984220 236557126,-160958828 212437000,-166248482 221410684,-146514788 246552402))
32729;POLYGON((-176771572 315381207,-171342866 302782101,-195284709 271911459,-201643290 283230617,-176771572 315381207))
32730;POLYGON((-212947059 401797490,-206466013 386019803,-236476338 346713426,-244089489 360896971,-212947059 401797490))
32731;POLYGON((227489656 435150384,234561260 452764791,269326552 406723456,261008539 390884283,227489656 435150384))
32732;POLYGON((189125758 342057459,195060079 356167848,222913441 319881587,215952332 307200673,189125758 342057459))
32733;POLYGON((156999220 267750942,161960830 278982245,184133668 250532941,178331243 240446000,156999220 267750942))
32734;POLYGON((130194408 208827327,134327650 217707436,151860448 195516996,147043017 187547483,130194408 208827327))
32735;POLYGON((107910082 162420597,111341044 169392966,125108094 152170600,121124096 145918315,107910082 162420597))
32736;POLYGON((89448021 126131195,92286378 131566146,103018006 118262514,99735766 113393360,89448021 126131195))
32737;POLYGON((74202454 97962362,76543173 102167208,84845623 91934716,82151274 88171539,74202454 97962362))
32738;POLYGON((61650256 76263308,63575178 79491374,69948339 71649978,67743893 68764407,61650256 76263308))
32739;POLYGON((51341881 59678720,52921184 62137337,57774315 56145247,55975887 53950458,51341881 59678720))
32740;POLYGON((42893014 47104084,44186555 48961651,47852169 44390378,46388341 42734704,42893014 47104084))
32741;POLYGON((35976887 37646369,37035436 39038557,39781505 35551789,38591824 34313112,35976887 37646369))
32742;POLYGON((30317260 30589616,31183629 31624778,33224233 28960620,32257842 28041474,30317260 30589616))
32743;POLYGON((25682013 25364985,26392078 26128858,27896660 24085003,27111052 23408325,25682013 25364985))
32744;POLYGON((21877324 21524866,22460959 22084618,23562305 20506063,22922189 20011533,21877324 21524866))
32745;POLYGON((18742417 18720652,19224330 19128352,20025395 17897302,19501682 17538208,18742417 18720652))
32746;POLYGON((16144829 16683800,16545316 16979357,17125032 16007009,16693919 15747589,16144829 16683800))
32747;POLYGON((13976184 15209836,14311801 15423478,14729956 14643385,14372114 14456590,13976184 15209836))
32748;POLYGON((12148432 14144971,12432588 14299307,12733902 13662088,12433755 13527720,12148432 14144971))
32749;POLYGON((10590530 13375010,10834014 13486731,11051495 12955890,10796584 12859068,10590530 13375010))
32750;POLYGON((9245531 12816282,9456965 12897544,9614649 12446212,9395081 12376119,9245531 12816282))
32751;POLYGON((8068051 12408297,8254294 12467837,8369442 12076253,8177413 12025138,8068051 12408297))
32752;POLYGON((7022092 12107907,7188575 12151921,7273419 11805523,7102800 11767906,7022092 12107907))
32753;POLYGON((6079179 11884718,6230195 11917547,6293294 11605540,6139288 11577596,6079179 11884718))
32754;POLYGON((5216787 11717571,5355736 11742222,5403010 11456512,5261860 11435601,5216787 11717571))
32755;POLYGON((4417029 11591872,4546618 11610413,4582127 11344830,4450874 11329146,4417029 11591872))
32756;POLYGON((3665575 11497645,3787986 11511483,3814488 11261218,3690778 11249538,3665575 11497645))
32757;POLYGON((2950769 11428115,3067790 11438204,3087149 11199404,2969072 11190902,2950769 11428115))
32758;POLYGON((2262915 11378740,2376052 11385712,2389507 11155186,2275473 11149317,2262915 11378740))
32759;POLYGON((1593706 11346548,1704268 11350809,1712615 11125813,1601255 11122228,1593706 11346548))
32760;POLYGON((935762 11329719,1044931 11331506,1048636 11109577,938719 11108075,935762 11329719))
32601;POLYGON((282241 1327344,391135 1326751,390399 1105578,280766 1106077,282241 1327344))
32602;POLYGON((-373486 1339293,-263762 1336289,-268980 1113599,-379471 1116126,-373486 1339293))
32603;POLYGON((-1038153 1366211,-926458 1360633,-936441 1134078,-1048977 1138772,-1038153 1366211))
32604;POLYGON((-1718924 1409592,-1604019 1401125,-1619334 1168165,-1735207 1175296,-1718924 1409592))
32605;POLYGON((-2423748 1471987,-2304236 1460120,-2325812 1217881,-2446490 1227889,-2423748 1471987))
32606;POLYGON((-3161801 1557356,-3036046 1541310,-3065306 1286407,-3192525 1299965,-3161801 1557356))
32607;POLYGON((-3944014 1671638,-3810047 1650253,-3849116 1378553,-3984990 1396666,-3944014 1671638))
32608;POLYGON((-4783736 1823610,-4639131 1795179,-4691151 1501471,-4838314 1525628,-4783736 1823610))
32609;POLYGON((-5697560 2026139,-5539286 1988166,-5608863 1665710,-5770647 1698096,-5697560 2026139))
32610;POLYGON((-6706329 2297937,-6530568 2246805,-6624405 1886706,-6805054 1930503,-6706329 2297937))
32611;POLYGON((-7836376 2665976,-7638297 2596490,-7766047 2186831,-7970984 2246624,-7836376 2665976))
32612;POLYGON((-9120998 3168699,-8894498 3073491,-9069901 2598158,-9306045 2680476,-9120998 3168699))
32613;POLYGON((-10602225 3860233,-10339608 3728978,-10581970 3166081,-10858114 3280096,-10602225 3860233))
32614;POLYGON((-12332885 4815785,-12024499 4634216,-12360576 3953988,-12687832 4112409,-12332885 4815785))
32615;POLYGON((-14379020 6138458,-14012827 5887117,-14479198 5049172,-14871510 5269366,-14379020 6138458))
32616;POLYGON((-16822661 7967716,-16383750 7620418,-17029752 6570203,-17504487 6875582,-16822661 7967716))
32617;POLYGON((-19765016 10489771,-19235038 10011731,-20126350 8675994,-20704978 9097708,-19765016 10489771))
32618;POLYGON((-23330071 13950168,-22686614 13295733,-23909588 11576817,-24618449 12155799,-23330071 13950168))
32619;POLYGON((-27668665 18668873,-26884537 17778825,-28551379 15547533,-29422541 16336938,-27668665 18668873))
32620;POLYGON((-32963046 25058197,-32005482 23856551,-34260385 20943335,-35332613 22011431,-32963046 25058197))
32621;POLYGON((-39431950 33643881,-38261729 32034137,-41288068 28218311,-42607896 29651869,-39431950 33643881))
32622;POLYGON((-47336231 45089726,-45906695 42950503,-49935420 37947149,-51558340 39855391,-47336231 45089726))
32623;POLYGON((-56985061 60226143,-55241046 57406131,-60560384 50850341,-62552152 53369506,-56985061 60226143))
32624;POLYGON((-68742756 80083036,-66619404 76395194,-73586016 67823239,-76024086 71121823,-68742756 80083036))
32625;POLYGON((-83036221 105927427,-80457699 101142369,-89509422 89969350,-92484518 94254101,-83036221 105927427))
32626;POLYGON((-100363085 139306302,-97241177 133144770,-108911509 118638279,-112529328 124160998,-100363085 139306302))
32627;POLYGON((-121300518 182095105,-117533110 174219475,-132467583 155468728,-136850646 162533960,-121300518 182095105))
32628;POLYGON((-146514788 236552402,-141984220 226557126,-160958828 202437000,-166248482 211410684,-146514788 236552402))
32629;POLYGON((-176771572 305381207,-171342866 292782101,-195284709 261911459,-201643290 273230617,-176771572 305381207))
32630;POLYGON((-212947059 391797490,-206466013 376019803,-236476338 336713426,-244089489 350896971,-212947059 391797490))
32631;POLYGON((227489656 425150384,234561260 442764791,269326552 396723456,261008539 380884283,227489656 425150384))
32632;POLYGON((189125758 332057459,195060079 346167848,222913441 309881587,215952332 297200673,189125758 332057459))
32633;POLYGON((156999220 257750942,161960830 268982245,184133668 240532941,178331243 230446000,156999220 257750942))
32634;POLYGON((130194408 198827327,134327650 207707436,151860448 185516996,147043017 177547483,130194408 198827327))
32635;POLYGON((107910082 152420597,111341044 159392966,125108094 142170600,121124096 135918315,107910082 152420597))
32636;POLYGON((89448021 116131195,92286378 121566146,103018006 108262514,99735766 103393360,89448021 116131195))
32637;POLYGON((74202454 87962362,76543173 92167208,84845623 81934716,82151274 78171539,74202454 87962362))
32638;POLYGON((61650256 66263308,63575178 69491374,69948339 61649978,67743893 58764407,61650256 66263308))
32639;POLYGON((51341881 49678720,52921184 52137337,57774315 46145247,55975887 43950458,51341881 49678720))
32640;POLYGON((42893014 37104084,44186555 38961651,47852169 34390378,46388341 32734704,42893014 37104084))
32641;POLYGON((35976887 27646369,37035436 29038557,39781505 25551789,38591824 24313112,35976887 27646369))
32642;POLYGON((30317260 20589616,31183629 21624778,33224233 18960620,32257842 18041474,30317260 20589616))
32643;POLYGON((25682013 15364985,26392078 16128858,27896660 14085003,27111052 13408325,25682013 15364985))
32644;POLYGON((21877324 11524866,22460959 12084618,23562305 10506063,22922189 10011533,21877324 11524866))
32645;POLYGON((18742417 8720652,19224330 9128352,20025395 7897302,19501682 7538208,18742417 8720652))
32646;POLYGON((16144829 6683800,16545316 6979357,17125032 6007009,16693919 5747589,16144829 6683800))
32647;POLYGON((13976184 5209836,14311801 5423478,14729956 4643385,14372114 4456590,13976184 5209836))
32648;POLYGON((12148432 4144971,12432588 4299307,12733902 3662088,12433755 3527720,12148432 4144971))
32649;POLYGON((10590530 3375010,10834014 3486731,11051495 2955890,10796584 2859068,10590530 3375010))
32650;POLYGON((9245531 2816282,9456965 2897544,9614649 2446212,9395081 2376119,9245531 2816282))
32651;POLYGON((8068051 2408297,8254294 2467837,8369442 2076253,8177413 2025138,8068051 2408297))
32652;POLYGON((7022092 2107907,7188575 2151921,7273419 1805523,7102800 1767906,7022092 2107907))
32653;POLYGON((6079179 1884718,6230195 1917547,6293294 1605540,6139288 1577596,6079179 1884718))
32654;POLYGON((5216787 1717571,5355736 1742222,5403010 1456512,5261860 1435601,5216787 1717571))
32655;POLYGON((4417029 1591872,4546618 1610413,4582127 1344830,4450874 1329146,4417029 1591872))
32656;POLYGON((3665575 1497645,3787986 1511483,3814488 1261218,3690778 1249538,3665575 1497645))
32657;POLYGON((2950769 1428115,3067790 1438204,3087149 1199404,2969072 1190902,2950769 1428115))
32658;POLYGON((2262915 1378740,2376052 1385712,2389507 1155186,2275473 1149317,2262915 1378740))
32659;POLYGON((1593706 1346548,1704268 1350809,1712615 1125813,1601255 1122228,1593706 1346548))
32660;POLYGON((935762 1329719,1044931 1331506,1048636 1109577,938719 1108075,935762 1329719))
