32701;POLYGON((423669 17767125,461830 17766186,458196 17543202,416402 17544217,423669 17767125))
32702;POLYGON((195390 17785896,233310 17781205,207890 17559435,166344 17564506,195390 17785896))
32703;POLYGON((-30308 17827131,7045 17818704,-40092 17599988,-81055 17609106,-30308 17827131))
32704;POLYGON((-251457 17890679,-215000 17878548,-283716 17664776,-323748 17677921,-251457 17890679))
32705;POLYGON((-466024 17976285,-430808 17960501,-520860 17753637,-559599 17770770,-466024 17976285))
32706;POLYGON((-671907 18083552,-638288 18064192,-749298 17866289,-786361 17887348,-671907 18083552))
32707;POLYGON((-866926 18211902,-835272 18189077,-966675 18002279,-1001657 18027169,-866926 18211902))
32708;POLYGON((-1048826 18360529,-1019518 18334392,-1170509 18160920,-1202983 18189497,-1048826 18360529))
32709;POLYGON((-1215312 18528337,-1188733 18499093,-1358198 18341209,-1387722 18373269,-1215312 18528337))
32710;POLYGON((-1364079 18713887,-1340611 18681803,-1527059 18541741,-1553181 18577006,-1364079 18713887))
32711;POLYGON((-1492885 18915332,-1472895 18880746,-1674381 18760614,-1696653 18798709,-1492885 18915332))
32712;POLYGON((-1599641 19130358,-1583461 19093691,-1797515 18995318,-1815508 19035760,-1599641 19130358))
32713;POLYGON((-1682523 19356135,-1670433 19317896,-1893982 19242631,-1907309 19284804,-1682523 19356135))
32714;POLYGON((-1740126 19589270,-1732324 19550065,-1961626 19498500,-1969972 19541641,-1740126 19589270))
32715;POLYGON((-1771648 19825777,-1768217 19786312,-1998797 19757928,-2001952 19801104,-1771648 19825777))
32716;POLYGON((-1777103 20061068,-1777973 20022150,-2004577 20014862,-2002477 20056952,-1777103 20061068))
32717;POLYGON((-1757590 20289968,-1762490 20252498,-1979049 20262077,-1971826 20301758,-1757590 20289968))
32718;POLYGON((-1715589 20506749,-1723996 20471718,-1923612 20491082,-1911653 20526808,-1715589 20506749))
32719;POLYGON((-1655316 20705216,-1666391 20673684,-1841347 20692021,-1825356 20722011,-1655316 20705216))
32720;POLYGON((-1583118 20878821,-1595636 20851898,-1737435 20853600,-1718514 20875827,-1583118 20878821))
32721;POLYGON((-1507922 21020832,-1520195 20999644,-1619636 20963021,-1599365 20975203,-1507922 21020832))
32722;POLYGON((-1441745 21124553,-1451533 21110202,-1498821 21005948,-1479356 21005545,-1441745 21124553))
32723;POLYGON((-1400255 21183613,-1404667 21177124,-1389575 20966491,-1373753 20950703,-1400255 21183613))
32724;POLYGON((-1403395 21192320,-1398782 21194577,-1310859 20827220,-1302316 20792997,-1403395 21192320))
32725;POLYGON((-1476073 21146097,-1457907 21157765,-1286748 20569220,-1290050 20513270,-1476073 21146097))
32726;POLYGON((-1648918 21042007,-1611664 21063435,-1347241 20172176,-1368024 20090985,-1648918 21042007))
32727;POLYGON((-1959106 20879371,-1896075 20910487,-1529143 19614509,-1574271 19504371,-1959106 20879371))
32728;POLYGON((-2451258 20660498,-2354457 20700676,-1877034 18873559,-1954764 18730607,-2451258 20660498))
32729;POLYGON((-3178418 20391529,-3038376 20439439,-2444316 17925822,-2564485 17746078,-3178418 20391529))
32730;POLYGON((-4203102 20083407,-4008696 20136846,-3294347 16747249,-3468567 16526675,-4203102 20083407))
32731;POLYGON((5623091 19974717,5849422 19919665,5054429 15821319,4848216 16063821,5623091 19974717))
32732;POLYGON((4483539 20292473,4649261 20241461,3975230 17167251,3829606 17366905,4483539 20292473))
32733;POLYGON((3664651 20575977,3781790 20531717,3227152 18266188,3129538 18427033,3664651 20575977))
32734;POLYGON((3100502 20812446,3179331 20776681,2739524 19142343,2679222 19268396,3100502 20812446))
32735;POLYGON((2735012 20994255,2784241 20967942,2452438 19819623,2420423 19914813,2735012 20994255))
32736;POLYGON((2520865 21117917,2547814 21101389,2315555 20321281,2304289 20389399,2520865 21117917))
32737;POLYGON((2418507 21183200,2429270 21176304,2286997 20669639,2290252 20714299,2418507 21183200))
32738;POLYGON((2395222 21192364,2394814 21194578,2332333 20885872,2345025 20910481,2395222 21192364))
32739;POLYGON((2424282 21149501,2416776 21160042,2423633 20989842,2441678 20997571,2424282 21149501))
32740;POLYGON((2484168 21059984,2472820 21077888,2538611 20999976,2558789 20993753,2484168 21059984))
32741;POLYGON((2557861 20930002,2545222 20954198,2659845 20933195,2679672 20915690,2557861 20930002))
32742;POLYGON((2632192 20766177,2620216 20795545,2774057 20804872,2791678 20778495,2632192 20766177))
32743;POLYGON((2697263 20575257,2687395 20608674,2871478 20628827,2885563 20595731,2697263 20575257))
32744;POLYGON((2745919 20363872,2739182 20400250,2945263 20417350,2954921 20379439,2745919 20363872))
32745;POLYGON((2773282 20138350,2770348 20176663,2990982 20181249,2995674 20140184,2773282 20138350))
32746;POLYGON((2776333 19904586,2777594 19943884,3006157 19929915,3005632 19887130,2776333 19904586))
32747;POLYGON((2753550 19667945,2759168 19707374,2989867 19671407,2984098 19628121,2753550 19667945))
32748;POLYGON((2704587 19433214,2714551 19472018,2942395 19412547,2931524 19369785,2704587 19433214))
32749;POLYGON((2630000 19204579,2644166 19242102,2864931 19159024,2849226 19117631,2630000 19204579))
32750;POLYGON((2531017 18985627,2549141 19021312,2759316 18915507,2739132 18876170,2531017 18985627))
32751;POLYGON((2409339 18779373,2431112 18812756,2627833 18685760,2603580 18649026,2409339 18779373))
32752;POLYGON((2266982 18588298,2292052 18619000,2473031 18472754,2445152 18439050,2266982 18588298))
32753;POLYGON((2106149 18414397,2134141 18442116,2297593 18278784,2266538 18248435,2106149 18414397))
32754;POLYGON((1929130 18259239,1959659 18283742,2104228 18105577,2070445 18078822,1929130 18259239))
32755;POLYGON((1738231 18124027,1770914 18145136,1895596 17954393,1859521 17931403,1738231 18124027))
32756;POLYGON((1535723 18009658,1570186 18027242,1674262 17826118,1636311 17807012,1535723 18009658))
32757;POLYGON((1323813 17916780,1359693 17930746,1442667 17721356,1403234 17706212,1323813 17916780))
32758;POLYGON((1104629 17845845,1141577 17856129,1203121 17640495,1162579 17629360,1104629 17845845))
32759;POLYGON((880225 17797150,917903 17803713,957814 17583772,916517 17576675,880225 17797150))
32760;POLYGON((652590 17770880,690670 17773697,708833 17551319,667121 17548275,652590 17770880))
32601;POLYGON((423669 7767125,461830 7766186,458196 7543202,416402 7544217,423669 7767125))
32602;POLYGON((195390 7785896,233310 7781205,207890 7559435,166344 7564506,195390 7785896))
32603;POLYGON((-30308 7827131,7045 7818704,-40092 7599988,-81055 7609106,-30308 7827131))
32604;POLYGON((-251457 7890679,-215000 7878548,-283716 7664776,-323748 7677921,-251457 7890679))
32605;POLYGON((-466024 7976285,-430808 7960501,-520860 7753637,-559599 7770770,-466024 7976285))
32606;POLYGON((-671907 8083552,-638288 8064192,-749298 7866289,-786361 7887348,-671907 8083552))
32607;POLYGON((-866926 8211902,-835272 8189077,-966675 8002279,-1001657 8027169,-866926 8211902))
32608;POLYGON((-1048826 8360529,-1019518 8334392,-1170509 8160920,-1202983 8189497,-1048826 8360529))
32609;POLYGON((-1215312 8528337,-1188733 8499093,-1358198 8341209,-1387722 8373269,-1215312 8528337))
32610;POLYGON((-1364079 8713887,-1340611 8681803,-1527059 8541741,-1553181 8577006,-1364079 8713887))
32611;POLYGON((-1492885 8915332,-1472895 8880746,-1674381 8760614,-1696653 8798709,-1492885 8915332))
32612;POLYGON((-1599641 9130358,-1583461 9093691,-1797515 8995318,-1815508 9035760,-1599641 9130358))
32613;POLYGON((-1682523 9356135,-1670433 9317896,-1893982 9242631,-1907309 9284804,-1682523 9356135))
32614;POLYGON((-1740126 9589270,-1732324 9550065,-1961626 9498500,-1969972 9541641,-1740126 9589270))
32615;POLYGON((-1771648 9825777,-1768217 9786312,-1998797 9757928,-2001952 9801104,-1771648 9825777))
32616;POLYGON((-1777103 10061068,-1777973 10022150,-2004577 10014862,-2002477 10056952,-1777103 10061068))
32617;POLYGON((-1757590 10289968,-1762490 10252498,-1979049 10262077,-1971826 10301758,-1757590 10289968))
32618;POLYGON((-1715589 10506749,-1723996 10471718,-1923612 10491082,-1911653 10526808,-1715589 10506749))
32619;POLYGON((-1655316 10705216,-1666391 10673684,-1841347 10692021,-1825356 10722011,-1655316 10705216))
32620;POLYGON((-1583118 10878821,-1595636 10851898,-1737435 10853600,-1718514 10875827,-1583118 10878821))
32621;POLYGON((-1507922 11020832,-1520195 10999644,-1619636 10963021,-1599365 10975203,-1507922 11020832))
32622;POLYGON((-1441745 11124553,-1451533 11110202,-1498821 11005948,-1479356 11005545,-1441745 11124553))
32623;POLYGON((-1400255 11183613,-1404667 11177124,-1389575 10966491,-1373753 10950703,-1400255 11183613))
32624;POLYGON((-1403395 11192320,-1398782 11194577,-1310859 10827220,-1302316 10792997,-1403395 11192320))
32625;POLYGON((-1476073 11146097,-1457907 11157765,-1286748 10569220,-1290050 10513270,-1476073 11146097))
32626;POLYGON((-1648918 11042007,-1611664 11063435,-1347241 10172176,-1368024 10090985,-1648918 11042007))
32627;POLYGON((-1959106 10879371,-1896075 10910487,-1529143 9614509,-1574271 9504371,-1959106 10879371))
32628;POLYGON((-2451258 10660498,-2354457 10700676,-1877034 8873559,-1954764 8730607,-2451258 10660498))
32629;POLYGON((-3178418 10391529,-3038376 10439439,-2444316 7925822,-2564485 7746078,-3178418 10391529))
32630;POLYGON((-4203102 10083407,-4008696 10136846,-3294347 6747249,-3468567 6526675,-4203102 10083407))
32631;POLYGON((5623091 9974717,5849422 9919665,5054429 5821319,4848216 6063821,5623091 9974717))
32632;POLYGON((4483539 10292473,4649261 10241461,3975230 7167251,3829606 7366905,4483539 10292473))
32633;POLYGON((3664651 10575977,3781790 10531717,3227152 8266188,3129538 8427033,3664651 10575977))
32634;POLYGON((3100502 10812446,3179331 10776681,2739524 9142343,2679222 9268396,3100502 10812446))
32635;POLYGON((2735012 10994255,2784241 10967942,2452438 9819623,2420423 9914813,2735012 10994255))
32636;POLYGON((2520865 11117917,2547814 11101389,2315555 10321281,2304289 10389399,2520865 11117917))
32637;POLYGON((2418507 11183200,2429270 11176304,2286997 10669639,2290252 10714299,2418507 11183200))
32638;POLYGON((2395222 11192364,2394814 11194578,2332333 10885872,2345025 10910481,2395222 11192364))
32639;POLYGON((2424282 11149501,2416776 11160042,2423633 10989842,2441678 10997571,2424282 11149501))
32640;POLYGON((2484168 11059984,2472820 11077888,2538611 10999976,2558789 10993753,2484168 11059984))
32641;POLYGON((2557861 10930002,2545222 10954198,2659845 10933195,2679672 10915690,2557861 10930002))
32642;POLYGON((2632192 10766177,2620216 10795545,2774057 10804872,2791678 10778495,2632192 10766177))
32643;POLYGON((2697263 10575257,2687395 10608674,2871478 10628827,2885563 10595731,2697263 10575257))
32644;POLYGON((2745919 10363872,2739182 10400250,2945263 10417350,2954921 10379439,2745919 10363872))
32645;POLYGON((2773282 10138350,2770348 10176663,2990982 10181249,2995674 10140184,2773282 10138350))
32646;POLYGON((2776333 9904586,2777594 9943884,3006157 9929915,3005632 9887130,2776333 9904586))
32647;POLYGON((2753550 9667945,2759168 9707374,2989867 9671407,2984098 9628121,2753550 9667945))
32648;POLYGON((2704587 9433214,2714551 9472018,2942395 9412547,2931524 9369785,2704587 9433214))
32649;POLYGON((2630000 9204579,2644166 9242102,2864931 9159024,2849226 9117631,2630000 9204579))
32650;POLYGON((2531017 8985627,2549141 9021312,2759316 8915507,2739132 8876170,2531017 8985627))
32651;POLYGON((2409339 8779373,2431112 8812756,2627833 8685760,2603580 8649026,2409339 8779373))
32652;POLYGON((2266982 8588298,2292052 8619000,2473031 8472754,2445152 8439050,2266982 8588298))
32653;POLYGON((2106149 8414397,2134141 8442116,2297593 8278784,2266538 8248435,2106149 8414397))
32654;POLYGON((1929130 8259239,1959659 8283742,2104228 8105577,2070445 8078822,1929130 8259239))
32655;POLYGON((1738231 8124027,1770914 8145136,1895596 7954393,1859521 7931403,1738231 8124027))
32656;POLYGON((1535723 8009658,1570186 8027242,1674262 7826118,1636311 7807012,1535723 8009658))
32657;POLYGON((1323813 7916780,1359693 7930746,1442667 7721356,1403234 7706212,1323813 7916780))
32658;POLYGON((1104629 7845845,1141577 7856129,1203121 7640495,1162579 7629360,1104629 7845845))
32659;POLYGON((880225 7797150,917903 7803713,957814 7583772,916517 7576675,880225 7797150))
32660;POLYGON((652590 7770880,690670 7773697,708833 7551319,667121 7548275,652590 7770880))
