32701;POLYGON((496103 19886383,498051 19886332,494157 19663071,488315 19663223,496103 19886383))
32702;POLYGON((484462 19887402,486394 19887147,459198 19665512,453405 19666273,484462 19887402))
32703;POLYGON((472990 19889631,474885 19889176,424684 19671589,419002 19672952,472990 19889631))
32704;POLYGON((461815 19893047,463652 19892397,390991 19681237,385482 19683186,461815 19893047))
32705;POLYGON((451057 19897613,452816 19896774,358487 19694352,353211 19696865,451057 19897613))
32706;POLYGON((440836 19903278,442497 19902260,327527 19710791,322541 19713842,440836 19903278))
32707;POLYGON((431262 19909980,432808 19908794,298450 19730377,293810 19733933,431262 19909980))
32708;POLYGON((422442 19917647,423855 19916306,271575 19752897,267331 19756919,422442 19917647))
32709;POLYGON((414471 19926193,415736 19924712,247197 19778107,243396 19782551,414471 19926193))
32710;POLYGON((407437 19935527,408540 19933921,225584 19805731,222268 19810549,407437 19935527))
32711;POLYGON((401417 19945544,402347 19943832,206974 19835468,204180 19840607,401417 19945544))
32712;POLYGON((396477 19956136,397223 19954336,191572 19866994,189329 19872399,396477 19956136))
32713;POLYGON((392672 19967187,393226 19965318,179546 19899965,177879 19905576,392672 19967187))
32714;POLYGON((390045 19978575,390400 19976659,171023 19934021,169950 19939777,390045 19978575))
32715;POLYGON((388623 19990176,388776 19988233,166093 19968794,165624 19974632,388623 19990176))
32716;POLYGON((388425 20001862,388373 19999914,164798 20003908,164936 20009768,388425 20001862))
32717;POLYGON((389454 20013506,389197 20011574,167138 20038993,167879 20044812,389454 20013506))
32718;POLYGON((391700 20024980,391242 20023085,173065 20073683,174395 20079401,391700 20024980))
32719;POLYGON((395144 20036158,394488 20034321,182482 20107629,184381 20113191,395144 20036158))
32720;POLYGON((399752 20046919,398905 20045159,195245 20140504,197685 20145858,399752 20046919))
32721;POLYGON((405481 20057143,404451 20055481,211162 20172013,214105 20177114,405481 20057143))
32722;POLYGON((412279 20066719,411075 20065172,229990 20201904,233391 20206713,412279 20066719))
32723;POLYGON((420085 20075542,418717 20074128,251438 20229972,255245 20234462,420085 20075542))
32724;POLYGON((428832 20083514,427312 20082248,275170 20256078,279321 20260232,428832 20083514))
32725;POLYGON((438450 20090546,436789 20089443,300801 20280153,305229 20283969,438450 20090546))
32726;POLYGON((448865 20096559,447077 20095631,327906 20302219,332535 20305708,448865 20096559))
32727;POLYGON((460006 20101483,458102 20100741,356017 20322394,360765 20325587,460006 20101483))
32728;POLYGON((471806 20105259,469796 20104712,384628 20340913,389408 20343862,471806 20105259))
32729;POLYGON((484205 20107835,482099 20107491,413199 20358141,417918 20360921,484205 20107835))
32730;POLYGON((497154 20109171,494960 20109036,441162 20374593,445722 20377304,497154 20109171))
32731;POLYGON((498412 20109335,496175 20109363,540826 20385457,545269 20382732,498412 20109335))
32732;POLYGON((511537 20108420,509386 20108660,568054 20369157,572706 20366426,511537 20108420))
32733;POLYGON((524124 20106253,522065 20106700,596285 20352513,601046 20349660,524124 20106253))
32734;POLYGON((536130 20102872,534171 20103518,624931 20334904,629706 20331841,536130 20102872))
32735;POLYGON((547498 20098325,545650 20099161,653434 20315867,658132 20312531,547498 20098325))
32736;POLYGON((558163 20092667,556437 20093684,681263 20295082,685801 20291432,558163 20092667))
32737;POLYGON((568054 20085966,566462 20087152,707927 20272354,712225 20268370,568054 20085966))
32738;POLYGON((577099 20078298,575654 20079640,732971 20247600,736958 20243276,577099 20078298))
32739;POLYGON((585227 20069748,583939 20071231,755982 20220829,759593 20216176,585227 20069748))
32740;POLYGON((592368 20060412,591249 20062019,776592 20192134,779770 20187175,592368 20060412))
32741;POLYGON((598459 20050392,597519 20052105,794479 20161678,797175 20156446,598459 20050392))
32742;POLYGON((603446 20039798,602694 20041598,809369 20129683,811543 20124219,603446 20039798))
32743;POLYGON((607282 20028745,606725 20030614,821036 20096417,822654 20090770,607282 20028745))
32744;POLYGON((609931 20017356,609573 20019272,829304 20062185,830341 20056410,609931 20017356))
32745;POLYGON((611367 20005755,611213 20007698,834043 20027324,834483 20021477,611367 20005755))
32746;POLYGON((611578 19994068,611628 19996016,835174 19992188,835009 19986332,611578 19994068))
32747;POLYGON((610563 19982425,610817 19984357,832665 19957146,831894 19951341,610563 19982425))
32748;POLYGON((608335 19970952,608790 19972847,826531 19922571,825159 19916880,608335 19970952))
32749;POLYGON((604918 19959775,605569 19961612,816828 19888836,814871 19883321,604918 19959775))
32750;POLYGON((600352 19949017,601191 19950776,803660 19856308,801138 19851029,600352 19949017))
32751;POLYGON((594685 19938795,595704 19940457,787168 19825341,784109 19820355,594685 19938795))
32752;POLYGON((587981 19929222,589168 19930768,767533 19796273,763970 19791635,587981 19929222))
32753;POLYGON((580313 19920402,581655 19921816,744971 19769421,740943 19765182,580313 19920402))
32754;POLYGON((571766 19912433,573247 19913698,719729 19745079,715281 19741285,571766 19912433))
32755;POLYGON((562432 19905400,564038 19906504,692086 19723511,687266 19720203,562432 19905400))
32756;POLYGON((552414 19899382,554127 19900312,662345 19704952,657206 19702166,552414 19899382))
32757;POLYGON((541822 19894444,543623 19895189,630831 19689603,625431 19687369,541822 19894444))
32758;POLYGON((530773 19890640,532641 19891193,597891 19677630,592287 19675972,530773 19890640))
32759;POLYGON((519386 19888011,521302 19888366,563883 19669163,558137 19668099,519386 19888011))
32760;POLYGON((507787 19886587,509730 19886740,529179 19664292,523353 19663834,507787 19886587))
32601;POLYGON((496103 9886383,498051 9886332,494157 9663071,488315 9663223,496103 9886383))
32602;POLYGON((484462 9887402,486394 9887147,459198 9665512,453405 9666273,484462 9887402))
32603;POLYGON((472990 9889631,474885 9889176,424684 9671589,419002 9672952,472990 9889631))
32604;POLYGON((461815 9893047,463652 9892397,390991 9681237,385482 9683186,461815 9893047))
32605;POLYGON((451057 9897613,452816 9896774,358487 9694352,353211 9696865,451057 9897613))
32606;POLYGON((440836 9903278,442497 9902260,327527 9710791,322541 9713842,440836 9903278))
32607;POLYGON((431262 9909980,432808 9908794,298450 9730377,293810 9733933,431262 9909980))
32608;POLYGON((422442 9917647,423855 9916306,271575 9752897,267331 9756919,422442 9917647))
32609;POLYGON((414471 9926193,415736 9924712,247197 9778107,243396 9782551,414471 9926193))
32610;POLYGON((407437 9935527,408540 9933921,225584 9805731,222268 9810549,407437 9935527))
32611;POLYGON((401417 9945544,402347 9943832,206974 9835468,204180 9840607,401417 9945544))
32612;POLYGON((396477 9956136,397223 9954336,191572 9866994,189329 9872399,396477 9956136))
32613;POLYGON((392672 9967187,393226 9965318,179546 9899965,177879 9905576,392672 9967187))
32614;POLYGON((390045 9978575,390400 9976659,171023 9934021,169950 9939777,390045 9978575))
32615;POLYGON((388623 9990176,388776 9988233,166093 9968794,165624 9974632,388623 9990176))
32616;POLYGON((388425 10001862,388373 9999914,164798 10003908,164936 10009768,388425 10001862))
32617;POLYGON((389454 10013506,389197 10011574,167138 10038993,167879 10044812,389454 10013506))
32618;POLYGON((391700 10024980,391242 10023085,173065 10073683,174395 10079401,391700 10024980))
32619;POLYGON((395144 10036158,394488 10034321,182482 10107629,184381 10113191,395144 10036158))
32620;POLYGON((399752 10046919,398905 10045159,195245 10140504,197685 10145858,399752 10046919))
32621;POLYGON((405481 10057143,404451 10055481,211162 10172013,214105 10177114,405481 10057143))
32622;POLYGON((412279 10066719,411075 10065172,229990 10201904,233391 10206713,412279 10066719))
32623;POLYGON((420085 10075542,418717 10074128,251438 10229972,255245 10234462,420085 10075542))
32624;POLYGON((428832 10083514,427312 10082248,275170 10256078,279321 10260232,428832 10083514))
32625;POLYGON((438450 10090546,436789 10089443,300801 10280153,305229 10283969,438450 10090546))
32626;POLYGON((448865 10096559,447077 10095631,327906 10302219,332535 10305708,448865 10096559))
32627;POLYGON((460006 10101483,458102 10100741,356017 10322394,360765 10325587,460006 10101483))
32628;POLYGON((471806 10105259,469796 10104712,384628 10340913,389408 10343862,471806 10105259))
32629;POLYGON((484205 10107835,482099 10107491,413199 10358141,417918 10360921,484205 10107835))
32630;POLYGON((497154 10109171,494960 10109036,441162 10374593,445722 10377304,497154 10109171))
32631;POLYGON((498412 10109335,496175 10109363,540826 10385457,545269 10382732,498412 10109335))
32632;POLYGON((511537 10108420,509386 10108660,568054 10369157,572706 10366426,511537 10108420))
32633;POLYGON((524124 10106253,522065 10106700,596285 10352513,601046 10349660,524124 10106253))
32634;POLYGON((536130 10102872,534171 10103518,624931 10334904,629706 10331841,536130 10102872))
32635;POLYGON((547498 10098325,545650 10099161,653434 10315867,658132 10312531,547498 10098325))
32636;POLYGON((558163 10092667,556437 10093684,681263 10295082,685801 10291432,558163 10092667))
32637;POLYGON((568054 10085966,566462 10087152,707927 10272354,712225 10268370,568054 10085966))
32638;POLYGON((577099 10078298,575654 10079640,732971 10247600,736958 10243276,577099 10078298))
32639;POLYGON((585227 10069748,583939 10071231,755982 10220829,759593 10216176,585227 10069748))
32640;POLYGON((592368 10060412,591249 10062019,776592 10192134,779770 10187175,592368 10060412))
32641;POLYGON((598459 10050392,597519 10052105,794479 10161678,797175 10156446,598459 10050392))
32642;POLYGON((603446 10039798,602694 10041598,809369 10129683,811543 10124219,603446 10039798))
32643;POLYGON((607282 10028745,606725 10030614,821036 10096417,822654 10090770,607282 10028745))
32644;POLYGON((609931 10017356,609573 10019272,829304 10062185,830341 10056410,609931 10017356))
32645;POLYGON((611367 10005755,611213 10007698,834043 10027324,834483 10021477,611367 10005755))
32646;POLYGON((611578 9994068,611628 9996016,835174 9992188,835009 9986332,611578 9994068))
32647;POLYGON((610563 9982425,610817 9984357,832665 9957146,831894 9951341,610563 9982425))
32648;POLYGON((608335 9970952,608790 9972847,826531 9922571,825159 9916880,608335 9970952))
32649;POLYGON((604918 9959775,605569 9961612,816828 9888836,814871 9883321,604918 9959775))
32650;POLYGON((600352 9949017,601191 9950776,803660 9856308,801138 9851029,600352 9949017))
32651;POLYGON((594685 9938795,595704 9940457,787168 9825341,784109 9820355,594685 9938795))
32652;POLYGON((587981 9929222,589168 9930768,767533 9796273,763970 9791635,587981 9929222))
32653;POLYGON((580313 9920402,581655 9921816,744971 9769421,740943 9765182,580313 9920402))
32654;POLYGON((571766 9912433,573247 9913698,719729 9745079,715281 9741285,571766 9912433))
32655;POLYGON((562432 9905400,564038 9906504,692086 9723511,687266 9720203,562432 9905400))
32656;POLYGON((552414 9899382,554127 9900312,662345 9704952,657206 9702166,552414 9899382))
32657;POLYGON((541822 9894444,543623 9895189,630831 9689603,625431 9687369,541822 9894444))
32658;POLYGON((530773 9890640,532641 9891193,597891 9677630,592287 9675972,530773 9890640))
32659;POLYGON((519386 9888011,521302 9888366,563883 9669163,558137 9668099,519386 9888011))
32660;POLYGON((507787 9886587,509730 9886740,529179 9664292,523353 9663834,507787 9886587))
