32701;POLYGON((309049 6568681,404531 6569968,406582 6348269,313152 6346936,309049 6568681))
32702;POLYGON((-264900 6542782,-169047 6549282,-154576 6326869,-248319 6320146,-264900 6542782))
32703;POLYGON((-842784 6484840,-746074 6496801,-718644 6272621,-813108 6260267,-842784 6484840))
32704;POLYGON((-1427462 6392611,-1329427 6410500,-1288004 6183557,-1383568 6165118,-1427462 6392611))
32705;POLYGON((-2021604 6262441,-1921819 6286974,-1864802 6056385,-1961788 6031172,-2021604 6262441))
32706;POLYGON((-2627530 6089008,-2525642 6121202,-2450761 5886296,-2549397 5853341,-2627530 6089008))
32707;POLYGON((-3246951 5864950,-3142731 5906193,-3046903 5666677,-3147266 5624677,-3246951 5864950))
32708;POLYGON((-3880609 5580367,-3774020 5632512,-3653156 5388736,-3755091 5335982,-3880609 5580367))
32709;POLYGON((-4527759 5222152,-4419055 5287639,-4267813 5041023,-4370831 4975308,-4527759 5222152))
32710;POLYGON((-5185498 4773139,-5075347 4855154,-4886824 4608828,-4989960 4527335,-5185498 4773139))
32711;POLYGON((-5847889 4211023,-5737534 4313695,-5502876 4073449,-5604518 3972612,-5847889 4211023))
32712;POLYGON((-6504866 3507003,-6396327 3635648,-6104255 3411297,-6201928 3286638,-6504866 3507003))
32713;POLYGON((-7140896 2624114,-7037205 2785543,-6673442 2592837,-6763548 2438768,-7140896 2624114))
32714;POLYGON((-7733360 1515189,-7638857 1718070,-7185428 1581315,-7262934 1390909,-7733360 1515189))
32715;POLYGON((-8250636 120386,-8171307 375692,-7605712 331272,-7663787 95987,-8250636 120386))
32716;POLYGON((-8649853 -1635771,-8593731 -1314233,-7887961 -1213208,-7917548 -1503848,-8649853 -1635771))
32717;POLYGON((-8874296 -3847915,-8851916 -3442874,-7971297 -3120537,-7960623 -3479307,-8874296 -3847915))
32718;POLYGON((-8850420 -6633991,-8875347 -6123974,-7777186 -5473970,-7711204 -5916375,-8850420 -6633991))
32719;POLYGON((-8484470 -10140134,-8573890 -9498597,-7205902 -8374328,-7065656 -8919090,-8484470 -10140134))
32720;POLYGON((-7658654 -14546337,-7834043 -13740662,-6132536 -11943102,-5894454 -12612725,-7658654 -14546337))
32721;POLYGON((-6226865 -20073017,-6514737 -19063354,-4402524 -16326010,-4037619 -17147408,-6226865 -20073017))
32722;POLYGON((-4009911 -26988568,-4442647 -25726501,-1826661 -21697021,-1299652 -22702248,-4009911 -26988568))
32723;POLYGON((-790236 -35617995,-1407000 -34045022,1824417 -28262914,2556081 -29489976,-790236 -35617995))
32724;POLYGON((3693903 -46352749,2846155 -44398559,6826327 -36268420,7813539 -37762190,3693903 -46352749))
32725;POLYGON((9754829 -59661866,8620243 -57242384,13507620 -46001983,14810788 -47815226,9754829 -59661866))
32726;POLYGON((17762419 -76104529,16275036 -73119719,22257085 -57802206,23947414 -59996727,17762419 -76104529))
32727;POLYGON((28151711 -96344177,26234158 -92675577,33531713 -72065042,35692593 -74712957,28151711 -96344177))
32728;POLYGON((41431147 -121164289,38993217 -116672261,47865325 -89251775,50593844 -92436924,41431147 -121164289))
32729;POLYGON((58191501 -151485977,55128613 -146006640,65877924 -109897865,69286489 -113717374,58191501 -151485977))
32730;POLYGON((79115489 -188387518,75307044 -181729353,88285769 -134622713,92503866 -139188716,79115489 -188387518))
32731;POLYGON((-86147929 -202361898,-90379869 -209690950,-105067980 -153720315,-100390712 -148733811,-86147929 -202361898))
32732;POLYGON((-63666979 -162997216,-67086501 -169040157,-79279630 -125885895,-75483623 -121708166,-63666979 -162997216))
32733;POLYGON((-45599437 -130610416,-48335812 -135573970,-58422830 -102595069,-55369364 -99105777,-45599437 -130610416))
32734;POLYGON((-31229672 -104066131,-33395277 -108127550,-41711176 -83166563,-39279530 -80261304,-31229672 -104066131))
32735;POLYGON((-19937368 -82393131,-21629396 -85703772,-28461658 -67010103,-26547297 -64598598,-19937368 -82393131))
32736;POLYGON((-11187664 -64764108,-12489722 -67452659,-18084086 -53615992,-16596966 -51620448,-11187664 -64764108))
32737;POLYGON((-4522002 -50477450,-5505585 -52652833,-10071249 -42545662,-8934253 -40899288,-4522002 -50477450))
32738;POLYGON((450337 -38940869,-275519 -40694850,-3989817 -33423123,-3137307 -32068785,450337 -38940869))
32739;POLYGON((4060057 -29656750,3540665 -31066262,528068 -25927253,1151590 -24816265,4060057 -29656750))
32740;POLYGON((6585021 -22209086,6229166 -23338307,3792533 -19784860,4233649 -18875905,6585021 -22209086))
32741;POLYGON((8256841 -16251877,8028871 -17154063,6063064 -14764472,6360562 -14022630,8256841 -16251877))
32742;POLYGON((9266883 -11498877,9137460 -12217983,7554990 -10670788,7740889 -10066668,9266883 -11498877))
32743;POLYGON((9771729 -7714566,9716956 -8286671,8445383 -7339735,8545857 -6848714,9771729 -7714566))
32744;POLYGON((9898107 -4706251,9898741 -5160801,8878395 -4634096,8914614 -4235636,9898107 -4706251))
32745;POLYGON((9747342 -2317186,9788086 -2678073,8970067 -2439639,8958948 -2116691,9747342 -2317186))
32746;POLYGON((9399315 -420607,9468189 -707103,8812641 -661725,8767520 -400206,9399315 -420607))
32747;POLYGON((8916002 1085393,9003784 857835,8478394 777671,8409621 989336,8916002 1085393))
32748;POLYGON((8344581 2282256,8444315 2101317,8023032 1942549,7938493 2113827,8344581 2282256))
32749;POLYGON((7720158 3234679,7826726 3090599,7488659 2885130,7394238 3023717,7720158 3234679))
32750;POLYGON((7068123 3993756,7177879 3878848,6906371 3647788,6806341 3759912,7068123 3993756))
32751;POLYGON((6406178 4599608,6516630 4507849,6298473 4264718,6195834 4355385,6406178 4599608))
32752;POLYGON((5746050 5083554,5855593 5010255,5680376 4763343,5577143 4836551,5746050 5083554))
32753;POLYGON((5094918 5469898,5202619 5411430,5062186 5165513,4959623 5224436,5094918 5469898))
32754;POLYGON((4456589 5777388,4562005 5730960,4450013 5488509,4348826 5535643,4456589 5777388))
32755;POLYGON((3832443 6020378,3935479 5983860,3847034 5745880,3747533 5783171,3832443 6020378))
32756;POLYGON((3222170 6209754,3322969 6181540,3254342 5948128,3156552 5977072,3222170 6209754))
32757;POLYGON((2624334 6353662,2723195 6332559,2671592 6103273,2575353 6124997,2624334 6353662))
32758;POLYGON((2036785 6458056,2134101 6443204,2097491 6217288,2002521 6232614,2036785 6458056))
32759;POLYGON((1456947 6527113,1553169 6517926,1530148 6294449,1436094 6303945,1456947 6527113))
32760;POLYGON((882010 6563523,977616 6559647,967321 6337590,873787 6341599,882010 6563523))
32601;POLYGON((309049 -3431318,404531 -3430031,406582 -3651730,313152 -3653063,309049 -3431318))
32602;POLYGON((-264900 -3457217,-169047 -3450717,-154576 -3673130,-248319 -3679853,-264900 -3457217))
32603;POLYGON((-842784 -3515159,-746074 -3503198,-718644 -3727378,-813108 -3739732,-842784 -3515159))
32604;POLYGON((-1427462 -3607388,-1329427 -3589499,-1288004 -3816442,-1383568 -3834881,-1427462 -3607388))
32605;POLYGON((-2021604 -3737558,-1921819 -3713025,-1864802 -3943614,-1961788 -3968827,-2021604 -3737558))
32606;POLYGON((-2627530 -3910991,-2525642 -3878797,-2450761 -4113703,-2549397 -4146658,-2627530 -3910991))
32607;POLYGON((-3246951 -4135049,-3142731 -4093806,-3046903 -4333322,-3147266 -4375322,-3246951 -4135049))
32608;POLYGON((-3880609 -4419632,-3774020 -4367487,-3653156 -4611263,-3755091 -4664017,-3880609 -4419632))
32609;POLYGON((-4527759 -4777847,-4419055 -4712360,-4267813 -4958976,-4370831 -5024691,-4527759 -4777847))
32610;POLYGON((-5185498 -5226860,-5075347 -5144845,-4886824 -5391171,-4989960 -5472664,-5185498 -5226860))
32611;POLYGON((-5847889 -5788976,-5737534 -5686304,-5502876 -5926550,-5604518 -6027387,-5847889 -5788976))
32612;POLYGON((-6504866 -6492996,-6396327 -6364351,-6104255 -6588702,-6201928 -6713361,-6504866 -6492996))
32613;POLYGON((-7140896 -7375885,-7037205 -7214456,-6673442 -7407162,-6763548 -7561231,-7140896 -7375885))
32614;POLYGON((-7733360 -8484810,-7638857 -8281929,-7185428 -8418684,-7262934 -8609090,-7733360 -8484810))
32615;POLYGON((-8250636 -9879613,-8171307 -9624307,-7605712 -9668727,-7663787 -9904012,-8250636 -9879613))
32616;POLYGON((-8649853 -11635771,-8593731 -11314233,-7887961 -11213208,-7917548 -11503848,-8649853 -11635771))
32617;POLYGON((-8874296 -13847915,-8851916 -13442874,-7971297 -13120537,-7960623 -13479307,-8874296 -13847915))
32618;POLYGON((-8850420 -16633991,-8875347 -16123974,-7777186 -15473970,-7711204 -15916375,-8850420 -16633991))
32619;POLYGON((-8484470 -20140134,-8573890 -19498597,-7205902 -18374328,-7065656 -18919090,-8484470 -20140134))
32620;POLYGON((-7658654 -24546337,-7834043 -23740662,-6132536 -21943102,-5894454 -22612725,-7658654 -24546337))
32621;POLYGON((-6226865 -30073017,-6514737 -29063354,-4402524 -26326010,-4037619 -27147408,-6226865 -30073017))
32622;POLYGON((-4009911 -36988568,-4442647 -35726501,-1826661 -31697021,-1299652 -32702248,-4009911 -36988568))
32623;POLYGON((-790236 -45617995,-1407000 -44045022,1824417 -38262914,2556081 -39489976,-790236 -45617995))
32624;POLYGON((3693903 -56352749,2846155 -54398559,6826327 -46268420,7813539 -47762190,3693903 -56352749))
32625;POLYGON((9754829 -69661866,8620243 -67242384,13507620 -56001983,14810788 -57815226,9754829 -69661866))
32626;POLYGON((17762419 -86104529,16275036 -83119719,22257085 -67802206,23947414 -69996727,17762419 -86104529))
32627;POLYGON((28151711 -106344177,26234158 -102675577,33531713 -82065042,35692593 -84712957,28151711 -106344177))
32628;POLYGON((41431147 -131164289,38993217 -126672261,47865325 -99251775,50593844 -102436924,41431147 -131164289))
32629;POLYGON((58191501 -161485977,55128613 -156006640,65877924 -119897865,69286489 -123717374,58191501 -161485977))
32630;POLYGON((79115489 -198387518,75307044 -191729353,88285769 -144622713,92503866 -149188716,79115489 -198387518))
32631;POLYGON((-86147929 -212361898,-90379869 -219690950,-105067980 -163720315,-100390712 -158733811,-86147929 -212361898))
32632;POLYGON((-63666979 -172997216,-67086501 -179040157,-79279630 -135885895,-75483623 -131708166,-63666979 -172997216))
32633;POLYGON((-45599437 -140610416,-48335812 -145573970,-58422830 -112595069,-55369364 -109105777,-45599437 -140610416))
32634;POLYGON((-31229672 -114066131,-33395277 -118127550,-41711176 -93166563,-39279530 -90261304,-31229672 -114066131))
32635;POLYGON((-19937368 -92393131,-21629396 -95703772,-28461658 -77010103,-26547297 -74598598,-19937368 -92393131))
32636;POLYGON((-11187664 -74764108,-12489722 -77452659,-18084086 -63615992,-16596966 -61620448,-11187664 -74764108))
32637;POLYGON((-4522002 -60477450,-5505585 -62652833,-10071249 -52545662,-8934253 -50899288,-4522002 -60477450))
32638;POLYGON((450337 -48940869,-275519 -50694850,-3989817 -43423123,-3137307 -42068785,450337 -48940869))
32639;POLYGON((4060057 -39656750,3540665 -41066262,528068 -35927253,1151590 -34816265,4060057 -39656750))
32640;POLYGON((6585021 -32209086,6229166 -33338307,3792533 -29784860,4233649 -28875905,6585021 -32209086))
32641;POLYGON((8256841 -26251877,8028871 -27154063,6063064 -24764472,6360562 -24022630,8256841 -26251877))
32642;POLYGON((9266883 -21498877,9137460 -22217983,7554990 -20670788,7740889 -20066668,9266883 -21498877))
32643;POLYGON((9771729 -17714566,9716956 -18286671,8445383 -17339735,8545857 -16848714,9771729 -17714566))
32644;POLYGON((9898107 -14706251,9898741 -15160801,8878395 -14634096,8914614 -14235636,9898107 -14706251))
32645;POLYGON((9747342 -12317186,9788086 -12678073,8970067 -12439639,8958948 -12116691,9747342 -12317186))
32646;POLYGON((9399315 -10420607,9468189 -10707103,8812641 -10661725,8767520 -10400206,9399315 -10420607))
32647;POLYGON((8916002 -8914606,9003784 -9142164,8478394 -9222328,8409621 -9010663,8916002 -8914606))
32648;POLYGON((8344581 -7717743,8444315 -7898682,8023032 -8057450,7938493 -7886172,8344581 -7717743))
32649;POLYGON((7720158 -6765320,7826726 -6909400,7488659 -7114869,7394238 -6976282,7720158 -6765320))
32650;POLYGON((7068123 -6006243,7177879 -6121151,6906371 -6352211,6806341 -6240087,7068123 -6006243))
32651;POLYGON((6406178 -5400391,6516630 -5492150,6298473 -5735281,6195834 -5644614,6406178 -5400391))
32652;POLYGON((5746050 -4916445,5855593 -4989744,5680376 -5236656,5577143 -5163448,5746050 -4916445))
32653;POLYGON((5094918 -4530101,5202619 -4588569,5062186 -4834486,4959623 -4775563,5094918 -4530101))
32654;POLYGON((4456589 -4222611,4562005 -4269039,4450013 -4511490,4348826 -4464356,4456589 -4222611))
32655;POLYGON((3832443 -3979621,3935479 -4016139,3847034 -4254119,3747533 -4216828,3832443 -3979621))
32656;POLYGON((3222170 -3790245,3322969 -3818459,3254342 -4051871,3156552 -4022927,3222170 -3790245))
32657;POLYGON((2624334 -3646337,2723195 -3667440,2671592 -3896726,2575353 -3875002,2624334 -3646337))
32658;POLYGON((2036785 -3541943,2134101 -3556795,2097491 -3782711,2002521 -3767385,2036785 -3541943))
32659;POLYGON((1456947 -3472886,1553169 -3482073,1530148 -3705550,1436094 -3696054,1456947 -3472886))
32660;POLYGON((882010 -3436476,977616 -3440352,967321 -3662409,873787 -3658400,882010 -3436476))
