32701;POLYGON((368909 4014627,434451 4016015,437633 3793469,375273 3792115,368909 4014627))
32702;POLYGON((-23866 3986808,41507 3993771,63833 3771786,1668 3765001,-23866 3986808))
32703;POLYGON((-414794 3925290,-349832 3937909,-308127 3717380,-369824 3705099,-414794 3925290))
32704;POLYGON((-802282 3829379,-738017 3847793,-676515 3629750,-737429 3611865,-802282 3829379))
32705;POLYGON((-1184384 3698057,-1121171 3722454,-1039305 3508147,-1099061 3484514,-1184384 3698057))
32706;POLYGON((-1558640 3530065,-1496933 3560668,-1394041 3351651,-1452177 3322108,-1558640 3530065))
32707;POLYGON((-1921897 3324039,-1862277 3361075,-1737692 3159292,-1793637 3123683,-1921897 3324039))
32708;POLYGON((-2270108 3078703,-2213321 3122367,-2066497 2930227,-2119542 2888439,-2270108 3078703))
32709;POLYGON((-2598111 2793159,-2545105 2843560,-2375796 2663991,-2425065 2616009,-2598111 2793159))
32710;POLYGON((-2899376 2467295,-2851346 2524375,-2659858 2360853,-2704276 2306822,-2899376 2467295))
32711;POLYGON((-3165721 2102334,-3124159 2165768,-2911678 2022275,-2949942 1962597,-3165721 2102334))
32712;POLYGON((-3386991 1701573,-3353742 1770629,-3122778 1651538,-3153314 1586989,-3386991 1701573))
32713;POLYGON((-3550693 1271346,-3528017 1344710,-3282967 1254534,-3303893 1186417,-3550693 1271346))
32714;POLYGON((-3641582 822261,-3632230 897806,-3380097 840787,-3389181 771128,-3641582 822261))
32715;POLYGON((-3641205 370755,-3648497 445259,-3399790 424722,-3394396 356509,-3641205 370755))
32716;POLYGON((-3527379 -58972,-3555295 9823,-3325134 27244,-3302175 -35281,-3527379 -58972))
32717;POLYGON((-3273614 -432587,-3326895 -376040,-3136360 -322350,-3092239 -373332,-3273614 -432587))
32718;POLYGON((-2848474 -702750,-2932731 -667383,-2810485 -584048,-2741033 -615589,-2848474 -702750))
32719;POLYGON((-2214859 -805674,-2336701 -803426,-2320926 -704349,-2221333 -705998,-2214859 -805674))
32720;POLYGON((-1329226 -657042,-1496394 -703586,-1637080 -612986,-1501823 -571140,-1329226 -657042))
32721;POLYGON((-140723 -147196,-362239 -262796,-723863 -219067,-546625 -116266,-140723 -147196))
32722;POLYGON((1409754 864471,1123424 653968,458778 593419,685192 779305,1409754 864471))
32723;POLYGON((3390603 2556026,3027367 2218036,1956406 1970802,2240166 2267519,3390603 2556026))
32724;POLYGON((5880629 5150476,5426580 4644359,3820663 4095718,4171010 4537701,5880629 5150476))
32725;POLYGON((8970272 8924342,8409473 8199897,6109895 7193950,6537250 7823556,8970272 8924342))
32726;POLYGON((12762928 14217417,12077189 13213167,8889815 11542207,9405897 12411108,12762928 14217417))
32727;POLYGON((17376375 21443805,16545002 20085061,12234219 17476932,12852167 18647689,17376375 21443805))
32728;POLYGON((22944310 31104363,21943847 29301052,16225751 25404216,16960253 26952044,22944310 31104363))
32729;POLYGON((29618000 43800665,28421942 41444890,20956714 35810918,21824156 37825664,29618000 43800665))
32730;POLYGON((37568051 60250592,36146542 57213916,26529950 49277079,27548559 51865425,37568051 60250592))
32731;POLYGON((-39534212 66711011,-41080778 70143539,-29769314 60288644,-28667665 57367569,-39534212 66711011))
32732;POLYGON((-31117181 48827780,-32422011 51506553,-23571810 44408372,-22631184 42121306,-31117181 48827780))
32733;POLYGON((-24038002 34966260,-25132747 37031099,-18291446 32032784,-17492633 30263726,-24038002 34966260))
32734;POLYGON((-18119207 24366035,-19032009 25934749,-13817847 22512132,-13143561 21163108,-18119207 24366035))
32735;POLYGON((-13203285 16388579,-13959088 17559833,-10051787 15298898,-9486508 14287637,-13203285 16388579))
32736;POLYGON((-9150872 10501092,-9771717 11356977,-6904273 9934461,-6434105 9192308,-9150872 10501092))
32737;POLYGON((-5839060 6262007,-6344356 6870350,-4295701 6037119,-3908231 5507167,-5839060 6262007))
32738;POLYGON((-3159822 3308055,-3566604 3724469,-2155051 3291385,-1839224 2926805,-3159822 3308055))
32739;POLYGON((-1018552 1342770,-1341715 1612473,-419142 1438452,-165140 1201010,-1018552 1342770))
32740;POLYGON((667293 126313,414775 285741,968064 267736,1168932 126486,667293 126313))
32741;POLYGON((1969450 -533477,1776322 -455262,2056119 -390581,2211523 -460451,1969450 -533477))
32742;POLYGON((2950002 -788925,2806541 -769001,2888684 -672099,3005371 -690274,2950002 -788925))
32743;POLYGON((3662442 -759338,3560286 -779853,3504101 -683913,3587979 -665830,3662442 -759338))
32744;POLYGON((4152651 -536911,4084643 -584156,3935905 -509573,3992132 -467178,4152651 -536911))
32745;POLYGON((4459784 -191784,4419830 -255410,4213313 -213360,4246368 -155758,4459784 -191784))
32746;POLYGON((4617082 223631,4600021 151292,4361660 156059,4375420 222051,4617082 223631))
32747;POLYGON((4652611 671014,4654094 595506,4402819 562530,4400618 631910,4652611 671014))
32748;POLYGON((4589920 1123072,4606311 1048291,4355566 979789,4340257 1048983,4589920 1123072))
32749;POLYGON((4448647 1561015,4476921 1489596,4235934 1389287,4209946 1455823,4448647 1561015))
32750;POLYGON((4245051 1972485,4282712 1906117,4057527 1778391,4022912 1840630,4245051 1972485))
32751;POLYGON((3992495 2349874,4037498 2289554,3831811 2138915,3790291 2195840,3992495 2349874))
32752;POLYGON((3701870 2688991,3752555 2635230,3568379 2465940,3521387 2516978,3701870 2688991))
32753;POLYGON((3381979 2988015,3437008 2940988,3275194 2756869,3223916 2801760,3381979 2988015))
32754;POLYGON((3039869 3246684,3098177 3206354,2958812 3010700,2904218 3049389,3039869 3246684))
32755;POLYGON((2681128 3465683,2741873 3431891,2624588 3227454,2567468 3260013,2681128 3465683))
32756;POLYGON((2310148 3646201,2372672 3618730,2276864 3407754,2217853 3434322,2310148 3646201))
32757;POLYGON((1930357 3789598,1994146 3768219,1919138 3552510,1858751 3573249,1930357 3789598))
32758;POLYGON((1544427 3897186,1609080 3881691,1554234 3662693,1492886 3677759,1544427 3897186))
32759;POLYGON((1154454 3970074,1219654 3960297,1184447 3739176,1122479 3748698,1154454 3970074))
32760;POLYGON((762132 4009070,827619 4004900,811690 3782633,749395 3786698,762132 4009070))
32601;POLYGON((368909 -5985372,434451 -5983984,437633 -6206530,375273 -6207884,368909 -5985372))
32602;POLYGON((-23866 -6013191,41507 -6006228,63833 -6228213,1668 -6234998,-23866 -6013191))
32603;POLYGON((-414794 -6074709,-349832 -6062090,-308127 -6282619,-369824 -6294900,-414794 -6074709))
32604;POLYGON((-802282 -6170620,-738017 -6152206,-676515 -6370249,-737429 -6388134,-802282 -6170620))
32605;POLYGON((-1184384 -6301942,-1121171 -6277545,-1039305 -6491852,-1099061 -6515485,-1184384 -6301942))
32606;POLYGON((-1558640 -6469934,-1496933 -6439331,-1394041 -6648348,-1452177 -6677891,-1558640 -6469934))
32607;POLYGON((-1921897 -6675960,-1862277 -6638924,-1737692 -6840707,-1793637 -6876316,-1921897 -6675960))
32608;POLYGON((-2270108 -6921296,-2213321 -6877632,-2066497 -7069772,-2119542 -7111560,-2270108 -6921296))
32609;POLYGON((-2598111 -7206840,-2545105 -7156439,-2375796 -7336008,-2425065 -7383990,-2598111 -7206840))
32610;POLYGON((-2899376 -7532704,-2851346 -7475624,-2659858 -7639146,-2704276 -7693177,-2899376 -7532704))
32611;POLYGON((-3165721 -7897665,-3124159 -7834231,-2911678 -7977724,-2949942 -8037402,-3165721 -7897665))
32612;POLYGON((-3386991 -8298426,-3353742 -8229370,-3122778 -8348461,-3153314 -8413010,-3386991 -8298426))
32613;POLYGON((-3550693 -8728653,-3528017 -8655289,-3282967 -8745465,-3303893 -8813582,-3550693 -8728653))
32614;POLYGON((-3641582 -9177738,-3632230 -9102193,-3380097 -9159212,-3389181 -9228871,-3641582 -9177738))
32615;POLYGON((-3641205 -9629244,-3648497 -9554740,-3399790 -9575277,-3394396 -9643490,-3641205 -9629244))
32616;POLYGON((-3527379 -10058972,-3555295 -9990176,-3325134 -9972755,-3302175 -10035281,-3527379 -10058972))
32617;POLYGON((-3273614 -10432587,-3326895 -10376040,-3136360 -10322350,-3092239 -10373332,-3273614 -10432587))
32618;POLYGON((-2848474 -10702750,-2932731 -10667383,-2810485 -10584048,-2741033 -10615589,-2848474 -10702750))
32619;POLYGON((-2214859 -10805674,-2336701 -10803426,-2320926 -10704349,-2221333 -10705998,-2214859 -10805674))
32620;POLYGON((-1329226 -10657042,-1496394 -10703586,-1637080 -10612986,-1501823 -10571140,-1329226 -10657042))
32621;POLYGON((-140723 -10147196,-362239 -10262796,-723863 -10219067,-546625 -10116266,-140723 -10147196))
32622;POLYGON((1409754 -9135528,1123424 -9346031,458778 -9406580,685192 -9220694,1409754 -9135528))
32623;POLYGON((3390603 -7443973,3027367 -7781963,1956406 -8029197,2240166 -7732480,3390603 -7443973))
32624;POLYGON((5880629 -4849523,5426580 -5355640,3820663 -5904281,4171010 -5462298,5880629 -4849523))
32625;POLYGON((8970272 -1075657,8409473 -1800102,6109895 -2806049,6537250 -2176443,8970272 -1075657))
32626;POLYGON((12762928 4217417,12077189 3213167,8889815 1542207,9405897 2411108,12762928 4217417))
32627;POLYGON((17376375 11443805,16545002 10085061,12234219 7476932,12852167 8647689,17376375 11443805))
32628;POLYGON((22944310 21104363,21943847 19301052,16225751 15404216,16960253 16952044,22944310 21104363))
32629;POLYGON((29618000 33800665,28421942 31444890,20956714 25810918,21824156 27825664,29618000 33800665))
32630;POLYGON((37568051 50250592,36146542 47213916,26529950 39277079,27548559 41865425,37568051 50250592))
32631;POLYGON((-39534212 56711011,-41080778 60143539,-29769314 50288644,-28667665 47367569,-39534212 56711011))
32632;POLYGON((-31117181 38827780,-32422011 41506553,-23571810 34408372,-22631184 32121306,-31117181 38827780))
32633;POLYGON((-24038002 24966260,-25132747 27031099,-18291446 22032784,-17492633 20263726,-24038002 24966260))
32634;POLYGON((-18119207 14366035,-19032009 15934749,-13817847 12512132,-13143561 11163108,-18119207 14366035))
32635;POLYGON((-13203285 6388579,-13959088 7559833,-10051787 5298898,-9486508 4287637,-13203285 6388579))
32636;POLYGON((-9150872 501092,-9771717 1356977,-6904273 -65538,-6434105 -807691,-9150872 501092))
32637;POLYGON((-5839060 -3737992,-6344356 -3129649,-4295701 -3962880,-3908231 -4492832,-5839060 -3737992))
32638;POLYGON((-3159822 -6691944,-3566604 -6275530,-2155051 -6708614,-1839224 -7073194,-3159822 -6691944))
32639;POLYGON((-1018552 -8657229,-1341715 -8387526,-419142 -8561547,-165140 -8798989,-1018552 -8657229))
32640;POLYGON((667293 -9873686,414775 -9714258,968064 -9732263,1168932 -9873513,667293 -9873686))
32641;POLYGON((1969450 -10533477,1776322 -10455262,2056119 -10390581,2211523 -10460451,1969450 -10533477))
32642;POLYGON((2950002 -10788925,2806541 -10769001,2888684 -10672099,3005371 -10690274,2950002 -10788925))
32643;POLYGON((3662442 -10759338,3560286 -10779853,3504101 -10683913,3587979 -10665830,3662442 -10759338))
32644;POLYGON((4152651 -10536911,4084643 -10584156,3935905 -10509573,3992132 -10467178,4152651 -10536911))
32645;POLYGON((4459784 -10191784,4419830 -10255410,4213313 -10213360,4246368 -10155758,4459784 -10191784))
32646;POLYGON((4617082 -9776368,4600021 -9848707,4361660 -9843940,4375420 -9777948,4617082 -9776368))
32647;POLYGON((4652611 -9328985,4654094 -9404493,4402819 -9437469,4400618 -9368089,4652611 -9328985))
32648;POLYGON((4589920 -8876927,4606311 -8951708,4355566 -9020210,4340257 -8951016,4589920 -8876927))
32649;POLYGON((4448647 -8438984,4476921 -8510403,4235934 -8610712,4209946 -8544176,4448647 -8438984))
32650;POLYGON((4245051 -8027514,4282712 -8093882,4057527 -8221608,4022912 -8159369,4245051 -8027514))
32651;POLYGON((3992495 -7650125,4037498 -7710445,3831811 -7861084,3790291 -7804159,3992495 -7650125))
32652;POLYGON((3701870 -7311008,3752555 -7364769,3568379 -7534059,3521387 -7483021,3701870 -7311008))
32653;POLYGON((3381979 -7011984,3437008 -7059011,3275194 -7243130,3223916 -7198239,3381979 -7011984))
32654;POLYGON((3039869 -6753315,3098177 -6793645,2958812 -6989299,2904218 -6950610,3039869 -6753315))
32655;POLYGON((2681128 -6534316,2741873 -6568108,2624588 -6772545,2567468 -6739986,2681128 -6534316))
32656;POLYGON((2310148 -6353798,2372672 -6381269,2276864 -6592245,2217853 -6565677,2310148 -6353798))
32657;POLYGON((1930357 -6210401,1994146 -6231780,1919138 -6447489,1858751 -6426750,1930357 -6210401))
32658;POLYGON((1544427 -6102813,1609080 -6118308,1554234 -6337306,1492886 -6322240,1544427 -6102813))
32659;POLYGON((1154454 -6029925,1219654 -6039702,1184447 -6260823,1122479 -6251301,1154454 -6029925))
32660;POLYGON((762132 -5990929,827619 -5995099,811690 -6217366,749395 -6213301,762132 -5990929))
