32701;POLYGON((278246 9446998,389140 9447251,389543 9226133,279054 9225781,278246 9446998))
32702;POLYGON((-389705 9441895,-277901 9443178,-275042 9220459,-386425 9218672,-389705 9441895))
32703;POLYGON((-1067500 9430387,-953522 9432773,-948047 9205967,-1061563 9202644,-1067500 9430387))
32704;POLYGON((-1763108 9411803,-1645571 9415434,-1637157 9181825,-1754160 9176771,-1763108 9411803))
32705;POLYGON((-2485532 9384990,-2362840 9390097,-2350957 9146569,-2473001 9139466,-2485532 9384990))
32706;POLYGON((-3245408 9348139,-3115644 9355080,-3099472 9097886,-3228414 9088242,-3245408 9348139))
32707;POLYGON((-4055762 9298507,-3916551 9307821,-3894855 9032260,-4032986 9019338,-4055762 9298507))
32708;POLYGON((-4932991 9231988,-4781318 9244476,-4752256 8944433,-4902465 8927136,-4932991 9231988))
32709;POLYGON((-5898093 9142483,-5730077 9159334,-5690923 8826610,-5856910 8803318,-5898093 9142483))
32710;POLYGON((-6978223 9021019,-6788834 9043976,-6735589 8667327,-6922123 8635670,-6978223 9021019))
32711;POLYGON((-8208593 8854521,-7991310 8886112,-7918172 8449884,-8131411 8406433,-8208593 8854521))
32712;POLYGON((-9634799 8624176,-9381189 8668018,-9279845 8150250,-9527721 8090101,-9634799 8624176))
32713;POLYGON((-11315590 8303281,-11014816 8364482,-10873524 7734285,-11166195 7650529,-11315590 8303281))
32714;POLYGON((-13326160 7854477,-12964392 7940143,-12766802 7154179,-13117194 7037216,-13326160 7854477))
32715;POLYGON((-15761988 7226253,-15321724 7346125,-15045393 6343921,-15469827 6180603,-15761988 7226253))
32716;POLYGON((-18743286 6348586,-18202563 6515832,-17817127 5213660,-18336035 4986225,-18743286 6348586))
32717;POLYGON((-22420102 5127593,-21751604 5359779,-21216523 3642753,-21855278 3327532,-22420102 5127593))
32718;POLYGON((-26978135 3439042,-26148168 3759294,-25410014 1471324,-26199862 1037170,-26978135 3439042))
32719;POLYGON((-32645290 1120557,-31612635 1558960,-30601848 -1509886,-31580960 -2103468,-32645290 1120557))
32720;POLYGON((-39699048 -2037640,-38413678 -1442389,-37040710 -5571600,-38255362 -6376672,-39699048 -2037640))
32721;POLYGON((-48474684 -6303636,-46876332 -5502291,-45027128 -11060247,-46533013 -12143040,-48474684 -6303636))
32722;POLYGON((-59374385 -12016570,-57390956 -10947073,-54921687 -18414632,-56785366 -19858578,-59374385 -12016570))
32723;POLYGON((-72877319 -19601416,-70423150 -18186284,-67154110 -28185285,-69454613 -30094523,-72877319 -19601416))
32724;POLYGON((-89550707 -29586017,-86524645 -27729337,-82233240 -41056785,-85063819 -43560188,-89550707 -29586017))
32725;POLYGON((-110061937 -42620585,-106345248 -40204583,-100757980 -57873332,-104228032 -61129111,-110061937 -42620585))
32726;POLYGON((-135191783 -59499909,-130645869 -56381050,-123429229 -79667904,-127666382 -83868836,-135191783 -59499909))
32727;POLYGON((-165848769 -81188507,-160312693 -77193090,-151062855 -107695299,-156215235 -113074637,-165848769 -81188507))
32728;POLYGON((-203084725 -108848984,-196372532 -103768180,-184603759 -143469416,-190842445 -150307532,-203084725 -108848984))
32729;POLYGON((-248111594 -143873847,-240009423 -137458146,-225141072 -188805108,-232662740 -197436951,-248111594 -143873847))
32730;POLYGON((-302319530 -187921071,-292582505 -179874079,-273924525 -245865000,-282954294 -256688397,-302319530 -187921071))
32731;POLYGON((323697429 -204938129,334354308 -213928426,312725270 -291665660,302847313 -279575152,323697429 -204938129))
32732;POLYGON((266086638 -157463511,274973560 -164654617,257662861 -225393004,249417177 -215719393,266086638 -157463511))
32733;POLYGON((218163223 -119629623,225541809 -125343909,211777604 -172505022,204923720 -164815636,218163223 -119629623))
32734;POLYGON((178473372 -89681414,184572588 -94191015,173703005 -130578620,168030393 -124508166,178473372 -89681414))
32735;POLYGON((145747814 -66142031,150767194 -69675384,142244761 -97572618,137569885 -92814420,145747814 -66142031))
32736;POLYGON((118883280 -47775951,122995921 -50523664,116363576 -71777430,112527154 -68075554,118883280 -47775951))
32737;POLYGON((96925266 -33555943,100280613 -35676050,95159193 -51769943,92023640 -48912158,96925266 -33555943))
32738;POLYGON((79052068 -22633587,81778492 -24256224,77855573 -36373224,75302651 -34184731,79052068 -22633587))
32739;POLYGON((64560028 -14313088,66767197 -15544641,63787207 -24620693,61715841 -22958564,64560028 -14313088))
32740;POLYGON((52849934 -8028110,54631007 -8954874,52386487 -15724413,50710765 -14472679,52849934 -8028110))
32741;POLYGON((43414549 -3321397,44848176 -4012795,43172111 -9047164,41819447 -8112510,43414549 -3321397))
32742;POLYGON((35827192 173050,36979346 -338328,35738466 -4077985,34647924 -3385986,35827192 173050))
32743;POLYGON((29731343 2745493,30656984 2370422,29745951 -410873,28866720 97265,29731343 2745493))
32744;POLYGON((24831215 4623845,25575794 4350916,24912191 2273636,24202201 2643894,24831215 4623845))
32745;POLYGON((20883234 5985177,21484057 5787974,21004095 4224308,20428779 4492250,20883234 5985177))
32746;POLYGON((17688403 6965501,18175839 6823838,17830722 5632698,17361893 5825519,17688403 6965501))
32747;POLYGON((15085471 7668035,15484040 7566678,15236897 6644565,14851763 6782801,15085471 7668035))
32748;POLYGON((12944880 8170106,13274210 8097709,13097544 7369429,12777825 7468388,12944880 8170106))
32749;POLYGON((11163434 8528867,11439099 8477095,11312685 7888490,11043842 7959428,11163434 8528867))
32750;POLYGON((9659634 8785966,9893889 8748784,9803061 8261124,9573622 8312200,9659634 8785966))
32751;POLYGON((8369640 8971316,8572052 8944418,8506327 8530132,8307311 8567177,8369640 8971316))
32752;POLYGON((7243803 9106094,7421793 9086450,7373788 8725930,7198202 8753050,7243803 9106094))
32753;POLYGON((6243730 9205081,6403025 9190589,6367607 8869834,6210032 8889886,6243730 9205081))
32754;POLYGON((5339812 9278463,5484829 9267684,5458475 8976593,5314711 8991538,5339812 9278463))
32755;POLYGON((4509187 9333185,4643342 9325139,4623658 9056299,4490440 9067471,4509187 9333185))
32756;POLYGON((3734077 9373935,3860041 9367965,3845412 9115793,3720174 9124093,3734077 9373935))
32757;POLYGON((3000452 9403854,3120350 9399520,3109698 9159678,2990385 9165708,3000452 9403854))
32758;POLYGON((2296972 9425025,2412545 9422039,2405159 9191020,2290080 9195177,2296972 9425025))
32759;POLYGON((1614165 9438795,1726892 9436974,1722316 9211817,1610028 9214354,1614165 9438795))
32760;POLYGON((943774 9445983,1054970 9445221,1052941 9223305,942155 9224367,943774 9445983))
32601;POLYGON((278246 -553001,389140 -552748,389543 -773866,279054 -774218,278246 -553001))
32602;POLYGON((-389705 -558104,-277901 -556821,-275042 -779540,-386425 -781327,-389705 -558104))
32603;POLYGON((-1067500 -569612,-953522 -567226,-948047 -794032,-1061563 -797355,-1067500 -569612))
32604;POLYGON((-1763108 -588196,-1645571 -584565,-1637157 -818174,-1754160 -823228,-1763108 -588196))
32605;POLYGON((-2485532 -615009,-2362840 -609902,-2350957 -853430,-2473001 -860533,-2485532 -615009))
32606;POLYGON((-3245408 -651860,-3115644 -644919,-3099472 -902113,-3228414 -911757,-3245408 -651860))
32607;POLYGON((-4055762 -701492,-3916551 -692178,-3894855 -967739,-4032986 -980661,-4055762 -701492))
32608;POLYGON((-4932991 -768011,-4781318 -755523,-4752256 -1055566,-4902465 -1072863,-4932991 -768011))
32609;POLYGON((-5898093 -857516,-5730077 -840665,-5690923 -1173389,-5856910 -1196681,-5898093 -857516))
32610;POLYGON((-6978223 -978980,-6788834 -956023,-6735589 -1332672,-6922123 -1364329,-6978223 -978980))
32611;POLYGON((-8208593 -1145478,-7991310 -1113887,-7918172 -1550115,-8131411 -1593566,-8208593 -1145478))
32612;POLYGON((-9634799 -1375823,-9381189 -1331981,-9279845 -1849749,-9527721 -1909898,-9634799 -1375823))
32613;POLYGON((-11315590 -1696718,-11014816 -1635517,-10873524 -2265714,-11166195 -2349470,-11315590 -1696718))
32614;POLYGON((-13326160 -2145522,-12964392 -2059856,-12766802 -2845820,-13117194 -2962783,-13326160 -2145522))
32615;POLYGON((-15761988 -2773746,-15321724 -2653874,-15045393 -3656078,-15469827 -3819396,-15761988 -2773746))
32616;POLYGON((-18743286 -3651413,-18202563 -3484167,-17817127 -4786339,-18336035 -5013774,-18743286 -3651413))
32617;POLYGON((-22420102 -4872406,-21751604 -4640220,-21216523 -6357246,-21855278 -6672467,-22420102 -4872406))
32618;POLYGON((-26978135 -6560957,-26148168 -6240705,-25410014 -8528675,-26199862 -8962829,-26978135 -6560957))
32619;POLYGON((-32645290 -8879442,-31612635 -8441039,-30601848 -11509886,-31580960 -12103468,-32645290 -8879442))
32620;POLYGON((-39699048 -12037640,-38413678 -11442389,-37040710 -15571600,-38255362 -16376672,-39699048 -12037640))
32621;POLYGON((-48474684 -16303636,-46876332 -15502291,-45027128 -21060247,-46533013 -22143040,-48474684 -16303636))
32622;POLYGON((-59374385 -22016570,-57390956 -20947073,-54921687 -28414632,-56785366 -29858578,-59374385 -22016570))
32623;POLYGON((-72877319 -29601416,-70423150 -28186284,-67154110 -38185285,-69454613 -40094523,-72877319 -29601416))
32624;POLYGON((-89550707 -39586017,-86524645 -37729337,-82233240 -51056785,-85063819 -53560188,-89550707 -39586017))
32625;POLYGON((-110061937 -52620585,-106345248 -50204583,-100757980 -67873332,-104228032 -71129111,-110061937 -52620585))
32626;POLYGON((-135191783 -69499909,-130645869 -66381050,-123429229 -89667904,-127666382 -93868836,-135191783 -69499909))
32627;POLYGON((-165848769 -91188507,-160312693 -87193090,-151062855 -117695299,-156215235 -123074637,-165848769 -91188507))
32628;POLYGON((-203084725 -118848984,-196372532 -113768180,-184603759 -153469416,-190842445 -160307532,-203084725 -118848984))
32629;POLYGON((-248111594 -153873847,-240009423 -147458146,-225141072 -198805108,-232662740 -207436951,-248111594 -153873847))
32630;POLYGON((-302319530 -197921071,-292582505 -189874079,-273924525 -255865000,-282954294 -266688397,-302319530 -197921071))
32631;POLYGON((323697429 -214938129,334354308 -223928426,312725270 -301665660,302847313 -289575152,323697429 -214938129))
32632;POLYGON((266086638 -167463511,274973560 -174654617,257662861 -235393004,249417177 -225719393,266086638 -167463511))
32633;POLYGON((218163223 -129629623,225541809 -135343909,211777604 -182505022,204923720 -174815636,218163223 -129629623))
32634;POLYGON((178473372 -99681414,184572588 -104191015,173703005 -140578620,168030393 -134508166,178473372 -99681414))
32635;POLYGON((145747814 -76142031,150767194 -79675384,142244761 -107572618,137569885 -102814420,145747814 -76142031))
32636;POLYGON((118883280 -57775951,122995921 -60523664,116363576 -81777430,112527154 -78075554,118883280 -57775951))
32637;POLYGON((96925266 -43555943,100280613 -45676050,95159193 -61769943,92023640 -58912158,96925266 -43555943))
32638;POLYGON((79052068 -32633587,81778492 -34256224,77855573 -46373224,75302651 -44184731,79052068 -32633587))
32639;POLYGON((64560028 -24313088,66767197 -25544641,63787207 -34620693,61715841 -32958564,64560028 -24313088))
32640;POLYGON((52849934 -18028110,54631007 -18954874,52386487 -25724413,50710765 -24472679,52849934 -18028110))
32641;POLYGON((43414549 -13321397,44848176 -14012795,43172111 -19047164,41819447 -18112510,43414549 -13321397))
32642;POLYGON((35827192 -9826949,36979346 -10338328,35738466 -14077985,34647924 -13385986,35827192 -9826949))
32643;POLYGON((29731343 -7254506,30656984 -7629577,29745951 -10410873,28866720 -9902734,29731343 -7254506))
32644;POLYGON((24831215 -5376154,25575794 -5649083,24912191 -7726363,24202201 -7356105,24831215 -5376154))
32645;POLYGON((20883234 -4014822,21484057 -4212025,21004095 -5775691,20428779 -5507749,20883234 -4014822))
32646;POLYGON((17688403 -3034498,18175839 -3176161,17830722 -4367301,17361893 -4174480,17688403 -3034498))
32647;POLYGON((15085471 -2331964,15484040 -2433321,15236897 -3355434,14851763 -3217198,15085471 -2331964))
32648;POLYGON((12944880 -1829893,13274210 -1902290,13097544 -2630570,12777825 -2531611,12944880 -1829893))
32649;POLYGON((11163434 -1471132,11439099 -1522904,11312685 -2111509,11043842 -2040571,11163434 -1471132))
32650;POLYGON((9659634 -1214033,9893889 -1251215,9803061 -1738875,9573622 -1687799,9659634 -1214033))
32651;POLYGON((8369640 -1028683,8572052 -1055581,8506327 -1469867,8307311 -1432822,8369640 -1028683))
32652;POLYGON((7243803 -893905,7421793 -913549,7373788 -1274069,7198202 -1246949,7243803 -893905))
32653;POLYGON((6243730 -794918,6403025 -809410,6367607 -1130165,6210032 -1110113,6243730 -794918))
32654;POLYGON((5339812 -721536,5484829 -732315,5458475 -1023406,5314711 -1008461,5339812 -721536))
32655;POLYGON((4509187 -666814,4643342 -674860,4623658 -943700,4490440 -932528,4509187 -666814))
32656;POLYGON((3734077 -626064,3860041 -632034,3845412 -884206,3720174 -875906,3734077 -626064))
32657;POLYGON((3000452 -596145,3120350 -600479,3109698 -840321,2990385 -834291,3000452 -596145))
32658;POLYGON((2296972 -574974,2412545 -577960,2405159 -808979,2290080 -804822,2296972 -574974))
32659;POLYGON((1614165 -561204,1726892 -563025,1722316 -788182,1610028 -785645,1614165 -561204))
32660;POLYGON((943774 -554016,1054970 -554778,1052941 -776694,942155 -775632,943774 -554016))
