32701;POLYGON((409239 2678642,454614 2679728,458196 2456797,416402 2455782,409239 2678642))
32702;POLYGON((137698 2656933,182823 2662360,207890 2440564,166344 2435493,137698 2656933))
32703;POLYGON((-131151 2609177,-86617 2618944,-40092 2400011,-81055 2390893,-131151 2609177))
32704;POLYGON((-395216 2535400,-351630 2549501,-283716 2335223,-323748 2322078,-395216 2535400))
32705;POLYGON((-652285 2435680,-610024 2454096,-520860 2246362,-559599 2229229,-652285 2435680))
32706;POLYGON((-899987 2310201,-859460 2332891,-749298 2133710,-786361 2112651,-899987 2310201))
32707;POLYGON((-1135764 2159319,-1097411 2186208,-966675 1997720,-1001657 1972830,-1135764 2159319))
32708;POLYGON((-1356856 1983650,-1321151 2014613,-1170509 1839079,-1202983 1810502,-1356856 1983650))
32709;POLYGON((-1560305 1784182,-1527753 1819024,-1358198 1658790,-1387722 1626730,-1560305 1784182))
32710;POLYGON((-1742980 1562395,-1714114 1600828,-1527059 1458258,-1553181 1422993,-1742980 1562395))
32711;POLYGON((-1901626 1320415,-1876994 1362034,-1674381 1239385,-1696653 1201290,-1901626 1320415))
32712;POLYGON((-2032942 1061176,-2013093 1105428,-1797515 1004681,-1815508 964239,-2032942 1061176))
32713;POLYGON((-2133690 788617,-2119154 834766,-1893982 757368,-1907309 715195,-2133690 788617))
32714;POLYGON((-2200841 507891,-2192101 554985,-1961626 501499,-1969972 458358,-2200841 507891))
32715;POLYGON((-2231755 225605,-2229215 272431,-1998797 242071,-2001952 198895,-2231755 225605))
32716;POLYGON((-2224404 -49919,-2228348 -4879,-2004577 -14862,-2002477 -56952,-2224404 -49919))
32717;POLYGON((-2177643 -308355,-2188189 -266974,-1979049 -262077,-1971826 -301758,-2177643 -308355))
32718;POLYGON((-2091525 -537053,-2108565 -501616,-1923612 -491082,-1911653 -526808,-2091525 -537053))
32719;POLYGON((-1967672 -720697,-1990809 -693957,-1841347 -692021,-1825356 -722011,-1967672 -720697))
32720;POLYGON((-1809693 -840927,-1838169 -826172,-1737435 -853600,-1718514 -875827,-1809693 -840927))
32721;POLYGON((-1623675 -875928,-1656280 -877053,-1619636 -963021,-1599365 -975203,-1623675 -875928))
32722;POLYGON((-1418718 -799991,-1453702 -821570,-1498821 -1005948,-1479356 -1005545,-1418718 -799991))
32723;POLYGON((-1207547 -583030,-1242509 -630404,-1389575 -966491,-1373753 -950703,-1207547 -583030))
32724;POLYGON((-1007193 -190070,-1038965 -269430,-1310859 -827220,-1302316 -792997,-1007193 -190070))
32725;POLYGON((-839736 419313,-864253 300826,-1286748 -569220,-1290050 -513270,-839736 419313))
32726;POLYGON((-733133 1291589,-745290 1125785,-1347241 -172176,-1368024 -90985,-733133 1291589))
32727;POLYGON((-722120 2479915,-715617 2257440,-1529143 385490,-1574271 495628,-722120 2479915))
32728;POLYGON((-849198 4044824,-816367 3755047,-1877034 1126440,-1954764 1269392,-849198 4044824))
32729;POLYGON((-1165703 6054962,-1097327 5685846,-2444316 2074177,-2564485 2253921,-1165703 6054962))
32730;POLYGON((-1732962 8587878,-1618074 8125843,-3294347 3252750,-3468567 3473324,-1732962 8587878))
32731;POLYGON((2989966 9563145,3132829 10077250,5054429 4178680,4848216 3936178,2989966 9563145))
32732;POLYGON((2323587 6837079,2413731 7250856,3975230 2832748,3829606 2633094,2323587 6837079))
32733;POLYGON((1930841 4661762,1980187 4989611,3227152 1733811,3129538 1572966,1930841 4661762))
32734;POLYGON((1746793 2956493,1765409 3211206,2739524 857656,2679222 731603,1746793 2956493))
32735;POLYGON((1716911 1649750,1713215 1842644,2452438 180376,2420423 85186,1716911 1649750))
32736;POLYGON((1795873 678380,1776826 819432,2315555 -321281,2304289 -389399,1795873 678380))
32737;POLYGON((1946467 -13154,1917753 84813,2286997 -669639,2290252 -714299,1946467 -13154))
32738;POLYGON((2138582 -473478,2104766 -410942,2332333 -885872,2345025 -910481,2138582 -473478))
32739;POLYGON((2348272 -744961,2312954 -711204,2423633 -989842,2441678 -997571,2348272 -744961))
32740;POLYGON((2556913 -864333,2522861 -853599,2538611 -999976,2558789 -993753,2556913 -864333))
32741;POLYGON((2750421 -863249,2719698 -870591,2659845 -933195,2679672 -915690,2750421 -863249))
32742;POLYGON((2918559 -768822,2892632 -790016,2774057 -804872,2791678 -778495,2918559 -768822))
32743;POLYGON((3054301 -604114,3034142 -635578,2871478 -628827,2885563 -595731,3054301 -604114))
32744;POLYGON((3153266 -388589,3139444 -427311,2945263 -417350,2954921 -379439,3153266 -388589))
32745;POLYGON((3213222 -138536,3205979 -182005,2990982 -181249,2995674 -140184,3213222 -138536))
32746;POLYGON((3233634 132546,3232959 86402,3006157 70084,3005632 112869,3233634 132546))
32747;POLYGON((3215288 413596,3220972 366466,2989867 328592,2984098 371878,3215288 413596))
32748;POLYGON((3159947 695655,3171642 648899,2942395 587452,2931524 630214,3159947 695655))
32749;POLYGON((3070076 971576,3087333 926271,2864931 840975,2849226 882368,3070076 971576))
32750;POLYGON((2948597 1235747,2970905 1192732,2759316 1084492,2739132 1123829,2948597 1235747))
32751;POLYGON((2798695 1483852,2825513 1443767,2627833 1314239,2603580 1350973,2798695 1483852))
32752;POLYGON((2623664 1712643,2654441 1675962,2473031 1527245,2445152 1560949,2623664 1712643))
32753;POLYGON((2426784 1919744,2460978 1886812,2297593 1721215,2266538 1751564,2426784 1919744))
32754;POLYGON((2211235 2103477,2248326 2074531,2104228 1894422,2070445 1921177,2211235 2103477))
32755;POLYGON((1980037 2262706,2019534 2237904,1895596 2045606,1859521 2068596,1980037 2262706))
32756;POLYGON((1736015 2396703,1777462 2376143,1674262 2173881,1636311 2192987,1736015 2396703))
32757;POLYGON((1481797 2505036,1524769 2488775,1442667 2278643,1403234 2293787,1481797 2505036))
32758;POLYGON((1219810 2587473,1263916 2575538,1203121 2359504,1162579 2370639,1219810 2587473))
32759;POLYGON((952318 2643907,997191 2636310,957814 2416227,916517 2423324,952318 2643907))
32760;POLYGON((681447 2674300,726739 2671044,708833 2448680,667121 2451724,681447 2674300))
32601;POLYGON((409239 -7321357,454614 -7320271,458196 -7543202,416402 -7544217,409239 -7321357))
32602;POLYGON((137698 -7343066,182823 -7337639,207890 -7559435,166344 -7564506,137698 -7343066))
32603;POLYGON((-131151 -7390822,-86617 -7381055,-40092 -7599988,-81055 -7609106,-131151 -7390822))
32604;POLYGON((-395216 -7464599,-351630 -7450498,-283716 -7664776,-323748 -7677921,-395216 -7464599))
32605;POLYGON((-652285 -7564319,-610024 -7545903,-520860 -7753637,-559599 -7770770,-652285 -7564319))
32606;POLYGON((-899987 -7689798,-859460 -7667108,-749298 -7866289,-786361 -7887348,-899987 -7689798))
32607;POLYGON((-1135764 -7840680,-1097411 -7813791,-966675 -8002279,-1001657 -8027169,-1135764 -7840680))
32608;POLYGON((-1356856 -8016349,-1321151 -7985386,-1170509 -8160920,-1202983 -8189497,-1356856 -8016349))
32609;POLYGON((-1560305 -8215817,-1527753 -8180975,-1358198 -8341209,-1387722 -8373269,-1560305 -8215817))
32610;POLYGON((-1742980 -8437604,-1714114 -8399171,-1527059 -8541741,-1553181 -8577006,-1742980 -8437604))
32611;POLYGON((-1901626 -8679584,-1876994 -8637965,-1674381 -8760614,-1696653 -8798709,-1901626 -8679584))
32612;POLYGON((-2032942 -8938823,-2013093 -8894571,-1797515 -8995318,-1815508 -9035760,-2032942 -8938823))
32613;POLYGON((-2133690 -9211382,-2119154 -9165233,-1893982 -9242631,-1907309 -9284804,-2133690 -9211382))
32614;POLYGON((-2200841 -9492108,-2192101 -9445014,-1961626 -9498500,-1969972 -9541641,-2200841 -9492108))
32615;POLYGON((-2231755 -9774394,-2229215 -9727568,-1998797 -9757928,-2001952 -9801104,-2231755 -9774394))
32616;POLYGON((-2224404 -10049919,-2228348 -10004879,-2004577 -10014862,-2002477 -10056952,-2224404 -10049919))
32617;POLYGON((-2177643 -10308355,-2188189 -10266974,-1979049 -10262077,-1971826 -10301758,-2177643 -10308355))
32618;POLYGON((-2091525 -10537053,-2108565 -10501616,-1923612 -10491082,-1911653 -10526808,-2091525 -10537053))
32619;POLYGON((-1967672 -10720697,-1990809 -10693957,-1841347 -10692021,-1825356 -10722011,-1967672 -10720697))
32620;POLYGON((-1809693 -10840927,-1838169 -10826172,-1737435 -10853600,-1718514 -10875827,-1809693 -10840927))
32621;POLYGON((-1623675 -10875928,-1656280 -10877053,-1619636 -10963021,-1599365 -10975203,-1623675 -10875928))
32622;POLYGON((-1418718 -10799991,-1453702 -10821570,-1498821 -11005948,-1479356 -11005545,-1418718 -10799991))
32623;POLYGON((-1207547 -10583030,-1242509 -10630404,-1389575 -10966491,-1373753 -10950703,-1207547 -10583030))
32624;POLYGON((-1007193 -10190070,-1038965 -10269430,-1310859 -10827220,-1302316 -10792997,-1007193 -10190070))
32625;POLYGON((-839736 -9580686,-864253 -9699173,-1286748 -10569220,-1290050 -10513270,-839736 -9580686))
32626;POLYGON((-733133 -8708410,-745290 -8874214,-1347241 -10172176,-1368024 -10090985,-733133 -8708410))
32627;POLYGON((-722120 -7520084,-715617 -7742559,-1529143 -9614509,-1574271 -9504371,-722120 -7520084))
32628;POLYGON((-849198 -5955175,-816367 -6244952,-1877034 -8873559,-1954764 -8730607,-849198 -5955175))
32629;POLYGON((-1165703 -3945037,-1097327 -4314153,-2444316 -7925822,-2564485 -7746078,-1165703 -3945037))
32630;POLYGON((-1732962 -1412121,-1618074 -1874156,-3294347 -6747249,-3468567 -6526675,-1732962 -1412121))
32631;POLYGON((2989966 -436854,3132829 77250,5054429 -5821319,4848216 -6063821,2989966 -436854))
32632;POLYGON((2323587 -3162920,2413731 -2749143,3975230 -7167251,3829606 -7366905,2323587 -3162920))
32633;POLYGON((1930841 -5338237,1980187 -5010388,3227152 -8266188,3129538 -8427033,1930841 -5338237))
32634;POLYGON((1746793 -7043506,1765409 -6788793,2739524 -9142343,2679222 -9268396,1746793 -7043506))
32635;POLYGON((1716911 -8350249,1713215 -8157355,2452438 -9819623,2420423 -9914813,1716911 -8350249))
32636;POLYGON((1795873 -9321619,1776826 -9180567,2315555 -10321281,2304289 -10389399,1795873 -9321619))
32637;POLYGON((1946467 -10013154,1917753 -9915186,2286997 -10669639,2290252 -10714299,1946467 -10013154))
32638;POLYGON((2138582 -10473478,2104766 -10410942,2332333 -10885872,2345025 -10910481,2138582 -10473478))
32639;POLYGON((2348272 -10744961,2312954 -10711204,2423633 -10989842,2441678 -10997571,2348272 -10744961))
32640;POLYGON((2556913 -10864333,2522861 -10853599,2538611 -10999976,2558789 -10993753,2556913 -10864333))
32641;POLYGON((2750421 -10863249,2719698 -10870591,2659845 -10933195,2679672 -10915690,2750421 -10863249))
32642;POLYGON((2918559 -10768822,2892632 -10790016,2774057 -10804872,2791678 -10778495,2918559 -10768822))
32643;POLYGON((3054301 -10604114,3034142 -10635578,2871478 -10628827,2885563 -10595731,3054301 -10604114))
32644;POLYGON((3153266 -10388589,3139444 -10427311,2945263 -10417350,2954921 -10379439,3153266 -10388589))
32645;POLYGON((3213222 -10138536,3205979 -10182005,2990982 -10181249,2995674 -10140184,3213222 -10138536))
32646;POLYGON((3233634 -9867453,3232959 -9913597,3006157 -9929915,3005632 -9887130,3233634 -9867453))
32647;POLYGON((3215288 -9586403,3220972 -9633533,2989867 -9671407,2984098 -9628121,3215288 -9586403))
32648;POLYGON((3159947 -9304344,3171642 -9351100,2942395 -9412547,2931524 -9369785,3159947 -9304344))
32649;POLYGON((3070076 -9028423,3087333 -9073728,2864931 -9159024,2849226 -9117631,3070076 -9028423))
32650;POLYGON((2948597 -8764252,2970905 -8807267,2759316 -8915507,2739132 -8876170,2948597 -8764252))
32651;POLYGON((2798695 -8516147,2825513 -8556232,2627833 -8685760,2603580 -8649026,2798695 -8516147))
32652;POLYGON((2623664 -8287356,2654441 -8324037,2473031 -8472754,2445152 -8439050,2623664 -8287356))
32653;POLYGON((2426784 -8080255,2460978 -8113187,2297593 -8278784,2266538 -8248435,2426784 -8080255))
32654;POLYGON((2211235 -7896522,2248326 -7925468,2104228 -8105577,2070445 -8078822,2211235 -7896522))
32655;POLYGON((1980037 -7737293,2019534 -7762095,1895596 -7954393,1859521 -7931403,1980037 -7737293))
32656;POLYGON((1736015 -7603296,1777462 -7623856,1674262 -7826118,1636311 -7807012,1736015 -7603296))
32657;POLYGON((1481797 -7494963,1524769 -7511224,1442667 -7721356,1403234 -7706212,1481797 -7494963))
32658;POLYGON((1219810 -7412526,1263916 -7424461,1203121 -7640495,1162579 -7629360,1219810 -7412526))
32659;POLYGON((952318 -7356092,997191 -7363689,957814 -7583772,916517 -7576675,952318 -7356092))
32660;POLYGON((681447 -7325699,726739 -7328955,708833 -7551319,667121 -7548275,681447 -7325699))
