32701;POLYGON((287077 11880641,393552 11879826,392487 11658568,284946 11659297,287077 11880641))
32702;POLYGON((-353862 11897065,-246653 11892938,-254189 11670293,-362505 11673984,-353862 11897065))
32703;POLYGON((-1002708 11934012,-893758 11926362,-908154 11700196,-1018311 11707044,-1002708 11934012))
32704;POLYGON((-1665704 11993415,-1553943 11981835,-1575971 11749874,-1689111 11760252,-1665704 11993415))
32705;POLYGON((-2349632 12078539,-2233880 12062378,-2264794 11822112,-2382190 11836622,-2349632 12078539))
32706;POLYGON((-3062072 12194398,-2940999 12172675,-2982694 11921248,-3105807 11940803,-3062072 12194398))
32707;POLYGON((-3811711 12348403,-3683778 12319679,-3739050 12053767,-3869599 12079712,-3811711 12348403))
32708;POLYGON((-4608692 12551334,-4472091 12513525,-4545007 12229183,-4685062 12263482,-4608692 12551334))
32709;POLYGON((-5465030 12818741,-5317608 12768851,-5414049 12461335,-5566129 12506835,-5465030 12818741))
32710;POLYGON((-6395099 13172893,-6234274 13106640,-6362673 12770207,-6529878 12831000,-6395099 13172893))
32711;POLYGON((-7416204 13645427,-7238861 13556750,-7411214 13184420,-7597370 13266335,-7416204 13645427))
32712;POLYGON((-8549246 14280872,-8351620 14161274,-8584811 13744561,-8794653 13855815,-8549246 14280872))
32713;POLYGON((-9819497 15141227,-9597036 14978931,-9914560 14507544,-10153942 14659583,-9819497 15141227))
32714;POLYGON((-11257489 16311827,-11004698 16090697,-11438853 15552210,-11714988 15760778,-11257489 16311827))
32715;POLYGON((-12900040 17908702,-12610299 17606905,-13204931 16986396,-13526675 17272876,-12900040 17908702))
32716;POLYGON((-14791415 20087714,-14456774 19676060,-15270670 18955734,-15648841 19348799,-14791415 20087714))
32717;POLYGON((-16984641 23055736,-16595594 22495661,-17706616 21654450,-18154362 22192077,-16984641 23055736))
32718;POLYGON((-19542990 27084173,-19088212 26325309,-20598288 25338462,-21131495 26070365,-19542990 27084173))
32719;POLYGON((-22541632 32525146,-22007693 31502427,-24048774 30341102,-24686532 31331628,-22541632 32525146))
32720;POLYGON((-26069480 39830696,-25440522 38460929,-28181631 37091798,-28946743 38423355,-26069480 39830696))
32721;POLYGON((-30231232 49575347,-29488617 47753204,-33144110 46138081,-34063668 47915153,-30231232 49575347))
32722;POLYGON((-35149621 62482440,-34271538 60075790,-39110734 58171302,-40216746 60525128,-35149621 62482440))
32723;POLYGON((-40967892 79454634,-39928931 76299152,-46287228 74056470,-47617315 77150444,-40967892 79454634))
32724;POLYGON((-47852504 101608998,-46623188 97501978,-54914849 94866630,-56512999 98902508,-47852504 101608998))
32725;POLYGON((-55996084 130317162,-54542358 125010455,-65275102 121922245,-67192501 127147223,-55996084 130317162))
32726;POLYGON((-65620636 167250989,-63903315 160442986,-77694891 156836044,-79990821 163550800,-65620636 167250989))
32727;POLYGON((-76981008 214434257,-74955182 205760837,-92552100 201563833,-95294918 210131612,-76981008 214434257))
32728;POLYGON((-90368654 274300891,-87983036 263325238,-110281644 258461787,-113549829 269318618,-90368654 274300891))
32729;POLYGON((-106115672 349760254,-103311910 335961460,-131381989 330350760,-135265285 344016893,-106115672 349760254))
32730;POLYGON((-124599151 444270075,-121311078 427030434,-156422178 420588172,-161022808 437680841,-124599151 444270075))
32731;POLYGON((132440646 480693408,135998346 499919183,176620568 492874517,171618682 473802976,132440646 480693408))
32732;POLYGON((112952775 378958749,115989903 394394168,148599434 388238632,144371078 372942982,112952775 378958749))
32733;POLYGON((96337855 297562761,98924781 309879135,124940414 304526734,121376641 292336029,96337855 297562761))
32734;POLYGON((82202781 232847316,84401668 242612278,105023260 237979751,102028245 228326931,82202781 232847316))
32735;POLYGON((70200955 181728759,72066532 189419664,88303269 185427597,85793046 177836031,70200955 181728759))
32736;POLYGON((60027841 141622307,61608123 147638279,74303911 144211910,72205200 138283313,60027841 141622307))
32737;POLYGON((51416819 110374272,52753776 115046976,62609984 112116761,60859093 107520375,51416819 110374272))
32738;POLYGON((44135336 86201542,45265515 89804791,52861245 87306737,51403055 83769693,44135336 86201542))
32739;POLYGON((37981342 67637771,38936445 70396053,44746522 68271873,43533555 65570639,37981342 67637771))
32740;POLYGON((32779997 53485759,33587405 55581762,37998276 53778881,36989826 51731711,32779997 53485759))
32741;POLYGON((28380630 42775517,29063897 44356749,32387600 42828180,31548944 41288481,28380630 42775517))
32742;POLYGON((24653956 34727539,25233257 35912101,27719629 34616235,27021298 33466773,24653956 34727539))
32743;POLYGON((21489526 28720816,21982062 29602429,23829350 28502737,23246473 27650607,21489526 28720816))
32744;POLYGON((18793404 24265168,19213777 24917496,20577790 23982189,20089487 23354479,18793404 24265168))
32745;POLYGON((16486053 20977456,16846601 21457825,17848556 20659469,17437402 20199542,16486053 20977456))
32746;POLYGON((14500426 18561310,14811532 18913853,15544725 18228971,15196257 17893312,14500426 18561310))
32747;POLYGON((12780256 16789975,13050617 17048293,13586041 16456951,13288324 16212512,12780256 16789975))
32748;POLYGON((11278511 15491937,11515384 15681312,11906424 15166718,11649663 14988700,11278511 15491937))
32749;POLYGON((9956027 14538997,10165447 14678227,10451757 14226333,10227955 14096358,9956027 14538997))
32750;POLYGON((8780297 13836489,8967266 13939382,9177934 13538512,8980591 13443134,8780297 13836489))
32751;POLYGON((7724401 13315357,7893059 13391930,8049158 13032429,7873008 12961936,7724401 13315357))
32752;POLYGON((6766072 12925814,6919842 12983253,7036456 12657169,6877243 12604629,6766072 12925814))
32753;POLYGON((5886886 12632366,6028604 12675771,6116411 12376564,5970691 12337087,5886886 12632366))
32754;POLYGON((5071561 12409956,5203582 12442912,5270066 12165196,5135047 12135367,5071561 12409956))
32755;POLYGON((4307351 12241043,4431647 12266051,4482012 12005372,4355416 11982824,4307351 12241043))
32756;POLYGON((3583541 12113435,3701775 12132229,3739616 11884866,3619559 11867971,3583541 12113435))
32757;POLYGON((2890999 12018725,3004600 12032496,3032377 11795295,2917278 11782944,2890999 12018725))
32758;POLYGON((2221813 11951187,2332029 11960738,2351400 11730974,2239901 11722421,2221813 11951187))
32759;POLYGON((1568966 11907029,1676916 11912880,1688960 11688132,1579861 11682897,1568966 11907029))
32760;POLYGON((926061 11883908,1032780 11886364,1038133 11664414,930334 11662218,926061 11883908))
32601;POLYGON((287077 1880641,393552 1879826,392487 1658568,284946 1659297,287077 1880641))
32602;POLYGON((-353862 1897065,-246653 1892938,-254189 1670293,-362505 1673984,-353862 1897065))
32603;POLYGON((-1002708 1934012,-893758 1926362,-908154 1700196,-1018311 1707044,-1002708 1934012))
32604;POLYGON((-1665704 1993415,-1553943 1981835,-1575971 1749874,-1689111 1760252,-1665704 1993415))
32605;POLYGON((-2349632 2078539,-2233880 2062378,-2264794 1822112,-2382190 1836622,-2349632 2078539))
32606;POLYGON((-3062072 2194398,-2940999 2172675,-2982694 1921248,-3105807 1940803,-3062072 2194398))
32607;POLYGON((-3811711 2348403,-3683778 2319679,-3739050 2053767,-3869599 2079712,-3811711 2348403))
32608;POLYGON((-4608692 2551334,-4472091 2513525,-4545007 2229183,-4685062 2263482,-4608692 2551334))
32609;POLYGON((-5465030 2818741,-5317608 2768851,-5414049 2461335,-5566129 2506835,-5465030 2818741))
32610;POLYGON((-6395099 3172893,-6234274 3106640,-6362673 2770207,-6529878 2831000,-6395099 3172893))
32611;POLYGON((-7416204 3645427,-7238861 3556750,-7411214 3184420,-7597370 3266335,-7416204 3645427))
32612;POLYGON((-8549246 4280872,-8351620 4161274,-8584811 3744561,-8794653 3855815,-8549246 4280872))
32613;POLYGON((-9819497 5141227,-9597036 4978931,-9914560 4507544,-10153942 4659583,-9819497 5141227))
32614;POLYGON((-11257489 6311827,-11004698 6090697,-11438853 5552210,-11714988 5760778,-11257489 6311827))
32615;POLYGON((-12900040 7908702,-12610299 7606905,-13204931 6986396,-13526675 7272876,-12900040 7908702))
32616;POLYGON((-14791415 10087714,-14456774 9676060,-15270670 8955734,-15648841 9348799,-14791415 10087714))
32617;POLYGON((-16984641 13055736,-16595594 12495661,-17706616 11654450,-18154362 12192077,-16984641 13055736))
32618;POLYGON((-19542990 17084173,-19088212 16325309,-20598288 15338462,-21131495 16070365,-19542990 17084173))
32619;POLYGON((-22541632 22525146,-22007693 21502427,-24048774 20341102,-24686532 21331628,-22541632 22525146))
32620;POLYGON((-26069480 29830696,-25440522 28460929,-28181631 27091798,-28946743 28423355,-26069480 29830696))
32621;POLYGON((-30231232 39575347,-29488617 37753204,-33144110 36138081,-34063668 37915153,-30231232 39575347))
32622;POLYGON((-35149621 52482440,-34271538 50075790,-39110734 48171302,-40216746 50525128,-35149621 52482440))
32623;POLYGON((-40967892 69454634,-39928931 66299152,-46287228 64056470,-47617315 67150444,-40967892 69454634))
32624;POLYGON((-47852504 91608998,-46623188 87501978,-54914849 84866630,-56512999 88902508,-47852504 91608998))
32625;POLYGON((-55996084 120317162,-54542358 115010455,-65275102 111922245,-67192501 117147223,-55996084 120317162))
32626;POLYGON((-65620636 157250989,-63903315 150442986,-77694891 146836044,-79990821 153550800,-65620636 157250989))
32627;POLYGON((-76981008 204434257,-74955182 195760837,-92552100 191563833,-95294918 200131612,-76981008 204434257))
32628;POLYGON((-90368654 264300891,-87983036 253325238,-110281644 248461787,-113549829 259318618,-90368654 264300891))
32629;POLYGON((-106115672 339760254,-103311910 325961460,-131381989 320350760,-135265285 334016893,-106115672 339760254))
32630;POLYGON((-124599151 434270075,-121311078 417030434,-156422178 410588172,-161022808 427680841,-124599151 434270075))
32631;POLYGON((132440646 470693408,135998346 489919183,176620568 482874517,171618682 463802976,132440646 470693408))
32632;POLYGON((112952775 368958749,115989903 384394168,148599434 378238632,144371078 362942982,112952775 368958749))
32633;POLYGON((96337855 287562761,98924781 299879135,124940414 294526734,121376641 282336029,96337855 287562761))
32634;POLYGON((82202781 222847316,84401668 232612278,105023260 227979751,102028245 218326931,82202781 222847316))
32635;POLYGON((70200955 171728759,72066532 179419664,88303269 175427597,85793046 167836031,70200955 171728759))
32636;POLYGON((60027841 131622307,61608123 137638279,74303911 134211910,72205200 128283313,60027841 131622307))
32637;POLYGON((51416819 100374272,52753776 105046976,62609984 102116761,60859093 97520375,51416819 100374272))
32638;POLYGON((44135336 76201542,45265515 79804791,52861245 77306737,51403055 73769693,44135336 76201542))
32639;POLYGON((37981342 57637771,38936445 60396053,44746522 58271873,43533555 55570639,37981342 57637771))
32640;POLYGON((32779997 43485759,33587405 45581762,37998276 43778881,36989826 41731711,32779997 43485759))
32641;POLYGON((28380630 32775517,29063897 34356749,32387600 32828180,31548944 31288481,28380630 32775517))
32642;POLYGON((24653956 24727539,25233257 25912101,27719629 24616235,27021298 23466773,24653956 24727539))
32643;POLYGON((21489526 18720816,21982062 19602429,23829350 18502737,23246473 17650607,21489526 18720816))
32644;POLYGON((18793404 14265168,19213777 14917496,20577790 13982189,20089487 13354479,18793404 14265168))
32645;POLYGON((16486053 10977456,16846601 11457825,17848556 10659469,17437402 10199542,16486053 10977456))
32646;POLYGON((14500426 8561310,14811532 8913853,15544725 8228971,15196257 7893312,14500426 8561310))
32647;POLYGON((12780256 6789975,13050617 7048293,13586041 6456951,13288324 6212512,12780256 6789975))
32648;POLYGON((11278511 5491937,11515384 5681312,11906424 5166718,11649663 4988700,11278511 5491937))
32649;POLYGON((9956027 4538997,10165447 4678227,10451757 4226333,10227955 4096358,9956027 4538997))
32650;POLYGON((8780297 3836489,8967266 3939382,9177934 3538512,8980591 3443134,8780297 3836489))
32651;POLYGON((7724401 3315357,7893059 3391930,8049158 3032429,7873008 2961936,7724401 3315357))
32652;POLYGON((6766072 2925814,6919842 2983253,7036456 2657169,6877243 2604629,6766072 2925814))
32653;POLYGON((5886886 2632366,6028604 2675771,6116411 2376564,5970691 2337087,5886886 2632366))
32654;POLYGON((5071561 2409956,5203582 2442912,5270066 2165196,5135047 2135367,5071561 2409956))
32655;POLYGON((4307351 2241043,4431647 2266051,4482012 2005372,4355416 1982824,4307351 2241043))
32656;POLYGON((3583541 2113435,3701775 2132229,3739616 1884866,3619559 1867971,3583541 2113435))
32657;POLYGON((2890999 2018725,3004600 2032496,3032377 1795295,2917278 1782944,2890999 2018725))
32658;POLYGON((2221813 1951187,2332029 1960738,2351400 1730974,2239901 1722421,2221813 1951187))
32659;POLYGON((1568966 1907029,1676916 1912880,1688960 1688132,1579861 1682897,1568966 1907029))
32660;POLYGON((926061 1883908,1032780 1886364,1038133 1664414,930334 1662218,926061 1883908))
