32701;POLYGON((468930 19105366,484463 19104963,480615 18881752,461235 18882252,468930 19105366))
32702;POLYGON((376087 19113409,391497 19111401,364617 18889741,345387 18892234,376087 19113409))
32703;POLYGON((284550 19131030,299674 19127434,250015 18909642,231134 18914106,284550 19131030))
32704;POLYGON((195290 19158055,209968 19152908,137998 18941276,119663 18947670,195290 19158055))
32705;POLYGON((109260 19194218,123334 19187571,29743 18984352,12148 18992617,109260 19194218))
32706;POLYGON((27387 19239161,40706 19231079,-73596 19038467,-90262 19048525,27387 19239161))
32707;POLYGON((-49433 19292430,-37017 19282995,-170899 19103104,-186453 19114858,-49433 19292430))
32708;POLYGON((-120352 19353479,-108977 19342790,-261087 19177633,-275354 19190965,-120352 19353479))
32709;POLYGON((-184578 19421675,-174370 19409843,-343141 19261304,-355958 19276079,-184578 19421675))
32710;POLYGON((-241384 19496300,-232459 19483449,-416120 19353257,-427340 19369322,-241384 19496300))
32711;POLYGON((-290131 19576556,-282590 19562824,-479183 19452528,-488678 19469711,-290131 19576556))
32712;POLYGON((-330282 19661581,-324206 19647117,-531619 19558055,-539284 19576172,-330282 19661581))
32713;POLYGON((-361423 19750461,-356872 19735420,-572877 19668701,-578638 19687557,-361423 19750461))
32714;POLYGON((-383283 19842251,-380291 19826791,-602604 19783283,-606426 19802679,-383283 19842251))
32715;POLYGON((-395767 19936002,-394336 19920280,-620695 19900606,-622587 19920344,-395767 19936002))
32716;POLYGON((-398977 20030794,-399075 20014960,-627339 20019514,-627366 20039411,-398977 20030794))
32717;POLYGON((-393251 20125785,-394803 20109972,-623084 20138961,-621376 20158857,-393251 20125785))
32718;POLYGON((-379198 20220256,-382083 20204572,-608899 20258088,-605665 20277866,-379198 20220256))
32719;POLYGON((-357739 20313687,-361780 20298202,-586257 20376332,-581796 20395935,-357739 20313687))
32720;POLYGON((-330154 20405828,-335111 20390561,-557214 20493550,-551933 20513008,-330154 20405828))
32721;POLYGON((-298131 20496799,-303691 20481700,-524511 20610179,-518940 20629630,-298131 20496799))
32722;POLYGON((-263819 20587200,-269590 20572130,-491675 20727411,-486487 20747144,-263819 20587200))
32723;POLYGON((-229895 20678244,-235392 20662952,-463139 20847419,-459168 20867909,-229895 20678244))
32724;POLYGON((-199625 20771903,-204258 20756001,-444368 20973606,-442637 20995558,-199625 20771903))
32725;POLYGON((-176936 20871091,-180002 20854020,-442004 21110899,-443743 21135308,-176936 20871091))
32726;POLYGON((-166496 20979861,-167163 20960856,-464014 21266095,-470693 21294300,-166496 20979861))
32727;POLYGON((-173798 21103631,-171089 21081684,-519862 21448242,-533215 21482001,-173798 21103631))
32728;POLYGON((-205251 21249448,-198030 21223260,-620685 21669086,-642746 21710653,-205251 21249448))
32729;POLYGON((-268277 21426275,-255232 21394205,-779494 21943571,-812627 21995786,-268277 21426275))
32730;POLYGON((-371417 21645319,-351042 21605328,-1011377 22290400,-1058315 22356789,-371417 21645319))
32731;POLYGON((1416362 21730021,1441032 21774877,2215052 22573014,2160062 22497970,1416362 21730021))
32732;POLYGON((1297744 21493974,1314252 21529722,1924940 22165424,1885271 22106610,1297744 21493974))
32733;POLYGON((1222354 21304441,1232311 21333342,1719229 21845045,1691950 21798550,1222354 21304441))
32734;POLYGON((1181254 21149387,1186067 21173273,1581318 21590321,1563885 21552974,1181254 21149387))
32735;POLYGON((1166662 21019139,1167551 21039472,1496835 21383867,1487053 21353134,1166662 21019139))
32736;POLYGON((1171841 20906046,1169861 20923975,1453418 21211866,1449408 21185751,1171841 20906046))
32737;POLYGON((1191005 20804177,1187059 20820582,1440506 21063524,1440670 21040487,1191005 20804177))
32738;POLYGON((1219220 20709050,1214074 20724588,1449156 20930588,1452147 20909471,1219220 20709050))
32739;POLYGON((1252320 20617397,1246619 20632538,1471859 20806926,1476554 20786888,1252320 20617397))
32740;POLYGON((1286827 20526950,1281107 20542011,1502382 20688155,1507856 20668609,1286827 20526950))
32741;POLYGON((1319877 20436263,1314574 20451435,1535619 20571312,1541120 20551884,1319877 20436263))
32742;POLYGON((1349151 20344546,1344617 20359921,1567452 20454578,1572381 20435057,1349151 20344546))
32743;POLYGON((1372812 20251534,1369323 20267125,1594630 20337034,1598521 20317341,1372812 20251534))
32744;POLYGON((1389453 20157363,1387215 20173123,1614651 20218457,1617153 20198608,1389453 20157363))
32745;POLYGON((1398037 20062474,1397199 20078313,1625663 20099144,1626524 20079230,1398037 20062474))
32746;POLYGON((1397856 19967527,1398516 19983323,1626370 19979770,1625423 19959931,1397856 19967527))
32747;POLYGON((1388486 19873330,1390696 19888940,1615952 19861266,1613100 19841676,1388486 19873330))
32748;POLYGON((1369749 19780781,1373523 19796052,1593988 19744726,1589195 19725575,1369749 19780781))
32749;POLYGON((1341680 19690825,1346999 19705598,1560393 19631323,1553673 19612811,1341680 19690825))
32750;POLYGON((1304493 19604412,1311310 19618528,1515359 19522253,1506768 19504579,1304493 19604412))
32751;POLYGON((1258557 19522467,1266801 19535776,1459311 19418689,1448939 19402042,1258557 19522467))
32752;POLYGON((1204371 19445874,1213950 19458232,1392856 19321743,1380820 19306303,1204371 19445874))
32753;POLYGON((1142542 19375451,1153349 19386727,1316753 19232448,1303192 19218376,1142542 19375451))
32754;POLYGON((1073769 19311944,1085681 19322019,1231879 19151735,1216948 19139176,1073769 19311944))
32755;POLYGON((998823 19256017,1011708 19264786,1139203 19080426,1123071 19069507,998823 19256017))
32756;POLYGON((918537 19208244,932252 19215618,1039765 19019231,1022611 19010059,918537 19208244))
32757;POLYGON((833791 19169110,848186 19175015,934660 18968744,916671 18961406,833791 19169110))
32758;POLYGON((745503 19139004,760423 19143381,825022 18929443,806390 18924008,745503 19139004))
32759;POLYGON((654618 19118225,669905 19121031,712013 18901693,692933 18898211,654618 19118225))
32760;POLYGON((562101 19106976,577593 19108183,596813 18885748,577483 18884250,562101 19106976))
32601;POLYGON((468930 9105366,484463 9104963,480615 8881752,461235 8882252,468930 9105366))
32602;POLYGON((376087 9113409,391497 9111401,364617 8889741,345387 8892234,376087 9113409))
32603;POLYGON((284550 9131030,299674 9127434,250015 8909642,231134 8914106,284550 9131030))
32604;POLYGON((195290 9158055,209968 9152908,137998 8941276,119663 8947670,195290 9158055))
32605;POLYGON((109260 9194218,123334 9187571,29743 8984352,12148 8992617,109260 9194218))
32606;POLYGON((27387 9239161,40706 9231079,-73596 9038467,-90262 9048525,27387 9239161))
32607;POLYGON((-49433 9292430,-37017 9282995,-170899 9103104,-186453 9114858,-49433 9292430))
32608;POLYGON((-120352 9353479,-108977 9342790,-261087 9177633,-275354 9190965,-120352 9353479))
32609;POLYGON((-184578 9421675,-174370 9409843,-343141 9261304,-355958 9276079,-184578 9421675))
32610;POLYGON((-241384 9496300,-232459 9483449,-416120 9353257,-427340 9369322,-241384 9496300))
32611;POLYGON((-290131 9576556,-282590 9562824,-479183 9452528,-488678 9469711,-290131 9576556))
32612;POLYGON((-330282 9661581,-324206 9647117,-531619 9558055,-539284 9576172,-330282 9661581))
32613;POLYGON((-361423 9750461,-356872 9735420,-572877 9668701,-578638 9687557,-361423 9750461))
32614;POLYGON((-383283 9842251,-380291 9826791,-602604 9783283,-606426 9802679,-383283 9842251))
32615;POLYGON((-395767 9936002,-394336 9920280,-620695 9900606,-622587 9920344,-395767 9936002))
32616;POLYGON((-398977 10030794,-399075 10014960,-627339 10019514,-627366 10039411,-398977 10030794))
32617;POLYGON((-393251 10125785,-394803 10109972,-623084 10138961,-621376 10158857,-393251 10125785))
32618;POLYGON((-379198 10220256,-382083 10204572,-608899 10258088,-605665 10277866,-379198 10220256))
32619;POLYGON((-357739 10313687,-361780 10298202,-586257 10376332,-581796 10395935,-357739 10313687))
32620;POLYGON((-330154 10405828,-335111 10390561,-557214 10493550,-551933 10513008,-330154 10405828))
32621;POLYGON((-298131 10496799,-303691 10481700,-524511 10610179,-518940 10629630,-298131 10496799))
32622;POLYGON((-263819 10587200,-269590 10572130,-491675 10727411,-486487 10747144,-263819 10587200))
32623;POLYGON((-229895 10678244,-235392 10662952,-463139 10847419,-459168 10867909,-229895 10678244))
32624;POLYGON((-199625 10771903,-204258 10756001,-444368 10973606,-442637 10995558,-199625 10771903))
32625;POLYGON((-176936 10871091,-180002 10854020,-442004 11110899,-443743 11135308,-176936 10871091))
32626;POLYGON((-166496 10979861,-167163 10960856,-464014 11266095,-470693 11294300,-166496 10979861))
32627;POLYGON((-173798 11103631,-171089 11081684,-519862 11448242,-533215 11482001,-173798 11103631))
32628;POLYGON((-205251 11249448,-198030 11223260,-620685 11669086,-642746 11710653,-205251 11249448))
32629;POLYGON((-268277 11426275,-255232 11394205,-779494 11943571,-812627 11995786,-268277 11426275))
32630;POLYGON((-371417 11645319,-351042 11605328,-1011377 12290400,-1058315 12356789,-371417 11645319))
32631;POLYGON((1416362 11730021,1441032 11774877,2215052 12573014,2160062 12497970,1416362 11730021))
32632;POLYGON((1297744 11493974,1314252 11529722,1924940 12165424,1885271 12106610,1297744 11493974))
32633;POLYGON((1222354 11304441,1232311 11333342,1719229 11845045,1691950 11798550,1222354 11304441))
32634;POLYGON((1181254 11149387,1186067 11173273,1581318 11590321,1563885 11552974,1181254 11149387))
32635;POLYGON((1166662 11019139,1167551 11039472,1496835 11383867,1487053 11353134,1166662 11019139))
32636;POLYGON((1171841 10906046,1169861 10923975,1453418 11211866,1449408 11185751,1171841 10906046))
32637;POLYGON((1191005 10804177,1187059 10820582,1440506 11063524,1440670 11040487,1191005 10804177))
32638;POLYGON((1219220 10709050,1214074 10724588,1449156 10930588,1452147 10909471,1219220 10709050))
32639;POLYGON((1252320 10617397,1246619 10632538,1471859 10806926,1476554 10786888,1252320 10617397))
32640;POLYGON((1286827 10526950,1281107 10542011,1502382 10688155,1507856 10668609,1286827 10526950))
32641;POLYGON((1319877 10436263,1314574 10451435,1535619 10571312,1541120 10551884,1319877 10436263))
32642;POLYGON((1349151 10344546,1344617 10359921,1567452 10454578,1572381 10435057,1349151 10344546))
32643;POLYGON((1372812 10251534,1369323 10267125,1594630 10337034,1598521 10317341,1372812 10251534))
32644;POLYGON((1389453 10157363,1387215 10173123,1614651 10218457,1617153 10198608,1389453 10157363))
32645;POLYGON((1398037 10062474,1397199 10078313,1625663 10099144,1626524 10079230,1398037 10062474))
32646;POLYGON((1397856 9967527,1398516 9983323,1626370 9979770,1625423 9959931,1397856 9967527))
32647;POLYGON((1388486 9873330,1390696 9888940,1615952 9861266,1613100 9841676,1388486 9873330))
32648;POLYGON((1369749 9780781,1373523 9796052,1593988 9744726,1589195 9725575,1369749 9780781))
32649;POLYGON((1341680 9690825,1346999 9705598,1560393 9631323,1553673 9612811,1341680 9690825))
32650;POLYGON((1304493 9604412,1311310 9618528,1515359 9522253,1506768 9504579,1304493 9604412))
32651;POLYGON((1258557 9522467,1266801 9535776,1459311 9418689,1448939 9402042,1258557 9522467))
32652;POLYGON((1204371 9445874,1213950 9458232,1392856 9321743,1380820 9306303,1204371 9445874))
32653;POLYGON((1142542 9375451,1153349 9386727,1316753 9232448,1303192 9218376,1142542 9375451))
32654;POLYGON((1073769 9311944,1085681 9322019,1231879 9151735,1216948 9139176,1073769 9311944))
32655;POLYGON((998823 9256017,1011708 9264786,1139203 9080426,1123071 9069507,998823 9256017))
32656;POLYGON((918537 9208244,932252 9215618,1039765 9019231,1022611 9010059,918537 9208244))
32657;POLYGON((833791 9169110,848186 9175015,934660 8968744,916671 8961406,833791 9169110))
32658;POLYGON((745503 9139004,760423 9143381,825022 8929443,806390 8924008,745503 9139004))
32659;POLYGON((654618 9118225,669905 9121031,712013 8901693,692933 8898211,654618 9118225))
32660;POLYGON((562101 9106976,577593 9108183,596813 8885748,577483 8884250,562101 9106976))
