32701;POLYGON((445999 1563900,472996 1564585,476791 1341432,453588 1340838,445999 1563900))
32702;POLYGON((284579 1550195,311379 1553619,337900 1331931,314872 1328966,284579 1550195))
32703;POLYGON((125251 1520142,151594 1526278,200636 1308255,178014 1302942,125251 1520142))
32704;POLYGON((-30412 1473959,-4789 1482763,66388 1270598,44404 1262983,-30412 1473959))
32705;POLYGON((-180842 1411995,-156200 1423400,-63461 1219278,-84579 1209425,-180842 1411995))
32706;POLYGON((-324469 1334738,-301070 1348651,-187546 1154737,-207572 1142733,-324469 1334738))
32707;POLYGON((-459741 1242824,-437841 1259129,-304526 1077552,-323240 1063506,-459741 1242824))
32708;POLYGON((-585132 1137055,-564983 1155606,-413099 988437,-430288 972482,-585132 1137055))
32709;POLYGON((-699173 1018407,-681014 1039029,-512019 888249,-527484 870543,-699173 1018407))
32710;POLYGON((-800477 888038,-784533 910525,-600126 777991,-613684 758714,-800477 888038))
32711;POLYGON((-887790 747289,-874258 771406,-676375 658804,-687865 638159,-887790 747289))
32712;POLYGON((-960044 597679,-949086 623160,-739874 531960,-749166 510170,-960044 597679))
32713;POLYGON((-1016427 440881,-1008157 467438,-789938 398838,-796941 376142,-1016427 440881))
32714;POLYGON((-1056467 278687,-1050936 306016,-826144 260893,-830819 237538,-1056467 278687))
32715;POLYGON((-1080138 112955,-1077315 140744,-848403 119608,-850773 95838,-1080138 112955))
32716;POLYGON((-1087978 -54481,-1087728 -26531,-857044 -23576,-857210 -47530,-1087978 -54481))
32717;POLYGON((-1081229 -221917,-1083290 -194076,-852904 -167351,-851063 -191291,-1081229 -221917))
32718;POLYGON((-1061997 -387927,-1065950 -360406,-837442 -310652,-833907 -334435,-1061997 -387927))
32719;POLYGON((-1033438 -551550,-1038675 -524467,-812861 -452810,-808080 -476375,-1033438 -551550))
32720;POLYGON((-999966 -712527,-1005655 -685865,-782246 -593732,-776830 -617134,-999966 -712527))
32721;POLYGON((-967484 -871588,-972528 -845142,-749725 -734121,-744476 -757573,-967484 -871588))
32722;POLYGON((-943650 -1030796,-946637 -1004114,-720640 -875746,-716578 -899667,-943650 -1030796))
32723;POLYGON((-938158 -1193969,-937320 -1166272,-701741 -1021752,-700143 -1046827,-938158 -1193969))
32724;POLYGON((-963068 -1367163,-956214 -1337264,-701400 -1177040,-703836 -1204284,-963068 -1367163))
32725;POLYGON((-1033147 -1559252,-1017613 -1525449,-729844 -1348694,-738217 -1379536,-1033147 -1559252))
32726;POLYGON((-1166259 -1782583,-1138835 -1742546,-799415 -1546488,-816005 -1582857,-1166259 -1782583))
32727;POLYGON((-1383781 -2053749,-1340642 -2004382,-924842 -1783456,-952358 -1827886,-1383781 -2053749))
32728;POLYGON((-1711061 -2394454,-1647686 -2331744,-1123549 -2076555,-1165179 -2132304,-1711061 -2394454))
32729;POLYGON((-2177902 -2832509,-2088992 -2751350,-1415978 -2447405,-1475447 -2518588,-2177902 -2832509))
32730;POLYGON((-2819103 -3402947,-2698488 -3296948,-1825946 -2923130,-1907579 -3014867,-2819103 -3402947))
32731;POLYGON((4078387 -3629762,4217467 -3751040,3178006 -3314827,3083465 -3210532,4078387 -3629762))
32732;POLYGON((3370390 -3005984,3474323 -3098675,2674610 -2750973,2604639 -2670222,3370390 -3005984))
32733;POLYGON((2849557 -2528086,2924985 -2599307,2306691 -2313598,2256643 -2250705,2849557 -2528086))
32734;POLYGON((2479304 -2158353,2531949 -2213827,2047975 -1971389,2013833 -1921757,2479304 -2158353))
32735;POLYGON((2228222 -1866699,2262983 -1910961,1875810 -1699156,1854124 -1659116,2228222 -1866699))
32736;POLYGON((2069534 -1629500,2090575 -1666084,1770798 -1476922,1758628 -1443593,2069534 -1629500))
32737;POLYGON((1980594 -1428562,1991422 -1460164,1716449 -1289116,1711305 -1260280,1980594 -1428562))
32738;POLYGON((1942414 -1250212,1945958 -1278832,1698861 -1123859,1698658 -1097850,1942414 -1250212))
32739;POLYGON((1939237 -1084498,1937917 -1111567,1706428 -972334,1709435 -947941,1939237 -1084498))
32740;POLYGON((1958145 -924493,1953931 -950981,1729568 -828238,1734367 -804619,1958145 -924493))
32741;POLYGON((1988689 -765690,1983167 -792204,1760475 -687300,1765921 -663911,1988689 -765690))
32742;POLYGON((2022568 -605491,2016985 -632351,1792890 -546871,1798076 -523403,2022568 -605491))
32743;POLYGON((2053324 -442763,2048639 -470072,1821897 -405571,1826121 -381895,2053324 -442763))
32744;POLYGON((2076073 -277471,2073003 -305174,1843735 -262989,1846469 -239113,2076073 -277471))
32745;POLYGON((2087265 -110371,2086318 -138297,1855628 -119433,1856496 -95464,2087265 -110371))
32746;POLYGON((2084465 57244,2085978 29338,1855637 24277,1854386 48167,2084465 57244))
32747;POLYGON((2066162 223745,2070330 196147,1842522 166983,1839007 190576,2066162 223745))
32748;POLYGON((2031601 387325,2038503 360343,1815628 307319,1809787 330375,2031601 387325))
32749;POLYGON((1980633 546125,1990258 520068,1774775 443820,1766619 466094,1980633 546125))
32750;POLYGON((1913595 698324,1925858 673490,1720172 575009,1709767 596255,1913595 698324))
32751;POLYGON((1831193 842204,1845955 818870,1652335 699449,1639793 719437,1831193 842204))
32752;POLYGON((1734421 976191,1751499 954608,1572026 815795,1557493 834311,1734421 976191))
32753;POLYGON((1624478 1098884,1643660 1079273,1480192 922816,1463840 939668,1624478 1098884))
32754;POLYGON((1502710 1209063,1523765 1191615,1377920 1019417,1359943 1034435,1502710 1209063))
32755;POLYGON((1370564 1305692,1393246 1290567,1266404 1104644,1247007 1117683,1370564 1305692))
32756;POLYGON((1229550 1387914,1253603 1375242,1146908 1177687,1126309 1188627,1229550 1387914))
32757;POLYGON((1081215 1455037,1106380 1444923,1020751 1237878,999172 1246621,1081215 1455037))
32758;POLYGON((927121 1506525,953136 1499048,889283 1284687,866951 1291157,927121 1506525))
32759;POLYGON((768840 1541986,795444 1537201,753875 1317712,731022 1321855,768840 1541986))
32760;POLYGON((607942 1561156,634874 1559100,615914 1336679,592770 1338461,607942 1561156))
32601;POLYGON((445999 -8436099,472996 -8435414,476791 -8658567,453588 -8659161,445999 -8436099))
32602;POLYGON((284579 -8449804,311379 -8446380,337900 -8668068,314872 -8671033,284579 -8449804))
32603;POLYGON((125251 -8479857,151594 -8473721,200636 -8691744,178014 -8697057,125251 -8479857))
32604;POLYGON((-30412 -8526040,-4789 -8517236,66388 -8729401,44404 -8737016,-30412 -8526040))
32605;POLYGON((-180842 -8588004,-156200 -8576599,-63461 -8780721,-84579 -8790574,-180842 -8588004))
32606;POLYGON((-324469 -8665261,-301070 -8651348,-187546 -8845262,-207572 -8857266,-324469 -8665261))
32607;POLYGON((-459741 -8757175,-437841 -8740870,-304526 -8922447,-323240 -8936493,-459741 -8757175))
32608;POLYGON((-585132 -8862944,-564983 -8844393,-413099 -9011562,-430288 -9027517,-585132 -8862944))
32609;POLYGON((-699173 -8981592,-681014 -8960970,-512019 -9111750,-527484 -9129456,-699173 -8981592))
32610;POLYGON((-800477 -9111961,-784533 -9089474,-600126 -9222008,-613684 -9241285,-800477 -9111961))
32611;POLYGON((-887790 -9252710,-874258 -9228593,-676375 -9341195,-687865 -9361840,-887790 -9252710))
32612;POLYGON((-960044 -9402320,-949086 -9376839,-739874 -9468039,-749166 -9489829,-960044 -9402320))
32613;POLYGON((-1016427 -9559118,-1008157 -9532561,-789938 -9601161,-796941 -9623857,-1016427 -9559118))
32614;POLYGON((-1056467 -9721312,-1050936 -9693983,-826144 -9739106,-830819 -9762461,-1056467 -9721312))
32615;POLYGON((-1080138 -9887044,-1077315 -9859255,-848403 -9880391,-850773 -9904161,-1080138 -9887044))
32616;POLYGON((-1087978 -10054481,-1087728 -10026531,-857044 -10023576,-857210 -10047530,-1087978 -10054481))
32617;POLYGON((-1081229 -10221917,-1083290 -10194076,-852904 -10167351,-851063 -10191291,-1081229 -10221917))
32618;POLYGON((-1061997 -10387927,-1065950 -10360406,-837442 -10310652,-833907 -10334435,-1061997 -10387927))
32619;POLYGON((-1033438 -10551550,-1038675 -10524467,-812861 -10452810,-808080 -10476375,-1033438 -10551550))
32620;POLYGON((-999966 -10712527,-1005655 -10685865,-782246 -10593732,-776830 -10617134,-999966 -10712527))
32621;POLYGON((-967484 -10871588,-972528 -10845142,-749725 -10734121,-744476 -10757573,-967484 -10871588))
32622;POLYGON((-943650 -11030796,-946637 -11004114,-720640 -10875746,-716578 -10899667,-943650 -11030796))
32623;POLYGON((-938158 -11193969,-937320 -11166272,-701741 -11021752,-700143 -11046827,-938158 -11193969))
32624;POLYGON((-963068 -11367163,-956214 -11337264,-701400 -11177040,-703836 -11204284,-963068 -11367163))
32625;POLYGON((-1033147 -11559252,-1017613 -11525449,-729844 -11348694,-738217 -11379536,-1033147 -11559252))
32626;POLYGON((-1166259 -11782583,-1138835 -11742546,-799415 -11546488,-816005 -11582857,-1166259 -11782583))
32627;POLYGON((-1383781 -12053749,-1340642 -12004382,-924842 -11783456,-952358 -11827886,-1383781 -12053749))
32628;POLYGON((-1711061 -12394454,-1647686 -12331744,-1123549 -12076555,-1165179 -12132304,-1711061 -12394454))
32629;POLYGON((-2177902 -12832509,-2088992 -12751350,-1415978 -12447405,-1475447 -12518588,-2177902 -12832509))
32630;POLYGON((-2819103 -13402947,-2698488 -13296948,-1825946 -12923130,-1907579 -13014867,-2819103 -13402947))
32631;POLYGON((4078387 -13629762,4217467 -13751040,3178006 -13314827,3083465 -13210532,4078387 -13629762))
32632;POLYGON((3370390 -13005984,3474323 -13098675,2674610 -12750973,2604639 -12670222,3370390 -13005984))
32633;POLYGON((2849557 -12528086,2924985 -12599307,2306691 -12313598,2256643 -12250705,2849557 -12528086))
32634;POLYGON((2479304 -12158353,2531949 -12213827,2047975 -11971389,2013833 -11921757,2479304 -12158353))
32635;POLYGON((2228222 -11866699,2262983 -11910961,1875810 -11699156,1854124 -11659116,2228222 -11866699))
32636;POLYGON((2069534 -11629500,2090575 -11666084,1770798 -11476922,1758628 -11443593,2069534 -11629500))
32637;POLYGON((1980594 -11428562,1991422 -11460164,1716449 -11289116,1711305 -11260280,1980594 -11428562))
32638;POLYGON((1942414 -11250212,1945958 -11278832,1698861 -11123859,1698658 -11097850,1942414 -11250212))
32639;POLYGON((1939237 -11084498,1937917 -11111567,1706428 -10972334,1709435 -10947941,1939237 -11084498))
32640;POLYGON((1958145 -10924493,1953931 -10950981,1729568 -10828238,1734367 -10804619,1958145 -10924493))
32641;POLYGON((1988689 -10765690,1983167 -10792204,1760475 -10687300,1765921 -10663911,1988689 -10765690))
32642;POLYGON((2022568 -10605491,2016985 -10632351,1792890 -10546871,1798076 -10523403,2022568 -10605491))
32643;POLYGON((2053324 -10442763,2048639 -10470072,1821897 -10405571,1826121 -10381895,2053324 -10442763))
32644;POLYGON((2076073 -10277471,2073003 -10305174,1843735 -10262989,1846469 -10239113,2076073 -10277471))
32645;POLYGON((2087265 -10110371,2086318 -10138297,1855628 -10119433,1856496 -10095464,2087265 -10110371))
32646;POLYGON((2084465 -9942755,2085978 -9970661,1855637 -9975722,1854386 -9951832,2084465 -9942755))
32647;POLYGON((2066162 -9776254,2070330 -9803852,1842522 -9833016,1839007 -9809423,2066162 -9776254))
32648;POLYGON((2031601 -9612674,2038503 -9639656,1815628 -9692680,1809787 -9669624,2031601 -9612674))
32649;POLYGON((1980633 -9453874,1990258 -9479931,1774775 -9556179,1766619 -9533905,1980633 -9453874))
32650;POLYGON((1913595 -9301675,1925858 -9326509,1720172 -9424990,1709767 -9403744,1913595 -9301675))
32651;POLYGON((1831193 -9157795,1845955 -9181129,1652335 -9300550,1639793 -9280562,1831193 -9157795))
32652;POLYGON((1734421 -9023808,1751499 -9045391,1572026 -9184204,1557493 -9165688,1734421 -9023808))
32653;POLYGON((1624478 -8901115,1643660 -8920726,1480192 -9077183,1463840 -9060331,1624478 -8901115))
32654;POLYGON((1502710 -8790936,1523765 -8808384,1377920 -8980582,1359943 -8965564,1502710 -8790936))
32655;POLYGON((1370564 -8694307,1393246 -8709432,1266404 -8895355,1247007 -8882316,1370564 -8694307))
32656;POLYGON((1229550 -8612085,1253603 -8624757,1146908 -8822312,1126309 -8811372,1229550 -8612085))
32657;POLYGON((1081215 -8544962,1106380 -8555076,1020751 -8762121,999172 -8753378,1081215 -8544962))
32658;POLYGON((927121 -8493474,953136 -8500951,889283 -8715312,866951 -8708842,927121 -8493474))
32659;POLYGON((768840 -8458013,795444 -8462798,753875 -8682287,731022 -8678144,768840 -8458013))
32660;POLYGON((607942 -8438843,634874 -8440899,615914 -8663320,592770 -8661538,607942 -8438843))
