32701;POLYGON((298154 7233563,399086 7234680,400781 7013171,301545 7011991,298154 7233563))
32702;POLYGON((-308977 7211079,-207506 7216726,-195529 6994212,-295248 6988251,-308977 7211079))
32703;POLYGON((-921867 7160644,-819133 7171070,-796355 6946037,-897204 6935042,-921867 7160644))
32704;POLYGON((-1544903 7079978,-1440170 7095661,-1405576 6866578,-1508202 6850070,-1544903 7079978))
32705;POLYGON((-2182567 6965301,-2075081 6986989,-2027071 6752318,-2132117 6729550,-2182567 6965301))
32706;POLYGON((-2839423 6810964,-2728419 6839749,-2664656 6597982,-2772744 6567874,-2839423 6810964))
32707;POLYGON((-3520060 6608887,-3404776 6646315,-3321963 6396061,-3433667 6357100,-3520060 6608887))
32708;POLYGON((-4228961 6347755,-4108665 6395980,-4002233 6136138,-4118036 6086245,-4228961 6347755))
32709;POLYGON((-4970302 6011899,-4844331 6073893,-4708009 5803956,-4828238 5740297,-4970302 6011899))
32710;POLYGON((-5747639 5579769,-5615460 5659611,-5440697 5380163,-5565439 5298908,-5747639 5579769))
32711;POLYGON((-6563492 5021922,-6424778 5125172,-6199991 4838658,-6328977 4734660,-6563492 5021922))
32712;POLYGON((-7418803 4298390,-7273534 4432571,-6983127 4144456,-7115595 4010838,-7418803 4298390))
32713;POLYGON((-8312240 3355310,-8160830 3530533,-7783953 3250964,-7918473 3078603,-8312240 3355310))
32714;POLYGON((-9239353 2120682,-9082801 2350417,-8591801 2096559,-8726063 1873439,-9239353 2120682))
32715;POLYGON((-10191549 499088,-10031624 801123,-9390124 600350,-9520691 310766,-10191549 499088))
32716;POLYGON((-11154883 -1634793,-10994339 -1237178,-10154895 -1343010,-10276907 -1719416,-11154883 -1634793))
32717;POLYGON((-12108642 -4444065,-11951466 -3920683,-10852737 -3869615,-10959576 -4359025,-12108642 -4444065))
32718;POLYGON((-13023704 -8139069,-12875411 -7451129,-11438768 -7153845,-11521667 -7789653,-13023704 -8139069))
32719;POLYGON((-13860670 -12988655,-13728628 -12086747,-11854143 -11417335,-11901745 -12241790,-13860670 -12988655))
32720;POLYGON((-14567743 -19333470,-14461543 -18155203,-12023265 -16939536,-12021128 -18005674,-14567743 -19333470))
32721;POLYGON((-15078332 -27601527,-15010209 -26068764,-11850656 -24070078,-11780695 -25443970,-15078332 -27601527))
32722;POLYGON((-15308389 -38326295,-15293686 -36341951,-11217458 -33243123,-11057323 -35006476,-15308389 -38326295))
32723;POLYGON((-15153438 -52167590,-15211121 -49611945,-9977548 -44993930,-9699938 -47247081,-15153438 -52167590))
32724;POLYGON((-14485296 -69935551,-14638525 -66662025,-7953246 -59977857,-7525157 -62843187,-14485296 -69935551))
32725;POLYGON((-13148467 -92617993,-13425218 -88448342,-4930602 -78992027,-4312492 -82617855,-13148467 -92617993))
32726;POLYGON((-10956191 -121411469,-11389940 -116130336,-654227 -102999925,200886 -107564907,-10956191 -121411469))
32727;POLYGON((-7686135 -157756341,-8316601 -151105116,5178337 -133159167,6325861 -138877252,-7686135 -157756341))
32728;POLYGON((-3075711 -203376234,-3949665 -195046162,12922734 -170852725,14427571 -177978715,-3075711 -203376234))
32729;POLYGON((3182991 -260322205,2010856 -249946679,22994419 -217723884,24932122 -226559645,3182991 -260322205))
32730;POLYGON((11448686 -331022016,9914811 -318167997,35875813 -275715231,38333828 -286616601,11448686 -331022016))
32731;POLYGON((-13719962 -358125653,-15461585 -372404646,-45296145 -321666994,-42541102 -309580440,-13719962 -358125653))
32732;POLYGON((-4695935 -282228843,-6040402 -293784973,-30237062 -255015699,-28050929 -245195278,-4695935 -282228843))
32733;POLYGON((2189233 -220988134,1173556 -230291168,-18350284 -200967133,-16639171 -193027193,2189233 -220988134))
32734;POLYGON((7312478 -171838315,6566589 -179286945,-9104504 -157355388,-7787073 -150967989,7312478 -171838315))
32735;POLYGON((10998018 -132608497,10471296 -138539387,-2040450 -122342239,-1046625 -117229865,10998018 -132608497))
32736;POLYGON((13522963 -101471062,13172269 -106166984,3236625 -94375298,3966862 -90304307,13522963 -101471062))
32737;POLYGON((15122525 -76895836,14911359 -80592960,7063930 -72150405,7581644 -68925152,15122525 -76895836))
32738;POLYGON((15994825 -57609104,15892549 -60503508,9727574 -54577948,10075909 -52035529,15994825 -57609104))
32739;POLYGON((16305326 -42557113,16286454 -44810569,11468532 -40752819,11683654 -38758401,16305326 -42557113))
32740;POLYGON((16190896 -30873714,16234441 -32618810,12488114 -29927733,12600076 -28370413,16190896 -30873714))
32741;POLYGON((15763535 -21851809,15852408 -23196454,12952977 -21489637,12986514 -20278793,15763535 -21851809))
32742;POLYGON((15113754 -14918280,15234229 -15949655,12999700 -14938956,12974947 -14001048,15113754 -14918280))
32743;POLYGON((14313651 -9612106,14454869 -10400103,12738935 -9871433,12672085 -9147208,14313651 -9612106))
32744;POLYGON((13419677 -5565364,13573208 -6165564,12259164 -5962321,12163048 -5404398,13419677 -5565364))
32745;POLYGON((12475115 -2486858,12634562 -2943089,11630068 -2952723,11514691 -2523503,12475115 -2486858))
32746;POLYGON((11512292 -148090,11672942 -494610,10905545 -637848,10778547 -307732,11512292 -148090))
32747;POLYGON((10554530 1628651,10713046 1365303,10126385 1143000,9993459 1397123,10554530 1628651))
32748;POLYGON((9617864 2980335,9772014 2779784,9322622 2514895,9187878 2710924,9617864 2980335))
32749;POLYGON((8712526 4011560,8860950 3858312,8515597 3574390,8381874 3726075,8712526 4011560))
32750;POLYGON((7844223 4801492,7986237 4683863,7719731 4395426,7588872 4513248,7844223 4801492))
32751;POLYGON((7015225 5409517,7150648 5318776,6944048 5034188,6817124 5126074,7015225 5409517))
32752;POLYGON((6225264 5879821,6354283 5809495,6193454 5533058,6070960 5604962,6225264 5879821))
32753;POLYGON((5472279 6245032,5595336 6190356,5469800 5923786,5351812 5980153,5472279 6245032))
32754;POLYGON((4753005 6529076,4870706 6486565,4772749 6230013,4659048 6274138,4753005 6529076))
32755;POLYGON((4063435 6749393,4176484 6716513,4100458 6469229,3990629 6503543,4063435 6749393))
32756;POLYGON((3399160 6918605,3508309 6893530,3450110 6654291,3343619 6680570,3399160 6918605))
32757;POLYGON((2755608 7045767,2861623 7027195,2818305 6794556,2714549 6814082,2755608 7045767))
32758;POLYGON((2128199 7137267,2231839 7124287,2201330 6896725,2099673 6910401,2128199 7137267))
32759;POLYGON((1512419 7197458,1614430 7189466,1595339 6965442,1495135 6973875,1512419 7197458))
32760;POLYGON((903851 7229088,1004963 7225724,996448 7003714,897051 7007265,903851 7229088))
32601;POLYGON((298154 -2766436,399086 -2765319,400781 -2986828,301545 -2988008,298154 -2766436))
32602;POLYGON((-308977 -2788920,-207506 -2783273,-195529 -3005787,-295248 -3011748,-308977 -2788920))
32603;POLYGON((-921867 -2839355,-819133 -2828929,-796355 -3053962,-897204 -3064957,-921867 -2839355))
32604;POLYGON((-1544903 -2920021,-1440170 -2904338,-1405576 -3133421,-1508202 -3149929,-1544903 -2920021))
32605;POLYGON((-2182567 -3034698,-2075081 -3013010,-2027071 -3247681,-2132117 -3270449,-2182567 -3034698))
32606;POLYGON((-2839423 -3189035,-2728419 -3160250,-2664656 -3402017,-2772744 -3432125,-2839423 -3189035))
32607;POLYGON((-3520060 -3391112,-3404776 -3353684,-3321963 -3603938,-3433667 -3642899,-3520060 -3391112))
32608;POLYGON((-4228961 -3652244,-4108665 -3604019,-4002233 -3863861,-4118036 -3913754,-4228961 -3652244))
32609;POLYGON((-4970302 -3988100,-4844331 -3926106,-4708009 -4196043,-4828238 -4259702,-4970302 -3988100))
32610;POLYGON((-5747639 -4420230,-5615460 -4340388,-5440697 -4619836,-5565439 -4701091,-5747639 -4420230))
32611;POLYGON((-6563492 -4978077,-6424778 -4874827,-6199991 -5161341,-6328977 -5265339,-6563492 -4978077))
32612;POLYGON((-7418803 -5701609,-7273534 -5567428,-6983127 -5855543,-7115595 -5989161,-7418803 -5701609))
32613;POLYGON((-8312240 -6644689,-8160830 -6469466,-7783953 -6749035,-7918473 -6921396,-8312240 -6644689))
32614;POLYGON((-9239353 -7879317,-9082801 -7649582,-8591801 -7903440,-8726063 -8126560,-9239353 -7879317))
32615;POLYGON((-10191549 -9500911,-10031624 -9198876,-9390124 -9399649,-9520691 -9689233,-10191549 -9500911))
32616;POLYGON((-11154883 -11634793,-10994339 -11237178,-10154895 -11343010,-10276907 -11719416,-11154883 -11634793))
32617;POLYGON((-12108642 -14444065,-11951466 -13920683,-10852737 -13869615,-10959576 -14359025,-12108642 -14444065))
32618;POLYGON((-13023704 -18139069,-12875411 -17451129,-11438768 -17153845,-11521667 -17789653,-13023704 -18139069))
32619;POLYGON((-13860670 -22988655,-13728628 -22086747,-11854143 -21417335,-11901745 -22241790,-13860670 -22988655))
32620;POLYGON((-14567743 -29333470,-14461543 -28155203,-12023265 -26939536,-12021128 -28005674,-14567743 -29333470))
32621;POLYGON((-15078332 -37601527,-15010209 -36068764,-11850656 -34070078,-11780695 -35443970,-15078332 -37601527))
32622;POLYGON((-15308389 -48326295,-15293686 -46341951,-11217458 -43243123,-11057323 -45006476,-15308389 -48326295))
32623;POLYGON((-15153438 -62167590,-15211121 -59611945,-9977548 -54993930,-9699938 -57247081,-15153438 -62167590))
32624;POLYGON((-14485296 -79935551,-14638525 -76662025,-7953246 -69977857,-7525157 -72843187,-14485296 -79935551))
32625;POLYGON((-13148467 -102617993,-13425218 -98448342,-4930602 -88992027,-4312492 -92617855,-13148467 -102617993))
32626;POLYGON((-10956191 -131411469,-11389940 -126130336,-654227 -112999925,200886 -117564907,-10956191 -131411469))
32627;POLYGON((-7686135 -167756341,-8316601 -161105116,5178337 -143159167,6325861 -148877252,-7686135 -167756341))
32628;POLYGON((-3075711 -213376234,-3949665 -205046162,12922734 -180852725,14427571 -187978715,-3075711 -213376234))
32629;POLYGON((3182991 -270322205,2010856 -259946679,22994419 -227723884,24932122 -236559645,3182991 -270322205))
32630;POLYGON((11448686 -341022016,9914811 -328167997,35875813 -285715231,38333828 -296616601,11448686 -341022016))
32631;POLYGON((-13719962 -368125653,-15461585 -382404646,-45296145 -331666994,-42541102 -319580440,-13719962 -368125653))
32632;POLYGON((-4695935 -292228843,-6040402 -303784973,-30237062 -265015699,-28050929 -255195278,-4695935 -292228843))
32633;POLYGON((2189233 -230988134,1173556 -240291168,-18350284 -210967133,-16639171 -203027193,2189233 -230988134))
32634;POLYGON((7312478 -181838315,6566589 -189286945,-9104504 -167355388,-7787073 -160967989,7312478 -181838315))
32635;POLYGON((10998018 -142608497,10471296 -148539387,-2040450 -132342239,-1046625 -127229865,10998018 -142608497))
32636;POLYGON((13522963 -111471062,13172269 -116166984,3236625 -104375298,3966862 -100304307,13522963 -111471062))
32637;POLYGON((15122525 -86895836,14911359 -90592960,7063930 -82150405,7581644 -78925152,15122525 -86895836))
32638;POLYGON((15994825 -67609104,15892549 -70503508,9727574 -64577948,10075909 -62035529,15994825 -67609104))
32639;POLYGON((16305326 -52557113,16286454 -54810569,11468532 -50752819,11683654 -48758401,16305326 -52557113))
32640;POLYGON((16190896 -40873714,16234441 -42618810,12488114 -39927733,12600076 -38370413,16190896 -40873714))
32641;POLYGON((15763535 -31851809,15852408 -33196454,12952977 -31489637,12986514 -30278793,15763535 -31851809))
32642;POLYGON((15113754 -24918280,15234229 -25949655,12999700 -24938956,12974947 -24001048,15113754 -24918280))
32643;POLYGON((14313651 -19612106,14454869 -20400103,12738935 -19871433,12672085 -19147208,14313651 -19612106))
32644;POLYGON((13419677 -15565364,13573208 -16165564,12259164 -15962321,12163048 -15404398,13419677 -15565364))
32645;POLYGON((12475115 -12486858,12634562 -12943089,11630068 -12952723,11514691 -12523503,12475115 -12486858))
32646;POLYGON((11512292 -10148090,11672942 -10494610,10905545 -10637848,10778547 -10307732,11512292 -10148090))
32647;POLYGON((10554530 -8371348,10713046 -8634696,10126385 -8856999,9993459 -8602876,10554530 -8371348))
32648;POLYGON((9617864 -7019664,9772014 -7220215,9322622 -7485104,9187878 -7289075,9617864 -7019664))
32649;POLYGON((8712526 -5988439,8860950 -6141687,8515597 -6425609,8381874 -6273924,8712526 -5988439))
32650;POLYGON((7844223 -5198507,7986237 -5316136,7719731 -5604573,7588872 -5486751,7844223 -5198507))
32651;POLYGON((7015225 -4590482,7150648 -4681223,6944048 -4965811,6817124 -4873925,7015225 -4590482))
32652;POLYGON((6225264 -4120178,6354283 -4190504,6193454 -4466941,6070960 -4395037,6225264 -4120178))
32653;POLYGON((5472279 -3754967,5595336 -3809643,5469800 -4076213,5351812 -4019846,5472279 -3754967))
32654;POLYGON((4753005 -3470923,4870706 -3513434,4772749 -3769986,4659048 -3725861,4753005 -3470923))
32655;POLYGON((4063435 -3250606,4176484 -3283486,4100458 -3530770,3990629 -3496456,4063435 -3250606))
32656;POLYGON((3399160 -3081394,3508309 -3106469,3450110 -3345708,3343619 -3319429,3399160 -3081394))
32657;POLYGON((2755608 -2954232,2861623 -2972804,2818305 -3205443,2714549 -3185917,2755608 -2954232))
32658;POLYGON((2128199 -2862732,2231839 -2875712,2201330 -3103274,2099673 -3089598,2128199 -2862732))
32659;POLYGON((1512419 -2802541,1614430 -2810533,1595339 -3034557,1495135 -3026124,1512419 -2802541))
32660;POLYGON((903851 -2770911,1004963 -2774275,996448 -2996285,897051 -2992734,903851 -2770911))
