32701;POLYGON((339650 5126182,419825 5127641,422567 4905466,345136 4904007,339650 5126182))
32702;POLYGON((-141463 5096914,-61266 5104249,-41978 4882078,-119385 4874747,-141463 5096914))
32703;POLYGON((-622747 5031860,-542522 5045241,-506262 4823132,-583591 4809776,-622747 5031860))
32704;POLYGON((-1104071 4929519,-1023865 4949253,-969844 4727411,-1046988 4707755,-1104071 4929519))
32705;POLYGON((-1584856 4787562,-1504807 4814096,-1431874 4592969,-1508635 4566623,-1584856 4787562))
32706;POLYGON((-2063814 4602838,-1984198 4636753,-1890853 4417170,-1966898 4383628,-2063814 4602838))
32707;POLYGON((-2538626 4371410,-2459917 4413414,-2344342 4196739,-2419150 4155402,-2538626 4371410))
32708;POLYGON((-3005529 4088641,-2928476 4139548,-2788603 3927897,-2861395 3878099,-3005529 4088641))
32709;POLYGON((-3458793 3749378,-3384512 3810073,-3218144 3606571,-3287795 3547627,-3458793 3749378))
32710;POLYGON((-3890076 3348256,-3820172 3419630,-3625163 3228751,-3690104 3160034,-3890076 3348256))
32711;POLYGON((-4287622 2880176,-4224330 2963033,-3998873 2791021,-4056959 2712068,-4287622 2880176))
32712;POLYGON((-4635298 2341009,-4581657 2435931,-4324678 2291318,-4373041 2201985,-4635298 2341009))
32713;POLYGON((-4911433 1728581,-4871495 1835744,-4583205 1729985,-4618074 1630659,-4911433 1728581))
32714;POLYGON((-5087455 1044018,-5066526 1162936,-4749152 1111190,-4765642 1003057,-5087455 1044018))
32715;POLYGON((-5126296 293495,-5131219 422699,-4789948 444758,-4781819 330165,-5126296 293495))
32716;POLYGON((-4980542 -509496,-5020024 -372876,-4664211 -251465,-4623588 -368567,-4980542 -509496))
32717;POLYGON((-4590318 -1341304,-4675302 -1202056,-4319973 -948665,-4237028 -1062163,-4590318 -1341304))
32718;POLYGON((-3880883 -2164588,-4024969 -2030058,-3692665 -1603409,-3555256 -1704343,-3880883 -2164588))
32719;POLYGON((-2759906 -2924014,-2979831 -2804882,-2702850 -2153208,-2496117 -2228949,-2759906 -2924014))
32720;POLYGON((-1114422 -3541067,-1430585 -3452279,-1253670 -2511169,-959581 -2544434,-1114422 -3541067))
32721;POLYGON((1192573 -3907867,755513 -3869736,771993 -2559644,1175145 -2527324,1192573 -3907867))
32722;POLYGON((4325899 -3879861,3738369 -3919373,3514675 -2142723,4052826 -2014518,4325899 -3879861))
32723;POLYGON((8482352 -3267291,7709143 -3419615,7141798 -1057478,7845731 -794303,8482352 -3267291))
32724;POLYGON((13895284 -1825268,12894758 -2135512,11851502 956210,12757515 1404066,13895284 -1825268))
32725;POLYGON((20839617 757651,19562840 232424,17876829 4227361,19027470 4922348,20839617 757651))
32726;POLYGON((29637305 4872559,28027106 4061027,25490285 9167299,26935151 10187016,29637305 4872559))
32727;POLYGON((40663273 11005091,38653220 9819059,35008799 16284910,36805401 17724838,40663273 11005091))
32728;POLYGON((54351848 19752299,51865140 18083741,46799095 26203908,49013797 28180495,54351848 19752299))
32729;POLYGON((71203706 31841659,68151978 29559398,61283497 39682289,63992521 42336419,71203706 31841659))
32730;POLYGON((91793349 48152389,88075390 45098372,78946170 57634138,82236689 61135005,91793349 48152389))
32731;POLYGON((-98598108 54704135,-102691525 58212818,-91756908 72619583,-88139214 68621885,-98598108 54704135))
32732;POLYGON((-76620962 36761295,-79992298 39407841,-71672839 51089571,-68684693 48035154,-76620962 36761295))
32733;POLYGON((-58590881 23370657,-61348282 25328082,-55127475 34741051,-52675798 32444976,-58590881 23370657))
32734;POLYGON((-43906996 13597261,-46145082 15009688,-41591718 22542512,-39594953 20850252,-43906996 13597261))
32735;POLYGON((-32044879 6665538,-33846079 7652130,-30602737 13634475,-28989722 12417822,-32044879 6665538))
32736;POLYGON((-22548886 1937183,-23984673 2595658,-21757415 7306008,-20466335 6459405,-22548886 1937183))
32737;POLYGON((-15025030 -1108600,-16157073 -698831,-14706250 2973722,-13683662 2410994,-15025030 -1108600))
32738;POLYGON((-9134383 -2892670,-10015611 -2667722,-9147695 163068,-8347631 -185489,-9134383 -2892670))
32739;POLYGON((-4586978 -3751479,-5262564 -3660534,-4822931 -1508243,-4206064 -1698429,-4586978 -3751479))
32740;POLYGON((-1136182 -3950750,-1644446 -3953906,-1511038 -2344861,-1043916 -2420827,-1136182 -3950750))
32741;POLYGON((1426454 -3697447,1053216 -3763830,975437 -2586619,1321094 -2582844,1426454 -3697447))
32742;POLYGON((3275927 -3150176,3010685 -3256312,2794550 -2419716,3042491 -2362718,3275927 -3150176))
32743;POLYGON((4558073 -2428171,4378376 -2556580,4078658 -1986399,4248685 -1896216,4558073 -2428171))
32744;POLYGON((5393477 -1618996,5280826 -1756992,4937791 -1393289,5046291 -1284745,5393477 -1618996))
32745;POLYGON((5880991 -785088,5820281 -923765,5462700 -718491,5523120 -602267,5880991 -785088))
32746;POLYGON((6100900 30732,6079917 -102644,5727596 -17596,5750874 98865,6100900 30732))
32747;POLYGON((6117754 800681,6126721 676360,5792610 671288,5787554 783033,6117754 800681))
32748;POLYGON((5982870 1508227,6014055 1395073,5705968 1323373,5679599 1427314,5982870 1508227))
32749;POLYGON((5736546 2145033,5783914 2043978,5505931 1923783,5463779 2018204,5736546 2145033))
32750;POLYGON((5409999 2708511,5468903 2619674,5222485 2464813,5168850 2548966,5409999 2708511))
32751;POLYGON((5027036 3199902,5093959 3122877,4878817 2943753,4816994 3017547,5027036 3199902))
32752;POLYGON((4605498 3622807,4677826 3556882,4492589 3361199,4425064 3424958,4605498 3622807))
32753;POLYGON((4158483 3982095,4234317 3926406,4077027 3719765,4005640 3774052,4158483 3982095))
32754;POLYGON((3695376 4283104,3773371 4236756,3641839 4023139,3567922 4068621,3695376 4283104))
32755;POLYGON((3222697 4531101,3301934 4493237,3193988 4275400,3118482 4312760,3222697 4531101))
32756;POLYGON((2744802 4730918,2824680 4700774,2738326 4480555,2661871 4510430,2744802 4730918))
32757;POLYGON((2264439 4886740,2344592 4863670,2278113 4642234,2201129 4665179,2264439 4886740))
32758;POLYGON((1783201 5001987,1863427 4985476,1815437 4763509,1738182 4779973,1783201 5001987))
32759;POLYGON((1301872 5079263,1382084 5068935,1351550 4846792,1274173 4857109,1301872 5079263))
32760;POLYGON((820705 5120344,900888 5115960,887144 4893785,809720 4898169,820705 5120344))
32601;POLYGON((339650 -4873817,419825 -4872358,422567 -5094533,345136 -5095992,339650 -4873817))
32602;POLYGON((-141463 -4903085,-61266 -4895750,-41978 -5117921,-119385 -5125252,-141463 -4903085))
32603;POLYGON((-622747 -4968139,-542522 -4954758,-506262 -5176867,-583591 -5190223,-622747 -4968139))
32604;POLYGON((-1104071 -5070480,-1023865 -5050746,-969844 -5272588,-1046988 -5292244,-1104071 -5070480))
32605;POLYGON((-1584856 -5212437,-1504807 -5185903,-1431874 -5407030,-1508635 -5433376,-1584856 -5212437))
32606;POLYGON((-2063814 -5397161,-1984198 -5363246,-1890853 -5582829,-1966898 -5616371,-2063814 -5397161))
32607;POLYGON((-2538626 -5628589,-2459917 -5586585,-2344342 -5803260,-2419150 -5844597,-2538626 -5628589))
32608;POLYGON((-3005529 -5911358,-2928476 -5860451,-2788603 -6072102,-2861395 -6121900,-3005529 -5911358))
32609;POLYGON((-3458793 -6250621,-3384512 -6189926,-3218144 -6393428,-3287795 -6452372,-3458793 -6250621))
32610;POLYGON((-3890076 -6651743,-3820172 -6580369,-3625163 -6771248,-3690104 -6839965,-3890076 -6651743))
32611;POLYGON((-4287622 -7119823,-4224330 -7036966,-3998873 -7208978,-4056959 -7287931,-4287622 -7119823))
32612;POLYGON((-4635298 -7658990,-4581657 -7564068,-4324678 -7708681,-4373041 -7798014,-4635298 -7658990))
32613;POLYGON((-4911433 -8271418,-4871495 -8164255,-4583205 -8270014,-4618074 -8369340,-4911433 -8271418))
32614;POLYGON((-5087455 -8955981,-5066526 -8837063,-4749152 -8888809,-4765642 -8996942,-5087455 -8955981))
32615;POLYGON((-5126296 -9706504,-5131219 -9577300,-4789948 -9555241,-4781819 -9669834,-5126296 -9706504))
32616;POLYGON((-4980542 -10509496,-5020024 -10372876,-4664211 -10251465,-4623588 -10368567,-4980542 -10509496))
32617;POLYGON((-4590318 -11341304,-4675302 -11202056,-4319973 -10948665,-4237028 -11062163,-4590318 -11341304))
32618;POLYGON((-3880883 -12164588,-4024969 -12030058,-3692665 -11603409,-3555256 -11704343,-3880883 -12164588))
32619;POLYGON((-2759906 -12924014,-2979831 -12804882,-2702850 -12153208,-2496117 -12228949,-2759906 -12924014))
32620;POLYGON((-1114422 -13541067,-1430585 -13452279,-1253670 -12511169,-959581 -12544434,-1114422 -13541067))
32621;POLYGON((1192573 -13907867,755513 -13869736,771993 -12559644,1175145 -12527324,1192573 -13907867))
32622;POLYGON((4325899 -13879861,3738369 -13919373,3514675 -12142723,4052826 -12014518,4325899 -13879861))
32623;POLYGON((8482352 -13267291,7709143 -13419615,7141798 -11057478,7845731 -10794303,8482352 -13267291))
32624;POLYGON((13895284 -11825268,12894758 -12135512,11851502 -9043789,12757515 -8595933,13895284 -11825268))
32625;POLYGON((20839617 -9242348,19562840 -9767575,17876829 -5772638,19027470 -5077651,20839617 -9242348))
32626;POLYGON((29637305 -5127440,28027106 -5938972,25490285 -832700,26935151 187016,29637305 -5127440))
32627;POLYGON((40663273 1005091,38653220 -180940,35008799 6284910,36805401 7724838,40663273 1005091))
32628;POLYGON((54351848 9752299,51865140 8083741,46799095 16203908,49013797 18180495,54351848 9752299))
32629;POLYGON((71203706 21841659,68151978 19559398,61283497 29682289,63992521 32336419,71203706 21841659))
32630;POLYGON((91793349 38152389,88075390 35098372,78946170 47634138,82236689 51135005,91793349 38152389))
32631;POLYGON((-98598108 44704135,-102691525 48212818,-91756908 62619583,-88139214 58621885,-98598108 44704135))
32632;POLYGON((-76620962 26761295,-79992298 29407841,-71672839 41089571,-68684693 38035154,-76620962 26761295))
32633;POLYGON((-58590881 13370657,-61348282 15328082,-55127475 24741051,-52675798 22444976,-58590881 13370657))
32634;POLYGON((-43906996 3597261,-46145082 5009688,-41591718 12542512,-39594953 10850252,-43906996 3597261))
32635;POLYGON((-32044879 -3334461,-33846079 -2347869,-30602737 3634475,-28989722 2417822,-32044879 -3334461))
32636;POLYGON((-22548886 -8062816,-23984673 -7404341,-21757415 -2693991,-20466335 -3540594,-22548886 -8062816))
32637;POLYGON((-15025030 -11108600,-16157073 -10698831,-14706250 -7026277,-13683662 -7589005,-15025030 -11108600))
32638;POLYGON((-9134383 -12892670,-10015611 -12667722,-9147695 -9836931,-8347631 -10185489,-9134383 -12892670))
32639;POLYGON((-4586978 -13751479,-5262564 -13660534,-4822931 -11508243,-4206064 -11698429,-4586978 -13751479))
32640;POLYGON((-1136182 -13950750,-1644446 -13953906,-1511038 -12344861,-1043916 -12420827,-1136182 -13950750))
32641;POLYGON((1426454 -13697447,1053216 -13763830,975437 -12586619,1321094 -12582844,1426454 -13697447))
32642;POLYGON((3275927 -13150176,3010685 -13256312,2794550 -12419716,3042491 -12362718,3275927 -13150176))
32643;POLYGON((4558073 -12428171,4378376 -12556580,4078658 -11986399,4248685 -11896216,4558073 -12428171))
32644;POLYGON((5393477 -11618996,5280826 -11756992,4937791 -11393289,5046291 -11284745,5393477 -11618996))
32645;POLYGON((5880991 -10785088,5820281 -10923765,5462700 -10718491,5523120 -10602267,5880991 -10785088))
32646;POLYGON((6100900 -9969267,6079917 -10102644,5727596 -10017596,5750874 -9901134,6100900 -9969267))
32647;POLYGON((6117754 -9199318,6126721 -9323639,5792610 -9328711,5787554 -9216966,6117754 -9199318))
32648;POLYGON((5982870 -8491772,6014055 -8604926,5705968 -8676626,5679599 -8572685,5982870 -8491772))
32649;POLYGON((5736546 -7854966,5783914 -7956021,5505931 -8076216,5463779 -7981795,5736546 -7854966))
32650;POLYGON((5409999 -7291488,5468903 -7380325,5222485 -7535186,5168850 -7451033,5409999 -7291488))
32651;POLYGON((5027036 -6800097,5093959 -6877122,4878817 -7056246,4816994 -6982452,5027036 -6800097))
32652;POLYGON((4605498 -6377192,4677826 -6443117,4492589 -6638800,4425064 -6575041,4605498 -6377192))
32653;POLYGON((4158483 -6017904,4234317 -6073593,4077027 -6280234,4005640 -6225947,4158483 -6017904))
32654;POLYGON((3695376 -5716895,3773371 -5763243,3641839 -5976860,3567922 -5931378,3695376 -5716895))
32655;POLYGON((3222697 -5468898,3301934 -5506762,3193988 -5724599,3118482 -5687239,3222697 -5468898))
32656;POLYGON((2744802 -5269081,2824680 -5299225,2738326 -5519444,2661871 -5489569,2744802 -5269081))
32657;POLYGON((2264439 -5113259,2344592 -5136329,2278113 -5357765,2201129 -5334820,2264439 -5113259))
32658;POLYGON((1783201 -4998012,1863427 -5014523,1815437 -5236490,1738182 -5220026,1783201 -4998012))
32659;POLYGON((1301872 -4920736,1382084 -4931064,1351550 -5153207,1274173 -5142890,1301872 -4920736))
32660;POLYGON((820705 -4879655,900888 -4884039,887144 -5106214,809720 -5101830,820705 -4879655))
