32701;POLYGON((339650 14873817,419825 14872358,417181 14650259,334361 14651711,339650 14873817))
32702;POLYGON((-141463 14903085,-61266 14895750,-79874 14673541,-162764 14680843,-141463 14903085))
32703;POLYGON((-622747 14968139,-542522 14954758,-577546 14732323,-660579 14745664,-622747 14968139))
32704;POLYGON((-1104071 15070480,-1023865 15050746,-1076155 14828109,-1159350 14847827,-1104071 15070480))
32705;POLYGON((-1584856 15212437,-1504807 15185903,-1575614 14963328,-1658900 14989921,-1584856 15212437))
32706;POLYGON((-2063814 15397161,-1984198 15363246,-2075178 15141367,-2158346 15175495,-2063814 15397161))
32707;POLYGON((-2538626 15628589,-2459917 15586585,-2573121 15366586,-2655759 15409069,-2538626 15628589))
32708;POLYGON((-3005529 15911358,-2928476 15860451,-3066307 15644295,-3147719 15696105,-3005529 15911358))
32709;POLYGON((-3458793 16250621,-3384512 16189926,-3549653 15980668,-3628758 16042907,-3458793 16250621))
32710;POLYGON((-3890076 16651743,-3820172 16580369,-4015442 16382564,-4090640 16456423,-3890076 16651743))
32711;POLYGON((-4287622 17119823,-4224330 17036966,-4452470 16857209,-4521485 16943894,-4287622 17119823))
32712;POLYGON((-4635298 17658990,-4581657 17564068,-4845006 17411685,-4904690 17512316,-4635298 17658990))
32713;POLYGON((-4911433 18271418,-4871495 18164255,-5171536 18052197,-5217641 18167655,-4911433 18271418))
32714;POLYGON((-5087455 18955981,-5066526 18837063,-5403275 18783034,-5430178 18913754,-5087455 18955981))
32715;POLYGON((-5126296 19706504,-5131219 19577300,-5502417 19605172,-5502802 19750875,-5126296 19706504))
32716;POLYGON((-4980542 20509496,-5020024 20372876,-5420106 20514455,-5384594 20673793,-4980542 20509496))
32717;POLYGON((-4590318 21341304,-4675302 21202056,-5094092 21499260,-5010827 21669374,-4590318 21341304))
32718;POLYGON((-3880883 22164588,-4024969 22030058,-4446076 22537578,-4300240 22713549,-3880883 22164588))
32719;POLYGON((-2759906 22924014,-2979831 22804882,-3378683 23593417,-3151959 23767593,-2759906 22924014))
32720;POLYGON((-1114422 23541067,-1430585 23452279,-1772074 24612436,-1442046 24773620,-1114422 23541067))
32721;POLYGON((1192573 23907867,755513 23869736,519844 25516698,980368 25649186,1192573 23907867))
32722;POLYGON((4325899 23879861,3738369 23919373,3673636 26198453,4297366 26280892,4325899 23879861))
32723;POLYGON((8482352 23267291,7709143 23419615,7900991 26512824,8726975 26516878,8482352 23267291))
32724;POLYGON((13895284 21825268,12894758 22135512,13453848 26269282,14528377 26158087,13895284 21825268))
32725;POLYGON((20839617 19242348,19562840 19767575,20630013 25221788,22007604 24948167,20839617 19242348))
32726;POLYGON((29637305 15127440,28027106 15938972,29779293 23057465,31523761 22561892,29637305 15127440))
32727;POLYGON((40663273 8994908,38653220 10180940,41310158 19383673,43495785 18591948,40663273 8994908))
32728;POLYGON((54351848 247700,51865140 1916258,55696974 13713326,58409767 12533953,54351848 247700))
32729;POLYGON((71203706 -11841659,68151978 -9559398,73487816 5448329,76826870 3769557,71203706 -11841659))
32730;POLYGON((91793349 -28152389,88075390 -25098372,95312888 -6139047,99391847 -8452540,91793349 -28152389))
32731;POLYGON((-98598108 -34704135,-102691525 -38212818,-111456372 -16136533,-106959869 -13446569,-98598108 -34704135))
32732;POLYGON((-76620962 -16761295,-79992298 -19407841,-86547066 -1856565,-82853234 121039,-76620962 -16761295))
32733;POLYGON((-58590881 -3370657,-61348282 -5328082,-66142195 8533658,-63129532 9947371,-58590881 -3370657))
32734;POLYGON((-43906996 6402738,-46145082 4990311,-49551815 15859721,-47114140 16832640,-43906996 6402738))
32735;POLYGON((-32044879 13334461,-33846079 12347869,-36174073 20803939,-34219012 21437297,-32044879 13334461))
32736;POLYGON((-22548886 18062816,-23984673 17404341,-25486368 23925441,-23933941 24301737,-22548886 18062816))
32737;POLYGON((-15025030 21108600,-16157073 20698831,-17037138 25678084,-15818448 25863874,-15025030 21108600))
32738;POLYGON((-9134383 22892670,-10015611 22667722,-10438243 26426381,-9494263 26474743,-9134383 22892670))
32739;POLYGON((-4586978 23751479,-5262564 23660534,-5357924 26459574,-4638379 26412291,-4586978 23751479))
32740;POLYGON((-1136182 23950750,-1644446 23953906,-1514318 26004016,-976656 25893480,-1136182 23950750))
32741;POLYGON((1426454 23697447,1053216 23763830,1330497 25233991,1722047 25084867,1426454 23697447))
32742;POLYGON((3275927 23150176,3010685 23256312,3375957 24281116,3651249 24111779,3275927 23150176))
32743;POLYGON((4558073 22428171,4378376 22556580,4787973 23242447,4971723 23066217,4558073 22428171))
32744;POLYGON((5393477 21618996,5280826 21756992,5703442 22187415,5815936 22013604,5393477 21618996))
32745;POLYGON((5880991 20785088,5820281 20923765,6234313 21163709,6292046 20998511,5880991 20785088))
32746;POLYGON((6100900 19969267,6079917 20102644,6471244 20202212,6487490 20049441,6100900 19969267))
32747;POLYGON((6117754 19199318,6126721 19323639,6486867 19321109,6472189 19182805,6117754 19199318))
32748;POLYGON((5982870 18491772,6014055 18604926,6338688 18529239,6301383 18406167,5982870 18491772))
32749;POLYGON((5736546 17854966,5783914 17956021,6071636 17828816,6018131 17720859,5736546 17854966))
32750;POLYGON((5409999 17291488,5468903 17380325,5720298 17217578,5655492 17124049,5409999 17291488))
32751;POLYGON((5027036 16800097,5093959 16877122,5310855 16690464,5238415 16610339,5027036 16800097))
32752;POLYGON((4605498 16377192,4677826 16443117,4862739 16240875,4785349 16172978,4605498 16377192))
32753;POLYGON((4158483 16017904,4234317 16073593,4390044 15861613,4309621 15804732,4158483 16017904))
32754;POLYGON((3695376 15716895,3773371 15763243,3902707 15545528,3820573 15498512,3695376 15716895))
32755;POLYGON((3222697 15468898,3301934 15506762,3407479 15285962,3324510 15247769,3222697 15468898))
32756;POLYGON((2744802 15269081,2824680 15299225,2908727 15077014,2825464 15046745,2744802 15269081))
32757;POLYGON((2264439 15113259,2344592 15136329,2409063 14913684,2325806 14890600,2264439 15113259))
32758;POLYGON((1783201 14998012,1863427 15014523,1909843 14791938,1826727 14775461,1783201 14998012))
32759;POLYGON((1301872 14920736,1382084 14931064,1411561 14708711,1328606 14698422,1301872 14920736))
32760;POLYGON((820705 14879655,900888 14884039,914143 14661883,831298 14657521,820705 14879655))
32601;POLYGON((339650 4873817,419825 4872358,417181 4650259,334361 4651711,339650 4873817))
32602;POLYGON((-141463 4903085,-61266 4895750,-79874 4673541,-162764 4680843,-141463 4903085))
32603;POLYGON((-622747 4968139,-542522 4954758,-577546 4732323,-660579 4745664,-622747 4968139))
32604;POLYGON((-1104071 5070480,-1023865 5050746,-1076155 4828109,-1159350 4847827,-1104071 5070480))
32605;POLYGON((-1584856 5212437,-1504807 5185903,-1575614 4963328,-1658900 4989921,-1584856 5212437))
32606;POLYGON((-2063814 5397161,-1984198 5363246,-2075178 5141367,-2158346 5175495,-2063814 5397161))
32607;POLYGON((-2538626 5628589,-2459917 5586585,-2573121 5366586,-2655759 5409069,-2538626 5628589))
32608;POLYGON((-3005529 5911358,-2928476 5860451,-3066307 5644295,-3147719 5696105,-3005529 5911358))
32609;POLYGON((-3458793 6250621,-3384512 6189926,-3549653 5980668,-3628758 6042907,-3458793 6250621))
32610;POLYGON((-3890076 6651743,-3820172 6580369,-4015442 6382564,-4090640 6456423,-3890076 6651743))
32611;POLYGON((-4287622 7119823,-4224330 7036966,-4452470 6857209,-4521485 6943894,-4287622 7119823))
32612;POLYGON((-4635298 7658990,-4581657 7564068,-4845006 7411685,-4904690 7512316,-4635298 7658990))
32613;POLYGON((-4911433 8271418,-4871495 8164255,-5171536 8052197,-5217641 8167655,-4911433 8271418))
32614;POLYGON((-5087455 8955981,-5066526 8837063,-5403275 8783034,-5430178 8913754,-5087455 8955981))
32615;POLYGON((-5126296 9706504,-5131219 9577300,-5502417 9605172,-5502802 9750875,-5126296 9706504))
32616;POLYGON((-4980542 10509496,-5020024 10372876,-5420106 10514455,-5384594 10673793,-4980542 10509496))
32617;POLYGON((-4590318 11341304,-4675302 11202056,-5094092 11499260,-5010827 11669374,-4590318 11341304))
32618;POLYGON((-3880883 12164588,-4024969 12030058,-4446076 12537578,-4300240 12713549,-3880883 12164588))
32619;POLYGON((-2759906 12924014,-2979831 12804882,-3378683 13593417,-3151959 13767593,-2759906 12924014))
32620;POLYGON((-1114422 13541067,-1430585 13452279,-1772074 14612436,-1442046 14773620,-1114422 13541067))
32621;POLYGON((1192573 13907867,755513 13869736,519844 15516698,980368 15649186,1192573 13907867))
32622;POLYGON((4325899 13879861,3738369 13919373,3673636 16198453,4297366 16280892,4325899 13879861))
32623;POLYGON((8482352 13267291,7709143 13419615,7900991 16512824,8726975 16516878,8482352 13267291))
32624;POLYGON((13895284 11825268,12894758 12135512,13453848 16269282,14528377 16158087,13895284 11825268))
32625;POLYGON((20839617 9242348,19562840 9767575,20630013 15221788,22007604 14948167,20839617 9242348))
32626;POLYGON((29637305 5127440,28027106 5938972,29779293 13057465,31523761 12561892,29637305 5127440))
32627;POLYGON((40663273 -1005091,38653220 180940,41310158 9383673,43495785 8591948,40663273 -1005091))
32628;POLYGON((54351848 -9752299,51865140 -8083741,55696974 3713326,58409767 2533953,54351848 -9752299))
32629;POLYGON((71203706 -21841659,68151978 -19559398,73487816 -4551670,76826870 -6230442,71203706 -21841659))
32630;POLYGON((91793349 -38152389,88075390 -35098372,95312888 -16139047,99391847 -18452540,91793349 -38152389))
32631;POLYGON((-98598108 -44704135,-102691525 -48212818,-111456372 -26136533,-106959869 -23446569,-98598108 -44704135))
32632;POLYGON((-76620962 -26761295,-79992298 -29407841,-86547066 -11856565,-82853234 -9878960,-76620962 -26761295))
32633;POLYGON((-58590881 -13370657,-61348282 -15328082,-66142195 -1466341,-63129532 -52628,-58590881 -13370657))
32634;POLYGON((-43906996 -3597261,-46145082 -5009688,-49551815 5859721,-47114140 6832640,-43906996 -3597261))
32635;POLYGON((-32044879 3334461,-33846079 2347869,-36174073 10803939,-34219012 11437297,-32044879 3334461))
32636;POLYGON((-22548886 8062816,-23984673 7404341,-25486368 13925441,-23933941 14301737,-22548886 8062816))
32637;POLYGON((-15025030 11108600,-16157073 10698831,-17037138 15678084,-15818448 15863874,-15025030 11108600))
32638;POLYGON((-9134383 12892670,-10015611 12667722,-10438243 16426381,-9494263 16474743,-9134383 12892670))
32639;POLYGON((-4586978 13751479,-5262564 13660534,-5357924 16459574,-4638379 16412291,-4586978 13751479))
32640;POLYGON((-1136182 13950750,-1644446 13953906,-1514318 16004016,-976656 15893480,-1136182 13950750))
32641;POLYGON((1426454 13697447,1053216 13763830,1330497 15233991,1722047 15084867,1426454 13697447))
32642;POLYGON((3275927 13150176,3010685 13256312,3375957 14281116,3651249 14111779,3275927 13150176))
32643;POLYGON((4558073 12428171,4378376 12556580,4787973 13242447,4971723 13066217,4558073 12428171))
32644;POLYGON((5393477 11618996,5280826 11756992,5703442 12187415,5815936 12013604,5393477 11618996))
32645;POLYGON((5880991 10785088,5820281 10923765,6234313 11163709,6292046 10998511,5880991 10785088))
32646;POLYGON((6100900 9969267,6079917 10102644,6471244 10202212,6487490 10049441,6100900 9969267))
32647;POLYGON((6117754 9199318,6126721 9323639,6486867 9321109,6472189 9182805,6117754 9199318))
32648;POLYGON((5982870 8491772,6014055 8604926,6338688 8529239,6301383 8406167,5982870 8491772))
32649;POLYGON((5736546 7854966,5783914 7956021,6071636 7828816,6018131 7720859,5736546 7854966))
32650;POLYGON((5409999 7291488,5468903 7380325,5720298 7217578,5655492 7124049,5409999 7291488))
32651;POLYGON((5027036 6800097,5093959 6877122,5310855 6690464,5238415 6610339,5027036 6800097))
32652;POLYGON((4605498 6377192,4677826 6443117,4862739 6240875,4785349 6172978,4605498 6377192))
32653;POLYGON((4158483 6017904,4234317 6073593,4390044 5861613,4309621 5804732,4158483 6017904))
32654;POLYGON((3695376 5716895,3773371 5763243,3902707 5545528,3820573 5498512,3695376 5716895))
32655;POLYGON((3222697 5468898,3301934 5506762,3407479 5285962,3324510 5247769,3222697 5468898))
32656;POLYGON((2744802 5269081,2824680 5299225,2908727 5077014,2825464 5046745,2744802 5269081))
32657;POLYGON((2264439 5113259,2344592 5136329,2409063 4913684,2325806 4890600,2264439 5113259))
32658;POLYGON((1783201 4998012,1863427 5014523,1909843 4791938,1826727 4775461,1783201 4998012))
32659;POLYGON((1301872 4920736,1382084 4931064,1411561 4708711,1328606 4698422,1301872 4920736))
32660;POLYGON((820705 4879655,900888 4884039,914143 4661883,831298 4657521,820705 4879655))
