32701;POLYGON((329274 14429672,414639 14428236,412201 14206286,324396 14207702,329274 14429672))
32702;POLYGON((-183262 14458528,-97776 14451293,-114952 14229007,-202931 14236139,-183262 14458528))
32703;POLYGON((-697037 14522798,-611288 14509563,-643703 14286479,-732071 14299543,-697037 14522798))
32704;POLYGON((-1212741 14624281,-1126638 14604676,-1175237 14380447,-1264163 14399841,-1212741 14624281))
32705;POLYGON((-1730642 14765812,-1644180 14739289,-1710386 14513782,-1799956 14540100,-1730642 14765812))
32706;POLYGON((-2250319 14951329,-2163629 14917153,-2249377 14690575,-2339550 14724626,-2250319 14951329))
32707;POLYGON((-2770315 15185933,-2683730 15143171,-2791508 14916260,-2882048 14959089,-2770315 15185933))
32708;POLYGON((-3287680 15475936,-3201818 15423450,-3334704 15197746,-3425092 15250658,-3287680 15475936))
32709;POLYGON((-3797371 15828865,-3713249 15765319,-3874930 15543548,-3964252 15608127,-3797371 15828865))
32710;POLYGON((-4291495 16253394,-4210664 16177268,-4405434 15963892,-4492239 16042013,-4291495 16253394))
32711;POLYGON((-4758365 16759179,-4683082 16668806,-4915803 16470774,-4997919 16564609,-4758365 16759179))
32712;POLYGON((-5181335 17356536,-5114775 17250170,-5390779 17077952,-5465097 17189959,-5181335 17356536))
32713;POLYGON((-5537404 18055951,-5483910 17931860,-5808840 17800832,-5871046 17933724,-5537404 18055951))
32714;POLYGON((-5795551 18867341,-5760928 18723951,-6140486 18656230,-6184754 18812921,-5795551 18867341))
32715;POLYGON((-5914779 19799031,-5906645 19635120,-6346238 19661955,-6364856 19845470,-5914779 19799031))
32716;POLYGON((-5841842 20856392,-5870029 20671338,-6374280 20836197,-6357229 21049547,-5841842 20856392))
32717;POLYGON((-5508636 22040053,-5585648 21834170,-6157761 22196654,-6092227 22442666,-5508636 22040053))
32718;POLYGON((-4829215 23343654,-4970754 23118600,-5611697 23759376,-5481512 24040462,-4829215 23343654))
32719;POLYGON((-3696416 24751032,-3921971 24510319,-4629458 25537252,-4414475 25855127,-3696416 24751032))
32720;POLYGON((-1978071 26232789,-2311582 25982402,-3078813 27538110,-2754201 27893427,-1978071 26232789))
32721;POLYGON((487234 27742142,16642 27491285,-797505 29762360,-332964 30154274,487234 27742142))
32722;POLYGON((3894871 29209973,3252062 28971953,2411670 32200130,3052782 32625763,3894871 29209973))
32723;POLYGON((8479361 30538991,7622294 30332256,6786325 34827820,7647948 35281629,8479361 30538991))
32724;POLYGON((14520110 31596896,13398841 31446250,12610469 37604028,13744905 38077054,14520110 31596896))
32725;POLYGON((22347675 32208459,20903275 32146460,20221104 40464754,21690168 40943756,22347675 32208459))
32726;POLYGON((32350608 32146390,30513984 32214960,30015411 43317835,31891689 43784276,32350608 32146390))
32727;POLYGON((44982904 31120901,42673510 31373164,42458580 46036513,44826802 46465402,44982904 31120901))
32728;POLYGON((60772059 28767838,57896513 29270199,58092297 48452078,61050817 48810642,60772059 28767838))
32729;POLYGON((80327793 24635249,76778376 25469751,77543932 50345476,81206325 50591665,80327793 24635249))
32730;POLYGON((104351441 18168289,100004481 19435246,101536430 51437831,106033216 51518617,104351441 18168289))
32731;POLYGON((-112487856 15381081,-117285418 13853769,-119458886 51551762,-114490162 51577507,-112487856 15381081))
32732;POLYGON((-86801778 22769649,-90733445 21732713,-91985514 51182708,-87923369 51011834,-86801778 22769649))
32733;POLYGON((-65839473 27613161,-69037532 26956061,-69593294 49788233,-66298052 49479956,-65839473 27613161))
32734;POLYGON((-48866862 30504430,-51446800 30136337,-51489694 47692956,-48839530 47294590,-48866862 30504430))
32735;POLYGON((-35244766 31927938,-37306939 31774940,-36984773 45154684,-34873929 44703442,-35244766 31927938))
32736;POLYGON((-24419280 32275534,-26050471 32278144,-25480786 42374693,-23817915 41899280,-24419280 32275534))
32737;POLYGON((-15912838 31860403,-17187699 31971340,-16462531 39506830,-15169151 39028855,-15912838 31860403))
32738;POLYGON((-9315930 30929437,-10298320 31111678,-9488397 36665551,-8497471 36200768,-9315930 30929437))
32739;POLYGON((-4279456 29674144,-5023669 29899194,-4182102 33932961,-3436724 33492353,-4279456 29674144))
32740;POLYGON((-507687 28240196,-1059586 28486593,-225076 31364948,322737 30955664,-507687 28240196))
32741;POLYGON((2248200 26735742,1850145 26987748,2650523 28996485,3040937 28622650,2248200 26735742))
32742;POLYGON((4196022 25238595,3919787 25485076,4668197 26846174,4934568 26509578,4196022 25238595))
32743;POLYGON((5507964 23802392,5327115 24035853,6012924 24920110,6182714 24620787,5507964 23802392))
32744;POLYGON((6325451 22461826,6218360 22677604,6836430 23215116,6932035 22951832,6325451 22461826))
32745;POLYGON((6763538 21237058,6712688 21432638,7261943 21721438,7301438 21492091,6763538 21237058))
32746;POLYGON((6914848 20137373,6906206 20311828,7388463 20424945,7386264 20226881,6914848 20137373))
32747;POLYGON((6853083 19164196,6875542 19317725,7294559 19308887,7262018 19139164,6853083 19164196))
32748;POLYGON((6636133 18313517,6681022 18447077,7041746 18355288,6987672 18210870,6636133 18313517))
32749;POLYGON((6308808 17577825,6369462 17692843,6677446 17546003,6608559 17423907,6308808 17577825))
32750;POLYGON((5905223 16947603,5976608 17045752,6237569 16863496,6158895 16760900,5905223 16947603))
32751;POLYGON((5450854 16412461,5529246 16495496,5748745 16291384,5663960 16205696,5450854 16412461))
32752;POLYGON((4964297 15961960,5047008 16031596,5230235 15814791,5141950 15743694,4964297 15961960))
32753;POLYGON((4458752 15586181,4543901 15644018,4695536 15420539,4605537 15362009,4458752 15586181))
32754;POLYGON((3943262 15276098,4029585 15323567,4153722 15097226,4063172 15049534,3943262 15276098))
32755;POLYGON((3423725 15023790,3510420 15062129,3610543 14835204,3520141 14796910,3423725 15023790))
32756;POLYGON((2903717 14822536,2990320 14852781,3069306 14626509,2979419 14596440,2903717 14822536))
32757;POLYGON((2385134 14666837,2471424 14689821,2531572 14464737,2442328 14441968,2385134 14666837))
32758;POLYGON((1868700 14552373,1954618 14568736,1997689 14344916,1909059 14328749,1868700 14552373))
32759;POLYGON((1354342 14475948,1439944 14486147,1467196 14263375,1379048 14253315,1354342 14475948))
32760;POLYGON((841487 14435426,926893 14439746,939122 14217628,851258 14213370,841487 14435426))
32601;POLYGON((329274 4429672,414639 4428236,412201 4206286,324396 4207702,329274 4429672))
32602;POLYGON((-183262 4458528,-97776 4451293,-114952 4229007,-202931 4236139,-183262 4458528))
32603;POLYGON((-697037 4522798,-611288 4509563,-643703 4286479,-732071 4299543,-697037 4522798))
32604;POLYGON((-1212741 4624281,-1126638 4604676,-1175237 4380447,-1264163 4399841,-1212741 4624281))
32605;POLYGON((-1730642 4765812,-1644180 4739289,-1710386 4513782,-1799956 4540100,-1730642 4765812))
32606;POLYGON((-2250319 4951329,-2163629 4917153,-2249377 4690575,-2339550 4724626,-2250319 4951329))
32607;POLYGON((-2770315 5185933,-2683730 5143171,-2791508 4916260,-2882048 4959089,-2770315 5185933))
32608;POLYGON((-3287680 5475936,-3201818 5423450,-3334704 5197746,-3425092 5250658,-3287680 5475936))
32609;POLYGON((-3797371 5828865,-3713249 5765319,-3874930 5543548,-3964252 5608127,-3797371 5828865))
32610;POLYGON((-4291495 6253394,-4210664 6177268,-4405434 5963892,-4492239 6042013,-4291495 6253394))
32611;POLYGON((-4758365 6759179,-4683082 6668806,-4915803 6470774,-4997919 6564609,-4758365 6759179))
32612;POLYGON((-5181335 7356536,-5114775 7250170,-5390779 7077952,-5465097 7189959,-5181335 7356536))
32613;POLYGON((-5537404 8055951,-5483910 7931860,-5808840 7800832,-5871046 7933724,-5537404 8055951))
32614;POLYGON((-5795551 8867341,-5760928 8723951,-6140486 8656230,-6184754 8812921,-5795551 8867341))
32615;POLYGON((-5914779 9799031,-5906645 9635120,-6346238 9661955,-6364856 9845470,-5914779 9799031))
32616;POLYGON((-5841842 10856392,-5870029 10671338,-6374280 10836197,-6357229 11049547,-5841842 10856392))
32617;POLYGON((-5508636 12040053,-5585648 11834170,-6157761 12196654,-6092227 12442666,-5508636 12040053))
32618;POLYGON((-4829215 13343654,-4970754 13118600,-5611697 13759376,-5481512 14040462,-4829215 13343654))
32619;POLYGON((-3696416 14751032,-3921971 14510319,-4629458 15537252,-4414475 15855127,-3696416 14751032))
32620;POLYGON((-1978071 16232789,-2311582 15982402,-3078813 17538110,-2754201 17893427,-1978071 16232789))
32621;POLYGON((487234 17742142,16642 17491285,-797505 19762360,-332964 20154274,487234 17742142))
32622;POLYGON((3894871 19209973,3252062 18971953,2411670 22200130,3052782 22625763,3894871 19209973))
32623;POLYGON((8479361 20538991,7622294 20332256,6786325 24827820,7647948 25281629,8479361 20538991))
32624;POLYGON((14520110 21596896,13398841 21446250,12610469 27604028,13744905 28077054,14520110 21596896))
32625;POLYGON((22347675 22208459,20903275 22146460,20221104 30464754,21690168 30943756,22347675 22208459))
32626;POLYGON((32350608 22146390,30513984 22214960,30015411 33317835,31891689 33784276,32350608 22146390))
32627;POLYGON((44982904 21120901,42673510 21373164,42458580 36036513,44826802 36465402,44982904 21120901))
32628;POLYGON((60772059 18767838,57896513 19270199,58092297 38452078,61050817 38810642,60772059 18767838))
32629;POLYGON((80327793 14635249,76778376 15469751,77543932 40345476,81206325 40591665,80327793 14635249))
32630;POLYGON((104351441 8168289,100004481 9435246,101536430 41437831,106033216 41518617,104351441 8168289))
32631;POLYGON((-112487856 5381081,-117285418 3853769,-119458886 41551762,-114490162 41577507,-112487856 5381081))
32632;POLYGON((-86801778 12769649,-90733445 11732713,-91985514 41182708,-87923369 41011834,-86801778 12769649))
32633;POLYGON((-65839473 17613161,-69037532 16956061,-69593294 39788233,-66298052 39479956,-65839473 17613161))
32634;POLYGON((-48866862 20504430,-51446800 20136337,-51489694 37692956,-48839530 37294590,-48866862 20504430))
32635;POLYGON((-35244766 21927938,-37306939 21774940,-36984773 35154684,-34873929 34703442,-35244766 21927938))
32636;POLYGON((-24419280 22275534,-26050471 22278144,-25480786 32374693,-23817915 31899280,-24419280 22275534))
32637;POLYGON((-15912838 21860403,-17187699 21971340,-16462531 29506830,-15169151 29028855,-15912838 21860403))
32638;POLYGON((-9315930 20929437,-10298320 21111678,-9488397 26665551,-8497471 26200768,-9315930 20929437))
32639;POLYGON((-4279456 19674144,-5023669 19899194,-4182102 23932961,-3436724 23492353,-4279456 19674144))
32640;POLYGON((-507687 18240196,-1059586 18486593,-225076 21364948,322737 20955664,-507687 18240196))
32641;POLYGON((2248200 16735742,1850145 16987748,2650523 18996485,3040937 18622650,2248200 16735742))
32642;POLYGON((4196022 15238595,3919787 15485076,4668197 16846174,4934568 16509578,4196022 15238595))
32643;POLYGON((5507964 13802392,5327115 14035853,6012924 14920110,6182714 14620787,5507964 13802392))
32644;POLYGON((6325451 12461826,6218360 12677604,6836430 13215116,6932035 12951832,6325451 12461826))
32645;POLYGON((6763538 11237058,6712688 11432638,7261943 11721438,7301438 11492091,6763538 11237058))
32646;POLYGON((6914848 10137373,6906206 10311828,7388463 10424945,7386264 10226881,6914848 10137373))
32647;POLYGON((6853083 9164196,6875542 9317725,7294559 9308887,7262018 9139164,6853083 9164196))
32648;POLYGON((6636133 8313517,6681022 8447077,7041746 8355288,6987672 8210870,6636133 8313517))
32649;POLYGON((6308808 7577825,6369462 7692843,6677446 7546003,6608559 7423907,6308808 7577825))
32650;POLYGON((5905223 6947603,5976608 7045752,6237569 6863496,6158895 6760900,5905223 6947603))
32651;POLYGON((5450854 6412461,5529246 6495496,5748745 6291384,5663960 6205696,5450854 6412461))
32652;POLYGON((4964297 5961960,5047008 6031596,5230235 5814791,5141950 5743694,4964297 5961960))
32653;POLYGON((4458752 5586181,4543901 5644018,4695536 5420539,4605537 5362009,4458752 5586181))
32654;POLYGON((3943262 5276098,4029585 5323567,4153722 5097226,4063172 5049534,3943262 5276098))
32655;POLYGON((3423725 5023790,3510420 5062129,3610543 4835204,3520141 4796910,3423725 5023790))
32656;POLYGON((2903717 4822536,2990320 4852781,3069306 4626509,2979419 4596440,2903717 4822536))
32657;POLYGON((2385134 4666837,2471424 4689821,2531572 4464737,2442328 4441968,2385134 4666837))
32658;POLYGON((1868700 4552373,1954618 4568736,1997689 4344916,1909059 4328749,1868700 4552373))
32659;POLYGON((1354342 4475948,1439944 4486147,1467196 4263375,1379048 4253315,1354342 4475948))
32660;POLYGON((841487 4435426,926893 4439746,939122 4217628,851258 4213370,841487 4435426))
