32701;POLYGON((375273 16207884,437633 16206530,434451 15983984,368909 15985372,375273 16207884))
32702;POLYGON((1668 16234998,63833 16228213,41507 16006228,-23866 16013191,1668 16234998))
32703;POLYGON((-369824 16294900,-308127 16282619,-349832 16062090,-414794 16074709,-369824 16294900))
32704;POLYGON((-737429 16388134,-676515 16370249,-738017 16152206,-802282 16170620,-737429 16388134))
32705;POLYGON((-1099061 16515485,-1039305 16491852,-1121171 16277545,-1184384 16301942,-1099061 16515485))
32706;POLYGON((-1452177 16677891,-1394041 16648348,-1496933 16439331,-1558640 16469934,-1452177 16677891))
32707;POLYGON((-1793637 16876316,-1737692 16840707,-1862277 16638924,-1921897 16675960,-1793637 16876316))
32708;POLYGON((-2119542 17111560,-2066497 17069772,-2213321 16877632,-2270108 16921296,-2119542 17111560))
32709;POLYGON((-2425065 17383990,-2375796 17336008,-2545105 17156439,-2598111 17206840,-2425065 17383990))
32710;POLYGON((-2704276 17693177,-2659858 17639146,-2851346 17475624,-2899376 17532704,-2704276 17693177))
32711;POLYGON((-2949942 18037402,-2911678 17977724,-3124159 17834231,-3165721 17897665,-2949942 18037402))
32712;POLYGON((-3153314 18413010,-3122778 18348461,-3353742 18229370,-3386991 18298426,-3153314 18413010))
32713;POLYGON((-3303893 18813582,-3282967 18745465,-3528017 18655289,-3550693 18728653,-3303893 18813582))
32714;POLYGON((-3389181 19228871,-3380097 19159212,-3632230 19102193,-3641582 19177738,-3389181 19228871))
32715;POLYGON((-3394396 19643490,-3399790 19575277,-3648497 19554740,-3641205 19629244,-3394396 19643490))
32716;POLYGON((-3302175 20035281,-3325134 19972755,-3555295 19990176,-3527379 20058972,-3302175 20035281))
32717;POLYGON((-3092239 20373332,-3136360 20322350,-3326895 20376040,-3273614 20432587,-3092239 20373332))
32718;POLYGON((-2741033 20615589,-2810485 20584048,-2932731 20667383,-2848474 20702750,-2741033 20615589))
32719;POLYGON((-2221333 20705998,-2320926 20704349,-2336701 20803426,-2214859 20805674,-2221333 20705998))
32720;POLYGON((-1501823 20571140,-1637080 20612986,-1496394 20703586,-1329226 20657042,-1501823 20571140))
32721;POLYGON((-546625 20116266,-723863 20219067,-362239 20262796,-140723 20147196,-546625 20116266))
32722;POLYGON((685192 19220694,458778 19406580,1123424 19346031,1409754 19135528,685192 19220694))
32723;POLYGON((2240166 17732480,1956406 18029197,3027367 17781963,3390603 17443973,2240166 17732480))
32724;POLYGON((4171010 15462298,3820663 15904281,5426580 15355640,5880629 14849523,4171010 15462298))
32725;POLYGON((6537250 12176443,6109895 12806049,8409473 11800102,8970272 11075657,6537250 12176443))
32726;POLYGON((9405897 7588891,8889815 8457792,12077189 6786832,12762928 5782582,9405897 7588891))
32727;POLYGON((12852167 1352310,12234219 2523067,16545002 -85061,17376375 -1443805,12852167 1352310))
32728;POLYGON((16960253 -6952044,16225751 -5404216,21943847 -9301052,22944310 -11104363,16960253 -6952044))
32729;POLYGON((21824156 -17825664,20956714 -15810918,28421942 -21444890,29618000 -23800665,21824156 -17825664))
32730;POLYGON((27548559 -31865425,26529950 -29277079,36146542 -37213916,37568051 -40250592,27548559 -31865425))
32731;POLYGON((-28667665 -37367569,-29769314 -40288644,-41080778 -50143539,-39534212 -46711011,-28667665 -37367569))
32732;POLYGON((-22631184 -22121306,-23571810 -24408372,-32422011 -31506553,-31117181 -28827780,-22631184 -22121306))
32733;POLYGON((-17492633 -10263726,-18291446 -12032784,-25132747 -17031099,-24038002 -14966260,-17492633 -10263726))
32734;POLYGON((-13143561 -1163108,-13817847 -2512132,-19032009 -5934749,-18119207 -4366035,-13143561 -1163108))
32735;POLYGON((-9486508 5712362,-10051787 4701101,-13959088 2440166,-13203285 3611420,-9486508 5712362))
32736;POLYGON((-6434105 10807691,-6904273 10065538,-9771717 8643022,-9150872 9498907,-6434105 10807691))
32737;POLYGON((-3908231 14492832,-4295701 13962880,-6344356 13129649,-5839060 13737992,-3908231 14492832))
32738;POLYGON((-1839224 17073194,-2155051 16708614,-3566604 16275530,-3159822 16691944,-1839224 17073194))
32739;POLYGON((-165140 18798989,-419142 18561547,-1341715 18387526,-1018552 18657229,-165140 18798989))
32740;POLYGON((1168932 19873513,968064 19732263,414775 19714258,667293 19873686,1168932 19873513))
32741;POLYGON((2211523 20460451,2056119 20390581,1776322 20455262,1969450 20533477,2211523 20460451))
32742;POLYGON((3005371 20690274,2888684 20672099,2806541 20769001,2950002 20788925,3005371 20690274))
32743;POLYGON((3587979 20665830,3504101 20683913,3560286 20779853,3662442 20759338,3587979 20665830))
32744;POLYGON((3992132 20467178,3935905 20509573,4084643 20584156,4152651 20536911,3992132 20467178))
32745;POLYGON((4246368 20155758,4213313 20213360,4419830 20255410,4459784 20191784,4246368 20155758))
32746;POLYGON((4375420 19777948,4361660 19843940,4600021 19848707,4617082 19776368,4375420 19777948))
32747;POLYGON((4400618 19368089,4402819 19437469,4654094 19404493,4652611 19328985,4400618 19368089))
32748;POLYGON((4340257 18951016,4355566 19020210,4606311 18951708,4589920 18876927,4340257 18951016))
32749;POLYGON((4209946 18544176,4235934 18610712,4476921 18510403,4448647 18438984,4209946 18544176))
32750;POLYGON((4022912 18159369,4057527 18221608,4282712 18093882,4245051 18027514,4022912 18159369))
32751;POLYGON((3790291 17804159,3831811 17861084,4037498 17710445,3992495 17650125,3790291 17804159))
32752;POLYGON((3521387 17483021,3568379 17534059,3752555 17364769,3701870 17311008,3521387 17483021))
32753;POLYGON((3223916 17198239,3275194 17243130,3437008 17059011,3381979 17011984,3223916 17198239))
32754;POLYGON((2904218 16950610,2958812 16989299,3098177 16793645,3039869 16753315,2904218 16950610))
32755;POLYGON((2567468 16739986,2624588 16772545,2741873 16568108,2681128 16534316,2567468 16739986))
32756;POLYGON((2217853 16565677,2276864 16592245,2372672 16381269,2310148 16353798,2217853 16565677))
32757;POLYGON((1858751 16426750,1919138 16447489,1994146 16231780,1930357 16210401,1858751 16426750))
32758;POLYGON((1492886 16322240,1554234 16337306,1609080 16118308,1544427 16102813,1492886 16322240))
32759;POLYGON((1122479 16251301,1184447 16260823,1219654 16039702,1154454 16029925,1122479 16251301))
32760;POLYGON((749395 16213301,811690 16217366,827619 15995099,762132 15990929,749395 16213301))
32601;POLYGON((375273 6207884,437633 6206530,434451 5983984,368909 5985372,375273 6207884))
32602;POLYGON((1668 6234998,63833 6228213,41507 6006228,-23866 6013191,1668 6234998))
32603;POLYGON((-369824 6294900,-308127 6282619,-349832 6062090,-414794 6074709,-369824 6294900))
32604;POLYGON((-737429 6388134,-676515 6370249,-738017 6152206,-802282 6170620,-737429 6388134))
32605;POLYGON((-1099061 6515485,-1039305 6491852,-1121171 6277545,-1184384 6301942,-1099061 6515485))
32606;POLYGON((-1452177 6677891,-1394041 6648348,-1496933 6439331,-1558640 6469934,-1452177 6677891))
32607;POLYGON((-1793637 6876316,-1737692 6840707,-1862277 6638924,-1921897 6675960,-1793637 6876316))
32608;POLYGON((-2119542 7111560,-2066497 7069772,-2213321 6877632,-2270108 6921296,-2119542 7111560))
32609;POLYGON((-2425065 7383990,-2375796 7336008,-2545105 7156439,-2598111 7206840,-2425065 7383990))
32610;POLYGON((-2704276 7693177,-2659858 7639146,-2851346 7475624,-2899376 7532704,-2704276 7693177))
32611;POLYGON((-2949942 8037402,-2911678 7977724,-3124159 7834231,-3165721 7897665,-2949942 8037402))
32612;POLYGON((-3153314 8413010,-3122778 8348461,-3353742 8229370,-3386991 8298426,-3153314 8413010))
32613;POLYGON((-3303893 8813582,-3282967 8745465,-3528017 8655289,-3550693 8728653,-3303893 8813582))
32614;POLYGON((-3389181 9228871,-3380097 9159212,-3632230 9102193,-3641582 9177738,-3389181 9228871))
32615;POLYGON((-3394396 9643490,-3399790 9575277,-3648497 9554740,-3641205 9629244,-3394396 9643490))
32616;POLYGON((-3302175 10035281,-3325134 9972755,-3555295 9990176,-3527379 10058972,-3302175 10035281))
32617;POLYGON((-3092239 10373332,-3136360 10322350,-3326895 10376040,-3273614 10432587,-3092239 10373332))
32618;POLYGON((-2741033 10615589,-2810485 10584048,-2932731 10667383,-2848474 10702750,-2741033 10615589))
32619;POLYGON((-2221333 10705998,-2320926 10704349,-2336701 10803426,-2214859 10805674,-2221333 10705998))
32620;POLYGON((-1501823 10571140,-1637080 10612986,-1496394 10703586,-1329226 10657042,-1501823 10571140))
32621;POLYGON((-546625 10116266,-723863 10219067,-362239 10262796,-140723 10147196,-546625 10116266))
32622;POLYGON((685192 9220694,458778 9406580,1123424 9346031,1409754 9135528,685192 9220694))
32623;POLYGON((2240166 7732480,1956406 8029197,3027367 7781963,3390603 7443973,2240166 7732480))
32624;POLYGON((4171010 5462298,3820663 5904281,5426580 5355640,5880629 4849523,4171010 5462298))
32625;POLYGON((6537250 2176443,6109895 2806049,8409473 1800102,8970272 1075657,6537250 2176443))
32626;POLYGON((9405897 -2411108,8889815 -1542207,12077189 -3213167,12762928 -4217417,9405897 -2411108))
32627;POLYGON((12852167 -8647689,12234219 -7476932,16545002 -10085061,17376375 -11443805,12852167 -8647689))
32628;POLYGON((16960253 -16952044,16225751 -15404216,21943847 -19301052,22944310 -21104363,16960253 -16952044))
32629;POLYGON((21824156 -27825664,20956714 -25810918,28421942 -31444890,29618000 -33800665,21824156 -27825664))
32630;POLYGON((27548559 -41865425,26529950 -39277079,36146542 -47213916,37568051 -50250592,27548559 -41865425))
32631;POLYGON((-28667665 -47367569,-29769314 -50288644,-41080778 -60143539,-39534212 -56711011,-28667665 -47367569))
32632;POLYGON((-22631184 -32121306,-23571810 -34408372,-32422011 -41506553,-31117181 -38827780,-22631184 -32121306))
32633;POLYGON((-17492633 -20263726,-18291446 -22032784,-25132747 -27031099,-24038002 -24966260,-17492633 -20263726))
32634;POLYGON((-13143561 -11163108,-13817847 -12512132,-19032009 -15934749,-18119207 -14366035,-13143561 -11163108))
32635;POLYGON((-9486508 -4287637,-10051787 -5298898,-13959088 -7559833,-13203285 -6388579,-9486508 -4287637))
32636;POLYGON((-6434105 807691,-6904273 65538,-9771717 -1356977,-9150872 -501092,-6434105 807691))
32637;POLYGON((-3908231 4492832,-4295701 3962880,-6344356 3129649,-5839060 3737992,-3908231 4492832))
32638;POLYGON((-1839224 7073194,-2155051 6708614,-3566604 6275530,-3159822 6691944,-1839224 7073194))
32639;POLYGON((-165140 8798989,-419142 8561547,-1341715 8387526,-1018552 8657229,-165140 8798989))
32640;POLYGON((1168932 9873513,968064 9732263,414775 9714258,667293 9873686,1168932 9873513))
32641;POLYGON((2211523 10460451,2056119 10390581,1776322 10455262,1969450 10533477,2211523 10460451))
32642;POLYGON((3005371 10690274,2888684 10672099,2806541 10769001,2950002 10788925,3005371 10690274))
32643;POLYGON((3587979 10665830,3504101 10683913,3560286 10779853,3662442 10759338,3587979 10665830))
32644;POLYGON((3992132 10467178,3935905 10509573,4084643 10584156,4152651 10536911,3992132 10467178))
32645;POLYGON((4246368 10155758,4213313 10213360,4419830 10255410,4459784 10191784,4246368 10155758))
32646;POLYGON((4375420 9777948,4361660 9843940,4600021 9848707,4617082 9776368,4375420 9777948))
32647;POLYGON((4400618 9368089,4402819 9437469,4654094 9404493,4652611 9328985,4400618 9368089))
32648;POLYGON((4340257 8951016,4355566 9020210,4606311 8951708,4589920 8876927,4340257 8951016))
32649;POLYGON((4209946 8544176,4235934 8610712,4476921 8510403,4448647 8438984,4209946 8544176))
32650;POLYGON((4022912 8159369,4057527 8221608,4282712 8093882,4245051 8027514,4022912 8159369))
32651;POLYGON((3790291 7804159,3831811 7861084,4037498 7710445,3992495 7650125,3790291 7804159))
32652;POLYGON((3521387 7483021,3568379 7534059,3752555 7364769,3701870 7311008,3521387 7483021))
32653;POLYGON((3223916 7198239,3275194 7243130,3437008 7059011,3381979 7011984,3223916 7198239))
32654;POLYGON((2904218 6950610,2958812 6989299,3098177 6793645,3039869 6753315,2904218 6950610))
32655;POLYGON((2567468 6739986,2624588 6772545,2741873 6568108,2681128 6534316,2567468 6739986))
32656;POLYGON((2217853 6565677,2276864 6592245,2372672 6381269,2310148 6353798,2217853 6565677))
32657;POLYGON((1858751 6426750,1919138 6447489,1994146 6231780,1930357 6210401,1858751 6426750))
32658;POLYGON((1492886 6322240,1554234 6337306,1609080 6118308,1544427 6102813,1492886 6322240))
32659;POLYGON((1122479 6251301,1184447 6260823,1219654 6039702,1154454 6029925,1122479 6251301))
32660;POLYGON((749395 6213301,811690 6217366,827619 5995099,762132 5990929,749395 6213301))
