32701;POLYGON((409239 17321357,454614 17320271,451089 17097397,402187 17098548,409239 17321357))
32702;POLYGON((137698 17343066,182823 17337639,158140 17115816,109487 17121573,137698 17343066))
32703;POLYGON((-131151 17390822,-86617 17381055,-132473 17161889,-180537 17172261,-131151 17390822))
32704;POLYGON((-395216 17464599,-351630 17450498,-418666 17235676,-465782 17250673,-395216 17464599))
32705;POLYGON((-652285 17564319,-610024 17545903,-698212 17337230,-743989 17356856,-652285 17564319))
32706;POLYGON((-899987 17689798,-859460 17667108,-968679 17466542,-1012690 17490785,-899987 17689798))
32707;POLYGON((-1135764 17840680,-1097411 17813791,-1227389 17623461,-1269160 17652276,-1135764 17840680))
32708;POLYGON((-1356856 18016349,-1321151 17985386,-1471377 17807592,-1510385 17840878,-1356856 18016349))
32709;POLYGON((-1560305 18215817,-1527753 18180975,-1697376 18018155,-1733047 18055736,-1560305 18215817))
32710;POLYGON((-1742980 18437604,-1714114 18399171,-1901816 18253828,-1933526 18295416,-1742980 18437604))
32711;POLYGON((-1901626 18679584,-1876994 18637965,-2080847 18512543,-2107932 18557705,-1901626 18679584))
32712;POLYGON((-2032942 18938823,-2013093 18894571,-2230390 18791248,-2252150 18839360,-2032942 18938823))
32713;POLYGON((-2133690 19211382,-2119154 19165233,-2346208 19085622,-2361931 19135819,-2133690 19211382))
32714;POLYGON((-2200841 19492108,-2192101 19445014,-2424021 19389748,-2432999 19440861,-2200841 19492108))
32715;POLYGON((-2231755 19774394,-2229215 19727568,-2459648 19695716,-2461204 19746204,-2231755 19774394))
32716;POLYGON((-2224404 20049919,-2228348 20004879,-2449184 19993180,-2442711 20041045,-2224404 20049919))
32717;POLYGON((-2177643 20308355,-2188189 20266974,-2389230 20268836,-2374227 20311532,-2177643 20308355))
32718;POLYGON((-2091525 20537053,-2108565 20501616,-2277153 20505821,-2253278 20540147,-2091525 20537053))
32719;POLYGON((-1967672 20720697,-1990809 20693957,-2111406 20683040,-2078532 20705013,-1967672 20720697))
32720;POLYGON((-1809693 20840927,-1838169 20826172,-1891889 20774381,-1850168 20779103,-1809693 20840927))
32721;POLYGON((-1623675 20875928,-1656280 20877053,-1620368 20747843,-1570308 20729340,-1623675 20875928))
32722;POLYGON((-1418718 20799991,-1453702 20821570,-1300950 20564541,-1243500 20515585,-1418718 20799991))
32723;POLYGON((-1207547 20583030,-1242509 20630404,-940619 20177588,-877264 20089503,-1207547 20583030))
32724;POLYGON((-1007193 20190070,-1038965 20269430,-549832 19530849,-482697 19393283,-1007193 20190070))
32725;POLYGON((-839736 19580686,-864253 19699173,-143182 18557541,-75154 18358222,-839736 19580686))
32726;POLYGON((-733133 18708410,-745290 18874214,259863 17178679,325013 16903136,-733133 18708410))
32727;POLYGON((-722120 17520084,-715617 17742559,634167 15301345,691636 14932608,-722120 17520084))
32728;POLYGON((-849198 15955175,-816367 16244952,948032 12816786,991833 12335043,-849198 15955175))
32729;POLYGON((-1165703 13945037,-1097327 14314153,1162245 9598294,1185041 8980523,-1165703 13945037))
32730;POLYGON((-1732962 11412121,-1618074 11874156,1229039 5498891,1221958 4718449,-1732962 11412121))
32731;POLYGON((2989966 10436854,3132829 9922749,-163733 2193730,-189612 3066751,2989966 10436854))
32732;POLYGON((2323587 13162920,2413731 12749143,-226489 6973220,-217420 7668752,2323587 13162920))
32733;POLYGON((1930841 15338237,1980187 15010388,-104674 10761301,-70367 11307963,1930841 15338237))
32734;POLYGON((1746793 17043506,1765409 16788793,147618 13719869,199082 14142441,1746793 17043506))
32735;POLYGON((1716911 18350249,1713215 18157355,485594 15988874,547574 16308723,1716911 18350249))
32736;POLYGON((1795873 19321619,1776826 19180567,872658 17688790,939780 17924264,1795873 19321619))
32737;POLYGON((1946467 20013154,1917753 19915186,1279402 18922869,1347397 19089648,1946467 20013154))
32738;POLYGON((2138582 20473478,2104766 20410942,1682670 19779181,1748226 19890599,2138582 20473478))
32739;POLYGON((2348272 20744961,2312954 20711204,2064709 20332460,2125334 20399797,2348272 20744961))
32740;POLYGON((2556913 20864333,2522861 20853599,2412379 20645776,2466284 20678516,2556913 20864333))
32741;POLYGON((2750421 20863249,2719698 20870591,2716454 20772034,2762433 20778104,2750421 20863249))
32742;POLYGON((2918559 20768822,2892632 20790016,2970970 20755320,3008308 20741296,2918559 20768822))
32743;POLYGON((3054301 20604114,3034142 20635578,3172659 20632107,3201033 20603406,3054301 20604114))
32744;POLYGON((3153266 20388589,3139444 20427311,3320425 20432330,3339833 20393373,3153266 20388589))
32745;POLYGON((3213222 20138536,3205979 20182005,3414895 20180334,3425579 20134697,3213222 20138536))
32746;POLYGON((3233634 19867453,3232959 19913597,3458016 19895725,3460404 19846267,3233634 19867453))
32747;POLYGON((3215288 19586403,3220972 19633533,3452709 19594105,3447361 19543085,3215288 19586403))
32748;POLYGON((3159947 19304344,3171642 19351100,3402568 19287732,3390131 19236909,3159947 19304344))
32749;POLYGON((3070076 19028423,3087333 19073728,3311614 18986085,3292782 18936804,3070076 19028423))
32750;POLYGON((2948597 18764252,2970905 18807267,3184078 18696362,3159567 18649633,2948597 18764252))
32751;POLYGON((2798695 18516147,2825513 18556232,3024241 18423910,2994758 18380470,2798695 18516147))
32752;POLYGON((2623664 18287356,2654441 18324037,2836297 18172590,2802525 18132962,2623664 18287356))
32753;POLYGON((2426784 18080255,2460978 18113187,2624256 17945099,2586841 17909637,2426784 18080255))
32754;POLYGON((2211235 17896522,2248326 17925468,2391879 17743230,2351420 17712163,2211235 17896522))
32755;POLYGON((1980037 17737293,2019534 17762095,2142636 17568105,2099682 17541568,1980037 17737293))
32756;POLYGON((1736015 17603296,1777462 17623856,1879692 17420359,1834741 17398421,1736015 17603296))
32757;POLYGON((1481797 17494963,1524769 17511224,1605914 17300292,1559417 17282980,1481797 17494963))
32758;POLYGON((1219810 17412526,1263916 17424461,1323893 17207997,1276257 17195314,1219810 17412526))
32759;POLYGON((952318 17356092,997191 17363689,1035987 17143455,987586 17135392,952318 17356092))
32760;POLYGON((681447 17325699,726739 17328955,744369 17106606,695550 17103152,681447 17325699))
32601;POLYGON((409239 7321357,454614 7320271,451089 7097397,402187 7098548,409239 7321357))
32602;POLYGON((137698 7343066,182823 7337639,158140 7115816,109487 7121573,137698 7343066))
32603;POLYGON((-131151 7390822,-86617 7381055,-132473 7161889,-180537 7172261,-131151 7390822))
32604;POLYGON((-395216 7464599,-351630 7450498,-418666 7235676,-465782 7250673,-395216 7464599))
32605;POLYGON((-652285 7564319,-610024 7545903,-698212 7337230,-743989 7356856,-652285 7564319))
32606;POLYGON((-899987 7689798,-859460 7667108,-968679 7466542,-1012690 7490785,-899987 7689798))
32607;POLYGON((-1135764 7840680,-1097411 7813791,-1227389 7623461,-1269160 7652276,-1135764 7840680))
32608;POLYGON((-1356856 8016349,-1321151 7985386,-1471377 7807592,-1510385 7840878,-1356856 8016349))
32609;POLYGON((-1560305 8215817,-1527753 8180975,-1697376 8018155,-1733047 8055736,-1560305 8215817))
32610;POLYGON((-1742980 8437604,-1714114 8399171,-1901816 8253828,-1933526 8295416,-1742980 8437604))
32611;POLYGON((-1901626 8679584,-1876994 8637965,-2080847 8512543,-2107932 8557705,-1901626 8679584))
32612;POLYGON((-2032942 8938823,-2013093 8894571,-2230390 8791248,-2252150 8839360,-2032942 8938823))
32613;POLYGON((-2133690 9211382,-2119154 9165233,-2346208 9085622,-2361931 9135819,-2133690 9211382))
32614;POLYGON((-2200841 9492108,-2192101 9445014,-2424021 9389748,-2432999 9440861,-2200841 9492108))
32615;POLYGON((-2231755 9774394,-2229215 9727568,-2459648 9695716,-2461204 9746204,-2231755 9774394))
32616;POLYGON((-2224404 10049919,-2228348 10004879,-2449184 9993180,-2442711 10041045,-2224404 10049919))
32617;POLYGON((-2177643 10308355,-2188189 10266974,-2389230 10268836,-2374227 10311532,-2177643 10308355))
32618;POLYGON((-2091525 10537053,-2108565 10501616,-2277153 10505821,-2253278 10540147,-2091525 10537053))
32619;POLYGON((-1967672 10720697,-1990809 10693957,-2111406 10683040,-2078532 10705013,-1967672 10720697))
32620;POLYGON((-1809693 10840927,-1838169 10826172,-1891889 10774381,-1850168 10779103,-1809693 10840927))
32621;POLYGON((-1623675 10875928,-1656280 10877053,-1620368 10747843,-1570308 10729340,-1623675 10875928))
32622;POLYGON((-1418718 10799991,-1453702 10821570,-1300950 10564541,-1243500 10515585,-1418718 10799991))
32623;POLYGON((-1207547 10583030,-1242509 10630404,-940619 10177588,-877264 10089503,-1207547 10583030))
32624;POLYGON((-1007193 10190070,-1038965 10269430,-549832 9530849,-482697 9393283,-1007193 10190070))
32625;POLYGON((-839736 9580686,-864253 9699173,-143182 8557541,-75154 8358222,-839736 9580686))
32626;POLYGON((-733133 8708410,-745290 8874214,259863 7178679,325013 6903136,-733133 8708410))
32627;POLYGON((-722120 7520084,-715617 7742559,634167 5301345,691636 4932608,-722120 7520084))
32628;POLYGON((-849198 5955175,-816367 6244952,948032 2816786,991833 2335043,-849198 5955175))
32629;POLYGON((-1165703 3945037,-1097327 4314153,1162245 -401705,1185041 -1019476,-1165703 3945037))
32630;POLYGON((-1732962 1412121,-1618074 1874156,1229039 -4501108,1221958 -5281550,-1732962 1412121))
32631;POLYGON((2989966 436854,3132829 -77250,-163733 -7806269,-189612 -6933248,2989966 436854))
32632;POLYGON((2323587 3162920,2413731 2749143,-226489 -3026779,-217420 -2331247,2323587 3162920))
32633;POLYGON((1930841 5338237,1980187 5010388,-104674 761301,-70367 1307963,1930841 5338237))
32634;POLYGON((1746793 7043506,1765409 6788793,147618 3719869,199082 4142441,1746793 7043506))
32635;POLYGON((1716911 8350249,1713215 8157355,485594 5988874,547574 6308723,1716911 8350249))
32636;POLYGON((1795873 9321619,1776826 9180567,872658 7688790,939780 7924264,1795873 9321619))
32637;POLYGON((1946467 10013154,1917753 9915186,1279402 8922869,1347397 9089648,1946467 10013154))
32638;POLYGON((2138582 10473478,2104766 10410942,1682670 9779181,1748226 9890599,2138582 10473478))
32639;POLYGON((2348272 10744961,2312954 10711204,2064709 10332460,2125334 10399797,2348272 10744961))
32640;POLYGON((2556913 10864333,2522861 10853599,2412379 10645776,2466284 10678516,2556913 10864333))
32641;POLYGON((2750421 10863249,2719698 10870591,2716454 10772034,2762433 10778104,2750421 10863249))
32642;POLYGON((2918559 10768822,2892632 10790016,2970970 10755320,3008308 10741296,2918559 10768822))
32643;POLYGON((3054301 10604114,3034142 10635578,3172659 10632107,3201033 10603406,3054301 10604114))
32644;POLYGON((3153266 10388589,3139444 10427311,3320425 10432330,3339833 10393373,3153266 10388589))
32645;POLYGON((3213222 10138536,3205979 10182005,3414895 10180334,3425579 10134697,3213222 10138536))
32646;POLYGON((3233634 9867453,3232959 9913597,3458016 9895725,3460404 9846267,3233634 9867453))
32647;POLYGON((3215288 9586403,3220972 9633533,3452709 9594105,3447361 9543085,3215288 9586403))
32648;POLYGON((3159947 9304344,3171642 9351100,3402568 9287732,3390131 9236909,3159947 9304344))
32649;POLYGON((3070076 9028423,3087333 9073728,3311614 8986085,3292782 8936804,3070076 9028423))
32650;POLYGON((2948597 8764252,2970905 8807267,3184078 8696362,3159567 8649633,2948597 8764252))
32651;POLYGON((2798695 8516147,2825513 8556232,3024241 8423910,2994758 8380470,2798695 8516147))
32652;POLYGON((2623664 8287356,2654441 8324037,2836297 8172590,2802525 8132962,2623664 8287356))
32653;POLYGON((2426784 8080255,2460978 8113187,2624256 7945099,2586841 7909637,2426784 8080255))
32654;POLYGON((2211235 7896522,2248326 7925468,2391879 7743230,2351420 7712163,2211235 7896522))
32655;POLYGON((1980037 7737293,2019534 7762095,2142636 7568105,2099682 7541568,1980037 7737293))
32656;POLYGON((1736015 7603296,1777462 7623856,1879692 7420359,1834741 7398421,1736015 7603296))
32657;POLYGON((1481797 7494963,1524769 7511224,1605914 7300292,1559417 7282980,1481797 7494963))
32658;POLYGON((1219810 7412526,1263916 7424461,1323893 7207997,1276257 7195314,1219810 7412526))
32659;POLYGON((952318 7356092,997191 7363689,1035987 7143455,987586 7135392,952318 7356092))
32660;POLYGON((681447 7325699,726739 7328955,744369 7106606,695550 7103152,681447 7325699))
