32701;POLYGON((296550 12655671,398285 12654587,396775 12433164,293527 12434177,296550 12655671))
32702;POLYGON((-315472 12677484,-213172 12672005,-223849 12449448,-327714 12454571,-315472 12677484))
32703;POLYGON((-933545 12726436,-829918 12716314,-850256 12490898,-955574 12500373,-933545 12726436))
32704;POLYGON((-1562306 12804788,-1456569 12789549,-1487536 12559496,-1595176 12573785,-1562306 12804788))
32705;POLYGON((-2206538 12916298,-2097884 12895197,-2141020 12658656,-2251902 12678489,-2206538 12916298))
32706;POLYGON((-2871194 13066608,-2758785 13038553,-2816371 12793591,-2931475 12820050,-2871194 13066608))
32707;POLYGON((-3561373 13263825,-3444351 13227262,-3519655 12971898,-3640035 13006537,-3561373 13263825))
32708;POLYGON((-4282253 13519366,-4159755 13472116,-4257383 13204416,-4384169 13249434,-4282253 13519366))
32709;POLYGON((-5038943 13849141,-4910131 13788178,-5036527 13506441,-5170925 13564932,-5038943 13849141))
32710;POLYGON((-5836267 14275168,-5700369 14196315,-5864491 13899408,-6007771 13975691,-5836267 14275168))
32711;POLYGON((-6678449 14827724,-6534818 14725250,-6749033 14413160,-6902516 14513225,-6678449 14827724))
32712;POLYGON((-7568695 15548152,-7416890 15414256,-7698142 15088937,-7863169 15221021,-7568695 15548152))
32713;POLYGON((-8508658 16492478,-8348537 16316622,-8719850 15983246,-8897748 16158581,-8508658 16492478))
32714;POLYGON((-9497771 17735971,-9329615 17504048,-9821980 17172790,-10014010 17406536,-9497771 17735971))
32715;POLYGON((-10532439 19378838,-10357096 19072136,-11011823 18760645,-11219122 19073060,-10532439 19378838))
32716;POLYGON((-11605075 21553221,-11424133 21147156,-12295736 20883903,-12519240 21301770,-11605075 21553221))
32717;POLYGON((-12702968 24431711,-12518955 23894298,-13678654 23723001,-13919007 24281367,-12702968 24431711))
32718;POLYGON((-13806972 28237596,-13623587 27527608,-15163512 27512993,-15420963 28257256,-13806972 28237596))
32719;POLYGON((-14889998 33257067,-14712377 32321854,-16750568 32557027,-17024848 33545414,-14889998 33257067))
32720;POLYGON((-15915302 39853637,-15750320 38626559,-18436626 39242317,-18726803 40548810,-15915302 39853637))
32721;POLYGON((-16834561 48485046,-16691164 46882472,-20214140 48058900,-20518466 49776655,-16834561 48485046))
32722;POLYGON((-17585706 59722915,-17475291 57640742,-22070208 59621511,-22385935 61866833,-17585706 59722915))
32723;POLYGON((-18090519 74275459,-18027355 71585103,-23985442 74694912,-24308621 77611834,-18090519 74275459))
32724;POLYGON((-18251978 93013566,-18253662 89557367,-25932704 94223029,-26257961 97988565,-18251978 93013566))
32725;POLYGON((-17951322 117000577,-18039289 112586563,-27875706 119362268,-28195998 124192401,-17951322 117000577))
32726;POLYGON((-17044841 147526088,-17244920 141922050,-29767472 151519418,-30073816 157675890,-17044841 147526088))
32727;POLYGON((-15360378 186144171,-15703396 179070969,-31548649 192394538,-31829819 200192513,-15360378 186144171))
32728;POLYGON((-12693510 234716349,-13215949 225840402,-33145653 244029261,-33387865 253845933,-12693510 234716349))
32729;POLYGON((-8803425 295459746,-9548133 284384631,-34468668 308860968,-34655225 321145194,-8803425 295459746))
32730;POLYGON((-3408458 371000799,-4425415 357257895,-35409467 389783291,-35520376 405066324,-3408458 371000799))
32731;POLYGON((2220554 399989791,1046275 415267694,36761552 454334500,36697103 437323870,2220554 399989791))
32732;POLYGON((8187489 318853308,7313381 331198834,36145844 360821958,35994391 347110336,8187489 318853308))
32733;POLYGON((12545752 253491059,11917962 263412756,35064383 285615545,34847715 274626088,12545752 253491059))
32734;POLYGON((15591680 201127207,15163892 209056363,33638969 225480499,33375381 216724565,15591680 201127207))
32735;POLYGON((17579189 159414446,17311831 165714957,31971439 177682405,31676127 170748241,17579189 159414446))
32736;POLYGON((18724356 126378336,18583859 131355568,30145966 139922199,29831392 134464762,18724356 126378336))
32737;POLYGON((19209657 100367344,19167772 104276087,28231173 110277825,27907403 106009679,19209657 100367344))
32738;POLYGON((19187878 80008188,19221045 83059745,26282093 87152073,25957106 83835257,19187878 80008188))
32739;POLYGON((18785724 64166076,18874494 66534565,24341958 69226124,24021928 66664936,18785724 64166076))
32740;POLYGON((18107128 51909468,18235628 53737400,22443840 55418375,22133400 53452992,18107128 51909468))
32741;POLYGON((17236265 42479000,17391718 43882180,20612148 44848110,20314619 43348978,17236265 42479000))
32742;POLYGON((16240308 35260201,16412590 36332030,18863972 36803618,18581580 35666538,16240308 35260201))
32743;POLYGON((15171910 29759701,15353156 30574911,17210311 30714365,16944374 29856230,15171910 29759701))
32744;POLYGON((14071449 25584585,14255694 26202474,15657153 26126860,15408253 25481959,14071449 25584585))
32745;POLYGON((12969032 22424608,13151894 22891818,14206451 22683850,13974582 22200708,12969032 22424608))
32746;POLYGON((11886276 20036975,12064671 20389862,12856973 20106530,12641673 19745210,11886276 20036975))
32747;POLYGON((10837881 18233425,11009779 18500064,11605046 18179435,11405513 17909258,10837881 18233425))
32748;POLYGON((9833008 16869360,9997214 17071225,10445202 16737728,10260389 16535371,9833008 16869360))
32749;POLYGON((8876468 15834778,9032437 15988135,9370723 15656605,9199424 15504520,8876468 15834778))
32750;POLYGON((7969738 15046789,8117417 15163845,8374101 14842551,8215013 14727674,7969738 15046789))
32751;POLYGON((7111826 14443512,7251521 14533344,7447409 14226216,7299193 14138916,7111826 14443512))
32752;POLYGON((6299978 13979154,6432243 14048454,6582606 13756674,6443929 13689920,6299978 13979154))
32753;POLYGON((5530257 13620099,5655810 13673763,5771762 13396868,5641324 13345568,5530257 13620099))
32754;POLYGON((4798000 13341845,4917653 13383432,5007225 13120051,4883788 13080547,4798000 13341845))
32755;POLYGON((4098163 13126649,4212770 13158729,4281731 12907053,4164125 12876734,4098163 13126649))
32756;POLYGON((3425572 12961747,3535997 12986162,3588459 12744226,3475593 12721241,3425572 12961747))
32757;POLYGON((2775090 12838038,2882183 12856095,2921050 12621928,2811907 12604978,2775090 12838038))
32758;POLYGON((2141712 12749135,2246294 12761741,2273578 12533436,2167210 12521627,2141712 12749135))
32759;POLYGON((1520598 12690702,1623465 12698458,1640501 12474189,1536016 12466933,1520598 12690702))
32760;POLYGON((907067 12660012,1008990 12663275,1016579 12441285,913126 12438235,907067 12660012))
32601;POLYGON((296550 2655671,398285 2654587,396775 2433164,293527 2434177,296550 2655671))
32602;POLYGON((-315472 2677484,-213172 2672005,-223849 2449448,-327714 2454571,-315472 2677484))
32603;POLYGON((-933545 2726436,-829918 2716314,-850256 2490898,-955574 2500373,-933545 2726436))
32604;POLYGON((-1562306 2804788,-1456569 2789549,-1487536 2559496,-1595176 2573785,-1562306 2804788))
32605;POLYGON((-2206538 2916298,-2097884 2895197,-2141020 2658656,-2251902 2678489,-2206538 2916298))
32606;POLYGON((-2871194 3066608,-2758785 3038553,-2816371 2793591,-2931475 2820050,-2871194 3066608))
32607;POLYGON((-3561373 3263825,-3444351 3227262,-3519655 2971898,-3640035 3006537,-3561373 3263825))
32608;POLYGON((-4282253 3519366,-4159755 3472116,-4257383 3204416,-4384169 3249434,-4282253 3519366))
32609;POLYGON((-5038943 3849141,-4910131 3788178,-5036527 3506441,-5170925 3564932,-5038943 3849141))
32610;POLYGON((-5836267 4275168,-5700369 4196315,-5864491 3899408,-6007771 3975691,-5836267 4275168))
32611;POLYGON((-6678449 4827724,-6534818 4725250,-6749033 4413160,-6902516 4513225,-6678449 4827724))
32612;POLYGON((-7568695 5548152,-7416890 5414256,-7698142 5088937,-7863169 5221021,-7568695 5548152))
32613;POLYGON((-8508658 6492478,-8348537 6316622,-8719850 5983246,-8897748 6158581,-8508658 6492478))
32614;POLYGON((-9497771 7735971,-9329615 7504048,-9821980 7172790,-10014010 7406536,-9497771 7735971))
32615;POLYGON((-10532439 9378838,-10357096 9072136,-11011823 8760645,-11219122 9073060,-10532439 9378838))
32616;POLYGON((-11605075 11553221,-11424133 11147156,-12295736 10883903,-12519240 11301770,-11605075 11553221))
32617;POLYGON((-12702968 14431711,-12518955 13894298,-13678654 13723001,-13919007 14281367,-12702968 14431711))
32618;POLYGON((-13806972 18237596,-13623587 17527608,-15163512 17512993,-15420963 18257256,-13806972 18237596))
32619;POLYGON((-14889998 23257067,-14712377 22321854,-16750568 22557027,-17024848 23545414,-14889998 23257067))
32620;POLYGON((-15915302 29853637,-15750320 28626559,-18436626 29242317,-18726803 30548810,-15915302 29853637))
32621;POLYGON((-16834561 38485046,-16691164 36882472,-20214140 38058900,-20518466 39776655,-16834561 38485046))
32622;POLYGON((-17585706 49722915,-17475291 47640742,-22070208 49621511,-22385935 51866833,-17585706 49722915))
32623;POLYGON((-18090519 64275459,-18027355 61585103,-23985442 64694912,-24308621 67611834,-18090519 64275459))
32624;POLYGON((-18251978 83013566,-18253662 79557367,-25932704 84223029,-26257961 87988565,-18251978 83013566))
32625;POLYGON((-17951322 107000577,-18039289 102586563,-27875706 109362268,-28195998 114192401,-17951322 107000577))
32626;POLYGON((-17044841 137526088,-17244920 131922050,-29767472 141519418,-30073816 147675890,-17044841 137526088))
32627;POLYGON((-15360378 176144171,-15703396 169070969,-31548649 182394538,-31829819 190192513,-15360378 176144171))
32628;POLYGON((-12693510 224716349,-13215949 215840402,-33145653 234029261,-33387865 243845933,-12693510 224716349))
32629;POLYGON((-8803425 285459746,-9548133 274384631,-34468668 298860968,-34655225 311145194,-8803425 285459746))
32630;POLYGON((-3408458 361000799,-4425415 347257895,-35409467 379783291,-35520376 395066324,-3408458 361000799))
32631;POLYGON((2220554 389989791,1046275 405267694,36761552 444334500,36697103 427323870,2220554 389989791))
32632;POLYGON((8187489 308853308,7313381 321198834,36145844 350821958,35994391 337110336,8187489 308853308))
32633;POLYGON((12545752 243491059,11917962 253412756,35064383 275615545,34847715 264626088,12545752 243491059))
32634;POLYGON((15591680 191127207,15163892 199056363,33638969 215480499,33375381 206724565,15591680 191127207))
32635;POLYGON((17579189 149414446,17311831 155714957,31971439 167682405,31676127 160748241,17579189 149414446))
32636;POLYGON((18724356 116378336,18583859 121355568,30145966 129922199,29831392 124464762,18724356 116378336))
32637;POLYGON((19209657 90367344,19167772 94276087,28231173 100277825,27907403 96009679,19209657 90367344))
32638;POLYGON((19187878 70008188,19221045 73059745,26282093 77152073,25957106 73835257,19187878 70008188))
32639;POLYGON((18785724 54166076,18874494 56534565,24341958 59226124,24021928 56664936,18785724 54166076))
32640;POLYGON((18107128 41909468,18235628 43737400,22443840 45418375,22133400 43452992,18107128 41909468))
32641;POLYGON((17236265 32479000,17391718 33882180,20612148 34848110,20314619 33348978,17236265 32479000))
32642;POLYGON((16240308 25260201,16412590 26332030,18863972 26803618,18581580 25666538,16240308 25260201))
32643;POLYGON((15171910 19759701,15353156 20574911,17210311 20714365,16944374 19856230,15171910 19759701))
32644;POLYGON((14071449 15584585,14255694 16202474,15657153 16126860,15408253 15481959,14071449 15584585))
32645;POLYGON((12969032 12424608,13151894 12891818,14206451 12683850,13974582 12200708,12969032 12424608))
32646;POLYGON((11886276 10036975,12064671 10389862,12856973 10106530,12641673 9745210,11886276 10036975))
32647;POLYGON((10837881 8233425,11009779 8500064,11605046 8179435,11405513 7909258,10837881 8233425))
32648;POLYGON((9833008 6869360,9997214 7071225,10445202 6737728,10260389 6535371,9833008 6869360))
32649;POLYGON((8876468 5834778,9032437 5988135,9370723 5656605,9199424 5504520,8876468 5834778))
32650;POLYGON((7969738 5046789,8117417 5163845,8374101 4842551,8215013 4727674,7969738 5046789))
32651;POLYGON((7111826 4443512,7251521 4533344,7447409 4226216,7299193 4138916,7111826 4443512))
32652;POLYGON((6299978 3979154,6432243 4048454,6582606 3756674,6443929 3689920,6299978 3979154))
32653;POLYGON((5530257 3620099,5655810 3673763,5771762 3396868,5641324 3345568,5530257 3620099))
32654;POLYGON((4798000 3341845,4917653 3383432,5007225 3120051,4883788 3080547,4798000 3341845))
32655;POLYGON((4098163 3126649,4212770 3158729,4281731 2907053,4164125 2876734,4098163 3126649))
32656;POLYGON((3425572 2961747,3535997 2986162,3588459 2744226,3475593 2721241,3425572 2961747))
32657;POLYGON((2775090 2838038,2882183 2856095,2921050 2621928,2811907 2604978,2775090 2838038))
32658;POLYGON((2141712 2749135,2246294 2761741,2273578 2533436,2167210 2521627,2141712 2749135))
32659;POLYGON((1520598 2690702,1623465 2698458,1640501 2474189,1536016 2466933,1520598 2690702))
32660;POLYGON((907067 2660012,1008990 2663275,1016579 2441285,913126 2438235,907067 2660012))
