32701;POLYGON((447629 1005441,465078 1006193,472793 783069,459200 782480,447629 1005441))
32702;POLYGON((343435 994624,360716 997175,391495 776009,378034 774013,343435 994624))
32703;POLYGON((240875 973091,257809 977417,311351 760547,298167 757162,240875 973091))
32704;POLYGON((141028 941047,157435 947106,233219 736836,220451 732099,141028 941047))
32705;POLYGON((44955 898797,60661 906532,157936 705118,145723 699075,44955 898797))
32706;POLYGON((-46309 846752,-31475 856086,86318 665715,74793 658427,-46309 846752))
32707;POLYGON((-131767 785425,-117969 796266,19148 619031,8438 610576,-131767 785425))
32708;POLYGON((-210470 715435,-197860 727672,-42832 565554,-52609 556019,-210470 715435))
32709;POLYGON((-281528 637499,-270251 651007,-98935 505844,-107668 495330,-281528 637499))
32710;POLYGON((-344133 552435,-334317 567070,-148530 440538,-156123 429158,-344133 552435))
32711;POLYGON((-397575 461145,-389331 476751,-191063 370336,-197432 358212,-397575 461145))
32712;POLYGON((-441265 364610,-434681 381020,-226069 295995,-231144 283259,-441265 364610))
32713;POLYGON((-474764 263867,-469902 280905,-253181 218316,-256914 205103,-474764 263867))
32714;POLYGON((-497813 159983,-494702 177470,-272155 138127,-274516 124577,-497813 159983))
32715;POLYGON((-510371 54023,-509001 71783,-282881 56262,-283868 42513,-510371 54023))
32716;POLYGON((-512653 -53000,-512968 -35129,-285409 -26462,-285046 -40279,-512653 -53000))
32717;POLYGON((-505180 -160180,-507071 -142340,-279968 -109286,-278313 -123050,-505180 -160180))
32718;POLYGON((-488831 -266791,-492123 -249086,-266993 -191538,-264141 -205151,-488831 -266791))
32719;POLYGON((-464900 -372376,-469346 -354858,-247151 -272690,-243238 -286081,-464900 -372376))
32720;POLYGON((-435165 -476853,-440432 -459506,-221374 -352411,-216582 -365550,-435165 -476853))
32721;POLYGON((-401958 -580650,-407616 -563361,-190887 -430639,-185453 -443546,-401958 -580650))
32722;POLYGON((-368249 -684849,-373755 -667385,-157251 -507656,-151468 -520418,-368249 -684849))
32723;POLYGON((-337731 -791374,-342415 -773347,-122394 -584188,-116624 -596976,-337731 -791374))
32724;POLYGON((-314918 -903194,-317966 -884027,-88661 -661504,-83337 -674592,-314918 -903194))
32725;POLYGON((-305253 -1024563,-305689 -1003446,-58854 -741550,-54493 -755336,-305253 -1024563))
32726;POLYGON((-315219 -1161304,-311886 -1137145,-36288 -827079,-33494 -842114,-315219 -1161304))
32727;POLYGON((-352469 -1321113,-344003 -1292485,-24837 -921823,-24315 -938833,-352469 -1321113))
32728;POLYGON((-425953 -1513925,-410767 -1479000,-28997 -1030662,-31561 -1050588,-425953 -1513925))
32729;POLYGON((-546070 -1752313,-522324 -1708794,-53947 -1159836,-60531 -1183865,-546070 -1752313))
32730;POLYGON((-724821 -2051940,-690396 -1996981,-105611 -1317168,-117280 -1346777,-724821 -2051940))
32731;POLYGON((1724821 -2051940,1761253 -2109126,1129910 -1377482,1117280 -1346777,1724821 -2051940))
32732;POLYGON((1546070 -1752313,1571441 -1797526,1067885 -1208714,1060531 -1183865,1546070 -1752313))
32733;POLYGON((1425953 -1513925,1442430 -1550109,1034727 -1071109,1031561 -1050588,1425953 -1513925))
32734;POLYGON((1352469 -1321113,1361937 -1350652,1024248 -956258,1024315 -938833,1352469 -1321113))
32735;POLYGON((1315219 -1161304,1319308 -1186098,1031027 -857421,1033494 -842114,1315219 -1161304))
32736;POLYGON((1305253 -1024563,1305359 -1046103,1050348 -769288,1054493 -755336,1305253 -1024563))
32737;POLYGON((1314918 -903194,1312232 -922623,1078136 -687765,1083337 -674592,1314918 -903194))
32738;POLYGON((1337731 -791374,1333259 -809546,1110896 -609792,1116624 -596976,1337731 -791374))
32739;POLYGON((1368249 -684849,1362830 -702376,1145660 -533170,1151468 -520418,1368249 -684849))
32740;POLYGON((1401958 -580650,1396285 -597948,1179938 -456420,1185453 -443546,1401958 -580650))
32741;POLYGON((1435165 -476853,1429800 -494180,1211665 -378647,1216582 -365550,1435165 -476853))
32742;POLYGON((1464900 -372376,1460292 -389861,1239164 -299432,1243238 -286081,1464900 -372376))
32743;POLYGON((1488831 -266791,1485327 -284467,1261101 -218732,1264141 -205151,1488831 -266791))
32744;POLYGON((1505180 -160180,1503042 -178004,1276452 -136796,1278313 -123050,1505180 -160180))
32745;POLYGON((1512653 -53000,1512066 -70875,1284464 -54095,1285046 -40279,1512653 -53000))
32746;POLYGON((1510371 54023,1511455 36233,1284627 28743,1283868 42513,1510371 54023))
32747;POLYGON((1497813 159983,1500633 142439,1276648 110984,1274516 124577,1497813 159983))
32748;POLYGON((1474764 263867,1479335 246742,1260419 191824,1256914 205103,1474764 263867))
32749;POLYGON((1441265 364610,1447565 348083,1235998 270433,1231144 283259,1441265 364610))
32750;POLYGON((1397575 461145,1405548 445393,1203589 345977,1197432 358212,1397575 461145))
32751;POLYGON((1344133 552435,1353694 537626,1163517 417645,1156123 429158,1344133 552435))
32752;POLYGON((1281528 637499,1292570 623794,1116218 484664,1107668 495330,1281528 637499))
32753;POLYGON((1210470 715435,1222866 702976,1062219 546313,1052609 556019,1210470 715435))
32754;POLYGON((1131767 785425,1145378 774344,1002123 601934,991561 610576,1131767 785425))
32755;POLYGON((1046309 846752,1060981 837160,936603 650940,925206 658427,1046309 846752))
32756;POLYGON((955044 898797,970616 890791,866382 692819,854276 699075,955044 898797))
32757;POLYGON((858971 941047,875274 934704,792232 727139,779548 732099,858971 941047))
32758;POLYGON((759124 973091,775983 968474,714957 753550,701832 757162,759124 973091))
32759;POLYGON((656564 994624,673801 991775,635389 771783,621965 774013,656564 994624))
32760;POLYGON((552370 1005441,569803 1004388,554380 781656,540799 782480,552370 1005441))
32601;POLYGON((447629 -8994558,465078 -8993806,472793 -9216930,459200 -9217519,447629 -8994558))
32602;POLYGON((343435 -9005375,360716 -9002824,391495 -9223990,378034 -9225986,343435 -9005375))
32603;POLYGON((240875 -9026908,257809 -9022582,311351 -9239452,298167 -9242837,240875 -9026908))
32604;POLYGON((141028 -9058952,157435 -9052893,233219 -9263163,220451 -9267900,141028 -9058952))
32605;POLYGON((44955 -9101202,60661 -9093467,157936 -9294881,145723 -9300924,44955 -9101202))
32606;POLYGON((-46309 -9153247,-31475 -9143913,86318 -9334284,74793 -9341572,-46309 -9153247))
32607;POLYGON((-131767 -9214574,-117969 -9203733,19148 -9380968,8438 -9389423,-131767 -9214574))
32608;POLYGON((-210470 -9284564,-197860 -9272327,-42832 -9434445,-52609 -9443980,-210470 -9284564))
32609;POLYGON((-281528 -9362500,-270251 -9348992,-98935 -9494155,-107668 -9504669,-281528 -9362500))
32610;POLYGON((-344133 -9447564,-334317 -9432929,-148530 -9559461,-156123 -9570841,-344133 -9447564))
32611;POLYGON((-397575 -9538854,-389331 -9523248,-191063 -9629663,-197432 -9641787,-397575 -9538854))
32612;POLYGON((-441265 -9635389,-434681 -9618979,-226069 -9704004,-231144 -9716740,-441265 -9635389))
32613;POLYGON((-474764 -9736132,-469902 -9719094,-253181 -9781683,-256914 -9794896,-474764 -9736132))
32614;POLYGON((-497813 -9840016,-494702 -9822529,-272155 -9861872,-274516 -9875422,-497813 -9840016))
32615;POLYGON((-510371 -9945976,-509001 -9928216,-282881 -9943737,-283868 -9957486,-510371 -9945976))
32616;POLYGON((-512653 -10053000,-512968 -10035129,-285409 -10026462,-285046 -10040279,-512653 -10053000))
32617;POLYGON((-505180 -10160180,-507071 -10142340,-279968 -10109286,-278313 -10123050,-505180 -10160180))
32618;POLYGON((-488831 -10266791,-492123 -10249086,-266993 -10191538,-264141 -10205151,-488831 -10266791))
32619;POLYGON((-464900 -10372376,-469346 -10354858,-247151 -10272690,-243238 -10286081,-464900 -10372376))
32620;POLYGON((-435165 -10476853,-440432 -10459506,-221374 -10352411,-216582 -10365550,-435165 -10476853))
32621;POLYGON((-401958 -10580650,-407616 -10563361,-190887 -10430639,-185453 -10443546,-401958 -10580650))
32622;POLYGON((-368249 -10684849,-373755 -10667385,-157251 -10507656,-151468 -10520418,-368249 -10684849))
32623;POLYGON((-337731 -10791374,-342415 -10773347,-122394 -10584188,-116624 -10596976,-337731 -10791374))
32624;POLYGON((-314918 -10903194,-317966 -10884027,-88661 -10661504,-83337 -10674592,-314918 -10903194))
32625;POLYGON((-305253 -11024563,-305689 -11003446,-58854 -10741550,-54493 -10755336,-305253 -11024563))
32626;POLYGON((-315219 -11161304,-311886 -11137145,-36288 -10827079,-33494 -10842114,-315219 -11161304))
32627;POLYGON((-352469 -11321113,-344003 -11292485,-24837 -10921823,-24315 -10938833,-352469 -11321113))
32628;POLYGON((-425953 -11513925,-410767 -11479000,-28997 -11030662,-31561 -11050588,-425953 -11513925))
32629;POLYGON((-546070 -11752313,-522324 -11708794,-53947 -11159836,-60531 -11183865,-546070 -11752313))
32630;POLYGON((-724821 -12051940,-690396 -11996981,-105611 -11317168,-117280 -11346777,-724821 -12051940))
32631;POLYGON((1724821 -12051940,1761253 -12109126,1129910 -11377482,1117280 -11346777,1724821 -12051940))
32632;POLYGON((1546070 -11752313,1571441 -11797526,1067885 -11208714,1060531 -11183865,1546070 -11752313))
32633;POLYGON((1425953 -11513925,1442430 -11550109,1034727 -11071109,1031561 -11050588,1425953 -11513925))
32634;POLYGON((1352469 -11321113,1361937 -11350652,1024248 -10956258,1024315 -10938833,1352469 -11321113))
32635;POLYGON((1315219 -11161304,1319308 -11186098,1031027 -10857421,1033494 -10842114,1315219 -11161304))
32636;POLYGON((1305253 -11024563,1305359 -11046103,1050348 -10769288,1054493 -10755336,1305253 -11024563))
32637;POLYGON((1314918 -10903194,1312232 -10922623,1078136 -10687765,1083337 -10674592,1314918 -10903194))
32638;POLYGON((1337731 -10791374,1333259 -10809546,1110896 -10609792,1116624 -10596976,1337731 -10791374))
32639;POLYGON((1368249 -10684849,1362830 -10702376,1145660 -10533170,1151468 -10520418,1368249 -10684849))
32640;POLYGON((1401958 -10580650,1396285 -10597948,1179938 -10456420,1185453 -10443546,1401958 -10580650))
32641;POLYGON((1435165 -10476853,1429800 -10494180,1211665 -10378647,1216582 -10365550,1435165 -10476853))
32642;POLYGON((1464900 -10372376,1460292 -10389861,1239164 -10299432,1243238 -10286081,1464900 -10372376))
32643;POLYGON((1488831 -10266791,1485327 -10284467,1261101 -10218732,1264141 -10205151,1488831 -10266791))
32644;POLYGON((1505180 -10160180,1503042 -10178004,1276452 -10136796,1278313 -10123050,1505180 -10160180))
32645;POLYGON((1512653 -10053000,1512066 -10070875,1284464 -10054095,1285046 -10040279,1512653 -10053000))
32646;POLYGON((1510371 -9945976,1511455 -9963766,1284627 -9971256,1283868 -9957486,1510371 -9945976))
32647;POLYGON((1497813 -9840016,1500633 -9857560,1276648 -9889015,1274516 -9875422,1497813 -9840016))
32648;POLYGON((1474764 -9736132,1479335 -9753257,1260419 -9808175,1256914 -9794896,1474764 -9736132))
32649;POLYGON((1441265 -9635389,1447565 -9651916,1235998 -9729566,1231144 -9716740,1441265 -9635389))
32650;POLYGON((1397575 -9538854,1405548 -9554606,1203589 -9654022,1197432 -9641787,1397575 -9538854))
32651;POLYGON((1344133 -9447564,1353694 -9462373,1163517 -9582354,1156123 -9570841,1344133 -9447564))
32652;POLYGON((1281528 -9362500,1292570 -9376205,1116218 -9515335,1107668 -9504669,1281528 -9362500))
32653;POLYGON((1210470 -9284564,1222866 -9297023,1062219 -9453686,1052609 -9443980,1210470 -9284564))
32654;POLYGON((1131767 -9214574,1145378 -9225655,1002123 -9398065,991561 -9389423,1131767 -9214574))
32655;POLYGON((1046309 -9153247,1060981 -9162839,936603 -9349059,925206 -9341572,1046309 -9153247))
32656;POLYGON((955044 -9101202,970616 -9109208,866382 -9307180,854276 -9300924,955044 -9101202))
32657;POLYGON((858971 -9058952,875274 -9065295,792232 -9272860,779548 -9267900,858971 -9058952))
32658;POLYGON((759124 -9026908,775983 -9031525,714957 -9246449,701832 -9242837,759124 -9026908))
32659;POLYGON((656564 -9005375,673801 -9008224,635389 -9228216,621965 -9225986,656564 -9005375))
32660;POLYGON((552370 -8994558,569803 -8995611,554380 -9218343,540799 -9217519,552370 -8994558))
