32701;POLYGON((413362 18325798,442229 18324580,434743 18101569,402135 18102930,413362 18325798))
32702;POLYGON((240912 18343308,269526 18339177,239634 18117895,207298 18122517,240912 18343308))
32703;POLYGON((70934 18378211,99021 18371194,46904 18153727,15139 18161583,70934 18378211))
32704;POLYGON((-94916 18430269,-67632 18420416,-141644 18208862,-172535 18219907,-94916 18430269))
32705;POLYGON((-254978 18499114,-228774 18486494,-324188 18282974,-353898 18297140,-254978 18499114))
32706;POLYGON((-407585 18584230,-382739 18568941,-498873 18375588,-527092 18392780,-407585 18584230))
32707;POLYGON((-551079 18684943,-527866 18667109,-663828 18486061,-690242 18506154,-551079 18684943))
32708;POLYGON((-683822 18800400,-662512 18780175,-817169 18613551,-841466 18636382,-683822 18800400))
32709;POLYGON((-804228 18929552,-785082 18907126,-957036 18756988,-978909 18782355,-804228 18929552))
32710;POLYGON((-910801 19071147,-894059 19046743,-1081627 18915046,-1100787 18942703,-910801 19071147))
32711;POLYGON((-1002182 19223721,-988059 19197598,-1189260 19086127,-1205442 19115778,-1002182 19223721))
32712;POLYGON((-1077219 19385603,-1065889 19358053,-1278447 19268338,-1291429 19299640,-1077219 19385603))
32713;POLYGON((-1135050 19554935,-1126632 19526279,-1347997 19459501,-1357618 19492063,-1135050 19554935))
32714;POLYGON((-1175201 19729708,-1169743 19700290,-1397135 19657161,-1403316 19690550,-1175201 19729708))
32715;POLYGON((-1197711 19907821,-1195164 19877994,-1425650 19858630,-1428422 19892380,-1197711 19907821))
32716;POLYGON((-1203272 20087171,-1203469 20057280,-1434072 20061056,-1433610 20094682,-1203272 20087171))
32717;POLYGON((-1193397 20265769,-1196021 20236132,-1423881 20261521,-1420541 20294539,-1193397 20265769))
32718;POLYGON((-1170612 20441904,-1175163 20412779,-1397745 20457184,-1392104 20489141,-1170612 20441904))
32719;POLYGON((-1138675 20614348,-1144431 20585896,-1359792 20645474,-1352704 20675984,-1138675 20614348))
32720;POLYGON((-1102824 20782611,-1108798 20754849,-1315930 20824330,-1308575 20853120,-1102824 20782611))
32721;POLYGON((-1070055 20947261,-1074946 20920006,-1274191 20992513,-1268142 21019481,-1070055 20947261))
32722;POLYGON((-1049431 21110306,-1051570 21083104,-1245130 21149981,-1242420 21175268,-1049431 21110306))
32723;POLYGON((-1052430 21275654,-1049721 21247701,-1242260 21298351,-1245464 21322426,-1052430 21275654))
32724;POLYGON((-1093323 21449657,-1083177 21419698,-1282541 21441446,-1294856 21465203,-1093323 21449657))
32725;POLYGON((-1189596 21641745,-1168856 21607965,-1386908 21585941,-1412251 21610821,-1189596 21641745))
32726;POLYGON((-1362400 21865161,-1327265 21825054,-1580862 21742121,-1623971 21770250,-1362400 21865161))
32727;POLYGON((-1637057 22137814,-1582995 22088031,-1895104 21924759,-1961649 21959103,-1637057 22137814))
32728;POLYGON((-2043596 22483241,-1965252 22419423,-2366230 22154120,-2462936 22198670,-2043596 22483241))
32729;POLYGON((-2617344 22931718,-2508435 22848300,-3037485 22457115,-3172261 22517092,-2617344 22931718))
32730;POLYGON((-3399550 23521494,-3252762 23411491,-3959573 22868608,-4141656 22950696,-3399550 23521494))
32731;POLYGON((4399550 23521494,4553442 23636721,5332623 23037235,5141656 22950696,4399550 23521494))
32732;POLYGON((3617344 22931718,3732028 23019039,4314242 22580246,4172261 22517092,3617344 22931718))
32733;POLYGON((3043596 22483241,3126572 22549904,3565403 22245392,3462936 22198670,3043596 22483241))
32734;POLYGON((2637057 22137814,2694770 22189603,3032723 21994841,2961649 21959103,2637057 22137814))
32735;POLYGON((2362400 21865161,2400353 21906624,2670565 21799183,2623971 21770250,2362400 21865161))
32736;POLYGON((2189596 21641745,2212452 21676384,2440202 21636075,2412251 21610821,2189596 21641745))
32737;POLYGON((2093323 21449657,2105000 21480109,2309049 21489030,2294856 21465203,2093323 21449657))
32738;POLYGON((2052430 21275654,2056184 21303840,2249946 21346371,2245464 21322426,2052430 21275654))
32739;POLYGON((2049431 21110306,2047941 21137566,2240502 21200311,2242420 21175268,2049431 21110306))
32740;POLYGON((2070055 20947261,2065496 20974467,2262494 21046152,2268142 21019481,2070055 20947261))
32741;POLYGON((2102824 20782611,2096931 20810270,2301316 20881607,2308575 20853120,2102824 20782611))
32742;POLYGON((2138675 20614348,2132806 20642682,2345479 20706222,2352704 20675984,2138675 20614348))
32743;POLYGON((2170612 20441904,2165803 20470925,2386155 20520881,2392104 20489141,2170612 20441904))
32744;POLYGON((2193397 20265769,2190411 20295336,2416770 20327410,2420541 20294539,2193397 20265769))
32745;POLYGON((2203272 20087171,2202643 20117040,2432638 20128239,2433610 20094682,2203272 20087171))
32746;POLYGON((2197711 19907821,2199785 19937683,2430638 19926143,2428422 19892380,2197711 19907821))
32747;POLYGON((2175201 19729708,2180168 19759219,2408922 19724032,2403316 19690550,2175201 19729708))
32748;POLYGON((2135050 19554935,2142976 19583742,2366668 19524794,2357618 19492063,2135050 19554935))
32749;POLYGON((2077219 19385603,2088071 19413360,2303861 19331180,2291429 19299640,2077219 19385603))
32750;POLYGON((2002182 19223721,2015850 19250103,2221104 19145729,2205442 19115778,2002182 19223721))
32751;POLYGON((1910801 19071147,1927120 19095856,2119467 18970713,2100787 18942703,1910801 19071147))
32752;POLYGON((1804228 18929552,1822990 18952324,2000350 18808122,1978909 18782355,1804228 18929552))
32753;POLYGON((1683822 18800400,1704788 18821005,1865379 18659651,1841466 18636382,1683822 18800400))
32754;POLYGON((1551079 18684943,1573993 18703188,1716324 18526715,1690242 18506154,1551079 18684943))
32755;POLYGON((1407585 18584230,1432178 18599954,1555032 18410465,1527092 18392780,1407585 18584230))
32756;POLYGON((1254978 18499114,1280975 18512186,1383381 18311817,1353898 18297140,1254978 18499114))
32757;POLYGON((1094916 18430269,1122040 18440590,1203250 18231478,1172535 18219907,1094916 18430269))
32758;POLYGON((929065 18378211,957039 18385704,1016499 18169974,984860 18161583,929065 18378211))
32759;POLYGON((759087 18343308,787633 18347922,824962 18127679,792701 18122517,759087 18343308))
32760;POLYGON((586637 18325798,615480 18327502,630446 18104836,597864 18102930,586637 18325798))
32601;POLYGON((413362 8325798,442229 8324580,434743 8101569,402135 8102930,413362 8325798))
32602;POLYGON((240912 8343308,269526 8339177,239634 8117895,207298 8122517,240912 8343308))
32603;POLYGON((70934 8378211,99021 8371194,46904 8153727,15139 8161583,70934 8378211))
32604;POLYGON((-94916 8430269,-67632 8420416,-141644 8208862,-172535 8219907,-94916 8430269))
32605;POLYGON((-254978 8499114,-228774 8486494,-324188 8282974,-353898 8297140,-254978 8499114))
32606;POLYGON((-407585 8584230,-382739 8568941,-498873 8375588,-527092 8392780,-407585 8584230))
32607;POLYGON((-551079 8684943,-527866 8667109,-663828 8486061,-690242 8506154,-551079 8684943))
32608;POLYGON((-683822 8800400,-662512 8780175,-817169 8613551,-841466 8636382,-683822 8800400))
32609;POLYGON((-804228 8929552,-785082 8907126,-957036 8756988,-978909 8782355,-804228 8929552))
32610;POLYGON((-910801 9071147,-894059 9046743,-1081627 8915046,-1100787 8942703,-910801 9071147))
32611;POLYGON((-1002182 9223721,-988059 9197598,-1189260 9086127,-1205442 9115778,-1002182 9223721))
32612;POLYGON((-1077219 9385603,-1065889 9358053,-1278447 9268338,-1291429 9299640,-1077219 9385603))
32613;POLYGON((-1135050 9554935,-1126632 9526279,-1347997 9459501,-1357618 9492063,-1135050 9554935))
32614;POLYGON((-1175201 9729708,-1169743 9700290,-1397135 9657161,-1403316 9690550,-1175201 9729708))
32615;POLYGON((-1197711 9907821,-1195164 9877994,-1425650 9858630,-1428422 9892380,-1197711 9907821))
32616;POLYGON((-1203272 10087171,-1203469 10057280,-1434072 10061056,-1433610 10094682,-1203272 10087171))
32617;POLYGON((-1193397 10265769,-1196021 10236132,-1423881 10261521,-1420541 10294539,-1193397 10265769))
32618;POLYGON((-1170612 10441904,-1175163 10412779,-1397745 10457184,-1392104 10489141,-1170612 10441904))
32619;POLYGON((-1138675 10614348,-1144431 10585896,-1359792 10645474,-1352704 10675984,-1138675 10614348))
32620;POLYGON((-1102824 10782611,-1108798 10754849,-1315930 10824330,-1308575 10853120,-1102824 10782611))
32621;POLYGON((-1070055 10947261,-1074946 10920006,-1274191 10992513,-1268142 11019481,-1070055 10947261))
32622;POLYGON((-1049431 11110306,-1051570 11083104,-1245130 11149981,-1242420 11175268,-1049431 11110306))
32623;POLYGON((-1052430 11275654,-1049721 11247701,-1242260 11298351,-1245464 11322426,-1052430 11275654))
32624;POLYGON((-1093323 11449657,-1083177 11419698,-1282541 11441446,-1294856 11465203,-1093323 11449657))
32625;POLYGON((-1189596 11641745,-1168856 11607965,-1386908 11585941,-1412251 11610821,-1189596 11641745))
32626;POLYGON((-1362400 11865161,-1327265 11825054,-1580862 11742121,-1623971 11770250,-1362400 11865161))
32627;POLYGON((-1637057 12137814,-1582995 12088031,-1895104 11924759,-1961649 11959103,-1637057 12137814))
32628;POLYGON((-2043596 12483241,-1965252 12419423,-2366230 12154120,-2462936 12198670,-2043596 12483241))
32629;POLYGON((-2617344 12931718,-2508435 12848300,-3037485 12457115,-3172261 12517092,-2617344 12931718))
32630;POLYGON((-3399550 13521494,-3252762 13411491,-3959573 12868608,-4141656 12950696,-3399550 13521494))
32631;POLYGON((4399550 13521494,4553442 13636721,5332623 13037235,5141656 12950696,4399550 13521494))
32632;POLYGON((3617344 12931718,3732028 13019039,4314242 12580246,4172261 12517092,3617344 12931718))
32633;POLYGON((3043596 12483241,3126572 12549904,3565403 12245392,3462936 12198670,3043596 12483241))
32634;POLYGON((2637057 12137814,2694770 12189603,3032723 11994841,2961649 11959103,2637057 12137814))
32635;POLYGON((2362400 11865161,2400353 11906624,2670565 11799183,2623971 11770250,2362400 11865161))
32636;POLYGON((2189596 11641745,2212452 11676384,2440202 11636075,2412251 11610821,2189596 11641745))
32637;POLYGON((2093323 11449657,2105000 11480109,2309049 11489030,2294856 11465203,2093323 11449657))
32638;POLYGON((2052430 11275654,2056184 11303840,2249946 11346371,2245464 11322426,2052430 11275654))
32639;POLYGON((2049431 11110306,2047941 11137566,2240502 11200311,2242420 11175268,2049431 11110306))
32640;POLYGON((2070055 10947261,2065496 10974467,2262494 11046152,2268142 11019481,2070055 10947261))
32641;POLYGON((2102824 10782611,2096931 10810270,2301316 10881607,2308575 10853120,2102824 10782611))
32642;POLYGON((2138675 10614348,2132806 10642682,2345479 10706222,2352704 10675984,2138675 10614348))
32643;POLYGON((2170612 10441904,2165803 10470925,2386155 10520881,2392104 10489141,2170612 10441904))
32644;POLYGON((2193397 10265769,2190411 10295336,2416770 10327410,2420541 10294539,2193397 10265769))
32645;POLYGON((2203272 10087171,2202643 10117040,2432638 10128239,2433610 10094682,2203272 10087171))
32646;POLYGON((2197711 9907821,2199785 9937683,2430638 9926143,2428422 9892380,2197711 9907821))
32647;POLYGON((2175201 9729708,2180168 9759219,2408922 9724032,2403316 9690550,2175201 9729708))
32648;POLYGON((2135050 9554935,2142976 9583742,2366668 9524794,2357618 9492063,2135050 9554935))
32649;POLYGON((2077219 9385603,2088071 9413360,2303861 9331180,2291429 9299640,2077219 9385603))
32650;POLYGON((2002182 9223721,2015850 9250103,2221104 9145729,2205442 9115778,2002182 9223721))
32651;POLYGON((1910801 9071147,1927120 9095856,2119467 8970713,2100787 8942703,1910801 9071147))
32652;POLYGON((1804228 8929552,1822990 8952324,2000350 8808122,1978909 8782355,1804228 8929552))
32653;POLYGON((1683822 8800400,1704788 8821005,1865379 8659651,1841466 8636382,1683822 8800400))
32654;POLYGON((1551079 8684943,1573993 8703188,1716324 8526715,1690242 8506154,1551079 8684943))
32655;POLYGON((1407585 8584230,1432178 8599954,1555032 8410465,1527092 8392780,1407585 8584230))
32656;POLYGON((1254978 8499114,1280975 8512186,1383381 8311817,1353898 8297140,1254978 8499114))
32657;POLYGON((1094916 8430269,1122040 8440590,1203250 8231478,1172535 8219907,1094916 8430269))
32658;POLYGON((929065 8378211,957039 8385704,1016499 8169974,984860 8161583,929065 8378211))
32659;POLYGON((759087 8343308,787633 8347922,824962 8127679,792701 8122517,759087 8343308))
32660;POLYGON((586637 8325798,615480 8327502,630446 8104836,597864 8102930,586637 8325798))
