32701;POLYGON((363881 2676833,409239 2678642,416402 2455782,374626 2454091,363881 2676833))
32702;POLYGON((92648 2650782,137698 2656933,166344 2435493,124872 2429746,92648 2650782))
32703;POLYGON((-175552 2598686,-131151 2609177,-81055 2390893,-121887 2381102,-175552 2598686))
32704;POLYGON((-438609 2520578,-395216 2535400,-323748 2322078,-363591 2308266,-438609 2520578))
32705;POLYGON((-694286 2416549,-652285 2435680,-559599 2229229,-598087 2211437,-694286 2416549))
32706;POLYGON((-940183 2286805,-899987 2310201,-786361 2112651,-823106 2090945,-940183 2286805))
32707;POLYGON((-1173710 2131740,-1135764 2159319,-1001657 1972830,-1036251 1947314,-1173710 2131740))
32708;POLYGON((-1392072 1952025,-1356856 1983650,-1202983 1810502,-1234997 1781328,-1392072 1952025))
32709;POLYGON((-1592281 1748719,-1560305 1784182,-1387722 1626730,-1416711 1594113,-1592281 1748719))
32710;POLYGON((-1771179 1523399,-1742980 1562395,-1553181 1422993,-1578692 1387228,-1771179 1523399))
32711;POLYGON((-1925499 1278314,-1901626 1320415,-1696653 1201290,-1718241 1162766,-1925499 1278314))
32712;POLYGON((-2051941 1016552,-2032942 1061176,-1815508 964239,-1832748 923462,-2051941 1016552))
32713;POLYGON((-2147292 742237,-2133690 788617,-1907309 715195,-1919826 672803,-2147292 742237))
32714;POLYGON((-2208574 460750,-2200841 507891,-1969972 458358,-1977465 415142,-2208574 460750))
32715;POLYGON((-2233231 178962,-2231755 225605,-2001952 198895,-2004231 155817,-2233231 178962))
32716;POLYGON((-2219363 -94489,-2224404 -49919,-2002477 -56952,-1999508 -98739,-2219363 -94489))
32717;POLYGON((-2166001 -348915,-2177643 -308355,-1971826 -301758,-1963780 -340893,-2166001 -348915))
32718;POLYGON((-2073433 -571245,-2091525 -537053,-1911653 -526808,-1898963 -561708,-2073433 -571245))
32719;POLYGON((-1943581 -745683,-1967672 -720697,-1825356 -722011,-1808789 -750855,-1943581 -745683))
32720;POLYGON((-1780432 -853323,-1809693 -840927,-1718514 -875827,-1699244 -896545,-1780432 -853323))
32721;POLYGON((-1590535 -871732,-1623675 -875928,-1599365 -975203,-1579062 -985471,-1590535 -871732))
32722;POLYGON((-1383551 -774505,-1418718 -799991,-1479356 -1005545,-1460281 -1002779,-1383551 -774505))
32723;POLYGON((-1172874 -530780,-1207547 -583030,-1373753 -950703,-1358868 -932062,-1172874 -530780))
32724;POLYGON((-976321 -104712,-1007193 -190070,-1302316 -792997,-1295404 -755388,-976321 -104712))
32725;POLYGON((-816894 545086,-839736 419313,-1290050 -513270,-1295844 -453362,-816894 545086))
32726;POLYGON((-723613 1466156,-733133 1291589,-1368024 -90985,-1392353 -5232,-723613 1466156))
32727;POLYGON((-732439 2712832,-722120 2479915,-1574271 495628,-1624218 610963,-732439 2712832))
32728;POLYGON((-887268 4346949,-849198 4044824,-1954764 1269392,-2038839 1418197,-887268 4346949))
32729;POLYGON((-1241019 6438579,-1165703 6054962,-2564485 2253921,-2692804 2440190,-1241019 6438579))
32730;POLYGON((-1856803 9066834,-1732962 8587878,-3468567 3473324,-3653061 3701096,-1856803 9066834))
32731;POLYGON((2856803 9066834,2989966 9563145,4848216 3936178,4653061 3701096,2856803 9066834))
32732;POLYGON((2241019 6438579,2323587 6837079,3829606 2633094,3692804 2440190,2241019 6438579))
32733;POLYGON((1887268 4346949,1930841 4661762,3129538 1572966,3038839 1418197,1887268 4346949))
32734;POLYGON((1732439 2712832,1746793 2956493,2679222 731603,2624218 610963,1732439 2712832))
32735;POLYGON((1723613 1466156,1716911 1649750,2420423 85186,2392353 -5232,1723613 1466156))
32736;POLYGON((1816894 545086,1795873 678380,2304289 -389399,2295844 -453362,1816894 545086))
32737;POLYGON((1976321 -104712,1946467 -13154,2290252 -714299,2295404 -755388,1976321 -104712))
32738;POLYGON((2172874 -530780,2138582 -473478,2345025 -910481,2358868 -932062,2172874 -530780))
32739;POLYGON((2383551 -774505,2348272 -744961,2441678 -997571,2460281 -1002779,2383551 -774505))
32740;POLYGON((2590535 -871732,2556913 -864333,2558789 -993753,2579062 -985471,2590535 -871732))
32741;POLYGON((2780432 -853323,2750421 -863249,2679672 -915690,2699244 -896545,2780432 -853323))
32742;POLYGON((2943581 -745683,2918559 -768822,2791678 -778495,2808789 -750855,2943581 -745683))
32743;POLYGON((3073433 -571245,3054301 -604114,2885563 -595731,2898963 -561708,3073433 -571245))
32744;POLYGON((3166001 -348915,3153266 -388589,2954921 -379439,2963780 -340893,3166001 -348915))
32745;POLYGON((3219363 -94489,3213222 -138536,2995674 -140184,2999508 -98739,3219363 -94489))
32746;POLYGON((3233231 178962,3233634 132546,3005632 112869,3004231 155817,3233231 178962))
32747;POLYGON((3208574 460750,3215288 413596,2984098 371878,2977465 415142,3208574 460750))
32748;POLYGON((3147292 742237,3159947 695655,2931524 630214,2919826 672803,3147292 742237))
32749;POLYGON((3051941 1016552,3070076 971576,2849226 882368,2832748 923462,3051941 1016552))
32750;POLYGON((2925499 1278314,2948597 1235747,2739132 1123829,2718241 1162766,2925499 1278314))
32751;POLYGON((2771179 1523399,2798695 1483852,2603580 1350973,2578692 1387228,2771179 1523399))
32752;POLYGON((2592281 1748719,2623664 1712643,2445152 1560949,2416711 1594113,2592281 1748719))
32753;POLYGON((2392072 1952025,2426784 1919744,2266538 1751564,2234997 1781328,2392072 1952025))
32754;POLYGON((2173710 2131740,2211235 2103477,2070445 1921177,2036251 1947314,2173710 2131740))
32755;POLYGON((1940183 2286805,1980037 2262706,1859521 2068596,1823106 2090945,1940183 2286805))
32756;POLYGON((1694286 2416549,1736015 2396703,1636311 2192987,1598087 2211437,1694286 2416549))
32757;POLYGON((1438609 2520578,1481797 2505036,1403234 2293787,1363591 2308266,1438609 2520578))
32758;POLYGON((1175552 2598686,1219810 2587473,1162579 2370639,1121887 2381102,1175552 2598686))
32759;POLYGON((907351 2650782,952318 2643907,916517 2423324,875127 2429746,907351 2650782))
32760;POLYGON((636118 2676833,681447 2674300,667121 2451724,625373 2454091,636118 2676833))
32601;POLYGON((363881 -7323166,409239 -7321357,416402 -7544217,374626 -7545908,363881 -7323166))
32602;POLYGON((92648 -7349217,137698 -7343066,166344 -7564506,124872 -7570253,92648 -7349217))
32603;POLYGON((-175552 -7401313,-131151 -7390822,-81055 -7609106,-121887 -7618897,-175552 -7401313))
32604;POLYGON((-438609 -7479421,-395216 -7464599,-323748 -7677921,-363591 -7691733,-438609 -7479421))
32605;POLYGON((-694286 -7583450,-652285 -7564319,-559599 -7770770,-598087 -7788562,-694286 -7583450))
32606;POLYGON((-940183 -7713194,-899987 -7689798,-786361 -7887348,-823106 -7909054,-940183 -7713194))
32607;POLYGON((-1173710 -7868259,-1135764 -7840680,-1001657 -8027169,-1036251 -8052685,-1173710 -7868259))
32608;POLYGON((-1392072 -8047974,-1356856 -8016349,-1202983 -8189497,-1234997 -8218671,-1392072 -8047974))
32609;POLYGON((-1592281 -8251280,-1560305 -8215817,-1387722 -8373269,-1416711 -8405886,-1592281 -8251280))
32610;POLYGON((-1771179 -8476600,-1742980 -8437604,-1553181 -8577006,-1578692 -8612771,-1771179 -8476600))
32611;POLYGON((-1925499 -8721685,-1901626 -8679584,-1696653 -8798709,-1718241 -8837233,-1925499 -8721685))
32612;POLYGON((-2051941 -8983447,-2032942 -8938823,-1815508 -9035760,-1832748 -9076537,-2051941 -8983447))
32613;POLYGON((-2147292 -9257762,-2133690 -9211382,-1907309 -9284804,-1919826 -9327196,-2147292 -9257762))
32614;POLYGON((-2208574 -9539249,-2200841 -9492108,-1969972 -9541641,-1977465 -9584857,-2208574 -9539249))
32615;POLYGON((-2233231 -9821037,-2231755 -9774394,-2001952 -9801104,-2004231 -9844182,-2233231 -9821037))
32616;POLYGON((-2219363 -10094489,-2224404 -10049919,-2002477 -10056952,-1999508 -10098739,-2219363 -10094489))
32617;POLYGON((-2166001 -10348915,-2177643 -10308355,-1971826 -10301758,-1963780 -10340893,-2166001 -10348915))
32618;POLYGON((-2073433 -10571245,-2091525 -10537053,-1911653 -10526808,-1898963 -10561708,-2073433 -10571245))
32619;POLYGON((-1943581 -10745683,-1967672 -10720697,-1825356 -10722011,-1808789 -10750855,-1943581 -10745683))
32620;POLYGON((-1780432 -10853323,-1809693 -10840927,-1718514 -10875827,-1699244 -10896545,-1780432 -10853323))
32621;POLYGON((-1590535 -10871732,-1623675 -10875928,-1599365 -10975203,-1579062 -10985471,-1590535 -10871732))
32622;POLYGON((-1383551 -10774505,-1418718 -10799991,-1479356 -11005545,-1460281 -11002779,-1383551 -10774505))
32623;POLYGON((-1172874 -10530780,-1207547 -10583030,-1373753 -10950703,-1358868 -10932062,-1172874 -10530780))
32624;POLYGON((-976321 -10104712,-1007193 -10190070,-1302316 -10792997,-1295404 -10755388,-976321 -10104712))
32625;POLYGON((-816894 -9454913,-839736 -9580686,-1290050 -10513270,-1295844 -10453362,-816894 -9454913))
32626;POLYGON((-723613 -8533843,-733133 -8708410,-1368024 -10090985,-1392353 -10005232,-723613 -8533843))
32627;POLYGON((-732439 -7287167,-722120 -7520084,-1574271 -9504371,-1624218 -9389036,-732439 -7287167))
32628;POLYGON((-887268 -5653050,-849198 -5955175,-1954764 -8730607,-2038839 -8581802,-887268 -5653050))
32629;POLYGON((-1241019 -3561420,-1165703 -3945037,-2564485 -7746078,-2692804 -7559809,-1241019 -3561420))
32630;POLYGON((-1856803 -933165,-1732962 -1412121,-3468567 -6526675,-3653061 -6298903,-1856803 -933165))
32631;POLYGON((2856803 -933165,2989966 -436854,4848216 -6063821,4653061 -6298903,2856803 -933165))
32632;POLYGON((2241019 -3561420,2323587 -3162920,3829606 -7366905,3692804 -7559809,2241019 -3561420))
32633;POLYGON((1887268 -5653050,1930841 -5338237,3129538 -8427033,3038839 -8581802,1887268 -5653050))
32634;POLYGON((1732439 -7287167,1746793 -7043506,2679222 -9268396,2624218 -9389036,1732439 -7287167))
32635;POLYGON((1723613 -8533843,1716911 -8350249,2420423 -9914813,2392353 -10005232,1723613 -8533843))
32636;POLYGON((1816894 -9454913,1795873 -9321619,2304289 -10389399,2295844 -10453362,1816894 -9454913))
32637;POLYGON((1976321 -10104712,1946467 -10013154,2290252 -10714299,2295404 -10755388,1976321 -10104712))
32638;POLYGON((2172874 -10530780,2138582 -10473478,2345025 -10910481,2358868 -10932062,2172874 -10530780))
32639;POLYGON((2383551 -10774505,2348272 -10744961,2441678 -10997571,2460281 -11002779,2383551 -10774505))
32640;POLYGON((2590535 -10871732,2556913 -10864333,2558789 -10993753,2579062 -10985471,2590535 -10871732))
32641;POLYGON((2780432 -10853323,2750421 -10863249,2679672 -10915690,2699244 -10896545,2780432 -10853323))
32642;POLYGON((2943581 -10745683,2918559 -10768822,2791678 -10778495,2808789 -10750855,2943581 -10745683))
32643;POLYGON((3073433 -10571245,3054301 -10604114,2885563 -10595731,2898963 -10561708,3073433 -10571245))
32644;POLYGON((3166001 -10348915,3153266 -10388589,2954921 -10379439,2963780 -10340893,3166001 -10348915))
32645;POLYGON((3219363 -10094489,3213222 -10138536,2995674 -10140184,2999508 -10098739,3219363 -10094489))
32646;POLYGON((3233231 -9821037,3233634 -9867453,3005632 -9887130,3004231 -9844182,3233231 -9821037))
32647;POLYGON((3208574 -9539249,3215288 -9586403,2984098 -9628121,2977465 -9584857,3208574 -9539249))
32648;POLYGON((3147292 -9257762,3159947 -9304344,2931524 -9369785,2919826 -9327196,3147292 -9257762))
32649;POLYGON((3051941 -8983447,3070076 -9028423,2849226 -9117631,2832748 -9076537,3051941 -8983447))
32650;POLYGON((2925499 -8721685,2948597 -8764252,2739132 -8876170,2718241 -8837233,2925499 -8721685))
32651;POLYGON((2771179 -8476600,2798695 -8516147,2603580 -8649026,2578692 -8612771,2771179 -8476600))
32652;POLYGON((2592281 -8251280,2623664 -8287356,2445152 -8439050,2416711 -8405886,2592281 -8251280))
32653;POLYGON((2392072 -8047974,2426784 -8080255,2266538 -8248435,2234997 -8218671,2392072 -8047974))
32654;POLYGON((2173710 -7868259,2211235 -7896522,2070445 -8078822,2036251 -8052685,2173710 -7868259))
32655;POLYGON((1940183 -7713194,1980037 -7737293,1859521 -7931403,1823106 -7909054,1940183 -7713194))
32656;POLYGON((1694286 -7583450,1736015 -7603296,1636311 -7807012,1598087 -7788562,1694286 -7583450))
32657;POLYGON((1438609 -7479421,1481797 -7494963,1403234 -7706212,1363591 -7691733,1438609 -7479421))
32658;POLYGON((1175552 -7401313,1219810 -7412526,1162579 -7629360,1121887 -7618897,1175552 -7401313))
32659;POLYGON((907351 -7349217,952318 -7356092,916517 -7576675,875127 -7570253,907351 -7349217))
32660;POLYGON((636118 -7323166,681447 -7325699,667121 -7548275,625373 -7545908,636118 -7323166))
