32701;POLYGON((470821 19440493,480542 19440071,472793 19216930,459200 19217519,470821 19440493))
32702;POLYGON((412778 19446571,422403 19445138,391495 19223990,378034 19225986,412778 19446571))
32703;POLYGON((355677 19458662,365102 19456234,311351 19239452,298167 19242837,355677 19458662))
32704;POLYGON((300136 19476640,309259 19473242,233219 19263163,220451 19267900,300136 19476640))
32705;POLYGON((246757 19500316,255478 19495984,157936 19294881,145723 19300924,246757 19500316))
32706;POLYGON((196122 19529439,204346 19524219,86318 19334284,74793 19341572,196122 19529439))
32707;POLYGON((148785 19563700,156423 19557648,19148 19380968,8438 19389423,148785 19563700))
32708;POLYGON((105269 19602734,112235 19595914,-42832 19434445,-52609 19443980,105269 19602734))
32709;POLYGON((66052 19646120,72271 19638606,-98935 19494155,-107668 19504669,66052 19646120))
32710;POLYGON((31571 19693390,36972 19685263,-148530 19559461,-156123 19570841,31571 19693390))
32711;POLYGON((2206 19744032,6731 19735380,-191063 19629663,-197432 19641787,2206 19744032))
32712;POLYGON((-21721 19797496,-18122 19788413,-226069 19704004,-231144 19716740,-21721 19797496))
32713;POLYGON((-39959 19853202,-37323 19843787,-253181 19781683,-256914 19794896,-39959 19853202))
32714;POLYGON((-52330 19910553,-50681 19900906,-272155 19861872,-274516 19875422,-52330 19910553))
32715;POLYGON((-58738 19968941,-58085 19959163,-282881 19943737,-283868 19957486,-58738 19968941))
32716;POLYGON((-59179 20027765,-59517 20017955,-285409 20026462,-285046 20040279,-59179 20027765))
32717;POLYGON((-53750 20086445,-55056 20076698,-279968 20109286,-278313 20123050,-53750 20086445))
32718;POLYGON((-42655 20144445,-44886 20134847,-266993 20191538,-264141 20205151,-42655 20144445))
32719;POLYGON((-26216 20201291,-29309 20191914,-247151 20272690,-243238 20286081,-26216 20201291))
32720;POLYGON((-4881 20256598,-8754 20247500,-221374 20352411,-216582 20365550,-4881 20256598))
32721;POLYGON((20759 20310104,16216 20301318,-190887 20430639,-185453 20443546,20759 20310104))
32722;POLYGON((49973 20361699,44892 20353231,-157251 20507656,-151468 20520418,49973 20361699))
32723;POLYGON((81865 20411468,76407 20403289,-122394 20584188,-116624 20596976,81865 20411468))
32724;POLYGON((115369 20459733,109724 20451771,-88661 20661504,-83337 20674592,115369 20459733))
32725;POLYGON((149236 20507107,143625 20499238,-58854 20741550,-54493 20755336,149236 20507107))
32726;POLYGON((182023 20554548,176701 20546584,-36288 20827079,-33494 20842114,182023 20554548))
32727;POLYGON((212073 20603421,207332 20595104,-24837 20921823,-24315 20938833,212073 20603421))
32728;POLYGON((237512 20655574,233679 20646559,-28997 21030662,-31561 21050588,237512 20655574))
32729;POLYGON((256222 20713413,253668 20703257,-53947 21159836,-60531 21183865,256222 20713413))
32730;POLYGON((265836 20779990,264974 20768136,-105611 21317168,-117280 21346777,265836 20779990))
32731;POLYGON((734163 20779990,733626 20792191,1129910 21377482,1117280 21346777,734163 20779990))
32732;POLYGON((743777 20713413,741475 20723809,1067885 21208714,1060531 21183865,743777 20713413))
32733;POLYGON((762487 20655574,758841 20664745,1034727 21071109,1031561 21050588,762487 20655574))
32734;POLYGON((787926 20603421,783311 20611828,1024248 20956258,1024315 20938833,787926 20603421))
32735;POLYGON((817976 20554548,812730 20562550,1031027 20857421,1033494 20842114,817976 20554548))
32736;POLYGON((850763 20507107,845181 20514978,1050348 20769288,1054493 20755336,850763 20507107))
32737;POLYGON((884630 20459733,878974 20467669,1078136 20687765,1083337 20674592,884630 20459733))
32738;POLYGON((918134 20411468,912630 20419604,1110896 20609792,1116624 20596976,918134 20411468))
32739;POLYGON((950026 20361699,944870 20370115,1145660 20533170,1151468 20520418,950026 20361699))
32740;POLYGON((979240 20310104,974597 20318836,1179938 20456420,1185453 20443546,979240 20310104))
32741;POLYGON((1004881 20256598,1000889 20265646,1211665 20378647,1216582 20365550,1004881 20256598))
32742;POLYGON((1026216 20201291,1022986 20210624,1239164 20299432,1243238 20286081,1026216 20201291))
32743;POLYGON((1042655 20144445,1040276 20154011,1261101 20218732,1264141 20205151,1042655 20144445))
32744;POLYGON((1053750 20086445,1052287 20096173,1276452 20136796,1278313 20123050,1053750 20086445))
32745;POLYGON((1059179 20027765,1058678 20037570,1284464 20054095,1285046 20040279,1059179 20027765))
32746;POLYGON((1058738 19968941,1059224 19978730,1284627 19971256,1283868 19957486,1058738 19968941))
32747;POLYGON((1052330 19910553,1053813 19920229,1276648 19889015,1274516 19875422,1052330 19910553))
32748;POLYGON((1039959 19853202,1042432 19862663,1260419 19808175,1256914 19794896,1039959 19853202))
32749;POLYGON((1021721 19797496,1025162 19806640,1235998 19729566,1231144 19716740,1021721 19797496))
32750;POLYGON((997793 19744032,1002166 19752762,1203589 19654022,1197432 19641787,997793 19744032))
32751;POLYGON((968428 19693390,973687 19701610,1163517 19582354,1156123 19570841,968428 19693390))
32752;POLYGON((933947 19646120,940033 19653742,1116218 19515335,1107668 19504669,933947 19646120))
32753;POLYGON((894730 19602734,901577 19609674,1062219 19453686,1052609 19443980,894730 19602734))
32754;POLYGON((851214 19563700,858745 19569885,1002123 19398065,991561 19389423,851214 19563700))
32755;POLYGON((803877 19529439,812010 19534802,936603 19349059,925206 19341572,803877 19529439))
32756;POLYGON((753242 19500316,761887 19504799,866382 19307180,854276 19300924,753242 19500316))
32757;POLYGON((699863 19476640,708926 19480196,792232 19272860,779548 19267900,699863 19476640))
32758;POLYGON((644322 19458662,653704 19461254,714957 19246449,701832 19242837,644322 19458662))
32759;POLYGON((587221 19446571,596820 19448171,635389 19228216,621965 19225986,587221 19446571))
32760;POLYGON((529178 19440493,538891 19441085,554380 19218343,540799 19217519,529178 19440493))
32601;POLYGON((470821 9440493,480542 9440071,472793 9216930,459200 9217519,470821 9440493))
32602;POLYGON((412778 9446571,422403 9445138,391495 9223990,378034 9225986,412778 9446571))
32603;POLYGON((355677 9458662,365102 9456234,311351 9239452,298167 9242837,355677 9458662))
32604;POLYGON((300136 9476640,309259 9473242,233219 9263163,220451 9267900,300136 9476640))
32605;POLYGON((246757 9500316,255478 9495984,157936 9294881,145723 9300924,246757 9500316))
32606;POLYGON((196122 9529439,204346 9524219,86318 9334284,74793 9341572,196122 9529439))
32607;POLYGON((148785 9563700,156423 9557648,19148 9380968,8438 9389423,148785 9563700))
32608;POLYGON((105269 9602734,112235 9595914,-42832 9434445,-52609 9443980,105269 9602734))
32609;POLYGON((66052 9646120,72271 9638606,-98935 9494155,-107668 9504669,66052 9646120))
32610;POLYGON((31571 9693390,36972 9685263,-148530 9559461,-156123 9570841,31571 9693390))
32611;POLYGON((2206 9744032,6731 9735380,-191063 9629663,-197432 9641787,2206 9744032))
32612;POLYGON((-21721 9797496,-18122 9788413,-226069 9704004,-231144 9716740,-21721 9797496))
32613;POLYGON((-39959 9853202,-37323 9843787,-253181 9781683,-256914 9794896,-39959 9853202))
32614;POLYGON((-52330 9910553,-50681 9900906,-272155 9861872,-274516 9875422,-52330 9910553))
32615;POLYGON((-58738 9968941,-58085 9959163,-282881 9943737,-283868 9957486,-58738 9968941))
32616;POLYGON((-59179 10027765,-59517 10017955,-285409 10026462,-285046 10040279,-59179 10027765))
32617;POLYGON((-53750 10086445,-55056 10076698,-279968 10109286,-278313 10123050,-53750 10086445))
32618;POLYGON((-42655 10144445,-44886 10134847,-266993 10191538,-264141 10205151,-42655 10144445))
32619;POLYGON((-26216 10201291,-29309 10191914,-247151 10272690,-243238 10286081,-26216 10201291))
32620;POLYGON((-4881 10256598,-8754 10247500,-221374 10352411,-216582 10365550,-4881 10256598))
32621;POLYGON((20759 10310104,16216 10301318,-190887 10430639,-185453 10443546,20759 10310104))
32622;POLYGON((49973 10361699,44892 10353231,-157251 10507656,-151468 10520418,49973 10361699))
32623;POLYGON((81865 10411468,76407 10403289,-122394 10584188,-116624 10596976,81865 10411468))
32624;POLYGON((115369 10459733,109724 10451771,-88661 10661504,-83337 10674592,115369 10459733))
32625;POLYGON((149236 10507107,143625 10499238,-58854 10741550,-54493 10755336,149236 10507107))
32626;POLYGON((182023 10554548,176701 10546584,-36288 10827079,-33494 10842114,182023 10554548))
32627;POLYGON((212073 10603421,207332 10595104,-24837 10921823,-24315 10938833,212073 10603421))
32628;POLYGON((237512 10655574,233679 10646559,-28997 11030662,-31561 11050588,237512 10655574))
32629;POLYGON((256222 10713413,253668 10703257,-53947 11159836,-60531 11183865,256222 10713413))
32630;POLYGON((265836 10779990,264974 10768136,-105611 11317168,-117280 11346777,265836 10779990))
32631;POLYGON((734163 10779990,733626 10792191,1129910 11377482,1117280 11346777,734163 10779990))
32632;POLYGON((743777 10713413,741475 10723809,1067885 11208714,1060531 11183865,743777 10713413))
32633;POLYGON((762487 10655574,758841 10664745,1034727 11071109,1031561 11050588,762487 10655574))
32634;POLYGON((787926 10603421,783311 10611828,1024248 10956258,1024315 10938833,787926 10603421))
32635;POLYGON((817976 10554548,812730 10562550,1031027 10857421,1033494 10842114,817976 10554548))
32636;POLYGON((850763 10507107,845181 10514978,1050348 10769288,1054493 10755336,850763 10507107))
32637;POLYGON((884630 10459733,878974 10467669,1078136 10687765,1083337 10674592,884630 10459733))
32638;POLYGON((918134 10411468,912630 10419604,1110896 10609792,1116624 10596976,918134 10411468))
32639;POLYGON((950026 10361699,944870 10370115,1145660 10533170,1151468 10520418,950026 10361699))
32640;POLYGON((979240 10310104,974597 10318836,1179938 10456420,1185453 10443546,979240 10310104))
32641;POLYGON((1004881 10256598,1000889 10265646,1211665 10378647,1216582 10365550,1004881 10256598))
32642;POLYGON((1026216 10201291,1022986 10210624,1239164 10299432,1243238 10286081,1026216 10201291))
32643;POLYGON((1042655 10144445,1040276 10154011,1261101 10218732,1264141 10205151,1042655 10144445))
32644;POLYGON((1053750 10086445,1052287 10096173,1276452 10136796,1278313 10123050,1053750 10086445))
32645;POLYGON((1059179 10027765,1058678 10037570,1284464 10054095,1285046 10040279,1059179 10027765))
32646;POLYGON((1058738 9968941,1059224 9978730,1284627 9971256,1283868 9957486,1058738 9968941))
32647;POLYGON((1052330 9910553,1053813 9920229,1276648 9889015,1274516 9875422,1052330 9910553))
32648;POLYGON((1039959 9853202,1042432 9862663,1260419 9808175,1256914 9794896,1039959 9853202))
32649;POLYGON((1021721 9797496,1025162 9806640,1235998 9729566,1231144 9716740,1021721 9797496))
32650;POLYGON((997793 9744032,1002166 9752762,1203589 9654022,1197432 9641787,997793 9744032))
32651;POLYGON((968428 9693390,973687 9701610,1163517 9582354,1156123 9570841,968428 9693390))
32652;POLYGON((933947 9646120,940033 9653742,1116218 9515335,1107668 9504669,933947 9646120))
32653;POLYGON((894730 9602734,901577 9609674,1062219 9453686,1052609 9443980,894730 9602734))
32654;POLYGON((851214 9563700,858745 9569885,1002123 9398065,991561 9389423,851214 9563700))
32655;POLYGON((803877 9529439,812010 9534802,936603 9349059,925206 9341572,803877 9529439))
32656;POLYGON((753242 9500316,761887 9504799,866382 9307180,854276 9300924,753242 9500316))
32657;POLYGON((699863 9476640,708926 9480196,792232 9272860,779548 9267900,699863 9476640))
32658;POLYGON((644322 9458662,653704 9461254,714957 9246449,701832 9242837,644322 9458662))
32659;POLYGON((587221 9446571,596820 9448171,635389 9228216,621965 9225986,587221 9446571))
32660;POLYGON((529178 9440493,538891 9441085,554380 9218343,540799 9217519,529178 9440493))
