32701;POLYGON((285015 4457055,356670 4459452,362705 4237073,294071 4234711,285015 4457055))
32702;POLYGON((-144535 4422444,-73009 4430633,-48768 4208685,-117232 4200622,-144535 4422444))
32703;POLYGON((-572751 4352661,-501520 4366774,-458712 4145846,-526795 4131970,-572751 4352661))
32704;POLYGON((-998458 4246605,-927743 4266862,-865748 4047704,-933188 4027831,-998458 4246605))
32705;POLYGON((-1420036 4102671,-1350146 4129372,-1268117 3912993,-1334571 3886878,-1420036 4102671))
32706;POLYGON((-1835205 3918825,-1766577 3952334,-1663487 3740112,-1728496 3707461,-1835205 3918825))
32707;POLYGON((-2240775 3692730,-2174016 3733450,-2048742 3527247,-2111695 3487752,-2240775 3692730))
32708;POLYGON((-2632347 3421957,-2568288 3470287,-2419741 3272578,-2479828 3225954,-2632347 3421957))
32709;POLYGON((-3003957 3104296,-2943718 3160572,-2771031 2974576,-2827193 2920623,-3003957 3104296))
32710;POLYGON((-3347654 2738225,-3292718 2802629,-3095521 2632430,-3146390 2571123,-3347654 2738225))
32711;POLYGON((-3652996 2323563,-3605301 2395996,-3384095 2246647,-3427927 2178252,-3652996 2323563))
32712;POLYGON((-3906462 1862364,-3868502 1942282,-3625175 1819863,-3659763 1745097,-3906462 1862364))
32713;POLYGON((-4090758 1360108,-4065711 1446299,-3804199 1357911,-3826789 1278148,-4090758 1360108))
32714;POLYGON((-4184024 827258,-4175887 917554,-3903043 871203,-3910220 788744,-4184024 827258))
32715;POLYGON((-4158909 281230,-4172665 372147,-3899341 376497,-3886913 294896,-4158909 281230))
32716;POLYGON((-3981522 -251117,-4023322 -164833,-3765729 -100913,-3728592 -176428,-3981522 -251117))
32717;POLYGON((-3610244 -730428,-3687617 -656355,-3468984 -524487,-3400964 -586509,-3610244 -730428))
32718;POLYGON((-2994380 -1101107,-3116467 -1049818,-2969059 -843139,-2862744 -881473,-2994380 -1101107))
32719;POLYGON((-2072661 -1286825,-2250477 -1272698,-2218008 -987279,-2064557 -988207,-2072661 -1286825))
32720;POLYGON((-771563 -1185157,-1018289 -1227332,-1158787 -864088,-947718 -809505,-771563 -1185157))
32721;POLYGON((996552 -661252,665244 -784755,276065 -351958,557110 -218355,996552 -661252))
32722;POLYGON((3335489 459581,2901083 222518,2165891 706028,2531400 948752,3335489 459581))
32723;POLYGON((6367474 2400487,5808218 2008904,4603506 2509659,5070379 2899566,6367474 2400487))
32724;POLYGON((10235626 5442996,9526104 4845452,7696953 5310322,8284808 5895007,10235626 5442996))
32725;POLYGON((15106652 9938417,14217320 9070985,11571403 9421000,12302911 10259395,15106652 9938417))
32726;POLYGON((21173776 16320827,20070457 15104811,16371226 15227667,17272470 16392080,21173776 16320827))
32727;POLYGON((28659919 25121780,27303255 23461138,22262229 23202206,23363095 24780634,28659919 25121780))
32728;POLYGON((37821121 36986921,36165985 34765357,29434076 33916975,30768673 36015701,37821121 36986921))
32729;POLYGON((48950248 52694625,46945106 49772337,38102885 48061167,39709999 50807669,48950248 52694625))
32730;POLYGON((62380961 73176846,59967193 69386888,48514034 66459098,50437612 70005299,62380961 73176846))
32731;POLYGON((-61380961 73176846,-63869070 77129774,-51418598 73701466,-49437612 70005299,-61380961 73176846))
32732;POLYGON((-47950248 52694625,-50019222 55749142,-40366659 53676194,-38709999 50807669,-47950248 52694625))
32733;POLYGON((-36821121 36986921,-38530830 39314878,-31145862 38212919,-29768673 36015701,-36821121 36986921))
32734;POLYGON((-27659919 25121780,-29063029 26867241,-23500427 26437863,-22363095 24780634,-27659919 25121780))
32735;POLYGON((-20173776 16320827,-21316438 17603768,-17204800 17618924,-16272470 16392080,-20173776 16320827))
32736;POLYGON((-14106652 9938417,-15029142 10858047,-12060800 11146710,-11302911 10259395,-14106652 9938417))
32737;POLYGON((-9235626 5442996,-9972946 6080712,-7894944 6517550,-7284808 5895007,-9235626 5442996))
32738;POLYGON((-5367474 2400487,-5949904 2822513,-4555975 3318347,-4070379 2899566,-5367474 2400487))
32739;POLYGON((-2335489 459581,-2789099 719293,-1912559 1213126,-1531400 948752,-2335489 459581))
32740;POLYGON((3447 -661252,-343674 -521277,148835 -68852,442889 -218355,3447 -661252))
32741;POLYGON((1771563 -1185157,1511901 -1131344,1725898 -743548,1947718 -809505,1771563 -1185157))
32742;POLYGON((3072661 -1286825,2884339 -1293041,2902279 -981273,3064557 -988207,3072661 -1286825))
32743;POLYGON((3994380 -1101107,3863825 -1147316,3749229 -914632,3862744 -881473,3994380 -1101107))
32744;POLYGON((4610244 -730428,4526100 -801530,4327112 -645377,4400964 -586509,4610244 -730428))
32745;POLYGON((4981522 -251117,4934356 -335963,4686767 -250275,4728592 -176428,4981522 -251117))
32746;POLYGON((5158909 281230,5140940 190666,4870749 213894,4886913 294896,5158909 281230))
32747;POLYGON((5184024 827258,5188887 736575,4914443 706140,4910220 788744,5184024 827258))
32748;POLYGON((5090758 1360108,5113289 1273052,4847066 1197748,4826789 1278148,5090758 1360108))
32749;POLYGON((4906462 1862364,4942510 1781294,4692560 1669382,4659763 1745097,4906462 1862364))
32750;POLYGON((4652996 2323563,4699259 2249830,4470385 2108731,4427927 2178252,4652996 2323563))
32751;POLYGON((4347654 2738225,4401532 2672467,4196219 2508607,4146390 2571123,4347654 2738225))
32752;POLYGON((4003957 3104296,4063427 3046671,3882577 2865441,3827193 2920623,4003957 3104296))
32753;POLYGON((3632347 3421957,3695856 3372322,3539341 3178119,3479828 3225954,3632347 3421957))
32754;POLYGON((3240775 3692730,3307148 3650768,3174232 3447087,3111695 3487752,3240775 3692730))
32755;POLYGON((2835205 3918825,2903568 3884142,2793210 3673691,2728496 3707461,2835205 3918825))
32756;POLYGON((2420036 4102671,2489749 4074862,2400820 3859694,2334571 3886878,2420036 4102671))
32757;POLYGON((1998458 4246605,2069060 4225296,2000491 4006937,1933188 4027831,1998458 4246605))
32758;POLYGON((1572751 4352661,1643914 4337541,1594791 4117109,1526795 4131970,1572751 4352661))
32759;POLYGON((1144535 4422444,1216025 4413279,1185648 4191599,1117232 4200622,1144535 4422444))
32760;POLYGON((714984 4457055,786627 4453699,774548 4231404,705928 4234711,714984 4457055))
32601;POLYGON((285015 -5542944,356670 -5540547,362705 -5762926,294071 -5765288,285015 -5542944))
32602;POLYGON((-144535 -5577555,-73009 -5569366,-48768 -5791314,-117232 -5799377,-144535 -5577555))
32603;POLYGON((-572751 -5647338,-501520 -5633225,-458712 -5854153,-526795 -5868029,-572751 -5647338))
32604;POLYGON((-998458 -5753394,-927743 -5733137,-865748 -5952295,-933188 -5972168,-998458 -5753394))
32605;POLYGON((-1420036 -5897328,-1350146 -5870627,-1268117 -6087006,-1334571 -6113121,-1420036 -5897328))
32606;POLYGON((-1835205 -6081174,-1766577 -6047665,-1663487 -6259887,-1728496 -6292538,-1835205 -6081174))
32607;POLYGON((-2240775 -6307269,-2174016 -6266549,-2048742 -6472752,-2111695 -6512247,-2240775 -6307269))
32608;POLYGON((-2632347 -6578042,-2568288 -6529712,-2419741 -6727421,-2479828 -6774045,-2632347 -6578042))
32609;POLYGON((-3003957 -6895703,-2943718 -6839427,-2771031 -7025423,-2827193 -7079376,-3003957 -6895703))
32610;POLYGON((-3347654 -7261774,-3292718 -7197370,-3095521 -7367569,-3146390 -7428876,-3347654 -7261774))
32611;POLYGON((-3652996 -7676436,-3605301 -7604003,-3384095 -7753352,-3427927 -7821747,-3652996 -7676436))
32612;POLYGON((-3906462 -8137635,-3868502 -8057717,-3625175 -8180136,-3659763 -8254902,-3906462 -8137635))
32613;POLYGON((-4090758 -8639891,-4065711 -8553700,-3804199 -8642088,-3826789 -8721851,-4090758 -8639891))
32614;POLYGON((-4184024 -9172741,-4175887 -9082445,-3903043 -9128796,-3910220 -9211255,-4184024 -9172741))
32615;POLYGON((-4158909 -9718769,-4172665 -9627852,-3899341 -9623502,-3886913 -9705103,-4158909 -9718769))
32616;POLYGON((-3981522 -10251117,-4023322 -10164833,-3765729 -10100913,-3728592 -10176428,-3981522 -10251117))
32617;POLYGON((-3610244 -10730428,-3687617 -10656355,-3468984 -10524487,-3400964 -10586509,-3610244 -10730428))
32618;POLYGON((-2994380 -11101107,-3116467 -11049818,-2969059 -10843139,-2862744 -10881473,-2994380 -11101107))
32619;POLYGON((-2072661 -11286825,-2250477 -11272698,-2218008 -10987279,-2064557 -10988207,-2072661 -11286825))
32620;POLYGON((-771563 -11185157,-1018289 -11227332,-1158787 -10864088,-947718 -10809505,-771563 -11185157))
32621;POLYGON((996552 -10661252,665244 -10784755,276065 -10351958,557110 -10218355,996552 -10661252))
32622;POLYGON((3335489 -9540418,2901083 -9777481,2165891 -9293971,2531400 -9051247,3335489 -9540418))
32623;POLYGON((6367474 -7599512,5808218 -7991095,4603506 -7490340,5070379 -7100433,6367474 -7599512))
32624;POLYGON((10235626 -4557003,9526104 -5154547,7696953 -4689677,8284808 -4104992,10235626 -4557003))
32625;POLYGON((15106652 -61582,14217320 -929014,11571403 -578999,12302911 259395,15106652 -61582))
32626;POLYGON((21173776 6320827,20070457 5104811,16371226 5227667,17272470 6392080,21173776 6320827))
32627;POLYGON((28659919 15121780,27303255 13461138,22262229 13202206,23363095 14780634,28659919 15121780))
32628;POLYGON((37821121 26986921,36165985 24765357,29434076 23916975,30768673 26015701,37821121 26986921))
32629;POLYGON((48950248 42694625,46945106 39772337,38102885 38061167,39709999 40807669,48950248 42694625))
32630;POLYGON((62380961 63176846,59967193 59386888,48514034 56459098,50437612 60005299,62380961 63176846))
32631;POLYGON((-61380961 63176846,-63869070 67129774,-51418598 63701466,-49437612 60005299,-61380961 63176846))
32632;POLYGON((-47950248 42694625,-50019222 45749142,-40366659 43676194,-38709999 40807669,-47950248 42694625))
32633;POLYGON((-36821121 26986921,-38530830 29314878,-31145862 28212919,-29768673 26015701,-36821121 26986921))
32634;POLYGON((-27659919 15121780,-29063029 16867241,-23500427 16437863,-22363095 14780634,-27659919 15121780))
32635;POLYGON((-20173776 6320827,-21316438 7603768,-17204800 7618924,-16272470 6392080,-20173776 6320827))
32636;POLYGON((-14106652 -61582,-15029142 858047,-12060800 1146710,-11302911 259395,-14106652 -61582))
32637;POLYGON((-9235626 -4557003,-9972946 -3919287,-7894944 -3482449,-7284808 -4104992,-9235626 -4557003))
32638;POLYGON((-5367474 -7599512,-5949904 -7177486,-4555975 -6681652,-4070379 -7100433,-5367474 -7599512))
32639;POLYGON((-2335489 -9540418,-2789099 -9280706,-1912559 -8786873,-1531400 -9051247,-2335489 -9540418))
32640;POLYGON((3447 -10661252,-343674 -10521277,148835 -10068852,442889 -10218355,3447 -10661252))
32641;POLYGON((1771563 -11185157,1511901 -11131344,1725898 -10743548,1947718 -10809505,1771563 -11185157))
32642;POLYGON((3072661 -11286825,2884339 -11293041,2902279 -10981273,3064557 -10988207,3072661 -11286825))
32643;POLYGON((3994380 -11101107,3863825 -11147316,3749229 -10914632,3862744 -10881473,3994380 -11101107))
32644;POLYGON((4610244 -10730428,4526100 -10801530,4327112 -10645377,4400964 -10586509,4610244 -10730428))
32645;POLYGON((4981522 -10251117,4934356 -10335963,4686767 -10250275,4728592 -10176428,4981522 -10251117))
32646;POLYGON((5158909 -9718769,5140940 -9809333,4870749 -9786105,4886913 -9705103,5158909 -9718769))
32647;POLYGON((5184024 -9172741,5188887 -9263424,4914443 -9293859,4910220 -9211255,5184024 -9172741))
32648;POLYGON((5090758 -8639891,5113289 -8726947,4847066 -8802251,4826789 -8721851,5090758 -8639891))
32649;POLYGON((4906462 -8137635,4942510 -8218705,4692560 -8330617,4659763 -8254902,4906462 -8137635))
32650;POLYGON((4652996 -7676436,4699259 -7750169,4470385 -7891268,4427927 -7821747,4652996 -7676436))
32651;POLYGON((4347654 -7261774,4401532 -7327532,4196219 -7491392,4146390 -7428876,4347654 -7261774))
32652;POLYGON((4003957 -6895703,4063427 -6953328,3882577 -7134558,3827193 -7079376,4003957 -6895703))
32653;POLYGON((3632347 -6578042,3695856 -6627677,3539341 -6821880,3479828 -6774045,3632347 -6578042))
32654;POLYGON((3240775 -6307269,3307148 -6349231,3174232 -6552912,3111695 -6512247,3240775 -6307269))
32655;POLYGON((2835205 -6081174,2903568 -6115857,2793210 -6326308,2728496 -6292538,2835205 -6081174))
32656;POLYGON((2420036 -5897328,2489749 -5925137,2400820 -6140305,2334571 -6113121,2420036 -5897328))
32657;POLYGON((1998458 -5753394,2069060 -5774703,2000491 -5993062,1933188 -5972168,1998458 -5753394))
32658;POLYGON((1572751 -5647338,1643914 -5662458,1594791 -5882890,1526795 -5868029,1572751 -5647338))
32659;POLYGON((1144535 -5577555,1216025 -5586720,1185648 -5808400,1117232 -5799377,1144535 -5577555))
32660;POLYGON((714984 -5542944,786627 -5546300,774548 -5768595,705928 -5765288,714984 -5542944))
