32701;POLYGON((169256 10885503,279558 10884833,278616 10663608,167842 10664114,169256 10885503))
32702;POLYGON((-495762 10895250,-384378 10892932,-388201 10669718,-500082 10671466,-495762 10895250))
32703;POLYGON((-1171560 10915285,-1057857 10911190,-1064778 10683494,-1179031 10686584,-1171560 10915285))
32704;POLYGON((-1865961 10946770,-1748576 10940656,-1759004 10705738,-1877030 10710355,-1865961 10946770))
32705;POLYGON((-2587823 10991647,-2465187 10983126,-2479784 10737822,-2603203 10744263,-2587823 10991647))
32706;POLYGON((-3347596 11052929,-3217828 11041406,-3237611 10781899,-3368375 10790619,-3347596 11052929))
32707;POLYGON((-4158035 11135155,-4018813 11119743,-4045308 10841228,-4185845 10852912,-4158035 11135155))
32708;POLYGON((-5035099 11245082,-4883496 11224462,-4918972 10920687,-5072362 10936352,-5035099 11245082))
32709;POLYGON((-5999087 11392685,-5831363 11364917,-5879170 11027505,-6049375 11048653,-5999087 11392685))
32710;POLYGON((-7076046 11592570,-6887391 11554825,-6952429 11172314,-7144575 11201142,-7076046 11592570))
32711;POLYGON((-8299502 11865905,-8083726 11814097,-8173082 11370587,-8393799 11410272,-8299502 11865905))
32712;POLYGON((-9712548 12242989,-9461703 12171303,-9585498 11644570,-9843339 11699647,-9712548 12242989))
32713;POLYGON((-11370335 12766620,-11074273 12666885,-11246759 12025817,-11552688 12102665,-11370335 12766620))
32714;POLYGON((-13343013 13496407,-12988862 13357305,-13229824 12558444,-13597794 12665914,-13343013 13496407))
32715;POLYGON((-15719153 14514196,-15290710 14320274,-15627222 13303254,-16074850 13453445,-15719153 14514196))
32716;POLYGON((-18609708 15930822,-18086743 15661263,-18555337 14342860,-19104675 14552085,-18609708 15930822))
32717;POLYGON((-22152538 17894365,-21509995 17521502,-22159317 15787986,-22837734 16077948,-22152538 17894365))
32718;POLYGON((-26517558 20600156,-25724653 20087669,-26618660 17785109,-27459845 18184316,-26517558 20600156))
32719;POLYGON((-31912537 24302755,-30931747 23603532,-32153524 20525626,-33198608 21071083,-31912537 24302755))
32720;POLYGON((-38589604 29330171,-37375529 28383766,-39031811 24256754,-40330629 24995961,-38589604 29330171))
32721;POLYGON((-46852491 36100566,-45350594 34830234,-47577067 29294363,-49189554 30287659,-46852491 36100566))
32722;POLYGON((-57064564 45141769,-55209778 43451004,-58177246 36037977,-60174990 37361266,-57064564 45141769))
32723;POLYGON((-69657682 57113857,-67372873 54882404,-71294392 44988163,-73762336 46736064,-69657682 57113857))
32724;POLYGON((-85141923 72835158,-82336205 69914426,-87475277 56766577,-90513590 59056037,-85141923 72835158))
32725;POLYGON((-104116223 93311984,-100683123 89519818,-107363050 72138909,-111089168 75113332,-104116223 93311984))
32726;POLYGON((-127279977 119772460,-123095431 114887201,-131709933 92041009,-136260785 95874937,-127279977 119772460))
32727;POLYGON((-155445622 153704793,-150365808 147458579,-161391030 117608484,-166925445 122512891,-155445622 153704793))
32728;POLYGON((-189552278 196900393,-183411268 188971616,-197419275 150210057,-204120592 156438294,-189552278 196900393))
32729;POLYGON((-230680457 251502206,-223287689 241507078,-240961582 191485001,-249040460 199339453,-230680457 251502206))
32730;POLYGON((-280067902 320058705,-271205460 307541848,-293356237 243384977,-303053677 253224490,-280067902 320058705))
32731;POLYGON((281067902 320058705,290198556 333045720,314046616 263434148,304053677 253224490,281067902 320058705))
32732;POLYGON((231680457 251502206,239302256 261883919,258371496 207498189,250040460 199339453,231680457 251502206))
32733;POLYGON((190552278 196900393,196887976 205145098,212036093 162915139,205120592 156438294,190552278 196900393))
32734;POLYGON((156445622 153704793,161690146 160207531,173640911 127619106,167925445 122512891,156445622 153704793))
32735;POLYGON((128279977 119772460,132603179 124864589,141963906 99871561,137260785 95874937,128279977 119772460))
32736;POLYGON((105116223 93311984,108665444 97269780,115942673 78217969,112089168 75113332,105116223 93311984))
32737;POLYGON((86141923 72835158,89044361 75887489,94657884 61448919,91513590 59056037,86141923 72835158))
32738;POLYGON((70657682 57113857,73022601 59449032,77317945 48565442,74762336 46736064,70657682 57113857))
32739;POLYGON((58064564 45141769,59985315 46913592,63244814 38748197,61174990 37361266,58064564 45141769))
32740;POLYGON((47852491 36100566,49408378 37433680,51860940 31330219,50189554 30287659,47852491 36100566))
32741;POLYGON((39589604 29330171,40847596 30324745,42677267 25772941,41330629 24995961,39589604 29330171))
32742;POLYGON((32912537 24302755,33928825 25038577,35282265 21645216,34198608 21071083,32912537 24302755))
32743;POLYGON((27517558 20600156,28338973 21140167,29331937 18605071,28459845 18184316,27517558 20600156))
32744;POLYGON((23152538 17894365,23817836 18287714,24540754 16383930,23837734 16077948,23152538 17894365))
32745;POLYGON((19609708 15930822,20150721 16215468,20673468 14773094,20104675 14552085,19609708 15930822))
32746;POLYGON((16719153 14514196,17161825 14719115,17537766 13612212,17074850 13453445,16719153 14514196))
32747;POLYGON((14343013 13496407,14708322 13643444,14977707 12779563,14597794 12665914,14343013 13496407))
32748;POLYGON((12370335 12766620,12675103 12872032,12867897 12183925,12552688 12102665,12370335 12766620))
32749;POLYGON((10712548 12242989,10970158 12318708,11108359 11757850,10843339 11699647,10712548 12242989))
32750;POLYGON((9299502 11865905,9520519 11920567,9620051 11452164,9393799 11410272,9299502 11865905))
32751;POLYGON((8076046 11592570,8268749 11632336,8340976 11231527,8144575 11201142,8076046 11592570))
32752;POLYGON((6999087 11392685,7169932 11421890,7222846 11070905,7049375 11048653,6999087 11392685))
32753;POLYGON((6035099 11245082,6189104 11266738,6228252 10952810,6072362 10936352,6035099 11245082))
32754;POLYGON((5158035 11135155,5299098 11151329,5328289 10865178,5185845 10852912,5158035 11135155))
32755;POLYGON((4347596 11052929,4478765 11065028,4500585 10799779,4368375 10790619,4347596 11052929))
32756;POLYGON((3587823 10991647,3711508 11000621,3727700 10751048,3603203 10744263,3587823 10991647))
32757;POLYGON((2865961 10946770,2984105 10953253,2995835 10715252,2877030 10710355,2865961 10946770))
32758;POLYGON((2171560 10915285,2285778 10919696,2293811 10689913,2179031 10686584,2171560 10915285))
32759;POLYGON((1495762 10895250,1607445 10897851,1612268 10673429,1500082 10671466,1495762 10895250))
32760;POLYGON((830743 10885503,941143 10886443,943032 10664823,832157 10664114,830743 10885503))
32601;POLYGON((169256 885503,279558 884833,278616 663608,167842 664114,169256 885503))
32602;POLYGON((-495762 895250,-384378 892932,-388201 669718,-500082 671466,-495762 895250))
32603;POLYGON((-1171560 915285,-1057857 911190,-1064778 683494,-1179031 686584,-1171560 915285))
32604;POLYGON((-1865961 946770,-1748576 940656,-1759004 705738,-1877030 710355,-1865961 946770))
32605;POLYGON((-2587823 991647,-2465187 983126,-2479784 737822,-2603203 744263,-2587823 991647))
32606;POLYGON((-3347596 1052929,-3217828 1041406,-3237611 781899,-3368375 790619,-3347596 1052929))
32607;POLYGON((-4158035 1135155,-4018813 1119743,-4045308 841228,-4185845 852912,-4158035 1135155))
32608;POLYGON((-5035099 1245082,-4883496 1224462,-4918972 920687,-5072362 936352,-5035099 1245082))
32609;POLYGON((-5999087 1392685,-5831363 1364917,-5879170 1027505,-6049375 1048653,-5999087 1392685))
32610;POLYGON((-7076046 1592570,-6887391 1554825,-6952429 1172314,-7144575 1201142,-7076046 1592570))
32611;POLYGON((-8299502 1865905,-8083726 1814097,-8173082 1370587,-8393799 1410272,-8299502 1865905))
32612;POLYGON((-9712548 2242989,-9461703 2171303,-9585498 1644570,-9843339 1699647,-9712548 2242989))
32613;POLYGON((-11370335 2766620,-11074273 2666885,-11246759 2025817,-11552688 2102665,-11370335 2766620))
32614;POLYGON((-13343013 3496407,-12988862 3357305,-13229824 2558444,-13597794 2665914,-13343013 3496407))
32615;POLYGON((-15719153 4514196,-15290710 4320274,-15627222 3303254,-16074850 3453445,-15719153 4514196))
32616;POLYGON((-18609708 5930822,-18086743 5661263,-18555337 4342860,-19104675 4552085,-18609708 5930822))
32617;POLYGON((-22152538 7894365,-21509995 7521502,-22159317 5787986,-22837734 6077948,-22152538 7894365))
32618;POLYGON((-26517558 10600156,-25724653 10087669,-26618660 7785109,-27459845 8184316,-26517558 10600156))
32619;POLYGON((-31912537 14302755,-30931747 13603532,-32153524 10525626,-33198608 11071083,-31912537 14302755))
32620;POLYGON((-38589604 19330171,-37375529 18383766,-39031811 14256754,-40330629 14995961,-38589604 19330171))
32621;POLYGON((-46852491 26100566,-45350594 24830234,-47577067 19294363,-49189554 20287659,-46852491 26100566))
32622;POLYGON((-57064564 35141769,-55209778 33451004,-58177246 26037977,-60174990 27361266,-57064564 35141769))
32623;POLYGON((-69657682 47113857,-67372873 44882404,-71294392 34988163,-73762336 36736064,-69657682 47113857))
32624;POLYGON((-85141923 62835158,-82336205 59914426,-87475277 46766577,-90513590 49056037,-85141923 62835158))
32625;POLYGON((-104116223 83311984,-100683123 79519818,-107363050 62138909,-111089168 65113332,-104116223 83311984))
32626;POLYGON((-127279977 109772460,-123095431 104887201,-131709933 82041009,-136260785 85874937,-127279977 109772460))
32627;POLYGON((-155445622 143704793,-150365808 137458579,-161391030 107608484,-166925445 112512891,-155445622 143704793))
32628;POLYGON((-189552278 186900393,-183411268 178971616,-197419275 140210057,-204120592 146438294,-189552278 186900393))
32629;POLYGON((-230680457 241502206,-223287689 231507078,-240961582 181485001,-249040460 189339453,-230680457 241502206))
32630;POLYGON((-280067902 310058705,-271205460 297541848,-293356237 233384977,-303053677 243224490,-280067902 310058705))
32631;POLYGON((281067902 310058705,290198556 323045720,314046616 253434148,304053677 243224490,281067902 310058705))
32632;POLYGON((231680457 241502206,239302256 251883919,258371496 197498189,250040460 189339453,231680457 241502206))
32633;POLYGON((190552278 186900393,196887976 195145098,212036093 152915139,205120592 146438294,190552278 186900393))
32634;POLYGON((156445622 143704793,161690146 150207531,173640911 117619106,167925445 112512891,156445622 143704793))
32635;POLYGON((128279977 109772460,132603179 114864589,141963906 89871561,137260785 85874937,128279977 109772460))
32636;POLYGON((105116223 83311984,108665444 87269780,115942673 68217969,112089168 65113332,105116223 83311984))
32637;POLYGON((86141923 62835158,89044361 65887489,94657884 51448919,91513590 49056037,86141923 62835158))
32638;POLYGON((70657682 47113857,73022601 49449032,77317945 38565442,74762336 36736064,70657682 47113857))
32639;POLYGON((58064564 35141769,59985315 36913592,63244814 28748197,61174990 27361266,58064564 35141769))
32640;POLYGON((47852491 26100566,49408378 27433680,51860940 21330219,50189554 20287659,47852491 26100566))
32641;POLYGON((39589604 19330171,40847596 20324745,42677267 15772941,41330629 14995961,39589604 19330171))
32642;POLYGON((32912537 14302755,33928825 15038577,35282265 11645216,34198608 11071083,32912537 14302755))
32643;POLYGON((27517558 10600156,28338973 11140167,29331937 8605071,28459845 8184316,27517558 10600156))
32644;POLYGON((23152538 7894365,23817836 8287714,24540754 6383930,23837734 6077948,23152538 7894365))
32645;POLYGON((19609708 5930822,20150721 6215468,20673468 4773094,20104675 4552085,19609708 5930822))
32646;POLYGON((16719153 4514196,17161825 4719115,17537766 3612212,17074850 3453445,16719153 4514196))
32647;POLYGON((14343013 3496407,14708322 3643444,14977707 2779563,14597794 2665914,14343013 3496407))
32648;POLYGON((12370335 2766620,12675103 2872032,12867897 2183925,12552688 2102665,12370335 2766620))
32649;POLYGON((10712548 2242989,10970158 2318708,11108359 1757850,10843339 1699647,10712548 2242989))
32650;POLYGON((9299502 1865905,9520519 1920567,9620051 1452164,9393799 1410272,9299502 1865905))
32651;POLYGON((8076046 1592570,8268749 1632336,8340976 1231527,8144575 1201142,8076046 1592570))
32652;POLYGON((6999087 1392685,7169932 1421890,7222846 1070905,7049375 1048653,6999087 1392685))
32653;POLYGON((6035099 1245082,6189104 1266738,6228252 952810,6072362 936352,6035099 1245082))
32654;POLYGON((5158035 1135155,5299098 1151329,5328289 865178,5185845 852912,5158035 1135155))
32655;POLYGON((4347596 1052929,4478765 1065028,4500585 799779,4368375 790619,4347596 1052929))
32656;POLYGON((3587823 991647,3711508 1000621,3727700 751048,3603203 744263,3587823 991647))
32657;POLYGON((2865961 946770,2984105 953253,2995835 715252,2877030 710355,2865961 946770))
32658;POLYGON((2171560 915285,2285778 919696,2293811 689913,2179031 686584,2171560 915285))
32659;POLYGON((1495762 895250,1607445 897851,1612268 673429,1500082 671466,1495762 895250))
32660;POLYGON((830743 885503,941143 886443,943032 664823,832157 664114,830743 885503))
