32701;POLYGON((358571 2788188,405698 2790053,412807 2567218,369234 2565467,358571 2788188))
32702;POLYGON((76715 2761331,123536 2767673,151969 2546206,108701 2540254,76715 2761331))
32703;POLYGON((-202107 2707599,-155936 2718422,-106188 2500001,-148809 2489855,-202107 2707599))
32704;POLYGON((-475776 2626982,-430617 2642285,-359590 2428666,-401210 2414342,-475776 2626982))
32705;POLYGON((-742023 2519507,-698266 2539281,-606059 2332333,-646303 2313862,-742023 2519507))
32706;POLYGON((-998391 2385305,-956460 2409518,-843283 2211250,-881751 2188690,-998391 2385305))
32707;POLYGON((-1242198 2224689,-1202557 2253272,-1068794 2065845,-1105058 2039289,-1242198 2224689))
32708;POLYGON((-1470513 2038253,-1433668 2071082,-1279959 1896799,-1313565 1866392,-1470513 2038253))
32709;POLYGON((-1680160 1827006,-1646657 1863878,-1473993 1705142,-1504464 1671098,-1680160 1827006))
32710;POLYGON((-1867736 1592516,-1838157 1633124,-1647990 1492363,-1674834 1454981,-1867736 1592516))
32711;POLYGON((-2029651 1337096,-2004603 1380994,-1798981 1260524,-1821701 1220214,-2029651 1337096))
32712;POLYGON((-2162204 1064013,-2142309 1110581,-1924017 1012403,-1942132 969708,-2162204 1064013))
32713;POLYGON((-2261686 777732,-2247557 826131,-2020287 751640,-2033352 707261,-2261686 777732))
32714;POLYGON((-2324516 484197,-2316734 533320,-2085267 482894,-2092903 437719,-2324516 484197))
32715;POLYGON((-2347420 191148,-2346500 239565,-2116915 212021,-2118843 167154,-2347420 191148))
32716;POLYGON((-2327642 -91509,-2333998 -45615,-2113895 -53750,-2109980 -96956,-2327642 -91509))
32717;POLYGON((-2263212 -351302,-2277104 -310208,-2075858 -305625,-2066159 -345539,-2263212 -351302))
32718;POLYGON((-2153249 -572717,-2174735 -539240,-2003763 -533041,-1988593 -567717,-2153249 -572717))
32719;POLYGON((-1998325 -736688,-2027191 -714278,-1900255 -723466,-1880249 -750607,-1998325 -736688))
32720;POLYGON((-1800876 -820015,-1836567 -812851,-1770096 -862181,-1746286 -879108,-1800876 -820015))
32721;POLYGON((-1565675 -794713,-1607212 -807821,-1620652 -932068,-1594557 -935679,-1565675 -794713))
32722;POLYGON((-1300365 -627296,-1346250 -666673,-1462449 -913390,-1436173 -900125,-1300365 -627296))
32723;POLYGON((-1016055 -277980,-1064169 -350729,-1309784 -783568,-1286123 -749372,-1016055 -277980))
32724;POLYGON((-727981 300204,-775467 185715,-1181413 -516962,-1163979 -457249,-727981 300204))
32725;POLYGON((-456248 1162377,-499384 996352,-1101306 -84653,-1094659 5731,-456248 1162377))
32726;POLYGON((-226629 2372887,-260690 2143911,-1099483 545775,-1109276 672589,-226629 2372887))
32727;POLYGON((-71460 4006481,-90560 3701320,-1212920 1410446,-1246060 1580082,-71460 4006481))
32728;POLYGON((-30599 6149592,-27530 5752972,-1486543 2549386,-1551366 2768912,-30599 6149592))
32729;POLYGON((-152483 8901752,-118528 8396111,-1974308 4006730,-2080765 4283911,-152483 8901752))
32730;POLYGON((-495259 12377121,-420002 11742347,-2740367 5830892,-2900228 6174227,-495259 12377121))
32731;POLYGON((1495259 12377121,1578543 13035566,4070275 6529467,3900228 6174227,1495259 12377121))
32732;POLYGON((1152483 8901752,1192549 9427445,3195254 4571508,3080765 4283911,1152483 8901752))
32733;POLYGON((1030599 6149592,1038168 6563097,2622391 2997488,2551366 2768912,1030599 6149592))
32734;POLYGON((1071460 4006481,1055516 4325765,2283861 1757525,2246060 1580082,1071460 4006481))
32735;POLYGON((1226629 2372887,1194620 2613590,2122444 806078,2109276 672589,1226629 2372887))
32736;POLYGON((1456248 1162377,1414266 1338056,2090327 101771,2094659 5731,1456248 1162377))
32737;POLYGON((1727981 300204,1680936 422560,2147998 -392797,2163979 -457249,1727981 300204))
32738;POLYGON((2016055 -277980,1967825 -198891,2263225 -711256,2286123 -749372,2016055 -277980))
32739;POLYGON((2300365 -627296,2253943 -582883,2410118 -883666,2436173 -900125,2300365 -627296))
32740;POLYGON((2565675 -794713,2523294 -777671,2568269 -936737,2594557 -935679,2565675 -794713))
32741;POLYGON((2800876 -820015,2764129 -824174,2721975 -894043,2746286 -879108,2800876 -820015))
32742;POLYGON((2998325 -736688,2968273 -756869,2859525 -776243,2880249 -750607,2998325 -736688))
32743;POLYGON((3153249 -572717,3130510 -604606,2972563 -601306,2988593 -567717,3153249 -572717))
32744;POLYGON((3263212 -351302,3248051 -391337,3055519 -384724,3066159 -345539,3263212 -351302))
32745;POLYGON((3327642 -91509,3320044 -136774,3105090 -139736,3109980 -96956,3327642 -91509))
32746;POLYGON((3347420 191148,3347152 143014,3119801 122463,3118843 167154,3347420 191148))
32747;POLYGON((3324516 484197,3331188 435083,3099603 392513,3092903 437719,3324516 484197))
32748;POLYGON((3261686 777732,3274796 729129,3045536 662682,3033352 707261,3261686 777732))
32749;POLYGON((3162204 1064013,3181180 1017076,2959435 926679,2942132 969708,3162204 1064013))
32750;POLYGON((3029651 1337096,3053883 1292704,2843687 1179465,2821701 1220214,3029651 1337096))
32751;POLYGON((2867736 1592516,2896603 1551324,2701024 1417080,2674834 1454981,2867736 1592516))
32752;POLYGON((2680160 1827006,2713051 1789486,2534365 1636474,2504464 1671098,2680160 1827006))
32753;POLYGON((2470513 2038253,2506840 2004734,2346682 1835363,2313565 1866392,2470513 2038253))
32754;POLYGON((2242198 2224689,2281409 2195388,2140911 2012080,2105058 2039289,2242198 2224689))
32755;POLYGON((1998391 2385305,2039974 2360358,1919882 2165457,1881751 2188690,1998391 2385305))
32756;POLYGON((1742023 2519507,1785507 2498990,1686280 2294705,1646303 2313862,1742023 2519507))
32757;POLYGON((1475776 2626982,1520730 2610932,1442628 2399323,1401210 2414342,1475776 2626982))
32758;POLYGON((1202107 2707599,1248136 2696030,1191289 2479010,1148809 2489855,1202107 2707599))
32759;POLYGON((923284 2761331,970021 2754242,934481 2533602,891298 2540254,923284 2761331))
32760;POLYGON((641428 2788188,688528 2785577,674311 2563016,630765 2565467,641428 2788188))
32601;POLYGON((358571 -7211811,405698 -7209946,412807 -7432781,369234 -7434532,358571 -7211811))
32602;POLYGON((76715 -7238668,123536 -7232326,151969 -7453793,108701 -7459745,76715 -7238668))
32603;POLYGON((-202107 -7292400,-155936 -7281577,-106188 -7499998,-148809 -7510144,-202107 -7292400))
32604;POLYGON((-475776 -7373017,-430617 -7357714,-359590 -7571333,-401210 -7585657,-475776 -7373017))
32605;POLYGON((-742023 -7480492,-698266 -7460718,-606059 -7667666,-646303 -7686137,-742023 -7480492))
32606;POLYGON((-998391 -7614694,-956460 -7590481,-843283 -7788749,-881751 -7811309,-998391 -7614694))
32607;POLYGON((-1242198 -7775310,-1202557 -7746727,-1068794 -7934154,-1105058 -7960710,-1242198 -7775310))
32608;POLYGON((-1470513 -7961746,-1433668 -7928917,-1279959 -8103200,-1313565 -8133607,-1470513 -7961746))
32609;POLYGON((-1680160 -8172993,-1646657 -8136121,-1473993 -8294857,-1504464 -8328901,-1680160 -8172993))
32610;POLYGON((-1867736 -8407483,-1838157 -8366875,-1647990 -8507636,-1674834 -8545018,-1867736 -8407483))
32611;POLYGON((-2029651 -8662903,-2004603 -8619005,-1798981 -8739475,-1821701 -8779785,-2029651 -8662903))
32612;POLYGON((-2162204 -8935986,-2142309 -8889418,-1924017 -8987596,-1942132 -9030291,-2162204 -8935986))
32613;POLYGON((-2261686 -9222267,-2247557 -9173868,-2020287 -9248359,-2033352 -9292738,-2261686 -9222267))
32614;POLYGON((-2324516 -9515802,-2316734 -9466679,-2085267 -9517105,-2092903 -9562280,-2324516 -9515802))
32615;POLYGON((-2347420 -9808851,-2346500 -9760434,-2116915 -9787978,-2118843 -9832845,-2347420 -9808851))
32616;POLYGON((-2327642 -10091509,-2333998 -10045615,-2113895 -10053750,-2109980 -10096956,-2327642 -10091509))
32617;POLYGON((-2263212 -10351302,-2277104 -10310208,-2075858 -10305625,-2066159 -10345539,-2263212 -10351302))
32618;POLYGON((-2153249 -10572717,-2174735 -10539240,-2003763 -10533041,-1988593 -10567717,-2153249 -10572717))
32619;POLYGON((-1998325 -10736688,-2027191 -10714278,-1900255 -10723466,-1880249 -10750607,-1998325 -10736688))
32620;POLYGON((-1800876 -10820015,-1836567 -10812851,-1770096 -10862181,-1746286 -10879108,-1800876 -10820015))
32621;POLYGON((-1565675 -10794713,-1607212 -10807821,-1620652 -10932068,-1594557 -10935679,-1565675 -10794713))
32622;POLYGON((-1300365 -10627296,-1346250 -10666673,-1462449 -10913390,-1436173 -10900125,-1300365 -10627296))
32623;POLYGON((-1016055 -10277980,-1064169 -10350729,-1309784 -10783568,-1286123 -10749372,-1016055 -10277980))
32624;POLYGON((-727981 -9699795,-775467 -9814284,-1181413 -10516962,-1163979 -10457249,-727981 -9699795))
32625;POLYGON((-456248 -8837622,-499384 -9003647,-1101306 -10084653,-1094659 -9994268,-456248 -8837622))
32626;POLYGON((-226629 -7627112,-260690 -7856088,-1099483 -9454224,-1109276 -9327410,-226629 -7627112))
32627;POLYGON((-71460 -5993518,-90560 -6298679,-1212920 -8589553,-1246060 -8419917,-71460 -5993518))
32628;POLYGON((-30599 -3850407,-27530 -4247027,-1486543 -7450613,-1551366 -7231087,-30599 -3850407))
32629;POLYGON((-152483 -1098247,-118528 -1603888,-1974308 -5993269,-2080765 -5716088,-152483 -1098247))
32630;POLYGON((-495259 2377121,-420002 1742347,-2740367 -4169107,-2900228 -3825772,-495259 2377121))
32631;POLYGON((1495259 2377121,1578543 3035566,4070275 -3470532,3900228 -3825772,1495259 2377121))
32632;POLYGON((1152483 -1098247,1192549 -572554,3195254 -5428491,3080765 -5716088,1152483 -1098247))
32633;POLYGON((1030599 -3850407,1038168 -3436902,2622391 -7002511,2551366 -7231087,1030599 -3850407))
32634;POLYGON((1071460 -5993518,1055516 -5674234,2283861 -8242474,2246060 -8419917,1071460 -5993518))
32635;POLYGON((1226629 -7627112,1194620 -7386409,2122444 -9193921,2109276 -9327410,1226629 -7627112))
32636;POLYGON((1456248 -8837622,1414266 -8661943,2090327 -9898228,2094659 -9994268,1456248 -8837622))
32637;POLYGON((1727981 -9699795,1680936 -9577439,2147998 -10392797,2163979 -10457249,1727981 -9699795))
32638;POLYGON((2016055 -10277980,1967825 -10198891,2263225 -10711256,2286123 -10749372,2016055 -10277980))
32639;POLYGON((2300365 -10627296,2253943 -10582883,2410118 -10883666,2436173 -10900125,2300365 -10627296))
32640;POLYGON((2565675 -10794713,2523294 -10777671,2568269 -10936737,2594557 -10935679,2565675 -10794713))
32641;POLYGON((2800876 -10820015,2764129 -10824174,2721975 -10894043,2746286 -10879108,2800876 -10820015))
32642;POLYGON((2998325 -10736688,2968273 -10756869,2859525 -10776243,2880249 -10750607,2998325 -10736688))
32643;POLYGON((3153249 -10572717,3130510 -10604606,2972563 -10601306,2988593 -10567717,3153249 -10572717))
32644;POLYGON((3263212 -10351302,3248051 -10391337,3055519 -10384724,3066159 -10345539,3263212 -10351302))
32645;POLYGON((3327642 -10091509,3320044 -10136774,3105090 -10139736,3109980 -10096956,3327642 -10091509))
32646;POLYGON((3347420 -9808851,3347152 -9856985,3119801 -9877536,3118843 -9832845,3347420 -9808851))
32647;POLYGON((3324516 -9515802,3331188 -9564916,3099603 -9607486,3092903 -9562280,3324516 -9515802))
32648;POLYGON((3261686 -9222267,3274796 -9270870,3045536 -9337317,3033352 -9292738,3261686 -9222267))
32649;POLYGON((3162204 -8935986,3181180 -8982923,2959435 -9073320,2942132 -9030291,3162204 -8935986))
32650;POLYGON((3029651 -8662903,3053883 -8707295,2843687 -8820534,2821701 -8779785,3029651 -8662903))
32651;POLYGON((2867736 -8407483,2896603 -8448675,2701024 -8582919,2674834 -8545018,2867736 -8407483))
32652;POLYGON((2680160 -8172993,2713051 -8210513,2534365 -8363525,2504464 -8328901,2680160 -8172993))
32653;POLYGON((2470513 -7961746,2506840 -7995265,2346682 -8164636,2313565 -8133607,2470513 -7961746))
32654;POLYGON((2242198 -7775310,2281409 -7804611,2140911 -7987919,2105058 -7960710,2242198 -7775310))
32655;POLYGON((1998391 -7614694,2039974 -7639641,1919882 -7834542,1881751 -7811309,1998391 -7614694))
32656;POLYGON((1742023 -7480492,1785507 -7501009,1686280 -7705294,1646303 -7686137,1742023 -7480492))
32657;POLYGON((1475776 -7373017,1520730 -7389067,1442628 -7600676,1401210 -7585657,1475776 -7373017))
32658;POLYGON((1202107 -7292400,1248136 -7303969,1191289 -7520989,1148809 -7510144,1202107 -7292400))
32659;POLYGON((923284 -7238668,970021 -7245757,934481 -7466397,891298 -7459745,923284 -7238668))
32660;POLYGON((641428 -7211811,688528 -7214422,674311 -7436983,630765 -7434532,641428 -7211811))
