32701;POLYGON((353304 2899532,402187 2901451,409239 2678642,363881 2676833,353304 2899532))
32702;POLYGON((60908 2871901,109487 2878426,137698 2656933,92648 2650782,60908 2871901))
32703;POLYGON((-228468 2816597,-180537 2827738,-131151 2609177,-175552 2598686,-228468 2816597))
32704;POLYGON((-512702 2733558,-465782 2749326,-395216 2535400,-438609 2520578,-512702 2733558))
32705;POLYGON((-789503 2622746,-743989 2643143,-652285 2435680,-694286 2416549,-789503 2622746))
32706;POLYGON((-1056362 2484205,-1012690 2509214,-899987 2310201,-940183 2286805,-1056362 2484205))
32707;POLYGON((-1310509 2318155,-1269160 2347723,-1135764 2159319,-1173710 2131740,-1310509 2318155))
32708;POLYGON((-1548879 2125104,-1510385 2159121,-1356856 1983650,-1392072 1952025,-1548879 2125104))
32709;POLYGON((-1768102 1905992,-1733047 1944263,-1560305 1784182,-1592281 1748719,-1768102 1905992))
32710;POLYGON((-1964513 1662365,-1933526 1704583,-1742980 1562395,-1771179 1523399,-1964513 1662365))
32711;POLYGON((-2134178 1396591,-2107932 1442294,-1901626 1320415,-1925499 1278314,-2134178 1396591))
32712;POLYGON((-2272954 1112112,-2252150 1160639,-2032942 1061176,-2051941 1016552,-2272954 1112112))
32713;POLYGON((-2376579 813739,-2361931 864180,-2133690 788617,-2147292 742237,-2376579 813739))
32714;POLYGON((-2440785 508011,-2432999 559138,-2200841 507891,-2208574 460750,-2440785 508011))
32715;POLYGON((-2461462 203593,-2461204 253795,-2231755 225605,-2233231 178962,-2461462 203593))
32716;POLYGON((-2434847 -88242,-2442711 -41045,-2224404 -49919,-2219363 -94489,-2434847 -88242))
32717;POLYGON((-2357764 -353075,-2374227 -311532,-2177643 -308355,-2166001 -348915,-2357764 -353075))
32718;POLYGON((-2227906 -572713,-2253278 -540147,-2091525 -537053,-2073433 -571245,-2227906 -572713))
32719;POLYGON((-2044164 -724479,-2078532 -705013,-1967672 -720697,-1943581 -745683,-2044164 -724479))
32720;POLYGON((-1807011 -780401,-1850168 -779103,-1809693 -840927,-1780432 -853323,-1807011 -780401))
32721;POLYGON((-1518937 -706300,-1570308 -729340,-1623675 -875928,-1590535 -871732,-1518937 -706300))
32722;POLYGON((-1184947 -460753,-1243500 -515585,-1418718 -799991,-1383551 -774505,-1184947 -460753))
32723;POLYGON((-813112 6061,-877264 -89503,-1207547 -583030,-1172874 -530780,-813112 6061))
32724;POLYGON((-415191 753667,-482697 606716,-1007193 -190070,-976321 -104712,-415191 753667))
32725;POLYGON((-7317 1852733,-75154 1641777,-839736 419313,-816894 545086,-7317 1852733))
32726;POLYGON((389247 3386687,325013 3096863,-733133 1291589,-723613 1466156,389247 3386687))
32727;POLYGON((747277 5453504,691636 5067391,-722120 2479915,-732439 2712832,747277 5453504))
32728;POLYGON((1032681 8167678,991833 7664956,-849198 4044824,-887268 4346949,1032681 8167678))
32729;POLYGON((1203517 11662404,1185041 11019476,-1165703 6054962,-1241019 6438579,1203517 11662404))
32730;POLYGON((1208916 16091972,1221958 15281550,-1732962 8587878,-1856803 9066834,1208916 16091972))
32731;POLYGON((-208916 16091972,-189612 16933248,2989966 9563145,2856803 9066834,-208916 16091972))
32732;POLYGON((-203517 11662404,-217420 12331247,2323587 6837079,2241019 6438579,-203517 11662404))
32733;POLYGON((-32681 8167678,-70367 8692036,1930841 4661762,1887268 4346949,-32681 8167678))
32734;POLYGON((252722 5453504,199082 5857558,1746793 2956493,1732439 2712832,252722 5453504))
32735;POLYGON((610752 3386687,547574 3691276,1716911 1649750,1723613 1466156,610752 3386687))
32736;POLYGON((1007317 1852733,939780 2075735,1795873 678380,1816894 545086,1007317 1852733))
32737;POLYGON((1415191 753667,1347397 910351,1946467 -13154,1976321 -104712,1415191 753667))
32738;POLYGON((1813112 6061,1748226 109400,2138582 -473478,2172874 -530780,1813112 6061))
32739;POLYGON((2184947 -460753,2125334 -399797,2348272 -744961,2383551 -774505,2184947 -460753))
32740;POLYGON((2518937 -706300,2466284 -678516,2556913 -864333,2590535 -871732,2518937 -706300))
32741;POLYGON((2807011 -780401,2762433 -778104,2750421 -863249,2780432 -853323,2807011 -780401))
32742;POLYGON((3044164 -724479,3008308 -741296,2918559 -768822,2943581 -745683,3044164 -724479))
32743;POLYGON((3227906 -572713,3201033 -603406,3054301 -604114,3073433 -571245,3227906 -572713))
32744;POLYGON((3357764 -353075,3339833 -393373,3153266 -388589,3166001 -348915,3357764 -353075))
32745;POLYGON((3434847 -88242,3425579 -134697,3213222 -138536,3219363 -94489,3434847 -88242))
32746;POLYGON((3461462 203593,3460404 153732,3233634 132546,3233231 178962,3461462 203593))
32747;POLYGON((3440785 508011,3447361 456914,3215288 413596,3208574 460750,3440785 508011))
32748;POLYGON((3376579 813739,3390131 763090,3159947 695655,3147292 742237,3376579 813739))
32749;POLYGON((3272954 1112112,3292782 1063195,3070076 971576,3051941 1016552,3272954 1112112))
32750;POLYGON((3134178 1396591,3159567 1350366,2948597 1235747,2925499 1278314,3134178 1396591))
32751;POLYGON((2964513 1662365,2994758 1619529,2798695 1483852,2771179 1523399,2964513 1662365))
32752;POLYGON((2768102 1905992,2802525 1867037,2623664 1712643,2592281 1748719,2768102 1905992))
32753;POLYGON((2548879 2125104,2586841 2090362,2426784 1919744,2392072 1952025,2548879 2125104))
32754;POLYGON((2310509 2318155,2351420 2287836,2211235 2103477,2173710 2131740,2310509 2318155))
32755;POLYGON((2056362 2484205,2099682 2458431,1980037 2262706,1940183 2286805,2056362 2484205))
32756;POLYGON((1789503 2622746,1834741 2601578,1736015 2396703,1694286 2416549,1789503 2622746))
32757;POLYGON((1512702 2733558,1559417 2717019,1481797 2505036,1438609 2520578,1512702 2733558))
32758;POLYGON((1228468 2816597,1276257 2804685,1219810 2587473,1175552 2598686,1228468 2816597))
32759;POLYGON((939091 2871901,987586 2864607,952318 2643907,907351 2650782,939091 2871901))
32760;POLYGON((646695 2899532,695550 2896847,681447 2674300,636118 2676833,646695 2899532))
32601;POLYGON((353304 -7100467,402187 -7098548,409239 -7321357,363881 -7323166,353304 -7100467))
32602;POLYGON((60908 -7128098,109487 -7121573,137698 -7343066,92648 -7349217,60908 -7128098))
32603;POLYGON((-228468 -7183402,-180537 -7172261,-131151 -7390822,-175552 -7401313,-228468 -7183402))
32604;POLYGON((-512702 -7266441,-465782 -7250673,-395216 -7464599,-438609 -7479421,-512702 -7266441))
32605;POLYGON((-789503 -7377253,-743989 -7356856,-652285 -7564319,-694286 -7583450,-789503 -7377253))
32606;POLYGON((-1056362 -7515794,-1012690 -7490785,-899987 -7689798,-940183 -7713194,-1056362 -7515794))
32607;POLYGON((-1310509 -7681844,-1269160 -7652276,-1135764 -7840680,-1173710 -7868259,-1310509 -7681844))
32608;POLYGON((-1548879 -7874895,-1510385 -7840878,-1356856 -8016349,-1392072 -8047974,-1548879 -7874895))
32609;POLYGON((-1768102 -8094007,-1733047 -8055736,-1560305 -8215817,-1592281 -8251280,-1768102 -8094007))
32610;POLYGON((-1964513 -8337634,-1933526 -8295416,-1742980 -8437604,-1771179 -8476600,-1964513 -8337634))
32611;POLYGON((-2134178 -8603408,-2107932 -8557705,-1901626 -8679584,-1925499 -8721685,-2134178 -8603408))
32612;POLYGON((-2272954 -8887887,-2252150 -8839360,-2032942 -8938823,-2051941 -8983447,-2272954 -8887887))
32613;POLYGON((-2376579 -9186260,-2361931 -9135819,-2133690 -9211382,-2147292 -9257762,-2376579 -9186260))
32614;POLYGON((-2440785 -9491988,-2432999 -9440861,-2200841 -9492108,-2208574 -9539249,-2440785 -9491988))
32615;POLYGON((-2461462 -9796406,-2461204 -9746204,-2231755 -9774394,-2233231 -9821037,-2461462 -9796406))
32616;POLYGON((-2434847 -10088242,-2442711 -10041045,-2224404 -10049919,-2219363 -10094489,-2434847 -10088242))
32617;POLYGON((-2357764 -10353075,-2374227 -10311532,-2177643 -10308355,-2166001 -10348915,-2357764 -10353075))
32618;POLYGON((-2227906 -10572713,-2253278 -10540147,-2091525 -10537053,-2073433 -10571245,-2227906 -10572713))
32619;POLYGON((-2044164 -10724479,-2078532 -10705013,-1967672 -10720697,-1943581 -10745683,-2044164 -10724479))
32620;POLYGON((-1807011 -10780401,-1850168 -10779103,-1809693 -10840927,-1780432 -10853323,-1807011 -10780401))
32621;POLYGON((-1518937 -10706300,-1570308 -10729340,-1623675 -10875928,-1590535 -10871732,-1518937 -10706300))
32622;POLYGON((-1184947 -10460753,-1243500 -10515585,-1418718 -10799991,-1383551 -10774505,-1184947 -10460753))
32623;POLYGON((-813112 -9993938,-877264 -10089503,-1207547 -10583030,-1172874 -10530780,-813112 -9993938))
32624;POLYGON((-415191 -9246332,-482697 -9393283,-1007193 -10190070,-976321 -10104712,-415191 -9246332))
32625;POLYGON((-7317 -8147266,-75154 -8358222,-839736 -9580686,-816894 -9454913,-7317 -8147266))
32626;POLYGON((389247 -6613312,325013 -6903136,-733133 -8708410,-723613 -8533843,389247 -6613312))
32627;POLYGON((747277 -4546495,691636 -4932608,-722120 -7520084,-732439 -7287167,747277 -4546495))
32628;POLYGON((1032681 -1832321,991833 -2335043,-849198 -5955175,-887268 -5653050,1032681 -1832321))
32629;POLYGON((1203517 1662404,1185041 1019476,-1165703 -3945037,-1241019 -3561420,1203517 1662404))
32630;POLYGON((1208916 6091972,1221958 5281550,-1732962 -1412121,-1856803 -933165,1208916 6091972))
32631;POLYGON((-208916 6091972,-189612 6933248,2989966 -436854,2856803 -933165,-208916 6091972))
32632;POLYGON((-203517 1662404,-217420 2331247,2323587 -3162920,2241019 -3561420,-203517 1662404))
32633;POLYGON((-32681 -1832321,-70367 -1307963,1930841 -5338237,1887268 -5653050,-32681 -1832321))
32634;POLYGON((252722 -4546495,199082 -4142441,1746793 -7043506,1732439 -7287167,252722 -4546495))
32635;POLYGON((610752 -6613312,547574 -6308723,1716911 -8350249,1723613 -8533843,610752 -6613312))
32636;POLYGON((1007317 -8147266,939780 -7924264,1795873 -9321619,1816894 -9454913,1007317 -8147266))
32637;POLYGON((1415191 -9246332,1347397 -9089648,1946467 -10013154,1976321 -10104712,1415191 -9246332))
32638;POLYGON((1813112 -9993938,1748226 -9890599,2138582 -10473478,2172874 -10530780,1813112 -9993938))
32639;POLYGON((2184947 -10460753,2125334 -10399797,2348272 -10744961,2383551 -10774505,2184947 -10460753))
32640;POLYGON((2518937 -10706300,2466284 -10678516,2556913 -10864333,2590535 -10871732,2518937 -10706300))
32641;POLYGON((2807011 -10780401,2762433 -10778104,2750421 -10863249,2780432 -10853323,2807011 -10780401))
32642;POLYGON((3044164 -10724479,3008308 -10741296,2918559 -10768822,2943581 -10745683,3044164 -10724479))
32643;POLYGON((3227906 -10572713,3201033 -10603406,3054301 -10604114,3073433 -10571245,3227906 -10572713))
32644;POLYGON((3357764 -10353075,3339833 -10393373,3153266 -10388589,3166001 -10348915,3357764 -10353075))
32645;POLYGON((3434847 -10088242,3425579 -10134697,3213222 -10138536,3219363 -10094489,3434847 -10088242))
32646;POLYGON((3461462 -9796406,3460404 -9846267,3233634 -9867453,3233231 -9821037,3461462 -9796406))
32647;POLYGON((3440785 -9491988,3447361 -9543085,3215288 -9586403,3208574 -9539249,3440785 -9491988))
32648;POLYGON((3376579 -9186260,3390131 -9236909,3159947 -9304344,3147292 -9257762,3376579 -9186260))
32649;POLYGON((3272954 -8887887,3292782 -8936804,3070076 -9028423,3051941 -8983447,3272954 -8887887))
32650;POLYGON((3134178 -8603408,3159567 -8649633,2948597 -8764252,2925499 -8721685,3134178 -8603408))
32651;POLYGON((2964513 -8337634,2994758 -8380470,2798695 -8516147,2771179 -8476600,2964513 -8337634))
32652;POLYGON((2768102 -8094007,2802525 -8132962,2623664 -8287356,2592281 -8251280,2768102 -8094007))
32653;POLYGON((2548879 -7874895,2586841 -7909637,2426784 -8080255,2392072 -8047974,2548879 -7874895))
32654;POLYGON((2310509 -7681844,2351420 -7712163,2211235 -7896522,2173710 -7868259,2310509 -7681844))
32655;POLYGON((2056362 -7515794,2099682 -7541568,1980037 -7737293,1940183 -7713194,2056362 -7515794))
32656;POLYGON((1789503 -7377253,1834741 -7398421,1736015 -7603296,1694286 -7583450,1789503 -7377253))
32657;POLYGON((1512702 -7266441,1559417 -7282980,1481797 -7494963,1438609 -7479421,1512702 -7266441))
32658;POLYGON((1228468 -7183402,1276257 -7195314,1219810 -7412526,1175552 -7401313,1228468 -7183402))
32659;POLYGON((939091 -7128098,987586 -7135392,952318 -7356092,907351 -7349217,939091 -7128098))
32660;POLYGON((646695 -7100467,695550 -7103152,681447 -7325699,636118 -7323166,646695 -7100467))
