32701;POLYGON((166476 10332050,277707 10331796,277438 10110597,166072 10110682,166476 10332050))
32702;POLYGON((-504254 10335747,-391894 10334868,-392989 10111623,-505492 10111917,-504254 10335747))
32703;POLYGON((-1186249 10343350,-1071464 10341796,-1073447 10113937,-1188391 10114456,-1186249 10343350))
32704;POLYGON((-1887731 10355312,-1769084 10352988,-1772076 10117674,-1890907 10118450,-1887731 10355312))
32705;POLYGON((-2618085 10372388,-2493907 10369143,-2498101 10123070,-2622505 10124154,-2618085 10372388))
32706;POLYGON((-3388508 10395758,-3256774 10391359,-3262469 10130493,-3394492 10131963,-3388508 10395758))
32707;POLYGON((-4212835 10427208,-4071014 10421305,-4078661 10140503,-4220866 10142477,-4212835 10427208))
32708;POLYGON((-5108605 10469415,-4953463 10461484,-4963737 10153941,-5119402 10156595,-5108605 10469415))
32709;POLYGON((-6098408 10526350,-5925763 10515618,-5939662 10172058,-6113039 10175651,-6098408 10526350))
32710;POLYGON((-7211578 10603862,-7015989 10589193,-7034983 10196700,-7231607 10201616,-7211578 10603862))
32711;POLYGON((-8486267 10710465,-8260662 10690213,-8286883 10230562,-8513960 10237354,-8486267 10710465))
32712;POLYGON((-9971969 10858397,-9707190 10830210,-9743692 10277530,-10010564 10286990,-9971969 10858397))
32713;POLYGON((-11732535 11065006,-11416799 11025567,-11467894 10343124,-11786593 10356372,-11732535 11065006))
32714;POLYGON((-13849732 11354522,-13467998 11299227,-13539687 10435083,-13925584 10453672,-13849732 11354522))
32715;POLYGON((-16427410 11760302,-15960641 11682847,-16061149 10564085,-16533713 10590140,-16427410 11760302))
32716;POLYGON((-19596308 12327605,-19020621 12219484,-19161067 10744659,-19744738 10781053,-19596308 12327605))
32717;POLYGON((-23519569 13117013,-22805267 12966898,-23000475 10996301,-23725658 11046857,-23519569 13117013))
32718;POLYGON((-28399009 14208553,-27509481 14001558,-27778965 11344826,-28683162 11414570,-28399009 14208553))
32719;POLYGON((-34482196 15706656,-33372677 15423442,-33741810 11823994,-34870890 11919456,-34482196 15706656))
32720;POLYGON((-42070377 17746027,-40686569 17361762,-41187975 12477439,-42597598 12607007,-42070377 17746027))
32721;POLYGON((-51527331 20498560,-49803856 19981686,-50479039 13360950,-52236236 13535283,-51527331 20498560))
32722;POLYGON((-63289171 24181407,-61147876 23492209,-62049111 14545124,-64234040 14777638,-63289171 24181407))
32723;POLYGON((-77875172 29066318,-75223243 28155274,-76415778 16118455,-79123647 16425881,-77875172 29066318))
32724;POLYGON((-95899657 35490408,-92627570 34296291,-94192136 18190884,-97535321 18593910,-95899657 35490408))
32725;POLYGON((-118085011 43868456,-114064276 42316171,-116099969 20897877,-120210326 21421877,-118085011 43868456))
32726;POLYGON((-145275854 54706914,-140356575 52705037,-142984121 24405050,-148015499 25080918,-145275854 54706914))
32727;POLYGON((-178454455 68619750,-172462670 66057756,-175828115 28913427,-181959086 29778516,-178454455 68619750))
32728;POLYGON((-218757400 86346302,-211492214 83091439,-215771079 34665359,-223207890 35764532,-218757400 86346302))
32729;POLYGON((-267493607 108771295,-258724094 104665095,-264126026 41951159,-273105778 43337975,-267493607 108771295))
32730;POLYGON((-326163706 136947201,-315625582 131801579,-322399536 51116535,-333193609 52854565,-326163706 136947201))
32731;POLYGON((327163706 136947201,338024830 142286662,345319062 54658093,334193609 52854565,327163706 136947201))
32732;POLYGON((268493607 108771295,277538584 113036811,283368093 44778621,274105778 43337975,268493607 108771295))
32733;POLYGON((219757400 86346302,227256413 89731300,231884511 36907673,224207890 35764532,219757400 86346302))
32734;POLYGON((179454455 68619750,185643751 71287354,189292583 30679284,182959086 29778516,179454455 68619750))
32735;POLYGON((146275854 54706914,151361113 56793908,154217032 25785540,149015499 25080918,146275854 54706914))
32736;POLYGON((119085011 43868456,123244477 45488844,125462870 21968881,121210326 21421877,119085011 43868456))
32737;POLYGON((96899657 35490408,100287050 36738595,101996650 19015198,98535321 18593910,96899657 35490408))
32738;POLYGON((78875172 29066318,81622371 30019943,82929102 16747687,80123647 16425881,78875172 29066318))
32739;POLYGON((64289171 24181407,66508702 24903849,67499078 15021377,65234040 14777638,64289171 24181407))
32740;POLYGON((52527331 20498560,54314642 21041154,55058775 13718298,53236236 13535283,52527331 20498560))
32741;POLYGON((43070377 17746027,44505933 18150000,45060163 12743226,43597598 12607007,43070377 17746027))
32742;POLYGON((35482196 15706656,36633379 16004821,37042576 12019963,35870890 11919456,35482196 15706656))
32743;POLYGON((29399009 14208553,30321854 14426775,30621408 11488101,29683162 11414570,29399009 14208553))
32744;POLYGON((24519569 13117013,25260328 13275466,25477863 11100225,24725658 11046857,24519569 13117013))
32745;POLYGON((20596308 12327605,21192863 12441853,21349706 10819513,20744738 10781053,20596308 12327605))
32746;POLYGON((17427410 11760302,17910530 11842209,18022950 10617697,17533713 10590140,17427410 11760302))
32747;POLYGON((14849732 11354522,15244197 11413020,15324450 10473339,14925584 10453672,14849732 11354522))
32748;POLYGON((12732535 11065006,13058128 11106726,13115323 10370389,12786593 10356372,12732535 11065006))
32749;POLYGON((10971969 10858397,11244343 10888198,11285157 10296995,11010564 10286990,10971969 10858397))
32750;POLYGON((9486267 10710465,9717701 10731853,9746956 10244528,9513960 10237354,9486267 10710465))
32751;POLYGON((8211578 10603862,8411628 10619331,8432755 10206800,8231607 10201616,8211578 10603862))
32752;POLYGON((7098408 10526350,7274460 10537648,7289867 10179434,7113039 10175651,7098408 10526350))
32753;POLYGON((6108605 10469415,6266343 10477750,6277694 10159384,6119402 10156595,6108605 10469415))
32754;POLYGON((5212835 10427208,5356630 10433407,5365063 10144550,5220866 10142477,5212835 10427208))
32755;POLYGON((4388508 10395758,4521732 10400379,4528017 10133508,4394492 10131963,4388508 10395758))
32756;POLYGON((3618085 10372388,3743371 10375806,3748025 10125296,3622505 10124154,3618085 10372388))
32757;POLYGON((2887731 10355312,3007176 10357777,3010542 10119274,2890907 10118450,2887731 10355312))
32758;POLYGON((2186249 10343350,2301574 10345025,2303877 10115015,2188391 10114456,2186249 10343350))
32759;POLYGON((1504254 10335747,1616926 10336734,1618308 10112246,1505492 10111917,1504254 10335747))
32760;POLYGON((833523 10332050,944855 10332406,945396 10110801,833927 10110682,833523 10332050))
32601;POLYGON((166476 332050,277707 331796,277438 110597,166072 110682,166476 332050))
32602;POLYGON((-504254 335747,-391894 334868,-392989 111623,-505492 111917,-504254 335747))
32603;POLYGON((-1186249 343350,-1071464 341796,-1073447 113937,-1188391 114456,-1186249 343350))
32604;POLYGON((-1887731 355312,-1769084 352988,-1772076 117674,-1890907 118450,-1887731 355312))
32605;POLYGON((-2618085 372388,-2493907 369143,-2498101 123070,-2622505 124154,-2618085 372388))
32606;POLYGON((-3388508 395758,-3256774 391359,-3262469 130493,-3394492 131963,-3388508 395758))
32607;POLYGON((-4212835 427208,-4071014 421305,-4078661 140503,-4220866 142477,-4212835 427208))
32608;POLYGON((-5108605 469415,-4953463 461484,-4963737 153941,-5119402 156595,-5108605 469415))
32609;POLYGON((-6098408 526350,-5925763 515618,-5939662 172058,-6113039 175651,-6098408 526350))
32610;POLYGON((-7211578 603862,-7015989 589193,-7034983 196700,-7231607 201616,-7211578 603862))
32611;POLYGON((-8486267 710465,-8260662 690213,-8286883 230562,-8513960 237354,-8486267 710465))
32612;POLYGON((-9971969 858397,-9707190 830210,-9743692 277530,-10010564 286990,-9971969 858397))
32613;POLYGON((-11732535 1065006,-11416799 1025567,-11467894 343124,-11786593 356372,-11732535 1065006))
32614;POLYGON((-13849732 1354522,-13467998 1299227,-13539687 435083,-13925584 453672,-13849732 1354522))
32615;POLYGON((-16427410 1760302,-15960641 1682847,-16061149 564085,-16533713 590140,-16427410 1760302))
32616;POLYGON((-19596308 2327605,-19020621 2219484,-19161067 744659,-19744738 781053,-19596308 2327605))
32617;POLYGON((-23519569 3117013,-22805267 2966898,-23000475 996301,-23725658 1046857,-23519569 3117013))
32618;POLYGON((-28399009 4208553,-27509481 4001558,-27778965 1344826,-28683162 1414570,-28399009 4208553))
32619;POLYGON((-34482196 5706656,-33372677 5423442,-33741810 1823994,-34870890 1919456,-34482196 5706656))
32620;POLYGON((-42070377 7746027,-40686569 7361762,-41187975 2477439,-42597598 2607007,-42070377 7746027))
32621;POLYGON((-51527331 10498560,-49803856 9981686,-50479039 3360950,-52236236 3535283,-51527331 10498560))
32622;POLYGON((-63289171 14181407,-61147876 13492209,-62049111 4545124,-64234040 4777638,-63289171 14181407))
32623;POLYGON((-77875172 19066318,-75223243 18155274,-76415778 6118455,-79123647 6425881,-77875172 19066318))
32624;POLYGON((-95899657 25490408,-92627570 24296291,-94192136 8190884,-97535321 8593910,-95899657 25490408))
32625;POLYGON((-118085011 33868456,-114064276 32316171,-116099969 10897877,-120210326 11421877,-118085011 33868456))
32626;POLYGON((-145275854 44706914,-140356575 42705037,-142984121 14405050,-148015499 15080918,-145275854 44706914))
32627;POLYGON((-178454455 58619750,-172462670 56057756,-175828115 18913427,-181959086 19778516,-178454455 58619750))
32628;POLYGON((-218757400 76346302,-211492214 73091439,-215771079 24665359,-223207890 25764532,-218757400 76346302))
32629;POLYGON((-267493607 98771295,-258724094 94665095,-264126026 31951159,-273105778 33337975,-267493607 98771295))
32630;POLYGON((-326163706 126947201,-315625582 121801579,-322399536 41116535,-333193609 42854565,-326163706 126947201))
32631;POLYGON((327163706 126947201,338024830 132286662,345319062 44658093,334193609 42854565,327163706 126947201))
32632;POLYGON((268493607 98771295,277538584 103036811,283368093 34778621,274105778 33337975,268493607 98771295))
32633;POLYGON((219757400 76346302,227256413 79731300,231884511 26907673,224207890 25764532,219757400 76346302))
32634;POLYGON((179454455 58619750,185643751 61287354,189292583 20679284,182959086 19778516,179454455 58619750))
32635;POLYGON((146275854 44706914,151361113 46793908,154217032 15785540,149015499 15080918,146275854 44706914))
32636;POLYGON((119085011 33868456,123244477 35488844,125462870 11968881,121210326 11421877,119085011 33868456))
32637;POLYGON((96899657 25490408,100287050 26738595,101996650 9015198,98535321 8593910,96899657 25490408))
32638;POLYGON((78875172 19066318,81622371 20019943,82929102 6747687,80123647 6425881,78875172 19066318))
32639;POLYGON((64289171 14181407,66508702 14903849,67499078 5021377,65234040 4777638,64289171 14181407))
32640;POLYGON((52527331 10498560,54314642 11041154,55058775 3718298,53236236 3535283,52527331 10498560))
32641;POLYGON((43070377 7746027,44505933 8150000,45060163 2743226,43597598 2607007,43070377 7746027))
32642;POLYGON((35482196 5706656,36633379 6004821,37042576 2019963,35870890 1919456,35482196 5706656))
32643;POLYGON((29399009 4208553,30321854 4426775,30621408 1488101,29683162 1414570,29399009 4208553))
32644;POLYGON((24519569 3117013,25260328 3275466,25477863 1100225,24725658 1046857,24519569 3117013))
32645;POLYGON((20596308 2327605,21192863 2441853,21349706 819513,20744738 781053,20596308 2327605))
32646;POLYGON((17427410 1760302,17910530 1842209,18022950 617697,17533713 590140,17427410 1760302))
32647;POLYGON((14849732 1354522,15244197 1413020,15324450 473339,14925584 453672,14849732 1354522))
32648;POLYGON((12732535 1065006,13058128 1106726,13115323 370389,12786593 356372,12732535 1065006))
32649;POLYGON((10971969 858397,11244343 888198,11285157 296995,11010564 286990,10971969 858397))
32650;POLYGON((9486267 710465,9717701 731853,9746956 244528,9513960 237354,9486267 710465))
32651;POLYGON((8211578 603862,8411628 619331,8432755 206800,8231607 201616,8211578 603862))
32652;POLYGON((7098408 526350,7274460 537648,7289867 179434,7113039 175651,7098408 526350))
32653;POLYGON((6108605 469415,6266343 477750,6277694 159384,6119402 156595,6108605 469415))
32654;POLYGON((5212835 427208,5356630 433407,5365063 144550,5220866 142477,5212835 427208))
32655;POLYGON((4388508 395758,4521732 400379,4528017 133508,4394492 131963,4388508 395758))
32656;POLYGON((3618085 372388,3743371 375806,3748025 125296,3622505 124154,3618085 372388))
32657;POLYGON((2887731 355312,3007176 357777,3010542 119274,2890907 118450,2887731 355312))
32658;POLYGON((2186249 343350,2301574 345025,2303877 115015,2188391 114456,2186249 343350))
32659;POLYGON((1504254 335747,1616926 336734,1618308 112246,1505492 111917,1504254 335747))
32660;POLYGON((833523 332050,944855 332406,945396 110801,833927 110682,833523 332050))
