32701;POLYGON((424696 1451305,449786 1452372,457405 1229296,436123 1228384,424696 1451305))
32702;POLYGON((274833 1435956,299695 1439576,330104 1218362,309020 1215269,274833 1435956))
32703;POLYGON((127196 1405376,151584 1411522,204533 1194400,183864 1189153,127196 1405376))
32704;POLYGON((-16732 1359805,6935 1368428,81983 1157619,61941 1150263,-16732 1359805))
32705;POLYGON((-155475 1299610,-132773 1310639,-36268 1108343,-55470 1098945,-155475 1299610))
32706;POLYGON((-287570 1225293,-266077 1238635,-148964 1047018,-167120 1035664,-287570 1225293))
32707;POLYGON((-411576 1137500,-391530 1153036,-254879 974215,-271788 961012,-411576 1137500))
32708;POLYGON((-526092 1037029,-507723 1054616,-352831 890630,-368302 875707,-526092 1037029))
32709;POLYGON((-629783 924840,-613307 944306,-441702 797090,-455557 780597,-629783 924840))
32710;POLYGON((-721404 802052,-707021 823200,-520460 694549,-532536 676657,-721404 802052))
32711;POLYGON((-799846 669946,-787730 692552,-588185 584081,-598343 564980,-799846 669946))
32712;POLYGON((-864186 529947,-854474 553764,-644107 466868,-652236 446765,-864186 529947))
32713;POLYGON((-913746 383603,-906532 408365,-687647 344178,-693672 323289,-913746 383603))
32714;POLYGON((-948172 232543,-943489 257977,-718464 217331,-722355 195880,-948172 232543))
32715;POLYGON((-967521 78421,-965326 104251,-736517 87657,-738302 65861,-967521 78421))
32716;POLYGON((-972366 -77169,-972523 -51198,-742133 -43571,-741906 -65511,-972366 -77169))
32717;POLYGON((-963916 -232802,-966174 -206912,-736080 -175221,-734020 -197136,-963916 -232802))
32718;POLYGON((-944156 -387361,-948124 -361710,-719664 -306396,-716047 -328169,-944156 -387361))
32719;POLYGON((-916005 -540218,-921124 -514867,-694824 -436577,-690042 -458168,-916005 -540218))
32720;POLYGON((-883491 -691454,-889004 -666330,-664247 -565773,-658830 -587249,-883491 -691454))
32721;POLYGON((-851953 -842128,-856871 -816973,-631496 -694721,-626131 -716291,-851953 -842128))
32722;POLYGON((-828262 -994602,-831323 -968916,-601148 -825117,-596709 -847176,-828262 -994602))
32723;POLYGON((-821066 -1152922,-820693 -1125897,-578953 -959888,-576524 -983064,-821066 -1152922))
32724;POLYGON((-841061 -1323274,-835318 -1293708,-572003 -1103513,-572908 -1128730,-841061 -1323274))
32725;POLYGON((-901287 -1514505,-887824 -1480714,-588919 -1262400,-594759 -1290941,-901287 -1514505))
32726;POLYGON((-1017456 -1738733,-993455 -1698442,-640058 -1445311,-652742 -1478900,-1017456 -1738733))
32727;POLYGON((-1208301 -2012043,-1170413 -1962263,-737732 -1663856,-759520 -1704744,-1208301 -2012043))
32728;POLYGON((-1495960 -2355281,-1440242 -2292170,-896454 -1933057,-929996 -1984121,-1495960 -2355281))
32729;POLYGON((-1906393 -2794956,-1828235 -2713662,-1133194 -2271976,-1181577 -2336836,-1906393 -2794956))
32730;POLYGON((-2469824 -3364250,-2363872 -3258732,-1467662 -2704432,-1534458 -2787576,-2469824 -3364250))
32731;POLYGON((3469824 -3364250,3580986 -3474488,2604707 -2874271,2534458 -2787576,3469824 -3364250))
32732;POLYGON((2906393 -2794956,2988790 -2879833,2232767 -2404406,2181577 -2336836,2906393 -2794956))
32733;POLYGON((2495960 -2355281,2555078 -2421056,1965785 -2037212,1929996 -1984121,2495960 -2355281))
32734;POLYGON((2208301 -2012043,2248869 -2063752,1783072 -1747110,1759520 -1704744,2208301 -2012043))
32735;POLYGON((2017456 -1738733,2043524 -1780376,1666776 -1513534,1652742 -1478900,2017456 -1738733))
32736;POLYGON((1901287 -1514505,1916297 -1549203,1601597 -1320191,1594759 -1290941,1901287 -1514505))
32737;POLYGON((1841061 -1323274,1847915 -1353412,1574516 -1154400,1572908 -1128730,1841061 -1323274))
32738;POLYGON((1821066 -1152922,1822189 -1180275,1574550 -1006506,1576524 -983064,1821066 -1152922))
32739;POLYGON((1828262 -994602,1825655 -1020444,1592523 -869369,1596709 -847176,1828262 -994602))
32740;POLYGON((1851953 -842128,1847250 -867329,1620855 -737910,1626131 -716291,1851953 -842128))
32741;POLYGON((1883491 -691454,1878001 -716560,1653368 -608722,1658830 -587249,1883491 -691454))
32742;POLYGON((1916005 -540218,1910762 -565522,1685113 -479732,1690042 -458168,1916005 -540218))
32743;POLYGON((1944156 -387361,1939953 -412963,1712204 -349912,1716047 -328169,1944156 -387361))
32744;POLYGON((1963916 -232802,1961342 -258660,1731678 -219033,1734020 -197136,1963916 -232802))
32745;POLYGON((1972366 -77169,1971837 -103139,1741359 -87458,1741906 -65511,1972366 -77169))
32746;POLYGON((1967521 78421,1969312 52550,1739743 44027,1738302 65861,1967521 78421))
32747;POLYGON((1948172 232543,1952435 207024,1725892 174356,1722355 195880,1948172 232543))
32748;POLYGON((1913746 383603,1920539 358709,1699342 302291,1693672 323289,1913746 383603))
32749;POLYGON((1864186 529947,1873486 505954,1660019 426515,1652236 446765,1864186 529947))
32750;POLYGON((1799846 669946,1811571 647120,1608170 545698,1598343 564980,1799846 669946))
32751;POLYGON((1721404 802052,1735420 780645,1544302 658551,1532536 676657,1721404 802052))
32752;POLYGON((1629783 924840,1645923 905079,1469126 763859,1455557 780597,1629783 924840))
32753;POLYGON((1526092 1037029,1544161 1019117,1383516 860511,1368302 875707,1526092 1037029))
32754;POLYGON((1411576 1137500,1431358 1121611,1288471 947513,1271788 961012,1411576 1137500))
32755;POLYGON((1287570 1225293,1308837 1211577,1185082 1023994,1167120 1035664,1287570 1225293))
32756;POLYGON((1155475 1299610,1177992 1288189,1074512 1089215,1055470 1098945,1155475 1299610))
32757;POLYGON((1016732 1359805,1040255 1350777,957974 1142562,938058 1150263,1016732 1359805))
32758;POLYGON((872803 1405376,897089 1398814,836715 1183551,816135 1189153,872803 1405376))
32759;POLYGON((725166 1435956,749967 1431912,712008 1211815,690979 1215269,725166 1435956))
32760;POLYGON((575303 1451305,600372 1449811,585140 1227107,563876 1228384,575303 1451305))
32601;POLYGON((424696 -8548694,449786 -8547627,457405 -8770703,436123 -8771615,424696 -8548694))
32602;POLYGON((274833 -8564043,299695 -8560423,330104 -8781637,309020 -8784730,274833 -8564043))
32603;POLYGON((127196 -8594623,151584 -8588477,204533 -8805599,183864 -8810846,127196 -8594623))
32604;POLYGON((-16732 -8640194,6935 -8631571,81983 -8842380,61941 -8849736,-16732 -8640194))
32605;POLYGON((-155475 -8700389,-132773 -8689360,-36268 -8891656,-55470 -8901054,-155475 -8700389))
32606;POLYGON((-287570 -8774706,-266077 -8761364,-148964 -8952981,-167120 -8964335,-287570 -8774706))
32607;POLYGON((-411576 -8862499,-391530 -8846963,-254879 -9025784,-271788 -9038987,-411576 -8862499))
32608;POLYGON((-526092 -8962970,-507723 -8945383,-352831 -9109369,-368302 -9124292,-526092 -8962970))
32609;POLYGON((-629783 -9075159,-613307 -9055693,-441702 -9202909,-455557 -9219402,-629783 -9075159))
32610;POLYGON((-721404 -9197947,-707021 -9176799,-520460 -9305450,-532536 -9323342,-721404 -9197947))
32611;POLYGON((-799846 -9330053,-787730 -9307447,-588185 -9415918,-598343 -9435019,-799846 -9330053))
32612;POLYGON((-864186 -9470052,-854474 -9446235,-644107 -9533131,-652236 -9553234,-864186 -9470052))
32613;POLYGON((-913746 -9616396,-906532 -9591634,-687647 -9655821,-693672 -9676710,-913746 -9616396))
32614;POLYGON((-948172 -9767456,-943489 -9742022,-718464 -9782668,-722355 -9804119,-948172 -9767456))
32615;POLYGON((-967521 -9921578,-965326 -9895748,-736517 -9912342,-738302 -9934138,-967521 -9921578))
32616;POLYGON((-972366 -10077169,-972523 -10051198,-742133 -10043571,-741906 -10065511,-972366 -10077169))
32617;POLYGON((-963916 -10232802,-966174 -10206912,-736080 -10175221,-734020 -10197136,-963916 -10232802))
32618;POLYGON((-944156 -10387361,-948124 -10361710,-719664 -10306396,-716047 -10328169,-944156 -10387361))
32619;POLYGON((-916005 -10540218,-921124 -10514867,-694824 -10436577,-690042 -10458168,-916005 -10540218))
32620;POLYGON((-883491 -10691454,-889004 -10666330,-664247 -10565773,-658830 -10587249,-883491 -10691454))
32621;POLYGON((-851953 -10842128,-856871 -10816973,-631496 -10694721,-626131 -10716291,-851953 -10842128))
32622;POLYGON((-828262 -10994602,-831323 -10968916,-601148 -10825117,-596709 -10847176,-828262 -10994602))
32623;POLYGON((-821066 -11152922,-820693 -11125897,-578953 -10959888,-576524 -10983064,-821066 -11152922))
32624;POLYGON((-841061 -11323274,-835318 -11293708,-572003 -11103513,-572908 -11128730,-841061 -11323274))
32625;POLYGON((-901287 -11514505,-887824 -11480714,-588919 -11262400,-594759 -11290941,-901287 -11514505))
32626;POLYGON((-1017456 -11738733,-993455 -11698442,-640058 -11445311,-652742 -11478900,-1017456 -11738733))
32627;POLYGON((-1208301 -12012043,-1170413 -11962263,-737732 -11663856,-759520 -11704744,-1208301 -12012043))
32628;POLYGON((-1495960 -12355281,-1440242 -12292170,-896454 -11933057,-929996 -11984121,-1495960 -12355281))
32629;POLYGON((-1906393 -12794956,-1828235 -12713662,-1133194 -12271976,-1181577 -12336836,-1906393 -12794956))
32630;POLYGON((-2469824 -13364250,-2363872 -13258732,-1467662 -12704432,-1534458 -12787576,-2469824 -13364250))
32631;POLYGON((3469824 -13364250,3580986 -13474488,2604707 -12874271,2534458 -12787576,3469824 -13364250))
32632;POLYGON((2906393 -12794956,2988790 -12879833,2232767 -12404406,2181577 -12336836,2906393 -12794956))
32633;POLYGON((2495960 -12355281,2555078 -12421056,1965785 -12037212,1929996 -11984121,2495960 -12355281))
32634;POLYGON((2208301 -12012043,2248869 -12063752,1783072 -11747110,1759520 -11704744,2208301 -12012043))
32635;POLYGON((2017456 -11738733,2043524 -11780376,1666776 -11513534,1652742 -11478900,2017456 -11738733))
32636;POLYGON((1901287 -11514505,1916297 -11549203,1601597 -11320191,1594759 -11290941,1901287 -11514505))
32637;POLYGON((1841061 -11323274,1847915 -11353412,1574516 -11154400,1572908 -11128730,1841061 -11323274))
32638;POLYGON((1821066 -11152922,1822189 -11180275,1574550 -11006506,1576524 -10983064,1821066 -11152922))
32639;POLYGON((1828262 -10994602,1825655 -11020444,1592523 -10869369,1596709 -10847176,1828262 -10994602))
32640;POLYGON((1851953 -10842128,1847250 -10867329,1620855 -10737910,1626131 -10716291,1851953 -10842128))
32641;POLYGON((1883491 -10691454,1878001 -10716560,1653368 -10608722,1658830 -10587249,1883491 -10691454))
32642;POLYGON((1916005 -10540218,1910762 -10565522,1685113 -10479732,1690042 -10458168,1916005 -10540218))
32643;POLYGON((1944156 -10387361,1939953 -10412963,1712204 -10349912,1716047 -10328169,1944156 -10387361))
32644;POLYGON((1963916 -10232802,1961342 -10258660,1731678 -10219033,1734020 -10197136,1963916 -10232802))
32645;POLYGON((1972366 -10077169,1971837 -10103139,1741359 -10087458,1741906 -10065511,1972366 -10077169))
32646;POLYGON((1967521 -9921578,1969312 -9947449,1739743 -9955972,1738302 -9934138,1967521 -9921578))
32647;POLYGON((1948172 -9767456,1952435 -9792975,1725892 -9825643,1722355 -9804119,1948172 -9767456))
32648;POLYGON((1913746 -9616396,1920539 -9641290,1699342 -9697708,1693672 -9676710,1913746 -9616396))
32649;POLYGON((1864186 -9470052,1873486 -9494045,1660019 -9573484,1652236 -9553234,1864186 -9470052))
32650;POLYGON((1799846 -9330053,1811571 -9352879,1608170 -9454301,1598343 -9435019,1799846 -9330053))
32651;POLYGON((1721404 -9197947,1735420 -9219354,1544302 -9341448,1532536 -9323342,1721404 -9197947))
32652;POLYGON((1629783 -9075159,1645923 -9094920,1469126 -9236140,1455557 -9219402,1629783 -9075159))
32653;POLYGON((1526092 -8962970,1544161 -8980882,1383516 -9139488,1368302 -9124292,1526092 -8962970))
32654;POLYGON((1411576 -8862499,1431358 -8878388,1288471 -9052486,1271788 -9038987,1411576 -8862499))
32655;POLYGON((1287570 -8774706,1308837 -8788422,1185082 -8976005,1167120 -8964335,1287570 -8774706))
32656;POLYGON((1155475 -8700389,1177992 -8711810,1074512 -8910784,1055470 -8901054,1155475 -8700389))
32657;POLYGON((1016732 -8640194,1040255 -8649222,957974 -8857437,938058 -8849736,1016732 -8640194))
32658;POLYGON((872803 -8594623,897089 -8601185,836715 -8816448,816135 -8810846,872803 -8594623))
32659;POLYGON((725166 -8564043,749967 -8568087,712008 -8788184,690979 -8784730,725166 -8564043))
32660;POLYGON((575303 -8548694,600372 -8550188,585140 -8772892,563876 -8771615,575303 -8548694))
