32701;POLYGON((197181 12768300,298154 12766436,295007 12544918,192457 12546667,197181 12768300))
32702;POLYGON((-410608 12795340,-308977 12788920,-321718 12566034,-424992 12572066,-410608 12795340))
32703;POLYGON((-1024882 12850619,-921867 12839355,-944782 12613441,-1049583 12624035,-1024882 12850619))
32704;POLYGON((-1650042 12936645,-1544903 12920021,-1579066 12689374,-1686225 12705039,-1650042 12936645))
32705;POLYGON((-2290586 13057482,-2182567 13034698,-2229655 12797558,-2340042 12819086,-2290586 13057482))
32706;POLYGON((-2951088 13219139,-2839423 13189035,-2901886 12943609,-3016419 12972157,-2951088 13219139))
32707;POLYGON((-3636129 13430171,-3520060 13391112,-3601378 13135628,-3721020 13172846,-3636129 13430171))
32708;POLYGON((-4350160 13702531,-4228961 13652244,-4334011 13385090,-4459762 13433300,-4350160 13702531))
32709;POLYGON((-5097275 14052751,-4970302 13988100,-5105852 13708081,-5238736 13770522,-5097275 14052751))
32710;POLYGON((-5880891 14503541,-5747639 14420230,-5923033 14126991,-6064063 14208159,-5880891 14503541))
32711;POLYGON((-6703308 15085897,-6563492 14978077,-6791543 14672791,-6941685 14778878,-6703308 15085897))
32712;POLYGON((-7565138 15841848,-7418803 15701609,-7716948 15388004,-7877065 15527476,-7565138 15841848))
32713;POLYGON((-8464595 16827959,-8312240 16644689,-8704025 16330544,-8874803 16514875,-8464595 16827959))
32714;POLYGON((-9396613 18119734,-9239353 17879317,-9756283 17578575,-9938147 17823167,-9396613 18119734))
32715;POLYGON((-10351798 19817092,-10191549 19500911,-10875392 19236575,-11068392 19561902,-10351798 19817092))
32716;POLYGON((-11315181 22051063,-11154883 21634793,-12060478 21442816,-12264167 21875821,-11315181 22051063))
32717;POLYGON((-12264766 24991919,-12108642 24444065,-13307303 24378465,-13520580 24954255,-12264766 24991919))
32718;POLYGON((-13169855 28858921,-13023704 28139069,-14607294 28278556,-14828235 29042424,-13169855 28858921))
32719;POLYGON((-13989138 33931902,-13860670 32988655,-15946437 33445066,-16172090 34454900,-13989138 33931902))
32720;POLYGON((-14668524 40564924,-14567743 39333470,-17304006 40262386,-17530165 41591495,-14668524 40564924))
32721;POLYGON((-15138708 49202249,-15078332 47601527,-18651126 49215456,-18872076 50955874,-15138708 49202249))
32722;POLYGON((-15312450 60396872,-15308389 58326295,-19949162 60910873,-20157392 63177189,-15312450 60396872))
32723;POLYGON((-15081560 74831911,-15153438 72167590,-21147922 76101294,-21333806 79035064,-15081560 74831911))
32724;POLYGON((-14313562 93345121,-14485296 89935551,-22183663 95713472,-22335108 99488268,-14313562 93345121))
32725;POLYGON((-12848034 116956848,-13148467 112617993,-22976892 120880273,-23078952 125707430,-12848034 116956848))
32726;POLYGON((-10492595 146901728,-10956191 141411469,-23429950 152977047,-23464401 159112180,-10492595 146901728))
32727;POLYGON((-7018538 184664471,-7686135 177756341,-23424379 193662750,-23369256 201413093,-7018538 184664471))
32728;POLYGON((-2156086 232020074,-3075711 223376234,-22818045 244926207,-22647144 254658857,-2156086 232020074))
32729;POLYGON((4410748 291078813,3182991 280322205,-21442025 309137954,-21124353 321289081,4410748 291078813))
32730;POLYGON((13049707 364336403,11448686 351022016,-19097236 389108083,-18596431 404193185,13049707 364336403))
32731;POLYGON((-12049707 364336403,-13719962 378125653,19061155 419823594,19596431 404193185,-12049707 364336403))
32732;POLYGON((-3410748 291078813,-4695935 302228843,21778838 333891102,22124353 321289081,-3410748 291078813))
32733;POLYGON((3156086 232020074,2189233 240988134,23454070 264762288,23647144 254658857,3156086 232020074))
32734;POLYGON((8018538 184664471,7312478 191838315,24296779 209466582,24369256 201413093,8018538 184664471))
32735;POLYGON((11492595 146901728,10998018 152608497,24485555 165493669,24464401 159112180,11492595 146901728))
32736;POLYGON((13848034 116956848,13522963 121471062,24171103 130733534,24078952 125707430,13848034 116956848))
32737;POLYGON((15313562 93345121,15122525 96895836,23479443 103422670,23335108 99488268,15313562 93345121))
32738;POLYGON((16081560 74831911,15994825 77609104,22514862 82096007,22333806 79035064,16081560 74831911))
32739;POLYGON((16312450 60396872,16305326 62557113,21362628 65544119,21157392 63177189,16312450 60396872))
32740;POLYGON((16138708 49202249,16190896 50873714,20091481 52775313,19872076 50955874,16138708 49202249))
32741;POLYGON((15668524 40564924,15763535 41851809,18755898 42982205,18530165 41591495,15668524 40564924))
32742;POLYGON((14989138 33931902,15113754 34918280,17398156 35512393,17172090 34454900,14989138 33931902))
32743;POLYGON((14169855 28858921,14313651 29612106,16050197 29842888,15828235 29042424,14169855 28858921))
32744;POLYGON((13264766 24991919,13419677 25565364,14735294 25557938,14520580 24954255,13264766 24991919))
32745;POLYGON((12315181 22051063,12475115 22486858,13469551 22329938,13264167 21875821,12315181 22051063))
32746;POLYGON((11351798 19817092,11512292 20148090,12263221 19903106,12068392 19561902,11351798 19817092))
32747;POLYGON((10396613 18119734,10554530 18371348,11121875 18079637,10938147 17823167,10396613 18119734))
32748;POLYGON((9464595 16827959,9617864 17019664,10047409 16708058,9874803 16514875,9464595 16827959))
32749;POLYGON((8565138 15841848,8712526 15988439,9038917 15673535,8877065 15527476,8565138 15841848))
32750;POLYGON((7703308 15085897,7844223 15198507,8093433 14889870,7941685 14778878,7703308 15085897))
32751;POLYGON((6880891 14503541,7015225 14590482,7206546 14292996,7064063 14208159,6880891 14503541))
32752;POLYGON((6097275 14052751,6225264 14120178,6372907 13835733,6238736 13770522,6097275 14052751))
32753;POLYGON((5350160 13702531,5472279 13754967,5586632 13483627,5459762 13433300,5350160 13702531))
32754;POLYGON((4636129 13430171,4753005 13470923,4841610 13211714,4721020 13172846,4636129 13430171))
32755;POLYGON((3951088 13219139,4063435 13250606,4131736 13002020,4016419 12972157,3951088 13219139))
32756;POLYGON((3290586 13057482,3399160 13081394,3451055 12841693,3340042 12819086,3290586 13057482))
32757;POLYGON((2650042 12936645,2755608 12954232,2793859 12721618,2686225 12705039,2650042 12936645))
32758;POLYGON((2024882 12850619,2128199 12862732,2154717 12635432,2049583 12624035,2024882 12850619))
32759;POLYGON((1410608 12795340,1512419 12802541,1528464 12578833,1424992 12572066,1410608 12795340))
32760;POLYGON((802818 12768300,903851 12770911,910159 12549120,807542 12546667,802818 12768300))
32601;POLYGON((197181 2768300,298154 2766436,295007 2544918,192457 2546667,197181 2768300))
32602;POLYGON((-410608 2795340,-308977 2788920,-321718 2566034,-424992 2572066,-410608 2795340))
32603;POLYGON((-1024882 2850619,-921867 2839355,-944782 2613441,-1049583 2624035,-1024882 2850619))
32604;POLYGON((-1650042 2936645,-1544903 2920021,-1579066 2689374,-1686225 2705039,-1650042 2936645))
32605;POLYGON((-2290586 3057482,-2182567 3034698,-2229655 2797558,-2340042 2819086,-2290586 3057482))
32606;POLYGON((-2951088 3219139,-2839423 3189035,-2901886 2943609,-3016419 2972157,-2951088 3219139))
32607;POLYGON((-3636129 3430171,-3520060 3391112,-3601378 3135628,-3721020 3172846,-3636129 3430171))
32608;POLYGON((-4350160 3702531,-4228961 3652244,-4334011 3385090,-4459762 3433300,-4350160 3702531))
32609;POLYGON((-5097275 4052751,-4970302 3988100,-5105852 3708081,-5238736 3770522,-5097275 4052751))
32610;POLYGON((-5880891 4503541,-5747639 4420230,-5923033 4126991,-6064063 4208159,-5880891 4503541))
32611;POLYGON((-6703308 5085897,-6563492 4978077,-6791543 4672791,-6941685 4778878,-6703308 5085897))
32612;POLYGON((-7565138 5841848,-7418803 5701609,-7716948 5388004,-7877065 5527476,-7565138 5841848))
32613;POLYGON((-8464595 6827959,-8312240 6644689,-8704025 6330544,-8874803 6514875,-8464595 6827959))
32614;POLYGON((-9396613 8119734,-9239353 7879317,-9756283 7578575,-9938147 7823167,-9396613 8119734))
32615;POLYGON((-10351798 9817092,-10191549 9500911,-10875392 9236575,-11068392 9561902,-10351798 9817092))
32616;POLYGON((-11315181 12051063,-11154883 11634793,-12060478 11442816,-12264167 11875821,-11315181 12051063))
32617;POLYGON((-12264766 14991919,-12108642 14444065,-13307303 14378465,-13520580 14954255,-12264766 14991919))
32618;POLYGON((-13169855 18858921,-13023704 18139069,-14607294 18278556,-14828235 19042424,-13169855 18858921))
32619;POLYGON((-13989138 23931902,-13860670 22988655,-15946437 23445066,-16172090 24454900,-13989138 23931902))
32620;POLYGON((-14668524 30564924,-14567743 29333470,-17304006 30262386,-17530165 31591495,-14668524 30564924))
32621;POLYGON((-15138708 39202249,-15078332 37601527,-18651126 39215456,-18872076 40955874,-15138708 39202249))
32622;POLYGON((-15312450 50396872,-15308389 48326295,-19949162 50910873,-20157392 53177189,-15312450 50396872))
32623;POLYGON((-15081560 64831911,-15153438 62167590,-21147922 66101294,-21333806 69035064,-15081560 64831911))
32624;POLYGON((-14313562 83345121,-14485296 79935551,-22183663 85713472,-22335108 89488268,-14313562 83345121))
32625;POLYGON((-12848034 106956848,-13148467 102617993,-22976892 110880273,-23078952 115707430,-12848034 106956848))
32626;POLYGON((-10492595 136901728,-10956191 131411469,-23429950 142977047,-23464401 149112180,-10492595 136901728))
32627;POLYGON((-7018538 174664471,-7686135 167756341,-23424379 183662750,-23369256 191413093,-7018538 174664471))
32628;POLYGON((-2156086 222020074,-3075711 213376234,-22818045 234926207,-22647144 244658857,-2156086 222020074))
32629;POLYGON((4410748 281078813,3182991 270322205,-21442025 299137954,-21124353 311289081,4410748 281078813))
32630;POLYGON((13049707 354336403,11448686 341022016,-19097236 379108083,-18596431 394193185,13049707 354336403))
32631;POLYGON((-12049707 354336403,-13719962 368125653,19061155 409823594,19596431 394193185,-12049707 354336403))
32632;POLYGON((-3410748 281078813,-4695935 292228843,21778838 323891102,22124353 311289081,-3410748 281078813))
32633;POLYGON((3156086 222020074,2189233 230988134,23454070 254762288,23647144 244658857,3156086 222020074))
32634;POLYGON((8018538 174664471,7312478 181838315,24296779 199466582,24369256 191413093,8018538 174664471))
32635;POLYGON((11492595 136901728,10998018 142608497,24485555 155493669,24464401 149112180,11492595 136901728))
32636;POLYGON((13848034 106956848,13522963 111471062,24171103 120733534,24078952 115707430,13848034 106956848))
32637;POLYGON((15313562 83345121,15122525 86895836,23479443 93422670,23335108 89488268,15313562 83345121))
32638;POLYGON((16081560 64831911,15994825 67609104,22514862 72096007,22333806 69035064,16081560 64831911))
32639;POLYGON((16312450 50396872,16305326 52557113,21362628 55544119,21157392 53177189,16312450 50396872))
32640;POLYGON((16138708 39202249,16190896 40873714,20091481 42775313,19872076 40955874,16138708 39202249))
32641;POLYGON((15668524 30564924,15763535 31851809,18755898 32982205,18530165 31591495,15668524 30564924))
32642;POLYGON((14989138 23931902,15113754 24918280,17398156 25512393,17172090 24454900,14989138 23931902))
32643;POLYGON((14169855 18858921,14313651 19612106,16050197 19842888,15828235 19042424,14169855 18858921))
32644;POLYGON((13264766 14991919,13419677 15565364,14735294 15557938,14520580 14954255,13264766 14991919))
32645;POLYGON((12315181 12051063,12475115 12486858,13469551 12329938,13264167 11875821,12315181 12051063))
32646;POLYGON((11351798 9817092,11512292 10148090,12263221 9903106,12068392 9561902,11351798 9817092))
32647;POLYGON((10396613 8119734,10554530 8371348,11121875 8079637,10938147 7823167,10396613 8119734))
32648;POLYGON((9464595 6827959,9617864 7019664,10047409 6708058,9874803 6514875,9464595 6827959))
32649;POLYGON((8565138 5841848,8712526 5988439,9038917 5673535,8877065 5527476,8565138 5841848))
32650;POLYGON((7703308 5085897,7844223 5198507,8093433 4889870,7941685 4778878,7703308 5085897))
32651;POLYGON((6880891 4503541,7015225 4590482,7206546 4292996,7064063 4208159,6880891 4503541))
32652;POLYGON((6097275 4052751,6225264 4120178,6372907 3835733,6238736 3770522,6097275 4052751))
32653;POLYGON((5350160 3702531,5472279 3754967,5586632 3483627,5459762 3433300,5350160 3702531))
32654;POLYGON((4636129 3430171,4753005 3470923,4841610 3211714,4721020 3172846,4636129 3430171))
32655;POLYGON((3951088 3219139,4063435 3250606,4131736 3002020,4016419 2972157,3951088 3219139))
32656;POLYGON((3290586 3057482,3399160 3081394,3451055 2841693,3340042 2819086,3290586 3057482))
32657;POLYGON((2650042 2936645,2755608 2954232,2793859 2721618,2686225 2705039,2650042 2936645))
32658;POLYGON((2024882 2850619,2128199 2862732,2154717 2635432,2049583 2624035,2024882 2850619))
32659;POLYGON((1410608 2795340,1512419 2802541,1528464 2578833,1424992 2572066,1410608 2795340))
32660;POLYGON((802818 2768300,903851 2770911,910159 2549120,807542 2546667,802818 2768300))
