32701;POLYGON((459200 782480,472793 783069,480542 559928,470821 559506,459200 782480))
32702;POLYGON((378034 774013,391495 776009,422403 554861,412778 553428,378034 774013))
32703;POLYGON((298167 757162,311351 760547,365102 543765,355677 541337,298167 757162))
32704;POLYGON((220451 732099,233219 736836,309259 526757,300136 523359,220451 732099))
32705;POLYGON((145723 699075,157936 705118,255478 504015,246757 499683,145723 699075))
32706;POLYGON((74793 658427,86318 665715,204346 475780,196122 470560,74793 658427))
32707;POLYGON((8438 610576,19148 619031,156423 442351,148785 436299,8438 610576))
32708;POLYGON((-52609 556019,-42832 565554,112235 404085,105269 397265,-52609 556019))
32709;POLYGON((-107668 495330,-98935 505844,72271 361393,66052 353879,-107668 495330))
32710;POLYGON((-156123 429158,-148530 440538,36972 314736,31571 306609,-156123 429158))
32711;POLYGON((-197432 358212,-191063 370336,6731 264619,2206 255967,-197432 358212))
32712;POLYGON((-231144 283259,-226069 295995,-18122 211586,-21721 202503,-231144 283259))
32713;POLYGON((-256914 205103,-253181 218316,-37323 156212,-39959 146797,-256914 205103))
32714;POLYGON((-274516 124577,-272155 138127,-50681 99093,-52330 89446,-274516 124577))
32715;POLYGON((-283868 42513,-282881 56262,-58085 40836,-58738 31058,-283868 42513))
32716;POLYGON((-285046 -40279,-285409 -26462,-59517 -17955,-59179 -27765,-285046 -40279))
32717;POLYGON((-278313 -123050,-279968 -109286,-55056 -76698,-53750 -86445,-278313 -123050))
32718;POLYGON((-264141 -205151,-266993 -191538,-44886 -134847,-42655 -144445,-264141 -205151))
32719;POLYGON((-243238 -286081,-247151 -272690,-29309 -191914,-26216 -201291,-243238 -286081))
32720;POLYGON((-216582 -365550,-221374 -352411,-8754 -247500,-4881 -256598,-216582 -365550))
32721;POLYGON((-185453 -443546,-190887 -430639,16216 -301318,20759 -310104,-185453 -443546))
32722;POLYGON((-151468 -520418,-157251 -507656,44892 -353231,49973 -361699,-151468 -520418))
32723;POLYGON((-116624 -596976,-122394 -584188,76407 -403289,81865 -411468,-116624 -596976))
32724;POLYGON((-83337 -674592,-88661 -661504,109724 -451771,115369 -459733,-83337 -674592))
32725;POLYGON((-54493 -755336,-58854 -741550,143625 -499238,149236 -507107,-54493 -755336))
32726;POLYGON((-33494 -842114,-36288 -827079,176701 -546584,182023 -554548,-33494 -842114))
32727;POLYGON((-24315 -938833,-24837 -921823,207332 -595104,212073 -603421,-24315 -938833))
32728;POLYGON((-31561 -1050588,-28997 -1030662,233679 -646559,237512 -655574,-31561 -1050588))
32729;POLYGON((-60531 -1183865,-53947 -1159836,253668 -703257,256222 -713413,-60531 -1183865))
32730;POLYGON((-117280 -1346777,-105611 -1317168,264974 -768136,265836 -779990,-117280 -1346777))
32731;POLYGON((1117280 -1346777,1129910 -1377482,733626 -792191,734163 -779990,1117280 -1346777))
32732;POLYGON((1060531 -1183865,1067885 -1208714,741475 -723809,743777 -713413,1060531 -1183865))
32733;POLYGON((1031561 -1050588,1034727 -1071109,758841 -664745,762487 -655574,1031561 -1050588))
32734;POLYGON((1024315 -938833,1024248 -956258,783311 -611828,787926 -603421,1024315 -938833))
32735;POLYGON((1033494 -842114,1031027 -857421,812730 -562550,817976 -554548,1033494 -842114))
32736;POLYGON((1054493 -755336,1050348 -769288,845181 -514978,850763 -507107,1054493 -755336))
32737;POLYGON((1083337 -674592,1078136 -687765,878974 -467669,884630 -459733,1083337 -674592))
32738;POLYGON((1116624 -596976,1110896 -609792,912630 -419604,918134 -411468,1116624 -596976))
32739;POLYGON((1151468 -520418,1145660 -533170,944870 -370115,950026 -361699,1151468 -520418))
32740;POLYGON((1185453 -443546,1179938 -456420,974597 -318836,979240 -310104,1185453 -443546))
32741;POLYGON((1216582 -365550,1211665 -378647,1000889 -265646,1004881 -256598,1216582 -365550))
32742;POLYGON((1243238 -286081,1239164 -299432,1022986 -210624,1026216 -201291,1243238 -286081))
32743;POLYGON((1264141 -205151,1261101 -218732,1040276 -154011,1042655 -144445,1264141 -205151))
32744;POLYGON((1278313 -123050,1276452 -136796,1052287 -96173,1053750 -86445,1278313 -123050))
32745;POLYGON((1285046 -40279,1284464 -54095,1058678 -37570,1059179 -27765,1285046 -40279))
32746;POLYGON((1283868 42513,1284627 28743,1059224 21269,1058738 31058,1283868 42513))
32747;POLYGON((1274516 124577,1276648 110984,1053813 79770,1052330 89446,1274516 124577))
32748;POLYGON((1256914 205103,1260419 191824,1042432 137336,1039959 146797,1256914 205103))
32749;POLYGON((1231144 283259,1235998 270433,1025162 193359,1021721 202503,1231144 283259))
32750;POLYGON((1197432 358212,1203589 345977,1002166 247237,997793 255967,1197432 358212))
32751;POLYGON((1156123 429158,1163517 417645,973687 298389,968428 306609,1156123 429158))
32752;POLYGON((1107668 495330,1116218 484664,940033 346257,933947 353879,1107668 495330))
32753;POLYGON((1052609 556019,1062219 546313,901577 390325,894730 397265,1052609 556019))
32754;POLYGON((991561 610576,1002123 601934,858745 430114,851214 436299,991561 610576))
32755;POLYGON((925206 658427,936603 650940,812010 465197,803877 470560,925206 658427))
32756;POLYGON((854276 699075,866382 692819,761887 495200,753242 499683,854276 699075))
32757;POLYGON((779548 732099,792232 727139,708926 519803,699863 523359,779548 732099))
32758;POLYGON((701832 757162,714957 753550,653704 538745,644322 541337,701832 757162))
32759;POLYGON((621965 774013,635389 771783,596820 551828,587221 553428,621965 774013))
32760;POLYGON((540799 782480,554380 781656,538891 558914,529178 559506,540799 782480))
32601;POLYGON((459200 -9217519,472793 -9216930,480542 -9440071,470821 -9440493,459200 -9217519))
32602;POLYGON((378034 -9225986,391495 -9223990,422403 -9445138,412778 -9446571,378034 -9225986))
32603;POLYGON((298167 -9242837,311351 -9239452,365102 -9456234,355677 -9458662,298167 -9242837))
32604;POLYGON((220451 -9267900,233219 -9263163,309259 -9473242,300136 -9476640,220451 -9267900))
32605;POLYGON((145723 -9300924,157936 -9294881,255478 -9495984,246757 -9500316,145723 -9300924))
32606;POLYGON((74793 -9341572,86318 -9334284,204346 -9524219,196122 -9529439,74793 -9341572))
32607;POLYGON((8438 -9389423,19148 -9380968,156423 -9557648,148785 -9563700,8438 -9389423))
32608;POLYGON((-52609 -9443980,-42832 -9434445,112235 -9595914,105269 -9602734,-52609 -9443980))
32609;POLYGON((-107668 -9504669,-98935 -9494155,72271 -9638606,66052 -9646120,-107668 -9504669))
32610;POLYGON((-156123 -9570841,-148530 -9559461,36972 -9685263,31571 -9693390,-156123 -9570841))
32611;POLYGON((-197432 -9641787,-191063 -9629663,6731 -9735380,2206 -9744032,-197432 -9641787))
32612;POLYGON((-231144 -9716740,-226069 -9704004,-18122 -9788413,-21721 -9797496,-231144 -9716740))
32613;POLYGON((-256914 -9794896,-253181 -9781683,-37323 -9843787,-39959 -9853202,-256914 -9794896))
32614;POLYGON((-274516 -9875422,-272155 -9861872,-50681 -9900906,-52330 -9910553,-274516 -9875422))
32615;POLYGON((-283868 -9957486,-282881 -9943737,-58085 -9959163,-58738 -9968941,-283868 -9957486))
32616;POLYGON((-285046 -10040279,-285409 -10026462,-59517 -10017955,-59179 -10027765,-285046 -10040279))
32617;POLYGON((-278313 -10123050,-279968 -10109286,-55056 -10076698,-53750 -10086445,-278313 -10123050))
32618;POLYGON((-264141 -10205151,-266993 -10191538,-44886 -10134847,-42655 -10144445,-264141 -10205151))
32619;POLYGON((-243238 -10286081,-247151 -10272690,-29309 -10191914,-26216 -10201291,-243238 -10286081))
32620;POLYGON((-216582 -10365550,-221374 -10352411,-8754 -10247500,-4881 -10256598,-216582 -10365550))
32621;POLYGON((-185453 -10443546,-190887 -10430639,16216 -10301318,20759 -10310104,-185453 -10443546))
32622;POLYGON((-151468 -10520418,-157251 -10507656,44892 -10353231,49973 -10361699,-151468 -10520418))
32623;POLYGON((-116624 -10596976,-122394 -10584188,76407 -10403289,81865 -10411468,-116624 -10596976))
32624;POLYGON((-83337 -10674592,-88661 -10661504,109724 -10451771,115369 -10459733,-83337 -10674592))
32625;POLYGON((-54493 -10755336,-58854 -10741550,143625 -10499238,149236 -10507107,-54493 -10755336))
32626;POLYGON((-33494 -10842114,-36288 -10827079,176701 -10546584,182023 -10554548,-33494 -10842114))
32627;POLYGON((-24315 -10938833,-24837 -10921823,207332 -10595104,212073 -10603421,-24315 -10938833))
32628;POLYGON((-31561 -11050588,-28997 -11030662,233679 -10646559,237512 -10655574,-31561 -11050588))
32629;POLYGON((-60531 -11183865,-53947 -11159836,253668 -10703257,256222 -10713413,-60531 -11183865))
32630;POLYGON((-117280 -11346777,-105611 -11317168,264974 -10768136,265836 -10779990,-117280 -11346777))
32631;POLYGON((1117280 -11346777,1129910 -11377482,733626 -10792191,734163 -10779990,1117280 -11346777))
32632;POLYGON((1060531 -11183865,1067885 -11208714,741475 -10723809,743777 -10713413,1060531 -11183865))
32633;POLYGON((1031561 -11050588,1034727 -11071109,758841 -10664745,762487 -10655574,1031561 -11050588))
32634;POLYGON((1024315 -10938833,1024248 -10956258,783311 -10611828,787926 -10603421,1024315 -10938833))
32635;POLYGON((1033494 -10842114,1031027 -10857421,812730 -10562550,817976 -10554548,1033494 -10842114))
32636;POLYGON((1054493 -10755336,1050348 -10769288,845181 -10514978,850763 -10507107,1054493 -10755336))
32637;POLYGON((1083337 -10674592,1078136 -10687765,878974 -10467669,884630 -10459733,1083337 -10674592))
32638;POLYGON((1116624 -10596976,1110896 -10609792,912630 -10419604,918134 -10411468,1116624 -10596976))
32639;POLYGON((1151468 -10520418,1145660 -10533170,944870 -10370115,950026 -10361699,1151468 -10520418))
32640;POLYGON((1185453 -10443546,1179938 -10456420,974597 -10318836,979240 -10310104,1185453 -10443546))
32641;POLYGON((1216582 -10365550,1211665 -10378647,1000889 -10265646,1004881 -10256598,1216582 -10365550))
32642;POLYGON((1243238 -10286081,1239164 -10299432,1022986 -10210624,1026216 -10201291,1243238 -10286081))
32643;POLYGON((1264141 -10205151,1261101 -10218732,1040276 -10154011,1042655 -10144445,1264141 -10205151))
32644;POLYGON((1278313 -10123050,1276452 -10136796,1052287 -10096173,1053750 -10086445,1278313 -10123050))
32645;POLYGON((1285046 -10040279,1284464 -10054095,1058678 -10037570,1059179 -10027765,1285046 -10040279))
32646;POLYGON((1283868 -9957486,1284627 -9971256,1059224 -9978730,1058738 -9968941,1283868 -9957486))
32647;POLYGON((1274516 -9875422,1276648 -9889015,1053813 -9920229,1052330 -9910553,1274516 -9875422))
32648;POLYGON((1256914 -9794896,1260419 -9808175,1042432 -9862663,1039959 -9853202,1256914 -9794896))
32649;POLYGON((1231144 -9716740,1235998 -9729566,1025162 -9806640,1021721 -9797496,1231144 -9716740))
32650;POLYGON((1197432 -9641787,1203589 -9654022,1002166 -9752762,997793 -9744032,1197432 -9641787))
32651;POLYGON((1156123 -9570841,1163517 -9582354,973687 -9701610,968428 -9693390,1156123 -9570841))
32652;POLYGON((1107668 -9504669,1116218 -9515335,940033 -9653742,933947 -9646120,1107668 -9504669))
32653;POLYGON((1052609 -9443980,1062219 -9453686,901577 -9609674,894730 -9602734,1052609 -9443980))
32654;POLYGON((991561 -9389423,1002123 -9398065,858745 -9569885,851214 -9563700,991561 -9389423))
32655;POLYGON((925206 -9341572,936603 -9349059,812010 -9534802,803877 -9529439,925206 -9341572))
32656;POLYGON((854276 -9300924,866382 -9307180,761887 -9504799,753242 -9500316,854276 -9300924))
32657;POLYGON((779548 -9267900,792232 -9272860,708926 -9480196,699863 -9476640,779548 -9267900))
32658;POLYGON((701832 -9242837,714957 -9246449,653704 -9461254,644322 -9458662,701832 -9242837))
32659;POLYGON((621965 -9225986,635389 -9228216,596820 -9448171,587221 -9446571,621965 -9225986))
32660;POLYGON((540799 -9217519,554380 -9218343,538891 -9441085,529178 -9440493,540799 -9217519))
