32701;POLYGON((353304 17100467,402187 17098548,395257 16875794,342908 16877812,353304 17100467))
32702;POLYGON((60908 17128098,109487 17121573,81745 16900022,29693 16906891,60908 17128098))
32703;POLYGON((-228468 17183402,-180537 17172261,-229155 16953404,-280574 16965145,-228468 17183402))
32704;POLYGON((-512702 17266441,-465782 17250673,-535366 17036100,-585790 17052747,-512702 17266441))
32705;POLYGON((-789503 17377253,-743989 17356856,-834617 17148309,-883642 17169893,-789503 17377253))
32706;POLYGON((-1056362 17515794,-1012690 17490785,-1124370 17290196,-1171543 17316735,-1056362 17515794))
32707;POLYGON((-1310509 17681844,-1269160 17652276,-1401752 17461795,-1446557 17493273,-1310509 17681844))
32708;POLYGON((-1548879 17874895,-1510385 17840878,-1663502 17662876,-1705355 17699218,-1548879 17874895))
32709;POLYGON((-1768102 18094007,-1733047 18055736,-1905926 17892774,-1944167 17933812,-1768102 18094007))
32710;POLYGON((-1964513 18337634,-1933526 18295416,-2124873 18150170,-2158764 18195602,-1964513 18337634))
32711;POLYGON((-2134178 18603408,-2107932 18557705,-2315723 18432817,-2344451 18482155,-2134178 18603408))
32712;POLYGON((-2272954 18887887,-2252150 18839360,-2473406 18737203,-2496082 18789713,-2272954 18887887))
32713;POLYGON((-2376579 19186260,-2361931 19135819,-2592431 19058144,-2608104 19112764,-2376579 19186260))
32714;POLYGON((-2440785 19491988,-2432999 19440861,-2666950 19388282,-2674617 19443535,-2440785 19491988))
32715;POLYGON((-2461462 19796406,-2461204 19746204,-2690851 19717492,-2689474 19771373,-2461462 19796406))
32716;POLYGON((-2434847 20088242,-2442711 20041045,-2657873 20032175,-2646406 20082024,-2434847 20088242))
32717;POLYGON((-2357764 20353075,-2374227 20311532,-2561765 20314424,-2539179 20356771,-2357764 20353075))
32718;POLYGON((-2227906 20572713,-2253278 20540147,-2396471 20541041,-2361792 20571428,-2227906 20572713))
32719;POLYGON((-2044164 20724479,-2078532 20705013,-2156363 20682402,-2108712 20695176,-2044164 20724479))
32720;POLYGON((-1807011 20780401,-1850168 20779103,-1836505 20701132,-1775149 20689207,-1807011 20780401))
32721;POLYGON((-1518937 20706300,-1570308 20729340,-1432967 20550588,-1357372 20505171,-1518937 20706300))
32722;POLYGON((-1184947 20460753,-1243500 20515585,-943182 20173120,-853080 20083396,-1184947 20460753))
32723;POLYGON((-813112 19993938,-877264 20089503,-366352 19498082,-261814 19350861,-813112 19993938))
32724;POLYGON((-415191 19246332,-482697 19393283,296096 18439590,414581 18218900,-415191 19246332))
32725;POLYGON((-7317 18147266,-75154 18358222,1040001 16893972,1171435 16580612,-7317 18147266))
32726;POLYGON((389247 16613312,325013 16903136,1857901 14736922,2000676 14307947,389247 16613312))
32727;POLYGON((747277 14546495,691636 14932608,2738409 11820290,2890199 11248446,747277 14546495))
32728;POLYGON((1032681 11832321,991833 12335043,3665533 7968515,3823172 7221604,1032681 11832321))
32729;POLYGON((1203517 8337595,1185041 8980523,4617923 2974653,4777277 2014830,1203517 8337595))
32730;POLYGON((1208916 3908027,1221958 4718449,5568062 -3404028,5723885 -4621033,1208916 3908027))
32731;POLYGON((-208916 3908027,-189612 3066751,-4878522 -5885703,-4723885 -4621033,-208916 3908027))
32732;POLYGON((-203517 8337595,-217420 7668752,-3936439 1015403,-3777277 2014830,-203517 8337595))
32733;POLYGON((-32681 11832321,-70367 11307963,-2981413 6441999,-2823172 7221604,-32681 11832321))
32734;POLYGON((252722 14546495,199082 14142441,-2043208 10649803,-1890199 11248446,252722 14546495))
32735;POLYGON((610752 16613312,547574 16308723,-1145135 13857179,-1000676 14307947,610752 16613312))
32736;POLYGON((1007317 18147266,939780 17924264,-304888 16249685,-171435 16580612,1007317 18147266))
32737;POLYGON((1415191 19246332,1347397 19089648,464690 17984194,585418 18218900,1415191 19246332))
32738;POLYGON((1813112 19993938,1748226 19890599,1154905 19192585,1261814 19350861,1813112 19993938))
32739;POLYGON((2184947 20460753,2125334 20399797,1760557 19985075,1853080 20083396,2184947 20460753))
32740;POLYGON((2518937 20706300,2466284 20678516,2279369 20453180,2357372 20505171,2518937 20706300))
32741;POLYGON((2807011 20780401,2762433 20778104,2711449 20672361,2775149 20689207,2807011 20780401))
32742;POLYGON((3044164 20724479,3008308 20741296,3058823 20704368,3108712 20695176,3044164 20724479))
32743;POLYGON((3227906 20572713,3201033 20603406,3325009 20599307,3361792 20571428,3227906 20572713))
32744;POLYGON((3357764 20353075,3339833 20393373,3514643 20397463,3539179 20356771,3357764 20353075))
32745;POLYGON((3434847 20088242,3425579 20134697,3633156 20130889,3646406 20082024,3434847 20088242))
32746;POLYGON((3461462 19796406,3460404 19846267,3686489 19824787,3689474 19771373,3461462 19796406))
32747;POLYGON((3440785 19491988,3447361 19543085,3680849 19498714,3674617 19443535,3440785 19491988))
32748;POLYGON((3376579 19186260,3390131 19236909,3622513 19167605,3608104 19112764,3376579 19186260))
32749;POLYGON((3272954 18887887,3292782 18936804,3517659 18842658,3496082 18789713,3272954 18887887))
32750;POLYGON((3134178 18603408,3159567 18649633,3372233 18532081,3344451 18482155,3134178 18603408))
32751;POLYGON((2964513 18337634,2994758 18380470,3191853 18241724,3158764 18195602,2964513 18337634))
32752;POLYGON((2768102 18094007,2802525 18132962,2981735 17975607,2944167 17933812,2768102 18094007))
32753;POLYGON((2548879 17874895,2586841 17909637,2746653 17736356,2705355 17699218,2548879 17874895))
32754;POLYGON((2310509 17681844,2351420 17712163,2490912 17525568,2446557 17493273,2310509 17681844))
32755;POLYGON((2056362 17515794,2099682 17541568,2218358 17344099,2171543 17316735,2056362 17515794))
32756;POLYGON((1789503 17377253,1834741 17398421,1932392 17192302,1883642 17169893,1789503 17377253))
32757;POLYGON((1512702 17266441,1559417 17282980,1636009 17070214,1585790 17052747,1512702 17266441))
32758;POLYGON((1228468 17183402,1276257 17195314,1331854 16977702,1280574 16965145,1228468 17183402))
32759;POLYGON((939091 17128098,987586 17135392,1022277 16914570,970306 16906891,939091 17128098))
32760;POLYGON((646695 17100467,695550 17103152,709413 16880638,657091 16877812,646695 17100467))
32601;POLYGON((353304 7100467,402187 7098548,395257 6875794,342908 6877812,353304 7100467))
32602;POLYGON((60908 7128098,109487 7121573,81745 6900022,29693 6906891,60908 7128098))
32603;POLYGON((-228468 7183402,-180537 7172261,-229155 6953404,-280574 6965145,-228468 7183402))
32604;POLYGON((-512702 7266441,-465782 7250673,-535366 7036100,-585790 7052747,-512702 7266441))
32605;POLYGON((-789503 7377253,-743989 7356856,-834617 7148309,-883642 7169893,-789503 7377253))
32606;POLYGON((-1056362 7515794,-1012690 7490785,-1124370 7290196,-1171543 7316735,-1056362 7515794))
32607;POLYGON((-1310509 7681844,-1269160 7652276,-1401752 7461795,-1446557 7493273,-1310509 7681844))
32608;POLYGON((-1548879 7874895,-1510385 7840878,-1663502 7662876,-1705355 7699218,-1548879 7874895))
32609;POLYGON((-1768102 8094007,-1733047 8055736,-1905926 7892774,-1944167 7933812,-1768102 8094007))
32610;POLYGON((-1964513 8337634,-1933526 8295416,-2124873 8150170,-2158764 8195602,-1964513 8337634))
32611;POLYGON((-2134178 8603408,-2107932 8557705,-2315723 8432817,-2344451 8482155,-2134178 8603408))
32612;POLYGON((-2272954 8887887,-2252150 8839360,-2473406 8737203,-2496082 8789713,-2272954 8887887))
32613;POLYGON((-2376579 9186260,-2361931 9135819,-2592431 9058144,-2608104 9112764,-2376579 9186260))
32614;POLYGON((-2440785 9491988,-2432999 9440861,-2666950 9388282,-2674617 9443535,-2440785 9491988))
32615;POLYGON((-2461462 9796406,-2461204 9746204,-2690851 9717492,-2689474 9771373,-2461462 9796406))
32616;POLYGON((-2434847 10088242,-2442711 10041045,-2657873 10032175,-2646406 10082024,-2434847 10088242))
32617;POLYGON((-2357764 10353075,-2374227 10311532,-2561765 10314424,-2539179 10356771,-2357764 10353075))
32618;POLYGON((-2227906 10572713,-2253278 10540147,-2396471 10541041,-2361792 10571428,-2227906 10572713))
32619;POLYGON((-2044164 10724479,-2078532 10705013,-2156363 10682402,-2108712 10695176,-2044164 10724479))
32620;POLYGON((-1807011 10780401,-1850168 10779103,-1836505 10701132,-1775149 10689207,-1807011 10780401))
32621;POLYGON((-1518937 10706300,-1570308 10729340,-1432967 10550588,-1357372 10505171,-1518937 10706300))
32622;POLYGON((-1184947 10460753,-1243500 10515585,-943182 10173120,-853080 10083396,-1184947 10460753))
32623;POLYGON((-813112 9993938,-877264 10089503,-366352 9498082,-261814 9350861,-813112 9993938))
32624;POLYGON((-415191 9246332,-482697 9393283,296096 8439590,414581 8218900,-415191 9246332))
32625;POLYGON((-7317 8147266,-75154 8358222,1040001 6893972,1171435 6580612,-7317 8147266))
32626;POLYGON((389247 6613312,325013 6903136,1857901 4736922,2000676 4307947,389247 6613312))
32627;POLYGON((747277 4546495,691636 4932608,2738409 1820290,2890199 1248446,747277 4546495))
32628;POLYGON((1032681 1832321,991833 2335043,3665533 -2031484,3823172 -2778395,1032681 1832321))
32629;POLYGON((1203517 -1662404,1185041 -1019476,4617923 -7025346,4777277 -7985169,1203517 -1662404))
32630;POLYGON((1208916 -6091972,1221958 -5281550,5568062 -13404028,5723885 -14621033,1208916 -6091972))
32631;POLYGON((-208916 -6091972,-189612 -6933248,-4878522 -15885703,-4723885 -14621033,-208916 -6091972))
32632;POLYGON((-203517 -1662404,-217420 -2331247,-3936439 -8984596,-3777277 -7985169,-203517 -1662404))
32633;POLYGON((-32681 1832321,-70367 1307963,-2981413 -3558000,-2823172 -2778395,-32681 1832321))
32634;POLYGON((252722 4546495,199082 4142441,-2043208 649803,-1890199 1248446,252722 4546495))
32635;POLYGON((610752 6613312,547574 6308723,-1145135 3857179,-1000676 4307947,610752 6613312))
32636;POLYGON((1007317 8147266,939780 7924264,-304888 6249685,-171435 6580612,1007317 8147266))
32637;POLYGON((1415191 9246332,1347397 9089648,464690 7984194,585418 8218900,1415191 9246332))
32638;POLYGON((1813112 9993938,1748226 9890599,1154905 9192585,1261814 9350861,1813112 9993938))
32639;POLYGON((2184947 10460753,2125334 10399797,1760557 9985075,1853080 10083396,2184947 10460753))
32640;POLYGON((2518937 10706300,2466284 10678516,2279369 10453180,2357372 10505171,2518937 10706300))
32641;POLYGON((2807011 10780401,2762433 10778104,2711449 10672361,2775149 10689207,2807011 10780401))
32642;POLYGON((3044164 10724479,3008308 10741296,3058823 10704368,3108712 10695176,3044164 10724479))
32643;POLYGON((3227906 10572713,3201033 10603406,3325009 10599307,3361792 10571428,3227906 10572713))
32644;POLYGON((3357764 10353075,3339833 10393373,3514643 10397463,3539179 10356771,3357764 10353075))
32645;POLYGON((3434847 10088242,3425579 10134697,3633156 10130889,3646406 10082024,3434847 10088242))
32646;POLYGON((3461462 9796406,3460404 9846267,3686489 9824787,3689474 9771373,3461462 9796406))
32647;POLYGON((3440785 9491988,3447361 9543085,3680849 9498714,3674617 9443535,3440785 9491988))
32648;POLYGON((3376579 9186260,3390131 9236909,3622513 9167605,3608104 9112764,3376579 9186260))
32649;POLYGON((3272954 8887887,3292782 8936804,3517659 8842658,3496082 8789713,3272954 8887887))
32650;POLYGON((3134178 8603408,3159567 8649633,3372233 8532081,3344451 8482155,3134178 8603408))
32651;POLYGON((2964513 8337634,2994758 8380470,3191853 8241724,3158764 8195602,2964513 8337634))
32652;POLYGON((2768102 8094007,2802525 8132962,2981735 7975607,2944167 7933812,2768102 8094007))
32653;POLYGON((2548879 7874895,2586841 7909637,2746653 7736356,2705355 7699218,2548879 7874895))
32654;POLYGON((2310509 7681844,2351420 7712163,2490912 7525568,2446557 7493273,2310509 7681844))
32655;POLYGON((2056362 7515794,2099682 7541568,2218358 7344099,2171543 7316735,2056362 7515794))
32656;POLYGON((1789503 7377253,1834741 7398421,1932392 7192302,1883642 7169893,1789503 7377253))
32657;POLYGON((1512702 7266441,1559417 7282980,1636009 7070214,1585790 7052747,1512702 7266441))
32658;POLYGON((1228468 7183402,1276257 7195314,1331854 6977702,1280574 6965145,1228468 7183402))
32659;POLYGON((939091 7128098,987586 7135392,1022277 6914570,970306 6906891,939091 7128098))
32660;POLYGON((646695 7100467,695550 7103152,709413 6880638,657091 6877812,646695 7100467))
