32701;POLYGON((226201 13877156,317483 13874870,313152 13653063,219700 13655285,226201 13877156))
32702;POLYGON((-322423 13910273,-230827 13902420,-248319 13679853,-342154 13687491,-322423 13910273))
32703;POLYGON((-874078 13977624,-781845 13963939,-813108 13739732,-907731 13753064,-874078 13977624))
32704;POLYGON((-1430579 14081506,-1337424 14061520,-1383568 13834881,-1479348 13854395,-1430579 14081506))
32705;POLYGON((-1993383 14225512,-1899099 14198529,-1961788 13968827,-2059036 13995255,-1993383 14225512))
32706;POLYGON((-2563351 14414706,-2467848 14379771,-2549397 14146658,-2648320 14181021,-2563351 14414706))
32707;POLYGON((-3140398 14655863,-3043774 14611716,-3147266 14375322,-3247908 14418984,-3140398 14655863))
32708;POLYGON((-3723029 14957760,-3625656 14902785,-3755091 14664017,-3857252 14718762,-3723029 14957760))
32709;POLYGON((-4307706 15331527,-4210347 15263689,-4370831 15024691,-4473951 15092821,-4307706 15331527))
32710;POLYGON((-4888034 15791054,-4791994 15707827,-4989960 15472664,-5092979 15557111,-4888034 15791054))
32711;POLYGON((-5453735 16353456,-5361048 16251743,-5604518 16027387,-5705697 16131857,-5453735 16353456))
32712;POLYGON((-5989377 17039590,-5903035 16915631,-6201928 16713361,-6298624 16842501,-5989377 17039590))
32713;POLYGON((-6472831 17874622,-6397061 17723898,-6763548 17561231,-6851947 17720835,-6472831 17874622))
32714;POLYGON((-6873425 18888657,-6814020 18705780,-7262934 18609090,-7337732 18806334,-6873425 18888657))
32715;POLYGON((-7149782 20117408,-7114485 19896005,-7663787 19904012,-7717811 20147739,-7149782 20117408))
32716;POLYGON((-7247283 21602919,-7246234 21335511,-7917548 21503848,-7941324 21804887,-7247283 21602919))
32717;POLYGON((-7095158 23394338,-7141411 23072207,-7960623 23479307,-7941873 23850858,-7095158 23394338))
32718;POLYGON((-6603159 25548730,-6713262 25161779,-7711204 25916375,-7634276 26374445,-6603159 25548730))
32719;POLYGON((-5657789 28131939,-5852446 27668547,-7065656 28919090,-6910877 29482990,-5657789 28131939))
32720;POLYGON((-4118058 31219489,-4422871 30666356,-5894454 32612725,-5637406 33305644,-4118058 31219489))
32721;POLYGON((-1810744 34897524,-2257040 34239515,-4037619 37147408,-3648331 37997069,-1810744 34897524))
32722;POLYGON((1474875 39263785,849132 38483762,-1299652 42702248,-741701 43741635,1474875 39263785))
32723;POLYGON((5992856 44428626,5142049 43507276,2556081 49489976,3326560 50758173,5992856 44428626))
32724;POLYGON((12046992 50516052,10916745 49431715,7813539 57762190,8848940 59305312,12046992 50516052))
32725;POLYGON((19997849 57664802,18523808 56393285,14810788 67815226,16173227 69687461,19997849 57664802))
32726;POLYGON((30270428 66029440,28376938 64543836,23947414 79996727,25710027 82261507,30270428 66029440))
32727;POLYGON((43362509 75781486,40961179 74051983,35692593 94712957,37940945 97444249,43362509 75781486))
32728;POLYGON((59853693 87110556,56841835 85104244,50593844 112436924,53427459 115720671,59853693 87110556))
32729;POLYGON((80415166 100225523,76674119 97906204,69286489 133717374,72820497 137653079,80415166 100225523))
32730;POLYGON((105820228 115355697,101213547 112683684,92503866 159188716,96870777 163891194,105820228 115355697))
32731;POLYGON((-104820228 115355697,-109585803 118090608,-100390712 168733811,-95870777 163891194,-104820228 115355697))
32732;POLYGON((-79415166 100225523,-83290503 102600771,-75483623 141708166,-71820497 137653079,-79415166 100225523))
32733;POLYGON((-58853693 87110556,-61978385 89166429,-55369364 119105777,-52427459 115720671,-58853693 87110556))
32734;POLYGON((-42362509 75781486,-44858053 77554753,-39279530 100261304,-36940945 97444249,-42362509 75781486))
32735;POLYGON((-29270428 66029440,-31242053 67553543,-26547297 84598598,-24710027 82261507,-29270428 66029440))
32736;POLYGON((-18997849 57664802,-20536219 58970055,-16596966 71620448,-15173227 69687461,-18997849 57664802))
32737;POLYGON((-11046992 50516052,-12229781 51629835,-8934253 60899288,-7848940 59305312,-11046992 50516052))
32738;POLYGON((-4992856 44428626,-5886206 45375570,-3137307 52068785,-2326560 50758173,-4992856 44428626))
32739;POLYGON((-474875 39263785,-1134739 40065961,1151590 44816265,1741701 43741635,-474875 39263785))
32740;POLYGON((2810744 34897524,2337370 35574622,4233649 38875905,4648331 37997069,2810744 34897524))
32741;POLYGON((5118058 31219489,4792006 31788999,6360562 34022630,6637406 33305644,5118058 31219489))
32742;POLYGON((6657789 28131939,6446694 28609317,7740889 30066668,7910877 29482990,6657789 28131939))
32743;POLYGON((7603159 25548730,7480525 25947571,8545857 26848714,8634276 26374445,7603159 25548730))
32744;POLYGON((8095158 23394338,8039516 23726532,8914614 24235636,8941873 23850858,8095158 23394338))
32745;POLYGON((8247283 21602919,8241441 21878807,8958948 22116691,8941324 21804887,8247283 21602919))
32746;POLYGON((8149782 20117408,8180147 20345928,8767520 20400206,8717811 20147739,8149782 20117408))
32747;POLYGON((7873425 18888657,7929409 19077485,8409621 19010663,8337732 18806334,7873425 18888657))
32748;POLYGON((7472831 17874622,7546323 18030306,7938493 17886172,7851947 17720835,7472831 17874622))
32749;POLYGON((6989377 17039590,7074289 17167673,7394238 16976282,7298624 16842501,6989377 17039590))
32750;POLYGON((6453735 16353456,6545602 16458596,6806341 16240087,6705697 16131857,6453735 16353456))
32751;POLYGON((5888034 15791054,5983678 15877129,6195834 15644614,6092979 15557111,5888034 15791054))
32752;POLYGON((5307706 15331527,5404952 15401739,5577143 15163448,5473951 15092821,5307706 15331527))
32753;POLYGON((4723029 14957760,4820466 15014725,4959623 14775563,4857252 14718762,4723029 14957760))
32754;POLYGON((4140398 14655863,4237182 14701692,4348826 14464356,4247908 14418984,4140398 14655863))
32755;POLYGON((3563351 14414706,3659054 14451080,3747533 14216828,3648320 14181021,3563351 14414706))
32756;POLYGON((2993383 14225512,3087869 14253746,3156552 14022927,3059036 13995255,2993383 14225512))
32757;POLYGON((2430579 14081506,2523909 14102603,2575353 13875002,2479348 13854395,2430579 14081506))
32758;POLYGON((1874078 13977624,1966447 13992321,2002521 13767385,1907731 13753064,1874078 13977624))
32759;POLYGON((1322423 13910273,1414103 13919073,1436094 13696054,1342154 13687491,1322423 13910273))
32760;POLYGON((773798 13877156,865108 13880360,873787 13658400,780299 13655285,773798 13877156))
32601;POLYGON((226201 3877156,317483 3874870,313152 3653063,219700 3655285,226201 3877156))
32602;POLYGON((-322423 3910273,-230827 3902420,-248319 3679853,-342154 3687491,-322423 3910273))
32603;POLYGON((-874078 3977624,-781845 3963939,-813108 3739732,-907731 3753064,-874078 3977624))
32604;POLYGON((-1430579 4081506,-1337424 4061520,-1383568 3834881,-1479348 3854395,-1430579 4081506))
32605;POLYGON((-1993383 4225512,-1899099 4198529,-1961788 3968827,-2059036 3995255,-1993383 4225512))
32606;POLYGON((-2563351 4414706,-2467848 4379771,-2549397 4146658,-2648320 4181021,-2563351 4414706))
32607;POLYGON((-3140398 4655863,-3043774 4611716,-3147266 4375322,-3247908 4418984,-3140398 4655863))
32608;POLYGON((-3723029 4957760,-3625656 4902785,-3755091 4664017,-3857252 4718762,-3723029 4957760))
32609;POLYGON((-4307706 5331527,-4210347 5263689,-4370831 5024691,-4473951 5092821,-4307706 5331527))
32610;POLYGON((-4888034 5791054,-4791994 5707827,-4989960 5472664,-5092979 5557111,-4888034 5791054))
32611;POLYGON((-5453735 6353456,-5361048 6251743,-5604518 6027387,-5705697 6131857,-5453735 6353456))
32612;POLYGON((-5989377 7039590,-5903035 6915631,-6201928 6713361,-6298624 6842501,-5989377 7039590))
32613;POLYGON((-6472831 7874622,-6397061 7723898,-6763548 7561231,-6851947 7720835,-6472831 7874622))
32614;POLYGON((-6873425 8888657,-6814020 8705780,-7262934 8609090,-7337732 8806334,-6873425 8888657))
32615;POLYGON((-7149782 10117408,-7114485 9896005,-7663787 9904012,-7717811 10147739,-7149782 10117408))
32616;POLYGON((-7247283 11602919,-7246234 11335511,-7917548 11503848,-7941324 11804887,-7247283 11602919))
32617;POLYGON((-7095158 13394338,-7141411 13072207,-7960623 13479307,-7941873 13850858,-7095158 13394338))
32618;POLYGON((-6603159 15548730,-6713262 15161779,-7711204 15916375,-7634276 16374445,-6603159 15548730))
32619;POLYGON((-5657789 18131939,-5852446 17668547,-7065656 18919090,-6910877 19482990,-5657789 18131939))
32620;POLYGON((-4118058 21219489,-4422871 20666356,-5894454 22612725,-5637406 23305644,-4118058 21219489))
32621;POLYGON((-1810744 24897524,-2257040 24239515,-4037619 27147408,-3648331 27997069,-1810744 24897524))
32622;POLYGON((1474875 29263785,849132 28483762,-1299652 32702248,-741701 33741635,1474875 29263785))
32623;POLYGON((5992856 34428626,5142049 33507276,2556081 39489976,3326560 40758173,5992856 34428626))
32624;POLYGON((12046992 40516052,10916745 39431715,7813539 47762190,8848940 49305312,12046992 40516052))
32625;POLYGON((19997849 47664802,18523808 46393285,14810788 57815226,16173227 59687461,19997849 47664802))
32626;POLYGON((30270428 56029440,28376938 54543836,23947414 69996727,25710027 72261507,30270428 56029440))
32627;POLYGON((43362509 65781486,40961179 64051983,35692593 84712957,37940945 87444249,43362509 65781486))
32628;POLYGON((59853693 77110556,56841835 75104244,50593844 102436924,53427459 105720671,59853693 77110556))
32629;POLYGON((80415166 90225523,76674119 87906204,69286489 123717374,72820497 127653079,80415166 90225523))
32630;POLYGON((105820228 105355697,101213547 102683684,92503866 149188716,96870777 153891194,105820228 105355697))
32631;POLYGON((-104820228 105355697,-109585803 108090608,-100390712 158733811,-95870777 153891194,-104820228 105355697))
32632;POLYGON((-79415166 90225523,-83290503 92600771,-75483623 131708166,-71820497 127653079,-79415166 90225523))
32633;POLYGON((-58853693 77110556,-61978385 79166429,-55369364 109105777,-52427459 105720671,-58853693 77110556))
32634;POLYGON((-42362509 65781486,-44858053 67554753,-39279530 90261304,-36940945 87444249,-42362509 65781486))
32635;POLYGON((-29270428 56029440,-31242053 57553543,-26547297 74598598,-24710027 72261507,-29270428 56029440))
32636;POLYGON((-18997849 47664802,-20536219 48970055,-16596966 61620448,-15173227 59687461,-18997849 47664802))
32637;POLYGON((-11046992 40516052,-12229781 41629835,-8934253 50899288,-7848940 49305312,-11046992 40516052))
32638;POLYGON((-4992856 34428626,-5886206 35375570,-3137307 42068785,-2326560 40758173,-4992856 34428626))
32639;POLYGON((-474875 29263785,-1134739 30065961,1151590 34816265,1741701 33741635,-474875 29263785))
32640;POLYGON((2810744 24897524,2337370 25574622,4233649 28875905,4648331 27997069,2810744 24897524))
32641;POLYGON((5118058 21219489,4792006 21788999,6360562 24022630,6637406 23305644,5118058 21219489))
32642;POLYGON((6657789 18131939,6446694 18609317,7740889 20066668,7910877 19482990,6657789 18131939))
32643;POLYGON((7603159 15548730,7480525 15947571,8545857 16848714,8634276 16374445,7603159 15548730))
32644;POLYGON((8095158 13394338,8039516 13726532,8914614 14235636,8941873 13850858,8095158 13394338))
32645;POLYGON((8247283 11602919,8241441 11878807,8958948 12116691,8941324 11804887,8247283 11602919))
32646;POLYGON((8149782 10117408,8180147 10345928,8767520 10400206,8717811 10147739,8149782 10117408))
32647;POLYGON((7873425 8888657,7929409 9077485,8409621 9010663,8337732 8806334,7873425 8888657))
32648;POLYGON((7472831 7874622,7546323 8030306,7938493 7886172,7851947 7720835,7472831 7874622))
32649;POLYGON((6989377 7039590,7074289 7167673,7394238 6976282,7298624 6842501,6989377 7039590))
32650;POLYGON((6453735 6353456,6545602 6458596,6806341 6240087,6705697 6131857,6453735 6353456))
32651;POLYGON((5888034 5791054,5983678 5877129,6195834 5644614,6092979 5557111,5888034 5791054))
32652;POLYGON((5307706 5331527,5404952 5401739,5577143 5163448,5473951 5092821,5307706 5331527))
32653;POLYGON((4723029 4957760,4820466 5014725,4959623 4775563,4857252 4718762,4723029 4957760))
32654;POLYGON((4140398 4655863,4237182 4701692,4348826 4464356,4247908 4418984,4140398 4655863))
32655;POLYGON((3563351 4414706,3659054 4451080,3747533 4216828,3648320 4181021,3563351 4414706))
32656;POLYGON((2993383 4225512,3087869 4253746,3156552 4022927,3059036 3995255,2993383 4225512))
32657;POLYGON((2430579 4081506,2523909 4102603,2575353 3875002,2479348 3854395,2430579 4081506))
32658;POLYGON((1874078 3977624,1966447 3992321,2002521 3767385,1907731 3753064,1874078 3977624))
32659;POLYGON((1322423 3910273,1414103 3919073,1436094 3696054,1342154 3687491,1322423 3910273))
32660;POLYGON((773798 3877156,865108 3880360,873787 3658400,780299 3655285,773798 3877156))
