32701;POLYGON((332705 16655205,388455 16653097,381792 16430460,322707 16432647,332705 16655205))
32702;POLYGON((-961 16685590,54506 16678411,27803 16456737,-31017 16464193,-961 16685590))
32703;POLYGON((-331808 16746522,-276947 16734234,-323856 16514737,-382108 16527514,-331808 16746522))
32704;POLYGON((-657788 16838296,-603889 16820843,-671271 16604865,-728612 16623048,-657788 16838296))
32705;POLYGON((-976604 16961293,-924073 16938608,-1012255 16727688,-1068286 16751382,-976604 16961293))
32706;POLYGON((-1285618 17115898,-1234921 17087922,-1344229 16883854,-1398474 16913169,-1285618 17115898))
32707;POLYGON((-1581755 17302377,-1533438 17269080,-1664107 17073972,-1715994 17108992,-1581755 17302377))
32708;POLYGON((-1861428 17520722,-1816129 17482132,-1968176 17298432,-2017016 17339186,-1861428 17520722))
32709;POLYGON((-2120457 17770429,-2078916 17726675,-2251978 17557173,-2296949 17603585,-2120457 17770429))
32710;POLYGON((-2354004 18050218,-2317075 18001583,-2510192 17849357,-2550312 17901185,-2354004 18050218))
32711;POLYGON((-2556521 18357676,-2525181 18304658,-2736511 18172953,-2770626 18229707,-2556521 18357676))
32712;POLYGON((-2721703 18688800,-2697056 18632199,-2923525 18524193,-2950285 18585029,-2721703 18688800))
32713;POLYGON((-2842461 19037431,-2825745 18978452,-3062599 18896882,-3080437 18960473,-2842461 19037431))
32714;POLYGON((-2910910 19394559,-2903493 19334935,-3143749 19281532,-3150861 19345906,-2910910 19394559))
32715;POLYGON((-2918364 19747472,-2921750 19689619,-3155522 19664299,-3149847 19726637,-2918364 19747472))
32716;POLYGON((-2855366 20078733,-2871182 20025936,-3084868 20025671,-3064068 20082063,-2855366 20078733))
32717;POLYGON((-2711719 20364954,-2741714 20321582,-2917017 20338891,-2878454 20384046,-2711719 20364954))
32718;POLYGON((-2476551 20575344,-2522581 20547112,-2635352 20568065,-2576067 20594959,-2476551 20575344))
32719;POLYGON((-2138397 20670001,-2202409 20664274,-2221279 20665915,-2137973 20665384,-2138397 20670001))
32720;POLYGON((-1685303 20597915,-1769320 20624059,-1654103 20571137,-1543112 20531389,-1685303 20597915))
32721;POLYGON((-1104963 20294651,-1211052 20364447,-910888 20205310,-768163 20111367,-1104963 20294651))
32722;POLYGON((-384868 19679678,-515122 19807790,33666 19469316,212581 19302363,-384868 19679678))
32723;POLYGON((487498 18653308,331002 18857824,1207365 18239204,1427358 17975848,487498 18653308))
32724;POLYGON((1524452 17093198,1339686 17396243,2640653 16361464,2907062 15972876,1524452 17093198))
32725;POLYGON((2737860 14850390,2522888 15278824,4366749 13647625,4685392 13098576,2737860 14850390))
32726;POLYGON((4138860 11744833,3891889 12331028,6421790 9868143,6798984 9115910,4138860 11744833))
32727;POLYGON((5737550 7560345,5456984 8343073,8844972 4745497,9287557 3738631,5737550 7560345))
32728;POLYGON((7542641 2038974,7227140 3064386,11678695 -2053563,12194058 -3376619,7542641 2038974))
32729;POLYGON((9561073 -5125287,9209620 -3802565,14968705 -10926702,15564807 -12639148,9561073 -5125287))
32730;POLYGON((11797594 -14293508,11409570 -12609155,18764249 -22345656,19449648 -24534056,11797594 -14293508))
32731;POLYGON((-10797594 -14293508,-11191741 -16045141,-19150805 -26811240,-18449648 -24534056,-10797594 -14293508))
32732;POLYGON((-8561073 -5125287,-8918589 -6503534,-15175181 -14424521,-14564807 -12639148,-8561073 -5125287))
32733;POLYGON((-6542641 2038974,-6864073 968050,-11722308 -4759150,-11194058 -3376619,-6542641 2038974))
32734;POLYGON((-4737550 7560345,-5023853 6740589,-8741742 2683636,-8287557 3738631,-4737550 7560345))
32735;POLYGON((-3138860 11744833,-3391326 11128761,-6186586 8325066,-5798984 9115910,-3138860 11744833))
32736;POLYGON((-1737860 14850390,-1958046 14398073,-4013342 12518849,-3685392 13098576,-1737860 14850390))
32737;POLYGON((-524452 17093198,-714122 16771258,-2181761 15560178,-1907062 15972876,-524452 17093198))
32738;POLYGON((512501 18653308,351433 18434025,-654703 17693782,-427358 17975848,512501 18653308))
32739;POLYGON((1384868 19679678,1250385 19540189,602008 19121104,787418 19302363,1384868 19679678))
32740;POLYGON((2104963 20294651,1994991 20216239,1619727 20006676,1768163 20111367,2104963 20294651))
32741;POLYGON((2685303 20597915,2597753 20565385,2427124 20483743,2543112 20531389,2685303 20597915))
32742;POLYGON((3138397 20670001,3071192 20671126,3050317 20659214,3137973 20665384,3138397 20670001))
32743;POLYGON((3476551 20575344,3427661 20600385,3513017 20617984,3576067 20594959,3476551 20575344))
32744;POLYGON((3711719 20364954,3679183 20406240,3836651 20426697,3878454 20384046,3711719 20364954))
32745;POLYGON((3855366 20078733,3837311 20130296,4040499 20136992,4064068 20082063,3855366 20078733))
32746;POLYGON((3918364 19747472,3913024 19804737,4141822 19788289,4149847 19726637,3918364 19747472))
32747;POLYGON((3910910 19394559,3916634 19454077,4155992 19410163,4150861 19345906,3910910 19394559))
32748;POLYGON((3842461 19037431,3857727 19096655,4096619 19024352,4080437 18960473,3842461 19037431))
32749;POLYGON((3721703 18688800,3745117 18745893,3975673 18646431,3950285 18585029,3721703 18688800))
32750;POLYGON((3556521 18357676,3586825 18411356,3803616 18287210,3770626 18229707,3556521 18357676))
32751;POLYGON((3354004 18050218,3390072 18099625,3589517 17953876,3550312 17901185,3354004 18050218))
32752;POLYGON((3120457 17770429,3161292 17815020,3341183 17650922,3296949 17603585,3120457 17770429))
32753;POLYGON((2861428 17520722,2906155 17560185,3065273 17380892,3017016 17339186,2861428 17520722))
32754;POLYGON((2581755 17302377,2629616 17336562,2767424 17144967,2715994 17108992,2581755 17302377))
32755;POLYGON((2285618 17115898,2335958 17144760,2452368 16943429,2398474 16913169,2285618 17115898))
32756;POLYGON((1976604 16961293,2028864 16984856,2124055 16776006,2068286 16751382,1976604 16961293))
32757;POLYGON((1657788 16838296,1711488 16856616,1785765 16642142,1728612 16623048,1657788 16838296))
32758;POLYGON((1331808 16746522,1386534 16759666,1440233 16541185,1382108 16527514,1331808 16746522))
32759;POLYGON((1000961 16685590,1056351 16693618,1089765 16472530,1031017 16464193,1000961 16685590))
32760;POLYGON((667294 16655205,723020 16658157,736352 16435711,677292 16432647,667294 16655205))
32601;POLYGON((332705 6655205,388455 6653097,381792 6430460,322707 6432647,332705 6655205))
32602;POLYGON((-961 6685590,54506 6678411,27803 6456737,-31017 6464193,-961 6685590))
32603;POLYGON((-331808 6746522,-276947 6734234,-323856 6514737,-382108 6527514,-331808 6746522))
32604;POLYGON((-657788 6838296,-603889 6820843,-671271 6604865,-728612 6623048,-657788 6838296))
32605;POLYGON((-976604 6961293,-924073 6938608,-1012255 6727688,-1068286 6751382,-976604 6961293))
32606;POLYGON((-1285618 7115898,-1234921 7087922,-1344229 6883854,-1398474 6913169,-1285618 7115898))
32607;POLYGON((-1581755 7302377,-1533438 7269080,-1664107 7073972,-1715994 7108992,-1581755 7302377))
32608;POLYGON((-1861428 7520722,-1816129 7482132,-1968176 7298432,-2017016 7339186,-1861428 7520722))
32609;POLYGON((-2120457 7770429,-2078916 7726675,-2251978 7557173,-2296949 7603585,-2120457 7770429))
32610;POLYGON((-2354004 8050218,-2317075 8001583,-2510192 7849357,-2550312 7901185,-2354004 8050218))
32611;POLYGON((-2556521 8357676,-2525181 8304658,-2736511 8172953,-2770626 8229707,-2556521 8357676))
32612;POLYGON((-2721703 8688800,-2697056 8632199,-2923525 8524193,-2950285 8585029,-2721703 8688800))
32613;POLYGON((-2842461 9037431,-2825745 8978452,-3062599 8896882,-3080437 8960473,-2842461 9037431))
32614;POLYGON((-2910910 9394559,-2903493 9334935,-3143749 9281532,-3150861 9345906,-2910910 9394559))
32615;POLYGON((-2918364 9747472,-2921750 9689619,-3155522 9664299,-3149847 9726637,-2918364 9747472))
32616;POLYGON((-2855366 10078733,-2871182 10025936,-3084868 10025671,-3064068 10082063,-2855366 10078733))
32617;POLYGON((-2711719 10364954,-2741714 10321582,-2917017 10338891,-2878454 10384046,-2711719 10364954))
32618;POLYGON((-2476551 10575344,-2522581 10547112,-2635352 10568065,-2576067 10594959,-2476551 10575344))
32619;POLYGON((-2138397 10670001,-2202409 10664274,-2221279 10665915,-2137973 10665384,-2138397 10670001))
32620;POLYGON((-1685303 10597915,-1769320 10624059,-1654103 10571137,-1543112 10531389,-1685303 10597915))
32621;POLYGON((-1104963 10294651,-1211052 10364447,-910888 10205310,-768163 10111367,-1104963 10294651))
32622;POLYGON((-384868 9679678,-515122 9807790,33666 9469316,212581 9302363,-384868 9679678))
32623;POLYGON((487498 8653308,331002 8857824,1207365 8239204,1427358 7975848,487498 8653308))
32624;POLYGON((1524452 7093198,1339686 7396243,2640653 6361464,2907062 5972876,1524452 7093198))
32625;POLYGON((2737860 4850390,2522888 5278824,4366749 3647625,4685392 3098576,2737860 4850390))
32626;POLYGON((4138860 1744833,3891889 2331028,6421790 -131856,6798984 -884089,4138860 1744833))
32627;POLYGON((5737550 -2439654,5456984 -1656926,8844972 -5254502,9287557 -6261368,5737550 -2439654))
32628;POLYGON((7542641 -7961025,7227140 -6935613,11678695 -12053563,12194058 -13376619,7542641 -7961025))
32629;POLYGON((9561073 -15125287,9209620 -13802565,14968705 -20926702,15564807 -22639148,9561073 -15125287))
32630;POLYGON((11797594 -24293508,11409570 -22609155,18764249 -32345656,19449648 -34534056,11797594 -24293508))
32631;POLYGON((-10797594 -24293508,-11191741 -26045141,-19150805 -36811240,-18449648 -34534056,-10797594 -24293508))
32632;POLYGON((-8561073 -15125287,-8918589 -16503534,-15175181 -24424521,-14564807 -22639148,-8561073 -15125287))
32633;POLYGON((-6542641 -7961025,-6864073 -9031949,-11722308 -14759150,-11194058 -13376619,-6542641 -7961025))
32634;POLYGON((-4737550 -2439654,-5023853 -3259410,-8741742 -7316363,-8287557 -6261368,-4737550 -2439654))
32635;POLYGON((-3138860 1744833,-3391326 1128761,-6186586 -1674933,-5798984 -884089,-3138860 1744833))
32636;POLYGON((-1737860 4850390,-1958046 4398073,-4013342 2518849,-3685392 3098576,-1737860 4850390))
32637;POLYGON((-524452 7093198,-714122 6771258,-2181761 5560178,-1907062 5972876,-524452 7093198))
32638;POLYGON((512501 8653308,351433 8434025,-654703 7693782,-427358 7975848,512501 8653308))
32639;POLYGON((1384868 9679678,1250385 9540189,602008 9121104,787418 9302363,1384868 9679678))
32640;POLYGON((2104963 10294651,1994991 10216239,1619727 10006676,1768163 10111367,2104963 10294651))
32641;POLYGON((2685303 10597915,2597753 10565385,2427124 10483743,2543112 10531389,2685303 10597915))
32642;POLYGON((3138397 10670001,3071192 10671126,3050317 10659214,3137973 10665384,3138397 10670001))
32643;POLYGON((3476551 10575344,3427661 10600385,3513017 10617984,3576067 10594959,3476551 10575344))
32644;POLYGON((3711719 10364954,3679183 10406240,3836651 10426697,3878454 10384046,3711719 10364954))
32645;POLYGON((3855366 10078733,3837311 10130296,4040499 10136992,4064068 10082063,3855366 10078733))
32646;POLYGON((3918364 9747472,3913024 9804737,4141822 9788289,4149847 9726637,3918364 9747472))
32647;POLYGON((3910910 9394559,3916634 9454077,4155992 9410163,4150861 9345906,3910910 9394559))
32648;POLYGON((3842461 9037431,3857727 9096655,4096619 9024352,4080437 8960473,3842461 9037431))
32649;POLYGON((3721703 8688800,3745117 8745893,3975673 8646431,3950285 8585029,3721703 8688800))
32650;POLYGON((3556521 8357676,3586825 8411356,3803616 8287210,3770626 8229707,3556521 8357676))
32651;POLYGON((3354004 8050218,3390072 8099625,3589517 7953876,3550312 7901185,3354004 8050218))
32652;POLYGON((3120457 7770429,3161292 7815020,3341183 7650922,3296949 7603585,3120457 7770429))
32653;POLYGON((2861428 7520722,2906155 7560185,3065273 7380892,3017016 7339186,2861428 7520722))
32654;POLYGON((2581755 7302377,2629616 7336562,2767424 7144967,2715994 7108992,2581755 7302377))
32655;POLYGON((2285618 7115898,2335958 7144760,2452368 6943429,2398474 6913169,2285618 7115898))
32656;POLYGON((1976604 6961293,2028864 6984856,2124055 6776006,2068286 6751382,1976604 6961293))
32657;POLYGON((1657788 6838296,1711488 6856616,1785765 6642142,1728612 6623048,1657788 6838296))
32658;POLYGON((1331808 6746522,1386534 6759666,1440233 6541185,1382108 6527514,1331808 6746522))
32659;POLYGON((1000961 6685590,1056351 6693618,1089765 6472530,1031017 6464193,1000961 6685590))
32660;POLYGON((667294 6655205,723020 6658157,736352 6435711,677292 6432647,667294 6655205))
