32701;POLYGON((210590 6677424,307084 6679530,311072 6457816,216576 6455630,210590 6677424))
32702;POLYGON((-369825 6646878,-272843 6654126,-256725 6431456,-351638 6423938,-369825 6646878))
32703;POLYGON((-955008 6584586,-857014 6597261,-828148 6372508,-923923 6359379,-955008 6584586))
32704;POLYGON((-1548057 6488058,-1448542 6506671,-1405801 6278759,-1502854 6259520,-1548057 6488058))
32705;POLYGON((-2151903 6353327,-2050396 6378654,-1992063 6146612,-2090757 6120515,-2151903 6353327))
32706;POLYGON((-2769155 6174655,-2665253 6207791,-2588903 5970856,-2689508 5936853,-2769155 6174655))
32707;POLYGON((-3401857 5944097,-3295271 5986542,-3197603 5744328,-3300241 5701006,-3401857 5944097))
32708;POLYGON((-4051128 5650924,-3941757 5704691,-3818368 5457467,-3922932 5402961,-4051128 5650924))
32709;POLYGON((-4716668 5280835,-4604685 5348594,-4449780 5097733,-4555829 5029613,-4716668 5280835))
32710;POLYGON((-5396087 4814947,-5282069 4900215,-5088088 4648870,-5194709 4564004,-5396087 4814947))
32711;POLYGON((-6084063 4228495,-5969144 4335873,-5726291 4089985,-5831924 3984365,-6084063 4228495))
32712;POLYGON((-6771262 3489199,-6657328 3624670,-6352990 3394418,-6455214 3262947,-6771262 3489199))
32713;POLYGON((-7443037 2555229,-7332962 2726528,-6950990 2528360,-7046261 2364595,-7443037 2555229))
32714;POLYGON((-8077846 1372704,-7975774 1589769,-7495615 1449185,-7578957 1245030,-8077846 1372704))
32715;POLYGON((-8645387 -127358,-8557067 148166,-7952707 103458,-8017347 -151203,-8645387 -127358))
32716;POLYGON((-9104412 -2032714,-9037580 -1682623,-8276296 -1575434,-8313241 -1893177,-9104412 -2032714))
32717;POLYGON((-9400196 -4454281,-9365027 -4009319,-8405897 -3670082,-8403442 -4066446,-9400196 -4454281))
32718;POLYGON((-9461647 -7531344,-9471262 -6966079,-8263413 -6282319,-8206590 -6776406,-9461647 -7531344))
32719;POLYGON((-9198013 -11437669,-9269053 -10720456,-7749620 -9537033,-7619566 -10152199,-9198013 -11437669))
32720;POLYGON((-8495173 -16388653,-8648453 -15480365,-6740202 -13586574,-6513454 -14351227,-8495173 -16388653))
32721;POLYGON((-7211489 -22649606,-7472715 -21502170,-5081310 -18615826,-4729015 -19564339,-7211489 -22649606))
32722;POLYGON((-5173182 -30545310,-5573761 -29100019,-2584617 -24848012,-2071658 -26021767,-5173182 -30545310))
32723;POLYGON((-2169217 -40470965,-2747141 -38656551,978158 -32551303,1694127 -33999878,-2169217 -40470965))
32724;POLYGON((2054335 -52904681,1253510 -50635123,5881287 -42046316,6850904 -43828827,2054335 -52904681))
32725;POLYGON((7800477 -68421640,6722564 -65593678,12451646 -53714581,13735005 -55901188,7800477 -68421640))
32726;POLYGON((15428040 -87710101,14009052 -84200435,21075956 -68008046,22743872 -70681652,15428040 -87710101))
32727;POLYGON((25359030 -111589379,23523916 -107251528,32208654 -85459736,34344039 -88717877,25359030 -111589379))
32728;POLYGON((38086603 -141029993,35747870 -135690780,46380438 -106695641,49079794 -110652594,38086603 -141029993))
32729;POLYGON((54183677 -177176133,51239916 -170631773,64207503 -132447930,67582531 -137237052,54183677 -177176133))
32730;POLYGON((74312231 -221370638,70646511 -213382389,86401507 -163569598,90580839 -169345915,74312231 -221370638))
32731;POLYGON((-73312231 -221370638,-77110828 -229625463,-93908018 -175303515,-89580839 -169345915,-73312231 -221370638))
32732;POLYGON((-53183677 -177176133,-56239202 -183943551,-70082194 -142179315,-66582531 -137237052,-53183677 -177176133))
32733;POLYGON((-37086603 -141029993,-39518732 -146555023,-50883571 -114738429,-48079794 -110652594,-37086603 -141029993))
32734;POLYGON((-24359030 -111589379,-26271648 -116081321,-35566328 -92084066,-33344039 -88717877,-24359030 -111589379))
32735;POLYGON((-14428040 -87710101,-15910852 -91346950,-23483593 -73445483,-21743872 -70681652,-14428040 -87710101))
32736;POLYGON((-6800477 -68421640,-7930510 -71354072,-14077230 -58162835,-12735005 -55901188,-6800477 -68421640))
32737;POLYGON((-1054335 -52904681,-1897328 -55259630,-6868366 -45673493,-5850904 -43828827,-1054335 -52904681))
32738;POLYGON((3169217 -40470965,2557526 -42354829,-1448613 -35499726,-694127 -33999878,3169217 -40470965))
32739;POLYGON((6173182 -30545310,5745876 -32046803,2528016 -27237643,3071658 -26021767,6173182 -30545310))
32740;POLYGON((8211489 -22649606,7929385 -23842294,5352564 -20547312,5729015 -19564339,8211489 -22649606))
32741;POLYGON((9495173 -16388653,9325831 -17333195,7267942 -15143960,7513454 -14351227,9495173 -16388653))
32742;POLYGON((10198013 -11437669,10114834 -12183788,8475161 -10790157,8619566 -10152199,10198013 -11437669))
32743;POLYGON((10461647 -7531344,10443055 -8119550,9138987 -7288924,9206590 -6776406,10461647 -7531344))
32744;POLYGON((10400196 -4454281,10428900 -4917374,9393063 -4477665,9403442 -4066446,10400196 -4454281))
32745;POLYGON((10104412 -2032714,10166746 -2397080,9344513 -2222856,9313241 -1893177,10104412 -2032714))
32746;POLYGON((9645387 -127358,9730724 -414089,9078064 -415433,9017347 -151203,9645387 -127358))
32747;POLYGON((9077846 1372704,9178073 1146861,8659707 1033220,8578957 1245030,9077846 1372704))
32748;POLYGON((8443037 2555229,8552104 2377061,8139933 2194710,8046261 2364595,8443037 2555229))
32749;POLYGON((7771262 3489199,7884783 3348347,7556559 3126582,7455214 3262947,7771262 3489199))
32750;POLYGON((7084063 4228495,7198972 4116892,6937184 3874824,6831924 3984365,7084063 4228495))
32751;POLYGON((6396087 4814947,6510352 4726346,6301294 4475985,6194709 4564004,6396087 4814947))
32752;POLYGON((5716668 5280835,5829042 5210428,5662052 4958941,5555829 5029613,5716668 5280835))
32753;POLYGON((5051128 5650924,5160956 5595031,5027785 5346371,4922932 5402961,5051128 5650924))
32754;POLYGON((4401857 5944097,4508905 5899921,4403215 5655963,4300241 5701006,4401857 5944097))
32755;POLYGON((3769155 6174655,3873488 6140083,3790448 5901406,3689508 5936853,3769155 6174655))
32756;POLYGON((3151903 6353327,3253783 6326785,3189754 6093182,3090757 6120515,3151903 6353327))
32757;POLYGON((2548057 6488058,2647873 6468387,2600157 6239198,2502854 6259520,2548057 6488058))
32758;POLYGON((1955008 6584586,2053222 6570963,2019883 6345272,1923923 6359379,1955008 6584586))
32759;POLYGON((1369825 6646878,1466939 6638751,1446664 6415510,1351638 6423938,1369825 6646878))
32760;POLYGON((789409 6677424,885948 6674471,877956 6452565,783423 6455630,789409 6677424))
32601;POLYGON((210590 -3322575,307084 -3320469,311072 -3542183,216576 -3544369,210590 -3322575))
32602;POLYGON((-369825 -3353121,-272843 -3345873,-256725 -3568543,-351638 -3576061,-369825 -3353121))
32603;POLYGON((-955008 -3415413,-857014 -3402738,-828148 -3627491,-923923 -3640620,-955008 -3415413))
32604;POLYGON((-1548057 -3511941,-1448542 -3493328,-1405801 -3721240,-1502854 -3740479,-1548057 -3511941))
32605;POLYGON((-2151903 -3646672,-2050396 -3621345,-1992063 -3853387,-2090757 -3879484,-2151903 -3646672))
32606;POLYGON((-2769155 -3825344,-2665253 -3792208,-2588903 -4029143,-2689508 -4063146,-2769155 -3825344))
32607;POLYGON((-3401857 -4055902,-3295271 -4013457,-3197603 -4255671,-3300241 -4298993,-3401857 -4055902))
32608;POLYGON((-4051128 -4349075,-3941757 -4295308,-3818368 -4542532,-3922932 -4597038,-4051128 -4349075))
32609;POLYGON((-4716668 -4719164,-4604685 -4651405,-4449780 -4902266,-4555829 -4970386,-4716668 -4719164))
32610;POLYGON((-5396087 -5185052,-5282069 -5099784,-5088088 -5351129,-5194709 -5435995,-5396087 -5185052))
32611;POLYGON((-6084063 -5771504,-5969144 -5664126,-5726291 -5910014,-5831924 -6015634,-6084063 -5771504))
32612;POLYGON((-6771262 -6510800,-6657328 -6375329,-6352990 -6605581,-6455214 -6737052,-6771262 -6510800))
32613;POLYGON((-7443037 -7444770,-7332962 -7273471,-6950990 -7471639,-7046261 -7635404,-7443037 -7444770))
32614;POLYGON((-8077846 -8627295,-7975774 -8410230,-7495615 -8550814,-7578957 -8754969,-8077846 -8627295))
32615;POLYGON((-8645387 -10127358,-8557067 -9851833,-7952707 -9896541,-8017347 -10151203,-8645387 -10127358))
32616;POLYGON((-9104412 -12032714,-9037580 -11682623,-8276296 -11575434,-8313241 -11893177,-9104412 -12032714))
32617;POLYGON((-9400196 -14454281,-9365027 -14009319,-8405897 -13670082,-8403442 -14066446,-9400196 -14454281))
32618;POLYGON((-9461647 -17531344,-9471262 -16966079,-8263413 -16282319,-8206590 -16776406,-9461647 -17531344))
32619;POLYGON((-9198013 -21437669,-9269053 -20720456,-7749620 -19537033,-7619566 -20152199,-9198013 -21437669))
32620;POLYGON((-8495173 -26388653,-8648453 -25480365,-6740202 -23586574,-6513454 -24351227,-8495173 -26388653))
32621;POLYGON((-7211489 -32649606,-7472715 -31502170,-5081310 -28615826,-4729015 -29564339,-7211489 -32649606))
32622;POLYGON((-5173182 -40545310,-5573761 -39100019,-2584617 -34848012,-2071658 -36021767,-5173182 -40545310))
32623;POLYGON((-2169217 -50470965,-2747141 -48656551,978158 -42551303,1694127 -43999878,-2169217 -50470965))
32624;POLYGON((2054335 -62904681,1253510 -60635123,5881287 -52046316,6850904 -53828827,2054335 -62904681))
32625;POLYGON((7800477 -78421640,6722564 -75593678,12451646 -63714581,13735005 -65901188,7800477 -78421640))
32626;POLYGON((15428040 -97710101,14009052 -94200435,21075956 -78008046,22743872 -80681652,15428040 -97710101))
32627;POLYGON((25359030 -121589379,23523916 -117251528,32208654 -95459736,34344039 -98717877,25359030 -121589379))
32628;POLYGON((38086603 -151029993,35747870 -145690780,46380438 -116695641,49079794 -120652594,38086603 -151029993))
32629;POLYGON((54183677 -187176133,51239916 -180631773,64207503 -142447930,67582531 -147237052,54183677 -187176133))
32630;POLYGON((74312231 -231370638,70646511 -223382389,86401507 -173569598,90580839 -179345915,74312231 -231370638))
32631;POLYGON((-73312231 -231370638,-77110828 -239625463,-93908018 -185303515,-89580839 -179345915,-73312231 -231370638))
32632;POLYGON((-53183677 -187176133,-56239202 -193943551,-70082194 -152179315,-66582531 -147237052,-53183677 -187176133))
32633;POLYGON((-37086603 -151029993,-39518732 -156555023,-50883571 -124738429,-48079794 -120652594,-37086603 -151029993))
32634;POLYGON((-24359030 -121589379,-26271648 -126081321,-35566328 -102084066,-33344039 -98717877,-24359030 -121589379))
32635;POLYGON((-14428040 -97710101,-15910852 -101346950,-23483593 -83445483,-21743872 -80681652,-14428040 -97710101))
32636;POLYGON((-6800477 -78421640,-7930510 -81354072,-14077230 -68162835,-12735005 -65901188,-6800477 -78421640))
32637;POLYGON((-1054335 -62904681,-1897328 -65259630,-6868366 -55673493,-5850904 -53828827,-1054335 -62904681))
32638;POLYGON((3169217 -50470965,2557526 -52354829,-1448613 -45499726,-694127 -43999878,3169217 -50470965))
32639;POLYGON((6173182 -40545310,5745876 -42046803,2528016 -37237643,3071658 -36021767,6173182 -40545310))
32640;POLYGON((8211489 -32649606,7929385 -33842294,5352564 -30547312,5729015 -29564339,8211489 -32649606))
32641;POLYGON((9495173 -26388653,9325831 -27333195,7267942 -25143960,7513454 -24351227,9495173 -26388653))
32642;POLYGON((10198013 -21437669,10114834 -22183788,8475161 -20790157,8619566 -20152199,10198013 -21437669))
32643;POLYGON((10461647 -17531344,10443055 -18119550,9138987 -17288924,9206590 -16776406,10461647 -17531344))
32644;POLYGON((10400196 -14454281,10428900 -14917374,9393063 -14477665,9403442 -14066446,10400196 -14454281))
32645;POLYGON((10104412 -12032714,10166746 -12397080,9344513 -12222856,9313241 -11893177,10104412 -12032714))
32646;POLYGON((9645387 -10127358,9730724 -10414089,9078064 -10415433,9017347 -10151203,9645387 -10127358))
32647;POLYGON((9077846 -8627295,9178073 -8853138,8659707 -8966779,8578957 -8754969,9077846 -8627295))
32648;POLYGON((8443037 -7444770,8552104 -7622938,8139933 -7805289,8046261 -7635404,8443037 -7444770))
32649;POLYGON((7771262 -6510800,7884783 -6651652,7556559 -6873417,7455214 -6737052,7771262 -6510800))
32650;POLYGON((7084063 -5771504,7198972 -5883107,6937184 -6125175,6831924 -6015634,7084063 -5771504))
32651;POLYGON((6396087 -5185052,6510352 -5273653,6301294 -5524014,6194709 -5435995,6396087 -5185052))
32652;POLYGON((5716668 -4719164,5829042 -4789571,5662052 -5041058,5555829 -4970386,5716668 -4719164))
32653;POLYGON((5051128 -4349075,5160956 -4404968,5027785 -4653628,4922932 -4597038,5051128 -4349075))
32654;POLYGON((4401857 -4055902,4508905 -4100078,4403215 -4344036,4300241 -4298993,4401857 -4055902))
32655;POLYGON((3769155 -3825344,3873488 -3859916,3790448 -4098593,3689508 -4063146,3769155 -3825344))
32656;POLYGON((3151903 -3646672,3253783 -3673214,3189754 -3906817,3090757 -3879484,3151903 -3646672))
32657;POLYGON((2548057 -3511941,2647873 -3531612,2600157 -3760801,2502854 -3740479,2548057 -3511941))
32658;POLYGON((1955008 -3415413,2053222 -3429036,2019883 -3654727,1923923 -3640620,1955008 -3415413))
32659;POLYGON((1369825 -3353121,1466939 -3361248,1446664 -3584489,1351638 -3576061,1369825 -3353121))
32660;POLYGON((789409 -3322575,885948 -3325528,877956 -3547434,783423 -3544369,789409 -3322575))
