32701;POLYGON((222908 6233785,315290 6236040,319733 6014201,229578 6011888,222908 6233785))
32702;POLYGON((-332415 6201104,-239686 6208854,-221747 5986321,-312181 5978377,-332415 6201104))
32703;POLYGON((-891114 6134600,-797672 6148117,-765631 5924097,-856630 5910261,-891114 6134600))
32704;POLYGON((-1455252 6031928,-1360772 6051690,-1313533 5825485,-1405337 5805301,-1455252 6031928))
32705;POLYGON((-2026572 5889400,-1930794 5916123,-1866716 5687213,-1959486 5660008,-2026572 5889400))
32706;POLYGON((-2606259 5701791,-2509037 5736464,-2425854 5504634,-2519622 5469485,-2606259 5701791))
32707;POLYGON((-3194614 5462060,-3095977 5505996,-2990695 5271534,-3085300 5227239,-3194614 5462060))
32708;POLYGON((-3790598 5161001,-3690836 5215902,-3559606 4979902,-3654601 4924932,-3790598 5161001))
32709;POLYGON((-4391216 4786812,-4290995 4854846,-4128962 4619663,-4223498 4552117,-4391216 4786812))
32710;POLYGON((-4990717 4324565,-4891227 4408462,-4692360 4178384,-4785031 4095940,-4990717 4324565))
32711;POLYGON((-5579586 3755592,-5482724 3858753,-5239616 3640965,-5328276 3540825,-5579586 3755592))
32712;POLYGON((-6143284 3056755,-6051884 3183381,-5755538 2989320,-5837065 2868157,-6143284 3056755))
32713;POLYGON((-6660727 2199603,-6578831 2354844,-6218418 2202062,-6288441 2055968,-6660727 2199603))
32714;POLYGON((-7102464 1149397,-7035649 1339526,-6598248 1254204,-6650814 1078646,-7102464 1149397))
32715;POLYGON((-7428521 -135998,-7384281 96605,-6854598 116893,-6881788 -93329,-7428521 -135998))
32716;POLYGON((-7585898 -1707388,-7574088 -1423181,-6934152 -1242810,-6925633 -1493597,-7585898 -1707388))
32717;POLYGON((-7505676 -3625679,-7539024 -3278949,-6767866 -2862090,-6710380 -3160058,-7505676 -3625679))
32718;POLYGON((-7099717 -5963501,-7194400 -5541254,-6267713 -4782454,-6144491 -5134941,-7099717 -5963501))
32719;POLYGON((-6256915 -8807035,-6433219 -8293883,-5322998 -7049705,-5113102 -7464755,-6256915 -8807035))
32720;POLYGON((-4838983 -12258055,-5122036 -11635859,-3796204 -9713801,-3473788 -10200126,-4838983 -12258055))
32721;POLYGON((-2675743 -16436211,-3096340 -15683683,-1518349 -12828566,-1051836 -13395482,-2675743 -16436211))
32722;POLYGON((440116 -21481575,-155393 -20573836,1716178 -16451233,2365010 -17108570,440116 -21481575))
32723;POLYGON((4758832 -27557467,3943460 -26465553,6155336 -20641802,7032365 -21399772,4758832 -27557467))
32724;POLYGON((10579945 -34853586,9491074 -33543906,12095719 -25462180,13255580 -26331211,10579945 -34853586))
32725;POLYGON((18259290 -43589467,16833389 -42023203,19889458 -30975070,21396759 -31965598,18259290 -43589467))
32726;POLYGON((28216622 -54018298,26378949 -52150742,29951753 -37242596,31882391 -38364805,28216622 -54018298))
32727;POLYGON((40943919 -66431108,38607090 -64210938,42769070 -44324621,45211665 -45588133,40943919 -66431108))
32728;POLYGON((57014376 -81161371,54076815 -78529851,58908028 -52276736,61965473 -53690239,57014376 -81161371))
32729;POLYGON((77092129 -98590038,73436396 -95480152,79025008 -61147876,82816143 -62718690,77092129 -98590038))
32730;POLYGON((101942726 -119151036,97433719 -115486536,103876509 -70977545,108537921 -72711116,101942726 -119151036))
32731;POLYGON((-100942726 -119151036,-105608427 -122916090,-112359010 -74472181,-107537921 -72711116,-100942726 -119151036))
32732;POLYGON((-76092129 -98590038,-79880187 -101786800,-85742332 -64316310,-81816143 -62718690,-76092129 -98590038))
32733;POLYGON((-56014376 -81161371,-59063023 -83867728,-64136491 -55129495,-60965473 -53690239,-56014376 -81161371))
32734;POLYGON((-39943919 -66431108,-42373409 -68715546,-46749180 -46876071,-44211665 -45588133,-39943919 -66431108))
32735;POLYGON((-27216622 -54018298,-29131055 -55940869,-32891835 -39509917,-30882391 -38364805,-27216622 -54018298))
32736;POLYGON((-17259290 -43589467,-18748306 -45202672,-21969020 -32977376,-20396759 -31965598,-17259290 -43589467))
32737;POLYGON((-9579945 -34853586,-10720290 -36203183,-13468574 -27219770,-12255580 -26331211,-9579945 -34853586))
32738;POLYGON((-3758832 -27557467,-4615811 -28683209,-6952484 -22175524,-6032365 -21399772,-3758832 -27557467))
32739;POLYGON((559883 -21481575,-68927 -22417880,-2048467 -17781961,-1365010 -17108570,559883 -21481575))
32740;POLYGON((3675743 -16436211,3228781 -17212775,1557785 -13976774,2051836 -13395482,3675743 -16436211))
32741;POLYGON((5838983 -12258055,5535310 -12900403,4129717 -10699220,4473788 -10200126,5838983 -12258055))
32742;POLYGON((7256915 -8807035,7064707 -9337022,5886392 -7891061,6113102 -7464755,7256915 -8807035))
32743;POLYGON((8099717 -5963501,7992961 -6399761,7008400 -5497278,7144491 -5134941,8099717 -5963501))
32744;POLYGON((8505676 -3625679,8463332 -3984032,7643206 -3466584,7710380 -3160058,8505676 -3625679))
32745;POLYGON((8585898 -1707388,8591151 -2001206,7909961 -1751768,7925633 -1493597,8585898 -1707388))
32746;POLYGON((8428521 -135998,8468112 -376525,7903816 -309883,7881788 -93329,8428521 -135998))
32747;POLYGON((8102464 1149397,8166096 952754,7699760 897691,7650814 1078646,8102464 1149397))
32748;POLYGON((7660727 2199603,7740545 2039015,7356016 1905297,7288441 2055968,7660727 2199603))
32749;POLYGON((7143284 3056755,7233417 2925745,6917017 2743126,6837065 2868157,7143284 3056755))
32750;POLYGON((6579586 3755592,6675763 3648835,6415994 3437427,6328276 3540825,6579586 3755592))
32751;POLYGON((5990717 4324565,6089923 4237713,5877206 4010755,5785031 4095940,5990717 4324565))
32752;POLYGON((5391216 4786812,5491415 4716340,5317838 4482262,5223498 4552117,5391216 4786812))
32753;POLYGON((4790598 5161001,4890496 5104076,4749592 4868008,4654601 4924932,4790598 5161001))
32754;POLYGON((4194614 5462060,4293468 5416426,4180011 5181279,4085300 5227239,4194614 5462060))
32755;POLYGON((3606259 5701791,3703725 5665675,3613547 5432904,3519622 5469485,3606259 5701791))
32756;POLYGON((3026572 5889400,3122584 5861428,3052423 5631549,2959486 5660008,3026572 5889400))
32757;POLYGON((2455252 6031928,2549933 6011062,2497293 5784001,2405337 5805301,2455252 6031928))
32758;POLYGON((1891114 6134600,1984707 6120082,1947747 5895404,1856630 5910261,1891114 6134600))
32759;POLYGON((1332415 6201104,1425239 6192416,1402690 5969473,1312181 5978377,1332415 6201104))
32760;POLYGON((777091 6233785,869504 6230624,860601 6008645,770421 6011888,777091 6233785))
32601;POLYGON((222908 -3766214,315290 -3763959,319733 -3985798,229578 -3988111,222908 -3766214))
32602;POLYGON((-332415 -3798895,-239686 -3791145,-221747 -4013678,-312181 -4021622,-332415 -3798895))
32603;POLYGON((-891114 -3865399,-797672 -3851882,-765631 -4075902,-856630 -4089738,-891114 -3865399))
32604;POLYGON((-1455252 -3968071,-1360772 -3948309,-1313533 -4174514,-1405337 -4194698,-1455252 -3968071))
32605;POLYGON((-2026572 -4110599,-1930794 -4083876,-1866716 -4312786,-1959486 -4339991,-2026572 -4110599))
32606;POLYGON((-2606259 -4298208,-2509037 -4263535,-2425854 -4495365,-2519622 -4530514,-2606259 -4298208))
32607;POLYGON((-3194614 -4537939,-3095977 -4494003,-2990695 -4728465,-3085300 -4772760,-3194614 -4537939))
32608;POLYGON((-3790598 -4838998,-3690836 -4784097,-3559606 -5020097,-3654601 -5075067,-3790598 -4838998))
32609;POLYGON((-4391216 -5213187,-4290995 -5145153,-4128962 -5380336,-4223498 -5447882,-4391216 -5213187))
32610;POLYGON((-4990717 -5675434,-4891227 -5591537,-4692360 -5821615,-4785031 -5904059,-4990717 -5675434))
32611;POLYGON((-5579586 -6244407,-5482724 -6141246,-5239616 -6359034,-5328276 -6459174,-5579586 -6244407))
32612;POLYGON((-6143284 -6943244,-6051884 -6816618,-5755538 -7010679,-5837065 -7131842,-6143284 -6943244))
32613;POLYGON((-6660727 -7800396,-6578831 -7645155,-6218418 -7797937,-6288441 -7944031,-6660727 -7800396))
32614;POLYGON((-7102464 -8850602,-7035649 -8660473,-6598248 -8745795,-6650814 -8921353,-7102464 -8850602))
32615;POLYGON((-7428521 -10135998,-7384281 -9903394,-6854598 -9883106,-6881788 -10093329,-7428521 -10135998))
32616;POLYGON((-7585898 -11707388,-7574088 -11423181,-6934152 -11242810,-6925633 -11493597,-7585898 -11707388))
32617;POLYGON((-7505676 -13625679,-7539024 -13278949,-6767866 -12862090,-6710380 -13160058,-7505676 -13625679))
32618;POLYGON((-7099717 -15963501,-7194400 -15541254,-6267713 -14782454,-6144491 -15134941,-7099717 -15963501))
32619;POLYGON((-6256915 -18807035,-6433219 -18293883,-5322998 -17049705,-5113102 -17464755,-6256915 -18807035))
32620;POLYGON((-4838983 -22258055,-5122036 -21635859,-3796204 -19713801,-3473788 -20200126,-4838983 -22258055))
32621;POLYGON((-2675743 -26436211,-3096340 -25683683,-1518349 -22828566,-1051836 -23395482,-2675743 -26436211))
32622;POLYGON((440116 -31481575,-155393 -30573836,1716178 -26451233,2365010 -27108570,440116 -31481575))
32623;POLYGON((4758832 -37557467,3943460 -36465553,6155336 -30641802,7032365 -31399772,4758832 -37557467))
32624;POLYGON((10579945 -44853586,9491074 -43543906,12095719 -35462180,13255580 -36331211,10579945 -44853586))
32625;POLYGON((18259290 -53589467,16833389 -52023203,19889458 -40975070,21396759 -41965598,18259290 -53589467))
32626;POLYGON((28216622 -64018298,26378949 -62150742,29951753 -47242596,31882391 -48364805,28216622 -64018298))
32627;POLYGON((40943919 -76431108,38607090 -74210938,42769070 -54324621,45211665 -55588133,40943919 -76431108))
32628;POLYGON((57014376 -91161371,54076815 -88529851,58908028 -62276736,61965473 -63690239,57014376 -91161371))
32629;POLYGON((77092129 -108590038,73436396 -105480152,79025008 -71147876,82816143 -72718690,77092129 -108590038))
32630;POLYGON((101942726 -129151036,97433719 -125486536,103876509 -80977545,108537921 -82711116,101942726 -129151036))
32631;POLYGON((-100942726 -129151036,-105608427 -132916090,-112359010 -84472181,-107537921 -82711116,-100942726 -129151036))
32632;POLYGON((-76092129 -108590038,-79880187 -111786800,-85742332 -74316310,-81816143 -72718690,-76092129 -108590038))
32633;POLYGON((-56014376 -91161371,-59063023 -93867728,-64136491 -65129495,-60965473 -63690239,-56014376 -91161371))
32634;POLYGON((-39943919 -76431108,-42373409 -78715546,-46749180 -56876071,-44211665 -55588133,-39943919 -76431108))
32635;POLYGON((-27216622 -64018298,-29131055 -65940869,-32891835 -49509917,-30882391 -48364805,-27216622 -64018298))
32636;POLYGON((-17259290 -53589467,-18748306 -55202672,-21969020 -42977376,-20396759 -41965598,-17259290 -53589467))
32637;POLYGON((-9579945 -44853586,-10720290 -46203183,-13468574 -37219770,-12255580 -36331211,-9579945 -44853586))
32638;POLYGON((-3758832 -37557467,-4615811 -38683209,-6952484 -32175524,-6032365 -31399772,-3758832 -37557467))
32639;POLYGON((559883 -31481575,-68927 -32417880,-2048467 -27781961,-1365010 -27108570,559883 -31481575))
32640;POLYGON((3675743 -26436211,3228781 -27212775,1557785 -23976774,2051836 -23395482,3675743 -26436211))
32641;POLYGON((5838983 -22258055,5535310 -22900403,4129717 -20699220,4473788 -20200126,5838983 -22258055))
32642;POLYGON((7256915 -18807035,7064707 -19337022,5886392 -17891061,6113102 -17464755,7256915 -18807035))
32643;POLYGON((8099717 -15963501,7992961 -16399761,7008400 -15497278,7144491 -15134941,8099717 -15963501))
32644;POLYGON((8505676 -13625679,8463332 -13984032,7643206 -13466584,7710380 -13160058,8505676 -13625679))
32645;POLYGON((8585898 -11707388,8591151 -12001206,7909961 -11751768,7925633 -11493597,8585898 -11707388))
32646;POLYGON((8428521 -10135998,8468112 -10376525,7903816 -10309883,7881788 -10093329,8428521 -10135998))
32647;POLYGON((8102464 -8850602,8166096 -9047245,7699760 -9102308,7650814 -8921353,8102464 -8850602))
32648;POLYGON((7660727 -7800396,7740545 -7960984,7356016 -8094702,7288441 -7944031,7660727 -7800396))
32649;POLYGON((7143284 -6943244,7233417 -7074254,6917017 -7256873,6837065 -7131842,7143284 -6943244))
32650;POLYGON((6579586 -6244407,6675763 -6351164,6415994 -6562572,6328276 -6459174,6579586 -6244407))
32651;POLYGON((5990717 -5675434,6089923 -5762286,5877206 -5989244,5785031 -5904059,5990717 -5675434))
32652;POLYGON((5391216 -5213187,5491415 -5283659,5317838 -5517737,5223498 -5447882,5391216 -5213187))
32653;POLYGON((4790598 -4838998,4890496 -4895923,4749592 -5131991,4654601 -5075067,4790598 -4838998))
32654;POLYGON((4194614 -4537939,4293468 -4583573,4180011 -4818720,4085300 -4772760,4194614 -4537939))
32655;POLYGON((3606259 -4298208,3703725 -4334324,3613547 -4567095,3519622 -4530514,3606259 -4298208))
32656;POLYGON((3026572 -4110599,3122584 -4138571,3052423 -4368450,2959486 -4339991,3026572 -4110599))
32657;POLYGON((2455252 -3968071,2549933 -3988937,2497293 -4215998,2405337 -4194698,2455252 -3968071))
32658;POLYGON((1891114 -3865399,1984707 -3879917,1947747 -4104595,1856630 -4089738,1891114 -3865399))
32659;POLYGON((1332415 -3798895,1425239 -3807583,1402690 -4030526,1312181 -4021622,1332415 -3798895))
32660;POLYGON((777091 -3766214,869504 -3769375,860601 -3991354,770421 -3988111,777091 -3766214))
