32701;POLYGON((263553 5012670,342369 5015103,347950 4792894,271930 4790467,263553 5012670))
32702;POLYGON((-209331 4977492,-130519 4985821,-108063 4763691,-184027 4755387,-209331 4977492))
32703;POLYGON((-682109 4906361,-603331 4920769,-563534 4698881,-639351 4684539,-682109 4906361))
32704;POLYGON((-1154403 4797727,-1075750 4818526,-1017796 4597205,-1093320 4576549,-1154403 4797727))
32705;POLYGON((-1625351 4649266,-1547010 4676896,-1469746 4456737,-1544733 4429384,-1625351 4649266))
32706;POLYGON((-2093338 4457905,-2015644 4492929,-1917598 4274925,-1991666 4240394,-2093338 4457905))
32707;POLYGON((-2555676 4219886,-2479167 4262974,-2358602 4048680,-2431173 4006412,-2555676 4219886))
32708;POLYGON((-3008192 3930894,-2933688 3982794,-2788679 3774528,-2858917 3723924,-3008192 3930894))
32709;POLYGON((-3444711 3586284,-3373405 3647780,-3201994 3448874,-3268718 3389349,-3444711 3586284))
32710;POLYGON((-3856427 3181461,-3790000 3253295,-3590410 3068403,-3651997 2999471,-3856427 3181461))
32711;POLYGON((-4231121 2712438,-4171885 2795201,-3942845 2630674,-3997109 2552067,-4231121 2712438))
32712;POLYGON((-4552233 2176643,-4503293 2270622,-4244495 2134955,-4288544 2046791,-4552233 2176643))
32713;POLYGON((-4797745 1574035,-4763204 1679003,-4475910 1583364,-4505978 1486374,-4797745 1574035))
32714;POLYGON((-4938876 908587,-4924062 1023527,-4611915 982381,-4623164 878200,-4938876 908587))
32715;POLYGON((-4938556 190231,-4950294 312976,-4620357 344806,-4606650 236348,-4938556 190231))
32716;POLYGON((-4749670 -562680,-4796592 -435895,-4460657 -307755,-4414300 -415827,-4749670 -562680))
32717;POLYGON((-4313046 -1320280,-4405945 -1195385,-4082160 -941801,-3993604 -1042489,-4313046 -1320280))
32718;POLYGON((-3555176 -2037381,-3707405 -1923157,-3422267 -1508117,-3279771 -1591381,-3555176 -2037381))
32719;POLYGON((-2385643 -2648855,-2613563 -2557765,-2404321 -1937165,-2193581 -1989065,-2385643 -2648855))
32720;POLYGON((-694242 -3064074,-1017727 -3013259,-935252 -2133545,-638981 -2135221,-694242 -3064074))
32721;POLYGON((1652229 -3160320,1209235 -3172776,1097050 -1969425,1499589 -1895895,1652229 -3160320))
32722;POLYGON((4813522 -2775015,4222389 -2880974,3826649 -1276817,4360155 -1095565,4813522 -2775015))
32723;POLYGON((8979858 -1696665,8206588 -1935199,7412765 161437,8106462 492094,8979858 -1696665))
32724;POLYGON((14376226 345638,13380712 -75240,12043295 2622094,12931555 3154895,14376226 345638))
32725;POLYGON((21267090 3694290,20002302 3028473,17938668 6453505,19061679 7254403,21267090 3694290))
32726;POLYGON((29961514 8776971,28372613 7788372,25356033 12089320,26760538 13239950,29961514 8776971))
32727;POLYGON((40818728 16122331,38842109 14715105,34593816 20064067,36333906 21664529,40818728 16122331))
32728;POLYGON((54254148 26377728,51816403 24434919,45996647 31030757,48134620 33202763,54254148 26377728))
32729;POLYGON((70745878 40329176,67762679 37709235,59960679 45780694,62567967 48671094,70745878 40329176))
32730;POLYGON((90841707 58923699,87216605 55456583,76939316 65265664,80097475 69050389,90841707 58923699))
32731;POLYGON((-89841707 58923699,-93584092 62550780,-82356146 73003555,-79097475 69050389,-89841707 58923699))
32732;POLYGON((-69745878 40329176,-72829017 43077673,-64261113 51697484,-61567967 48671094,-69745878 40329176))
32733;POLYGON((-53254148 26377728,-55776634 28422844,-49345591 35483569,-47134620 33202763,-53254148 26377728))
32734;POLYGON((-39818728 16122331,-41866823 17610081,-37135749 23351163,-35333906 21664529,-39818728 16122331))
32735;POLYGON((-28961514 8776971,-30610367 9828155,-27217007 14458058,-25760538 13239950,-28961514 8776971))
32736;POLYGON((-20267090 3694290,-21581864 4408047,-19228171 8107460,-18061679 7254403,-20267090 3694290))
32737;POLYGON((-13376226 345638,-14413153 802612,-12855981 3727407,-11931555 3154895,-13376226 345638))
32738;POLYGON((-7979858 -1696665,-8787207 -1431515,-7830052 852450,-7106462 492094,-7979858 -1696665))
32739;POLYGON((-3813522 -2775015,-4432496 -2649939,-3918199 -892581,-3360155 -1095565,-3813522 -2775015))
32740;POLYGON((-652229 -3160320,-1117788 -3134597,-922126 -1806895,-499589 -1895895,-652229 -3160320))
32741;POLYGON((1694242 -3064074,1352620 -3106118,1326539 -2126283,1638981 -2135221,1694242 -3064074))
32742;POLYGON((3385643 -2648855,3143278 -2734565,2969874 -2034053,3193581 -1989065,3385643 -2648855))
32743;POLYGON((4555176 -2037381,4391556 -2148728,4126970 -1670506,4279771 -1591381,4555176 -2037381))
32744;POLYGON((5313046 -1320280,5211261 -1444094,4896937 -1141065,4993604 -1042489,5313046 -1320280))
32745;POLYGON((5749670 -562680,5695898 -689629,5361628 -523227,5414300 -415827,5749670 -562680))
32746;POLYGON((5938556 190231,5921607 66500,5588083 127575,5606650 236348,5938556 190231))
32747;POLYGON((5938876 908587,5949783 792159,5630718 773063,5623164 878200,5938876 908587))
32748;POLYGON((5797745 1574035,5829405 1467308,5533277 1388043,5505978 1486374,5797745 1574035))
32749;POLYGON((5552233 2176643,5599087 2080800,5330551 1957086,5288544 2046791,5552233 2176643))
32750;POLYGON((5231121 2712438,5288881 2627816,5049893 2471845,4997109 2552067,5231121 2712438))
32751;POLYGON((4856427 3181461,4921835 3107841,4712533 2928937,4651997 2999471,4856427 3181461))
32752;POLYGON((4444711 3586284,4515336 3523114,4334712 3328286,4268718 3389349,4444711 3586284))
32753;POLYGON((4008192 3930894,4082258 3877448,3928662 3671873,3858917 3723924,4008192 3930894))
32754;POLYGON((3555676 4219886,3631917 4175384,3503422 3962797,3431173 4006412,3555676 4219886))
32755;POLYGON((3093338 4457905,3170878 4421586,3065531 4204613,2991666 4240394,3093338 4457905))
32756;POLYGON((2625351 4649266,2703611 4620445,2619598 4400870,2544733 4429384,2625351 4649266))
32757;POLYGON((2154403 4797727,2233021 4775823,2168775 4554806,2093320 4576549,2154403 4797727))
32758;POLYGON((1682109 4906361,1760874 4890913,1715132 4669167,1639351 4684539,1682109 4906361))
32759;POLYGON((1209331 4977492,1288141 4968166,1259973 4746092,1184027 4755387,1209331 4977492))
32760;POLYGON((736446 5012670,815261 5009261,804085 4787066,728069 4790467,736446 5012670))
32601;POLYGON((263553 -4987329,342369 -4984896,347950 -5207105,271930 -5209532,263553 -4987329))
32602;POLYGON((-209331 -5022507,-130519 -5014178,-108063 -5236308,-184027 -5244612,-209331 -5022507))
32603;POLYGON((-682109 -5093638,-603331 -5079230,-563534 -5301118,-639351 -5315460,-682109 -5093638))
32604;POLYGON((-1154403 -5202272,-1075750 -5181473,-1017796 -5402794,-1093320 -5423450,-1154403 -5202272))
32605;POLYGON((-1625351 -5350733,-1547010 -5323103,-1469746 -5543262,-1544733 -5570615,-1625351 -5350733))
32606;POLYGON((-2093338 -5542094,-2015644 -5507070,-1917598 -5725074,-1991666 -5759605,-2093338 -5542094))
32607;POLYGON((-2555676 -5780113,-2479167 -5737025,-2358602 -5951319,-2431173 -5993587,-2555676 -5780113))
32608;POLYGON((-3008192 -6069105,-2933688 -6017205,-2788679 -6225471,-2858917 -6276075,-3008192 -6069105))
32609;POLYGON((-3444711 -6413715,-3373405 -6352219,-3201994 -6551125,-3268718 -6610650,-3444711 -6413715))
32610;POLYGON((-3856427 -6818538,-3790000 -6746704,-3590410 -6931596,-3651997 -7000528,-3856427 -6818538))
32611;POLYGON((-4231121 -7287561,-4171885 -7204798,-3942845 -7369325,-3997109 -7447932,-4231121 -7287561))
32612;POLYGON((-4552233 -7823356,-4503293 -7729377,-4244495 -7865044,-4288544 -7953208,-4552233 -7823356))
32613;POLYGON((-4797745 -8425964,-4763204 -8320996,-4475910 -8416635,-4505978 -8513625,-4797745 -8425964))
32614;POLYGON((-4938876 -9091412,-4924062 -8976472,-4611915 -9017618,-4623164 -9121799,-4938876 -9091412))
32615;POLYGON((-4938556 -9809768,-4950294 -9687023,-4620357 -9655193,-4606650 -9763651,-4938556 -9809768))
32616;POLYGON((-4749670 -10562680,-4796592 -10435895,-4460657 -10307755,-4414300 -10415827,-4749670 -10562680))
32617;POLYGON((-4313046 -11320280,-4405945 -11195385,-4082160 -10941801,-3993604 -11042489,-4313046 -11320280))
32618;POLYGON((-3555176 -12037381,-3707405 -11923157,-3422267 -11508117,-3279771 -11591381,-3555176 -12037381))
32619;POLYGON((-2385643 -12648855,-2613563 -12557765,-2404321 -11937165,-2193581 -11989065,-2385643 -12648855))
32620;POLYGON((-694242 -13064074,-1017727 -13013259,-935252 -12133545,-638981 -12135221,-694242 -13064074))
32621;POLYGON((1652229 -13160320,1209235 -13172776,1097050 -11969425,1499589 -11895895,1652229 -13160320))
32622;POLYGON((4813522 -12775015,4222389 -12880974,3826649 -11276817,4360155 -11095565,4813522 -12775015))
32623;POLYGON((8979858 -11696665,8206588 -11935199,7412765 -9838562,8106462 -9507905,8979858 -11696665))
32624;POLYGON((14376226 -9654361,13380712 -10075240,12043295 -7377905,12931555 -6845104,14376226 -9654361))
32625;POLYGON((21267090 -6305709,20002302 -6971526,17938668 -3546494,19061679 -2745596,21267090 -6305709))
32626;POLYGON((29961514 -1223028,28372613 -2211627,25356033 2089320,26760538 3239950,29961514 -1223028))
32627;POLYGON((40818728 6122331,38842109 4715105,34593816 10064067,36333906 11664529,40818728 6122331))
32628;POLYGON((54254148 16377728,51816403 14434919,45996647 21030757,48134620 23202763,54254148 16377728))
32629;POLYGON((70745878 30329176,67762679 27709235,59960679 35780694,62567967 38671094,70745878 30329176))
32630;POLYGON((90841707 48923699,87216605 45456583,76939316 55265664,80097475 59050389,90841707 48923699))
32631;POLYGON((-89841707 48923699,-93584092 52550780,-82356146 63003555,-79097475 59050389,-89841707 48923699))
32632;POLYGON((-69745878 30329176,-72829017 33077673,-64261113 41697484,-61567967 38671094,-69745878 30329176))
32633;POLYGON((-53254148 16377728,-55776634 18422844,-49345591 25483569,-47134620 23202763,-53254148 16377728))
32634;POLYGON((-39818728 6122331,-41866823 7610081,-37135749 13351163,-35333906 11664529,-39818728 6122331))
32635;POLYGON((-28961514 -1223028,-30610367 -171844,-27217007 4458058,-25760538 3239950,-28961514 -1223028))
32636;POLYGON((-20267090 -6305709,-21581864 -5591952,-19228171 -1892539,-18061679 -2745596,-20267090 -6305709))
32637;POLYGON((-13376226 -9654361,-14413153 -9197387,-12855981 -6272592,-11931555 -6845104,-13376226 -9654361))
32638;POLYGON((-7979858 -11696665,-8787207 -11431515,-7830052 -9147549,-7106462 -9507905,-7979858 -11696665))
32639;POLYGON((-3813522 -12775015,-4432496 -12649939,-3918199 -10892581,-3360155 -11095565,-3813522 -12775015))
32640;POLYGON((-652229 -13160320,-1117788 -13134597,-922126 -11806895,-499589 -11895895,-652229 -13160320))
32641;POLYGON((1694242 -13064074,1352620 -13106118,1326539 -12126283,1638981 -12135221,1694242 -13064074))
32642;POLYGON((3385643 -12648855,3143278 -12734565,2969874 -12034053,3193581 -11989065,3385643 -12648855))
32643;POLYGON((4555176 -12037381,4391556 -12148728,4126970 -11670506,4279771 -11591381,4555176 -12037381))
32644;POLYGON((5313046 -11320280,5211261 -11444094,4896937 -11141065,4993604 -11042489,5313046 -11320280))
32645;POLYGON((5749670 -10562680,5695898 -10689629,5361628 -10523227,5414300 -10415827,5749670 -10562680))
32646;POLYGON((5938556 -9809768,5921607 -9933499,5588083 -9872424,5606650 -9763651,5938556 -9809768))
32647;POLYGON((5938876 -9091412,5949783 -9207840,5630718 -9226936,5623164 -9121799,5938876 -9091412))
32648;POLYGON((5797745 -8425964,5829405 -8532691,5533277 -8611956,5505978 -8513625,5797745 -8425964))
32649;POLYGON((5552233 -7823356,5599087 -7919199,5330551 -8042913,5288544 -7953208,5552233 -7823356))
32650;POLYGON((5231121 -7287561,5288881 -7372183,5049893 -7528154,4997109 -7447932,5231121 -7287561))
32651;POLYGON((4856427 -6818538,4921835 -6892158,4712533 -7071062,4651997 -7000528,4856427 -6818538))
32652;POLYGON((4444711 -6413715,4515336 -6476885,4334712 -6671713,4268718 -6610650,4444711 -6413715))
32653;POLYGON((4008192 -6069105,4082258 -6122551,3928662 -6328126,3858917 -6276075,4008192 -6069105))
32654;POLYGON((3555676 -5780113,3631917 -5824615,3503422 -6037202,3431173 -5993587,3555676 -5780113))
32655;POLYGON((3093338 -5542094,3170878 -5578413,3065531 -5795386,2991666 -5759605,3093338 -5542094))
32656;POLYGON((2625351 -5350733,2703611 -5379554,2619598 -5599129,2544733 -5570615,2625351 -5350733))
32657;POLYGON((2154403 -5202272,2233021 -5224176,2168775 -5445193,2093320 -5423450,2154403 -5202272))
32658;POLYGON((1682109 -5093638,1760874 -5109086,1715132 -5330832,1639351 -5315460,1682109 -5093638))
32659;POLYGON((1209331 -5022507,1288141 -5031833,1259973 -5253907,1184027 -5244612,1209331 -5022507))
32660;POLYGON((736446 -4987329,815261 -4990738,804085 -5212933,728069 -5209532,736446 -4987329))
