32701;POLYGON((186073 7785705,290756 7787269,293527 7565822,190234 7564133,186073 7785705))
32702;POLYGON((-444443 7763001,-338944 7768395,-327714 7545428,-431762 7539602,-444443 7763001))
32703;POLYGON((-1083030 7716487,-975803 7725975,-955574 7499626,-1061217 7489388,-1083030 7716487))
32704;POLYGON((-1735332 7643828,-1625413 7657895,-1595176 7426214,-1703291 7411061,-1735332 7643828))
32705;POLYGON((-2407386 7541198,-2293733 7560601,-2251902 7321510,-2363417 7300659,-2407386 7541198))
32706;POLYGON((-3105780 7402826,-2987252 7428688,-2931475 7179949,-3047383 7152250,-3105780 7402826))
32707;POLYGON((-3837820 7220306,-3713142 7254249,-3640035 6993462,-3761402 6957268,-3837820 7220306))
32708;POLYGON((-4611684 6981587,-4479425 7025928,-4384169 6750565,-4512138 6703544,-4611684 6981587))
32709;POLYGON((-5436592 6669525,-5295136 6727552,-5170925 6435067,-5306714 6373949,-5436592 6669525))
32710;POLYGON((-6322969 6259911,-6170488 6336252,-6007771 6024308,-6152660 5944530,-6322969 6259911))
32711;POLYGON((-7282618 5718795,-7117042 5819923,-6902516 5486774,-7057830 5382016,-7282618 5718795))
32712;POLYGON((-8328890 4998984,-8147879 5133863,-7863169 4778978,-8030251 4640559,-8328890 4998984))
32713;POLYGON((-9476864 4035497,-9277776 4216419,-8897748 3841418,-9077916 3657523,-9476864 4035497))
32714;POLYGON((-10743523 2739807,-10523388 2983449,-10014010 2593463,-10208511 2348169,-10743523 2739807))
32715;POLYGON((-12147945 992635,-11903431 1321367,-11219122 926939,-11429064 599009,-12147945 992635))
32716;POLYGON((-13711490 -1364949,-13438870 -921451,-12519240 -1301770,-12745516 -1740367,-13711490 -1364949))
32717;POLYGON((-15457995 -4542368,-15153115 -3945170,-13919007 -4281367,-14162205 -4867250,-15457995 -4542368))
32718;POLYGON((-17413977 -8812608,-17072222 -8011168,-15420963 -8257256,-15681254 -9037775,-17413977 -8812608))
32719;POLYGON((-19608838 -14527816,-19225100 -13457201,-17024848 -13545414,-17301861 -14581208,-19608838 -14527816))
32720;POLYGON((-22075081 -22137754,-21643717 -20715348,-18726803 -20548810,-19019485 -21916804,-22075081 -22137754))
32721;POLYGON((-24848529 -32211434,-24363329 -30333098,-20518466 -29776655,-20824913 -31573573,-24848529 -32211434))
32722;POLYGON((-27968551 -45462318,-27422696 -42997926,-22385935 -41866833,-22703213 -44213264,-27968551 -45462318))
32723;POLYGON((-31478300 -62777433,-30864327 -59565730,-24308621 -57611834,-24632560 -60656925,-31478300 -62777433))
32724;POLYGON((-35424956 -85250839,-34734711 -81093545,-26257961 -77988565,-26582928 -81915387,-35424956 -85250839))
32725;POLYGON((-39859976 -114221836,-39084574 -108876930,-28195998 -104192401,-28514647 -109224071,-39859976 -114221836))
32726;POLYGON((-44839354 -151318376,-43969136 -144492477,-30073816 -137675890,-30376808 -144082496,-44839354 -151318376))
32727;POLYGON((-50423893 -198506129,-49448380 -189845910,-31829819 -180192513,-32105528 -188298933,-50423893 -198506129))
32728;POLYGON((-56679481 -258143689,-55587327 -247226226,-33387865 -233845933,-33622045 -244040608,-56679481 -258143689))
32729;POLYGON((-63677382 -333044414,-62456323 -319366397,-34655225 -301145194,-34830656 -313889936,-63677382 -333044414))
32730;POLYGON((-71494535 -426545440,-70131341 -409511149,-35520376 -385066324,-35616479 -400907245,-71494535 -426545440))
32731;POLYGON((72494535 -426545440,73882776 -444204244,36697103 -417323870,36616479 -400907245,72494535 -426545440))
32732;POLYGON((64677382 -333044414,65921185 -347237758,35994391 -327110336,35830656 -313889936,64677382 -333044414))
32733;POLYGON((57679481 -258143689,58792242 -269483952,34847715 -254626088,34622045 -244040608,57679481 -258143689))
32734;POLYGON((51423893 -198506129,52418034 -207511155,33375381 -196724565,33105528 -188298933,51423893 -198506129))
32735;POLYGON((45839354 -151318376,46726371 -158423704,31676127 -150748241,31376808 -144082496,45839354 -151318376))
32736;POLYGON((40859976 -114221836,41650489 -119791694,29831392 -114464762,29514647 -109224071,40859976 -114221836))
32737;POLYGON((36424956 -85250839,37128758 -89587973,27907403 -86009679,27582928 -81915387,36424956 -85250839))
32738;POLYGON((32478300 -62777433,33104400 -66131872,25957106 -63835257,25632560 -60656925,32478300 -62777433))
32739;POLYGON((28968551 -45462318,29525221 -48039141,24021928 -46664936,23703213 -44213264,28968551 -45462318))
32740;POLYGON((25848529 -32211434,26343347 -34177637,22133400 -33452992,21824913 -31573573,25848529 -32211434))
32741;POLYGON((23075081 -22137754,23514971 -23628273,20314619 -23348978,20019485 -21916804,23075081 -22137754))
32742;POLYGON((20608838 -14527816,21000108 -15650796,18581580 -15666538,18301861 -14581208,20608838 -14527816))
32743;POLYGON((18413977 -8812608,18762360 -9653967,16944374 -9856230,16681254 -9037775,18413977 -8812608))
32744;POLYGON((16457995 -4542368,16768688 -5169746,15408253 -5481959,15162205 -4867250,16457995 -4542368))
32745;POLYGON((14711490 -1364949,14989187 -1831077,13974582 -2200708,13745516 -1740367,14711490 -1364949))
32746;POLYGON((13147945 992635,13396874 647061,12641673 254789,12429064 599009,13147945 992635))
32747;POLYGON((11743523 2739807,11967479 2483713,11405513 2090741,11208511 2348169,11743523 2739807))
32748;POLYGON((10476864 4035497,10679243 3845416,10260389 3464628,10077916 3657523,10476864 4035497))
32749;POLYGON((9328890 4998984,9512722 4857389,9199424 4495479,9030251 4640559,9328890 4998984))
32750;POLYGON((8282618 5718795,8450596 5612744,8215013 5272325,8057830 5382016,8282618 5718795))
32751;POLYGON((7322969 6259911,7477482 6179946,7299193 5861083,7152660 5944530,7322969 6259911))
32752;POLYGON((6436592 6669525,6579752 6608810,6443929 6310079,6306714 6373949,6436592 6669525))
32753;POLYGON((5611684 6981587,5745358 6935223,5641324 6654431,5512138 6703544,5611684 6981587))
32754;POLYGON((4837820 7220306,4963658 7184813,4883788 6919452,4761402 6957268,4837820 7220306))
32755;POLYGON((4105780 7402826,4225241 7375745,4164125 7123265,4047383 7152250,4105780 7402826))
32756;POLYGON((3407386 7541198,3521768 7520808,3475593 7278758,3363417 7300659,3407386 7541198))
32757;POLYGON((2735332 7643828,2845799 7628933,2811907 7395021,2703291 7411061,2735332 7643828))
32758;POLYGON((2083030 7716487,2190638 7706275,2167210 7478372,2061217 7489388,2083030 7716487))
32759;POLYGON((1444443 7763001,1550165 7756949,1536016 7533066,1431762 7539602,1444443 7763001))
32760;POLYGON((813926 7785705,918683 7783514,913126 7561764,809765 7564133,813926 7785705))
32601;POLYGON((186073 -2214294,290756 -2212730,293527 -2434177,190234 -2435866,186073 -2214294))
32602;POLYGON((-444443 -2236998,-338944 -2231604,-327714 -2454571,-431762 -2460397,-444443 -2236998))
32603;POLYGON((-1083030 -2283512,-975803 -2274024,-955574 -2500373,-1061217 -2510611,-1083030 -2283512))
32604;POLYGON((-1735332 -2356171,-1625413 -2342104,-1595176 -2573785,-1703291 -2588938,-1735332 -2356171))
32605;POLYGON((-2407386 -2458801,-2293733 -2439398,-2251902 -2678489,-2363417 -2699340,-2407386 -2458801))
32606;POLYGON((-3105780 -2597173,-2987252 -2571311,-2931475 -2820050,-3047383 -2847749,-3105780 -2597173))
32607;POLYGON((-3837820 -2779693,-3713142 -2745750,-3640035 -3006537,-3761402 -3042731,-3837820 -2779693))
32608;POLYGON((-4611684 -3018412,-4479425 -2974071,-4384169 -3249434,-4512138 -3296455,-4611684 -3018412))
32609;POLYGON((-5436592 -3330474,-5295136 -3272447,-5170925 -3564932,-5306714 -3626050,-5436592 -3330474))
32610;POLYGON((-6322969 -3740088,-6170488 -3663747,-6007771 -3975691,-6152660 -4055469,-6322969 -3740088))
32611;POLYGON((-7282618 -4281204,-7117042 -4180076,-6902516 -4513225,-7057830 -4617983,-7282618 -4281204))
32612;POLYGON((-8328890 -5001015,-8147879 -4866136,-7863169 -5221021,-8030251 -5359440,-8328890 -5001015))
32613;POLYGON((-9476864 -5964502,-9277776 -5783580,-8897748 -6158581,-9077916 -6342476,-9476864 -5964502))
32614;POLYGON((-10743523 -7260192,-10523388 -7016550,-10014010 -7406536,-10208511 -7651830,-10743523 -7260192))
32615;POLYGON((-12147945 -9007364,-11903431 -8678632,-11219122 -9073060,-11429064 -9400990,-12147945 -9007364))
32616;POLYGON((-13711490 -11364949,-13438870 -10921451,-12519240 -11301770,-12745516 -11740367,-13711490 -11364949))
32617;POLYGON((-15457995 -14542368,-15153115 -13945170,-13919007 -14281367,-14162205 -14867250,-15457995 -14542368))
32618;POLYGON((-17413977 -18812608,-17072222 -18011168,-15420963 -18257256,-15681254 -19037775,-17413977 -18812608))
32619;POLYGON((-19608838 -24527816,-19225100 -23457201,-17024848 -23545414,-17301861 -24581208,-19608838 -24527816))
32620;POLYGON((-22075081 -32137754,-21643717 -30715348,-18726803 -30548810,-19019485 -31916804,-22075081 -32137754))
32621;POLYGON((-24848529 -42211434,-24363329 -40333098,-20518466 -39776655,-20824913 -41573573,-24848529 -42211434))
32622;POLYGON((-27968551 -55462318,-27422696 -52997926,-22385935 -51866833,-22703213 -54213264,-27968551 -55462318))
32623;POLYGON((-31478300 -72777433,-30864327 -69565730,-24308621 -67611834,-24632560 -70656925,-31478300 -72777433))
32624;POLYGON((-35424956 -95250839,-34734711 -91093545,-26257961 -87988565,-26582928 -91915387,-35424956 -95250839))
32625;POLYGON((-39859976 -124221836,-39084574 -118876930,-28195998 -114192401,-28514647 -119224071,-39859976 -124221836))
32626;POLYGON((-44839354 -161318376,-43969136 -154492477,-30073816 -147675890,-30376808 -154082496,-44839354 -161318376))
32627;POLYGON((-50423893 -208506129,-49448380 -199845910,-31829819 -190192513,-32105528 -198298933,-50423893 -208506129))
32628;POLYGON((-56679481 -268143689,-55587327 -257226226,-33387865 -243845933,-33622045 -254040608,-56679481 -268143689))
32629;POLYGON((-63677382 -343044414,-62456323 -329366397,-34655225 -311145194,-34830656 -323889936,-63677382 -343044414))
32630;POLYGON((-71494535 -436545440,-70131341 -419511149,-35520376 -395066324,-35616479 -410907245,-71494535 -436545440))
32631;POLYGON((72494535 -436545440,73882776 -454204244,36697103 -427323870,36616479 -410907245,72494535 -436545440))
32632;POLYGON((64677382 -343044414,65921185 -357237758,35994391 -337110336,35830656 -323889936,64677382 -343044414))
32633;POLYGON((57679481 -268143689,58792242 -279483952,34847715 -264626088,34622045 -254040608,57679481 -268143689))
32634;POLYGON((51423893 -208506129,52418034 -217511155,33375381 -206724565,33105528 -198298933,51423893 -208506129))
32635;POLYGON((45839354 -161318376,46726371 -168423704,31676127 -160748241,31376808 -154082496,45839354 -161318376))
32636;POLYGON((40859976 -124221836,41650489 -129791694,29831392 -124464762,29514647 -119224071,40859976 -124221836))
32637;POLYGON((36424956 -95250839,37128758 -99587973,27907403 -96009679,27582928 -91915387,36424956 -95250839))
32638;POLYGON((32478300 -72777433,33104400 -76131872,25957106 -73835257,25632560 -70656925,32478300 -72777433))
32639;POLYGON((28968551 -55462318,29525221 -58039141,24021928 -56664936,23703213 -54213264,28968551 -55462318))
32640;POLYGON((25848529 -42211434,26343347 -44177637,22133400 -43452992,21824913 -41573573,25848529 -42211434))
32641;POLYGON((23075081 -32137754,23514971 -33628273,20314619 -33348978,20019485 -31916804,23075081 -32137754))
32642;POLYGON((20608838 -24527816,21000108 -25650796,18581580 -25666538,18301861 -24581208,20608838 -24527816))
32643;POLYGON((18413977 -18812608,18762360 -19653967,16944374 -19856230,16681254 -19037775,18413977 -18812608))
32644;POLYGON((16457995 -14542368,16768688 -15169746,15408253 -15481959,15162205 -14867250,16457995 -14542368))
32645;POLYGON((14711490 -11364949,14989187 -11831077,13974582 -12200708,13745516 -11740367,14711490 -11364949))
32646;POLYGON((13147945 -9007364,13396874 -9352938,12641673 -9745210,12429064 -9400990,13147945 -9007364))
32647;POLYGON((11743523 -7260192,11967479 -7516286,11405513 -7909258,11208511 -7651830,11743523 -7260192))
32648;POLYGON((10476864 -5964502,10679243 -6154583,10260389 -6535371,10077916 -6342476,10476864 -5964502))
32649;POLYGON((9328890 -5001015,9512722 -5142610,9199424 -5504520,9030251 -5359440,9328890 -5001015))
32650;POLYGON((8282618 -4281204,8450596 -4387255,8215013 -4727674,8057830 -4617983,8282618 -4281204))
32651;POLYGON((7322969 -3740088,7477482 -3820053,7299193 -4138916,7152660 -4055469,7322969 -3740088))
32652;POLYGON((6436592 -3330474,6579752 -3391189,6443929 -3689920,6306714 -3626050,6436592 -3330474))
32653;POLYGON((5611684 -3018412,5745358 -3064776,5641324 -3345568,5512138 -3296455,5611684 -3018412))
32654;POLYGON((4837820 -2779693,4963658 -2815186,4883788 -3080547,4761402 -3042731,4837820 -2779693))
32655;POLYGON((4105780 -2597173,4225241 -2624254,4164125 -2876734,4047383 -2847749,4105780 -2597173))
32656;POLYGON((3407386 -2458801,3521768 -2479191,3475593 -2721241,3363417 -2699340,3407386 -2458801))
32657;POLYGON((2735332 -2356171,2845799 -2371066,2811907 -2604978,2703291 -2588938,2735332 -2356171))
32658;POLYGON((2083030 -2283512,2190638 -2293724,2167210 -2521627,2061217 -2510611,2083030 -2283512))
32659;POLYGON((1444443 -2236998,1550165 -2243050,1536016 -2466933,1431762 -2460397,1444443 -2236998))
32660;POLYGON((813926 -2214294,918683 -2216485,913126 -2438235,809765 -2435866,813926 -2214294))
