32701;POLYGON((312928 3789858,375273 3792115,381792 3569539,322707 3567352,312928 3789858))
32702;POLYGON((-60438 3757306,1668 3765001,27803 3543262,-31017 3535806,-60438 3757306))
32703;POLYGON((-431413 3691894,-369824 3705099,-323856 3485262,-382108 3472485,-431413 3691894))
32704;POLYGON((-798178 3593033,-737429 3611865,-671271 3395134,-728612 3376951,-798178 3593033))
32705;POLYGON((-1158581 3459907,-1099061 3484514,-1012255 3272311,-1068286 3248617,-1158581 3459907))
32706;POLYGON((-1509992 3291563,-1452177 3322108,-1344229 3116145,-1398474 3086830,-1509992 3291563))
32707;POLYGON((-1849153 3087049,-1793637 3123683,-1664107 2926027,-1715994 2891007,-1849153 3087049))
32708;POLYGON((-2172023 2845617,-2119542 2888439,-1968176 2701567,-2017016 2660813,-2172023 2845617))
32709;POLYGON((-2473606 2567003,-2425065 2616009,-2251978 2442826,-2296949 2396414,-2473606 2567003))
32710;POLYGON((-2747767 2251814,-2704276 2306822,-2510192 2150642,-2550312 2098814,-2747767 2251814))
32711;POLYGON((-2987035 1902041,-2949942 1962597,-2736511 1827046,-2770626 1770292,-2987035 1902041))
32712;POLYGON((-3182388 1521737,-3153314 1586989,-2923525 1475806,-2950285 1414970,-3182388 1521737))
32713;POLYGON((-3323011 1117881,-3303893 1186417,-3062599 1103117,-3080437 1039526,-3323011 1117881))
32714;POLYGON((-3396046 701474,-3389181 771128,-3143749 718467,-3150861 654093,-3396046 701474))
32715;POLYGON((-3386302 288911,-3394396 356509,-3155522 335700,-3149847 273362,-3386302 288911))
32716;POLYGON((-3275954 -96338,-3302175 -35281,-3084868 -25671,-3064068 -82063,-3275954 -96338))
32717;POLYGON((-3044203 -421685,-3092239 -373332,-2917017 -338891,-2878454 -384046,-3044203 -421685))
32718;POLYGON((-2666910 -642950,-2741033 -615589,-2635352 -568065,-2576067 -594959,-2666910 -642950))
32719;POLYGON((-2116201 -701437,-2221333 -705998,-2221279 -665915,-2137973 -665384,-2116201 -701437))
32720;POLYGON((-1360030 -520462,-1501823 -571140,-1654103 -571137,-1543112 -531389,-1360030 -520462))
32721;POLYGON((-361716 -1294,-546625 -116266,-910888 -205310,-768163 -111367,-361716 -1294))
32722;POLYGON((920569 981570,685192 779305,33666 530683,212581 697636,920569 981570))
32723;POLYGON((2534351 2585857,2240166 2267519,1207365 1760795,1427358 2024151,2534351 2585857))
32724;POLYGON((4533434 5007779,4171010 4537701,2640653 3638535,2907062 4027123,4533434 5007779))
32725;POLYGON((6978543 8489182,6537250 7823556,4366749 6352374,4685392 6901423,6978543 8489182))
32726;POLYGON((9938004 13325655,9405897 12411108,6421790 10131856,6798984 10884089,9938004 13325655))
32727;POLYGON((13488475 19875698,12852167 18647689,8844972 15254502,9287557 16261368,13488475 19875698))
32728;POLYGON((17715726 28571026,16960253 26952044,11678695 22053563,12194058 23376619,17715726 28571026))
32729;POLYGON((22715474 39928112,21824156 37825664,14968705 30926702,15564807 32639148,22715474 39928112))
32730;POLYGON((28594274 54561059,27548559 51865425,18764249 42345656,19449648 44534056,28594274 54561059))
32731;POLYGON((-27594274 54561059,-28667665 57367569,-19150805 46811240,-18449648 44534056,-27594274 54561059))
32732;POLYGON((-21715474 39928112,-22631184 42121306,-15175181 34424521,-14564807 32639148,-21715474 39928112))
32733;POLYGON((-16715726 28571026,-17492633 30263726,-11722308 24759150,-11194058 23376619,-16715726 28571026))
32734;POLYGON((-12488475 19875698,-13143561 21163108,-8741742 17316363,-8287557 16261368,-12488475 19875698))
32735;POLYGON((-8938004 13325655,-9486508 14287637,-6186586 11674933,-5798984 10884089,-8938004 13325655))
32736;POLYGON((-5978543 8489182,-6434105 9192308,-4013342 7481150,-3685392 6901423,-5978543 8489182))
32737;POLYGON((-3533434 5007779,-3908231 5507167,-2181761 4439821,-1907062 4027123,-3533434 5007779))
32738;POLYGON((-1534351 2585857,-1839224 2926805,-654703 2306217,-427358 2024151,-1534351 2585857))
32739;POLYGON((79430 981570,-165140 1201010,602008 878895,787418 697636,79430 981570))
32740;POLYGON((1361716 -1294,1168932 126486,1619727 -6676,1768163 -111367,1361716 -1294))
32741;POLYGON((2360030 -520462,2211523 -460451,2427124 -483743,2543112 -531389,2360030 -520462))
32742;POLYGON((3116201 -701437,3005371 -690274,3050317 -659214,3137973 -665384,3116201 -701437))
32743;POLYGON((3666910 -642950,3587979 -665830,3513017 -617984,3576067 -594959,3666910 -642950))
32744;POLYGON((4044203 -421685,3992132 -467178,3836651 -426697,3878454 -384046,4044203 -421685))
32745;POLYGON((4275954 -96338,4246368 -155758,4040499 -136992,4064068 -82063,4275954 -96338))
32746;POLYGON((4386302 288911,4375420 222051,4141822 211710,4149847 273362,4386302 288911))
32747;POLYGON((4396046 701474,4400618 631910,4155992 589836,4150861 654093,4396046 701474))
32748;POLYGON((4323011 1117881,4340257 1048983,4096619 975647,4080437 1039526,4323011 1117881))
32749;POLYGON((4182388 1521737,4209946 1455823,3975673 1353568,3950285 1414970,4182388 1521737))
32750;POLYGON((3987035 1902041,4022912 1840630,3803616 1712789,3770626 1770292,3987035 1902041))
32751;POLYGON((3747767 2251814,3790291 2195840,3589517 2046123,3550312 2098814,3747767 2251814))
32752;POLYGON((3473606 2567003,3521387 2516978,3341183 2349077,3296949 2396414,3473606 2567003))
32753;POLYGON((3172023 2845617,3223916 2801760,3065273 2619107,3017016 2660813,3172023 2845617))
32754;POLYGON((2849153 3087049,2904218 3049389,2767424 2855032,2715994 2891007,2849153 3087049))
32755;POLYGON((2509992 3291563,2567468 3260013,2452368 3056570,2398474 3086830,2509992 3291563))
32756;POLYGON((2158581 3459907,2217853 3434322,2124055 3223993,2068286 3248617,2158581 3459907))
32757;POLYGON((1798178 3593033,1858751 3573249,1785765 3357857,1728612 3376951,1798178 3593033))
32758;POLYGON((1431413 3691894,1492886 3677759,1440233 3458814,1382108 3472485,1431413 3691894))
32759;POLYGON((1060438 3757306,1122479 3748698,1089765 3527469,1031017 3535806,1060438 3757306))
32760;POLYGON((687071 3789858,749395 3786698,736352 3564288,677292 3567352,687071 3789858))
32601;POLYGON((312928 -6210141,375273 -6207884,381792 -6430460,322707 -6432647,312928 -6210141))
32602;POLYGON((-60438 -6242693,1668 -6234998,27803 -6456737,-31017 -6464193,-60438 -6242693))
32603;POLYGON((-431413 -6308105,-369824 -6294900,-323856 -6514737,-382108 -6527514,-431413 -6308105))
32604;POLYGON((-798178 -6406966,-737429 -6388134,-671271 -6604865,-728612 -6623048,-798178 -6406966))
32605;POLYGON((-1158581 -6540092,-1099061 -6515485,-1012255 -6727688,-1068286 -6751382,-1158581 -6540092))
32606;POLYGON((-1509992 -6708436,-1452177 -6677891,-1344229 -6883854,-1398474 -6913169,-1509992 -6708436))
32607;POLYGON((-1849153 -6912950,-1793637 -6876316,-1664107 -7073972,-1715994 -7108992,-1849153 -6912950))
32608;POLYGON((-2172023 -7154382,-2119542 -7111560,-1968176 -7298432,-2017016 -7339186,-2172023 -7154382))
32609;POLYGON((-2473606 -7432996,-2425065 -7383990,-2251978 -7557173,-2296949 -7603585,-2473606 -7432996))
32610;POLYGON((-2747767 -7748185,-2704276 -7693177,-2510192 -7849357,-2550312 -7901185,-2747767 -7748185))
32611;POLYGON((-2987035 -8097958,-2949942 -8037402,-2736511 -8172953,-2770626 -8229707,-2987035 -8097958))
32612;POLYGON((-3182388 -8478262,-3153314 -8413010,-2923525 -8524193,-2950285 -8585029,-3182388 -8478262))
32613;POLYGON((-3323011 -8882118,-3303893 -8813582,-3062599 -8896882,-3080437 -8960473,-3323011 -8882118))
32614;POLYGON((-3396046 -9298525,-3389181 -9228871,-3143749 -9281532,-3150861 -9345906,-3396046 -9298525))
32615;POLYGON((-3386302 -9711088,-3394396 -9643490,-3155522 -9664299,-3149847 -9726637,-3386302 -9711088))
32616;POLYGON((-3275954 -10096338,-3302175 -10035281,-3084868 -10025671,-3064068 -10082063,-3275954 -10096338))
32617;POLYGON((-3044203 -10421685,-3092239 -10373332,-2917017 -10338891,-2878454 -10384046,-3044203 -10421685))
32618;POLYGON((-2666910 -10642950,-2741033 -10615589,-2635352 -10568065,-2576067 -10594959,-2666910 -10642950))
32619;POLYGON((-2116201 -10701437,-2221333 -10705998,-2221279 -10665915,-2137973 -10665384,-2116201 -10701437))
32620;POLYGON((-1360030 -10520462,-1501823 -10571140,-1654103 -10571137,-1543112 -10531389,-1360030 -10520462))
32621;POLYGON((-361716 -10001294,-546625 -10116266,-910888 -10205310,-768163 -10111367,-361716 -10001294))
32622;POLYGON((920569 -9018429,685192 -9220694,33666 -9469316,212581 -9302363,920569 -9018429))
32623;POLYGON((2534351 -7414142,2240166 -7732480,1207365 -8239204,1427358 -7975848,2534351 -7414142))
32624;POLYGON((4533434 -4992220,4171010 -5462298,2640653 -6361464,2907062 -5972876,4533434 -4992220))
32625;POLYGON((6978543 -1510817,6537250 -2176443,4366749 -3647625,4685392 -3098576,6978543 -1510817))
32626;POLYGON((9938004 3325655,9405897 2411108,6421790 131856,6798984 884089,9938004 3325655))
32627;POLYGON((13488475 9875698,12852167 8647689,8844972 5254502,9287557 6261368,13488475 9875698))
32628;POLYGON((17715726 18571026,16960253 16952044,11678695 12053563,12194058 13376619,17715726 18571026))
32629;POLYGON((22715474 29928112,21824156 27825664,14968705 20926702,15564807 22639148,22715474 29928112))
32630;POLYGON((28594274 44561059,27548559 41865425,18764249 32345656,19449648 34534056,28594274 44561059))
32631;POLYGON((-27594274 44561059,-28667665 47367569,-19150805 36811240,-18449648 34534056,-27594274 44561059))
32632;POLYGON((-21715474 29928112,-22631184 32121306,-15175181 24424521,-14564807 22639148,-21715474 29928112))
32633;POLYGON((-16715726 18571026,-17492633 20263726,-11722308 14759150,-11194058 13376619,-16715726 18571026))
32634;POLYGON((-12488475 9875698,-13143561 11163108,-8741742 7316363,-8287557 6261368,-12488475 9875698))
32635;POLYGON((-8938004 3325655,-9486508 4287637,-6186586 1674933,-5798984 884089,-8938004 3325655))
32636;POLYGON((-5978543 -1510817,-6434105 -807691,-4013342 -2518849,-3685392 -3098576,-5978543 -1510817))
32637;POLYGON((-3533434 -4992220,-3908231 -4492832,-2181761 -5560178,-1907062 -5972876,-3533434 -4992220))
32638;POLYGON((-1534351 -7414142,-1839224 -7073194,-654703 -7693782,-427358 -7975848,-1534351 -7414142))
32639;POLYGON((79430 -9018429,-165140 -8798989,602008 -9121104,787418 -9302363,79430 -9018429))
32640;POLYGON((1361716 -10001294,1168932 -9873513,1619727 -10006676,1768163 -10111367,1361716 -10001294))
32641;POLYGON((2360030 -10520462,2211523 -10460451,2427124 -10483743,2543112 -10531389,2360030 -10520462))
32642;POLYGON((3116201 -10701437,3005371 -10690274,3050317 -10659214,3137973 -10665384,3116201 -10701437))
32643;POLYGON((3666910 -10642950,3587979 -10665830,3513017 -10617984,3576067 -10594959,3666910 -10642950))
32644;POLYGON((4044203 -10421685,3992132 -10467178,3836651 -10426697,3878454 -10384046,4044203 -10421685))
32645;POLYGON((4275954 -10096338,4246368 -10155758,4040499 -10136992,4064068 -10082063,4275954 -10096338))
32646;POLYGON((4386302 -9711088,4375420 -9777948,4141822 -9788289,4149847 -9726637,4386302 -9711088))
32647;POLYGON((4396046 -9298525,4400618 -9368089,4155992 -9410163,4150861 -9345906,4396046 -9298525))
32648;POLYGON((4323011 -8882118,4340257 -8951016,4096619 -9024352,4080437 -8960473,4323011 -8882118))
32649;POLYGON((4182388 -8478262,4209946 -8544176,3975673 -8646431,3950285 -8585029,4182388 -8478262))
32650;POLYGON((3987035 -8097958,4022912 -8159369,3803616 -8287210,3770626 -8229707,3987035 -8097958))
32651;POLYGON((3747767 -7748185,3790291 -7804159,3589517 -7953876,3550312 -7901185,3747767 -7748185))
32652;POLYGON((3473606 -7432996,3521387 -7483021,3341183 -7650922,3296949 -7603585,3473606 -7432996))
32653;POLYGON((3172023 -7154382,3223916 -7198239,3065273 -7380892,3017016 -7339186,3172023 -7154382))
32654;POLYGON((2849153 -6912950,2904218 -6950610,2767424 -7144967,2715994 -7108992,2849153 -6912950))
32655;POLYGON((2509992 -6708436,2567468 -6739986,2452368 -6943429,2398474 -6913169,2509992 -6708436))
32656;POLYGON((2158581 -6540092,2217853 -6565677,2124055 -6776006,2068286 -6751382,2158581 -6540092))
32657;POLYGON((1798178 -6406966,1858751 -6426750,1785765 -6642142,1728612 -6623048,1798178 -6406966))
32658;POLYGON((1431413 -6308105,1492886 -6322240,1440233 -6541185,1382108 -6527514,1431413 -6308105))
32659;POLYGON((1060438 -6242693,1122479 -6251301,1089765 -6472530,1031017 -6464193,1060438 -6242693))
32660;POLYGON((687071 -6210141,749395 -6213301,736352 -6435711,677292 -6432647,687071 -6210141))
