32701;POLYGON((374626 2454091,416402 2455782,423669 2232874,385526 2231309,374626 2454091))
32702;POLYGON((124872 2429746,166344 2435493,195390 2214103,157542 2208788,124872 2429746))
32703;POLYGON((-121887 2381102,-81055 2390893,-30308 2172868,-67536 2163821,-121887 2381102))
32704;POLYGON((-363591 2308266,-323748 2322078,-251457 2109320,-287731 2096575,-363591 2308266))
32705;POLYGON((-598087 2211437,-559599 2229229,-466024 2023714,-500999 2007327,-598087 2211437))
32706;POLYGON((-823106 2090945,-786361 2112651,-671907 1916447,-705225 1896501,-823106 2090945))
32707;POLYGON((-1036251 1947314,-1001657 1972830,-866926 1788097,-898215 1764708,-1036251 1947314))
32708;POLYGON((-1234997 1781328,-1202983 1810502,-1048826 1639470,-1077707 1612800,-1234997 1781328))
32709;POLYGON((-1416711 1594113,-1387722 1626730,-1215312 1471662,-1241398 1441924,-1416711 1594113))
32710;POLYGON((-1578692 1387228,-1553181 1422993,-1364079 1286112,-1386991 1253585,-1578692 1387228))
32711;POLYGON((-1718241 1162766,-1696653 1201290,-1492885 1084667,-1512262 1049703,-1718241 1162766))
32712;POLYGON((-1832748 923462,-1815508 964239,-1599641 869641,-1615156 832673,-1832748 923462))
32713;POLYGON((-1919826 672803,-1907309 715195,-1682523 643864,-1693909 605419,-1919826 672803))
32714;POLYGON((-1977465 415142,-1969972 458358,-1740126 410729,-1747202 371429,-1977465 415142))
32715;POLYGON((-2004231 155817,-2001952 198895,-1771648 174222,-1774352 134790,-2004231 155817))
32716;POLYGON((-1999508 -98739,-2002477 -56952,-1777103 -61068,-1775536 -99810,-1999508 -98739))
32717;POLYGON((-1963780 -340893,-1971826 -301758,-1757590 -289968,-1752061 -327101,-1963780 -340893))
32718;POLYGON((-1898963 -561708,-1911653 -526808,-1715589 -506749,-1706670 -541272,-1898963 -561708))
32719;POLYGON((-1808789 -750855,-1825356 -722011,-1655316 -705216,-1643905 -736057,-1808789 -750855))
32720;POLYGON((-1699244 -896545,-1718514 -875827,-1583118 -878821,-1570510 -904866,-1699244 -896545))
32721;POLYGON((-1579062 -985471,-1599365 -975203,-1507922 -1020832,-1495891 -1040955,-1579062 -985471))
32722;POLYGON((-1460281 -1002779,-1479356 -1005545,-1441745 -1124553,-1432634 -1137662,-1460281 -1002779))
32723;POLYGON((-1358868 -932062,-1373753 -950703,-1400255 -1183613,-1397072 -1188701,-1358868 -932062))
32724;POLYGON((-1295404 -755388,-1302316 -792997,-1403395 -1192320,-1409927 -1188533,-1295404 -755388))
32725;POLYGON((-1295844 -453362,-1290050 -513270,-1476073 -1146097,-1497006 -1132817,-1295844 -453362))
32726;POLYGON((-1392353 -5232,-1368024 -90985,-1648918 -1042007,-1689970 -1018945,-1392353 -5232))
32727;POLYGON((-1624218 610963,-1574271 495628,-1959106 -879371,-2027172 -846684,-1624218 610963))
32728;POLYGON((-2038839 1418197,-1954764 1269392,-2451258 -660498,-2554566 -618919,-2038839 1418197))
32729;POLYGON((-2692804 2440190,-2564485 2253921,-3178418 -391529,-3326700 -342519,-2692804 2440190))
32730;POLYGON((-3653061 3701096,-3468567 3473324,-4203102 -83407,-4407777 -29332,-3653061 3701096))
32731;POLYGON((4653061 3701096,4848216 3936178,5623091 25282,5407777 -29332,4653061 3701096))
32732;POLYGON((3692804 2440190,3829606 2633094,4483539 -292473,4326700 -342519,3692804 2440190))
32733;POLYGON((3038839 1418197,3129538 1572966,3664651 -575977,3554566 -618919,3038839 1418197))
32734;POLYGON((2624218 610963,2679222 731603,3100502 -812446,3027172 -846684,2624218 610963))
32735;POLYGON((2392353 -5232,2420423 85186,2735012 -994255,2689970 -1018945,2392353 -5232))
32736;POLYGON((2295844 -453362,2304289 -389399,2520865 -1117917,2497006 -1132817,2295844 -453362))
32737;POLYGON((2295404 -755388,2290252 -714299,2418507 -1183200,2409927 -1188533,2295404 -755388))
32738;POLYGON((2358868 -932062,2345025 -910481,2395222 -1192364,2397072 -1188701,2358868 -932062))
32739;POLYGON((2460281 -1002779,2441678 -997571,2424282 -1149501,2432634 -1137662,2460281 -1002779))
32740;POLYGON((2579062 -985471,2558789 -993753,2484168 -1059984,2495891 -1040955,2579062 -985471))
32741;POLYGON((2699244 -896545,2679672 -915690,2557861 -930002,2570510 -904866,2699244 -896545))
32742;POLYGON((2808789 -750855,2791678 -778495,2632192 -766177,2643905 -736057,2808789 -750855))
32743;POLYGON((2898963 -561708,2885563 -595731,2697263 -575257,2706670 -541272,2898963 -561708))
32744;POLYGON((2963780 -340893,2954921 -379439,2745919 -363872,2752061 -327101,2963780 -340893))
32745;POLYGON((2999508 -98739,2995674 -140184,2773282 -138350,2775536 -99810,2999508 -98739))
32746;POLYGON((3004231 155817,3005632 112869,2776333 95413,2774352 134790,3004231 155817))
32747;POLYGON((2977465 415142,2984098 371878,2753550 332054,2747202 371429,2977465 415142))
32748;POLYGON((2919826 672803,2931524 630214,2704587 566785,2693909 605419,2919826 672803))
32749;POLYGON((2832748 923462,2849226 882368,2630000 795420,2615156 832673,2832748 923462))
32750;POLYGON((2718241 1162766,2739132 1123829,2531017 1014372,2512262 1049703,2718241 1162766))
32751;POLYGON((2578692 1387228,2603580 1350973,2409339 1220626,2386991 1253585,2578692 1387228))
32752;POLYGON((2416711 1594113,2445152 1560949,2266982 1411701,2241398 1441924,2416711 1594113))
32753;POLYGON((2234997 1781328,2266538 1751564,2106149 1585602,2077707 1612800,2234997 1781328))
32754;POLYGON((2036251 1947314,2070445 1921177,1929130 1740760,1898215 1764708,2036251 1947314))
32755;POLYGON((1823106 2090945,1859521 2068596,1738231 1875972,1705225 1896501,1823106 2090945))
32756;POLYGON((1598087 2211437,1636311 2192987,1535723 1990341,1500999 2007327,1598087 2211437))
32757;POLYGON((1363591 2308266,1403234 2293787,1323813 2083219,1287731 2096575,1363591 2308266))
32758;POLYGON((1121887 2381102,1162579 2370639,1104629 2154154,1067536 2163821,1121887 2381102))
32759;POLYGON((875127 2429746,916517 2423324,880225 2202849,842457 2208788,875127 2429746))
32760;POLYGON((625373 2454091,667121 2451724,652590 2229119,614473 2231309,625373 2454091))
32601;POLYGON((374626 -7545908,416402 -7544217,423669 -7767125,385526 -7768690,374626 -7545908))
32602;POLYGON((124872 -7570253,166344 -7564506,195390 -7785896,157542 -7791211,124872 -7570253))
32603;POLYGON((-121887 -7618897,-81055 -7609106,-30308 -7827131,-67536 -7836178,-121887 -7618897))
32604;POLYGON((-363591 -7691733,-323748 -7677921,-251457 -7890679,-287731 -7903424,-363591 -7691733))
32605;POLYGON((-598087 -7788562,-559599 -7770770,-466024 -7976285,-500999 -7992672,-598087 -7788562))
32606;POLYGON((-823106 -7909054,-786361 -7887348,-671907 -8083552,-705225 -8103498,-823106 -7909054))
32607;POLYGON((-1036251 -8052685,-1001657 -8027169,-866926 -8211902,-898215 -8235291,-1036251 -8052685))
32608;POLYGON((-1234997 -8218671,-1202983 -8189497,-1048826 -8360529,-1077707 -8387199,-1234997 -8218671))
32609;POLYGON((-1416711 -8405886,-1387722 -8373269,-1215312 -8528337,-1241398 -8558075,-1416711 -8405886))
32610;POLYGON((-1578692 -8612771,-1553181 -8577006,-1364079 -8713887,-1386991 -8746414,-1578692 -8612771))
32611;POLYGON((-1718241 -8837233,-1696653 -8798709,-1492885 -8915332,-1512262 -8950296,-1718241 -8837233))
32612;POLYGON((-1832748 -9076537,-1815508 -9035760,-1599641 -9130358,-1615156 -9167326,-1832748 -9076537))
32613;POLYGON((-1919826 -9327196,-1907309 -9284804,-1682523 -9356135,-1693909 -9394580,-1919826 -9327196))
32614;POLYGON((-1977465 -9584857,-1969972 -9541641,-1740126 -9589270,-1747202 -9628570,-1977465 -9584857))
32615;POLYGON((-2004231 -9844182,-2001952 -9801104,-1771648 -9825777,-1774352 -9865209,-2004231 -9844182))
32616;POLYGON((-1999508 -10098739,-2002477 -10056952,-1777103 -10061068,-1775536 -10099810,-1999508 -10098739))
32617;POLYGON((-1963780 -10340893,-1971826 -10301758,-1757590 -10289968,-1752061 -10327101,-1963780 -10340893))
32618;POLYGON((-1898963 -10561708,-1911653 -10526808,-1715589 -10506749,-1706670 -10541272,-1898963 -10561708))
32619;POLYGON((-1808789 -10750855,-1825356 -10722011,-1655316 -10705216,-1643905 -10736057,-1808789 -10750855))
32620;POLYGON((-1699244 -10896545,-1718514 -10875827,-1583118 -10878821,-1570510 -10904866,-1699244 -10896545))
32621;POLYGON((-1579062 -10985471,-1599365 -10975203,-1507922 -11020832,-1495891 -11040955,-1579062 -10985471))
32622;POLYGON((-1460281 -11002779,-1479356 -11005545,-1441745 -11124553,-1432634 -11137662,-1460281 -11002779))
32623;POLYGON((-1358868 -10932062,-1373753 -10950703,-1400255 -11183613,-1397072 -11188701,-1358868 -10932062))
32624;POLYGON((-1295404 -10755388,-1302316 -10792997,-1403395 -11192320,-1409927 -11188533,-1295404 -10755388))
32625;POLYGON((-1295844 -10453362,-1290050 -10513270,-1476073 -11146097,-1497006 -11132817,-1295844 -10453362))
32626;POLYGON((-1392353 -10005232,-1368024 -10090985,-1648918 -11042007,-1689970 -11018945,-1392353 -10005232))
32627;POLYGON((-1624218 -9389036,-1574271 -9504371,-1959106 -10879371,-2027172 -10846684,-1624218 -9389036))
32628;POLYGON((-2038839 -8581802,-1954764 -8730607,-2451258 -10660498,-2554566 -10618919,-2038839 -8581802))
32629;POLYGON((-2692804 -7559809,-2564485 -7746078,-3178418 -10391529,-3326700 -10342519,-2692804 -7559809))
32630;POLYGON((-3653061 -6298903,-3468567 -6526675,-4203102 -10083407,-4407777 -10029332,-3653061 -6298903))
32631;POLYGON((4653061 -6298903,4848216 -6063821,5623091 -9974717,5407777 -10029332,4653061 -6298903))
32632;POLYGON((3692804 -7559809,3829606 -7366905,4483539 -10292473,4326700 -10342519,3692804 -7559809))
32633;POLYGON((3038839 -8581802,3129538 -8427033,3664651 -10575977,3554566 -10618919,3038839 -8581802))
32634;POLYGON((2624218 -9389036,2679222 -9268396,3100502 -10812446,3027172 -10846684,2624218 -9389036))
32635;POLYGON((2392353 -10005232,2420423 -9914813,2735012 -10994255,2689970 -11018945,2392353 -10005232))
32636;POLYGON((2295844 -10453362,2304289 -10389399,2520865 -11117917,2497006 -11132817,2295844 -10453362))
32637;POLYGON((2295404 -10755388,2290252 -10714299,2418507 -11183200,2409927 -11188533,2295404 -10755388))
32638;POLYGON((2358868 -10932062,2345025 -10910481,2395222 -11192364,2397072 -11188701,2358868 -10932062))
32639;POLYGON((2460281 -11002779,2441678 -10997571,2424282 -11149501,2432634 -11137662,2460281 -11002779))
32640;POLYGON((2579062 -10985471,2558789 -10993753,2484168 -11059984,2495891 -11040955,2579062 -10985471))
32641;POLYGON((2699244 -10896545,2679672 -10915690,2557861 -10930002,2570510 -10904866,2699244 -10896545))
32642;POLYGON((2808789 -10750855,2791678 -10778495,2632192 -10766177,2643905 -10736057,2808789 -10750855))
32643;POLYGON((2898963 -10561708,2885563 -10595731,2697263 -10575257,2706670 -10541272,2898963 -10561708))
32644;POLYGON((2963780 -10340893,2954921 -10379439,2745919 -10363872,2752061 -10327101,2963780 -10340893))
32645;POLYGON((2999508 -10098739,2995674 -10140184,2773282 -10138350,2775536 -10099810,2999508 -10098739))
32646;POLYGON((3004231 -9844182,3005632 -9887130,2776333 -9904586,2774352 -9865209,3004231 -9844182))
32647;POLYGON((2977465 -9584857,2984098 -9628121,2753550 -9667945,2747202 -9628570,2977465 -9584857))
32648;POLYGON((2919826 -9327196,2931524 -9369785,2704587 -9433214,2693909 -9394580,2919826 -9327196))
32649;POLYGON((2832748 -9076537,2849226 -9117631,2630000 -9204579,2615156 -9167326,2832748 -9076537))
32650;POLYGON((2718241 -8837233,2739132 -8876170,2531017 -8985627,2512262 -8950296,2718241 -8837233))
32651;POLYGON((2578692 -8612771,2603580 -8649026,2409339 -8779373,2386991 -8746414,2578692 -8612771))
32652;POLYGON((2416711 -8405886,2445152 -8439050,2266982 -8588298,2241398 -8558075,2416711 -8405886))
32653;POLYGON((2234997 -8218671,2266538 -8248435,2106149 -8414397,2077707 -8387199,2234997 -8218671))
32654;POLYGON((2036251 -8052685,2070445 -8078822,1929130 -8259239,1898215 -8235291,2036251 -8052685))
32655;POLYGON((1823106 -7909054,1859521 -7931403,1738231 -8124027,1705225 -8103498,1823106 -7909054))
32656;POLYGON((1598087 -7788562,1636311 -7807012,1535723 -8009658,1500999 -7992672,1598087 -7788562))
32657;POLYGON((1363591 -7691733,1403234 -7706212,1323813 -7916780,1287731 -7903424,1363591 -7691733))
32658;POLYGON((1121887 -7618897,1162579 -7629360,1104629 -7845845,1067536 -7836178,1121887 -7618897))
32659;POLYGON((875127 -7570253,916517 -7576675,880225 -7797150,842457 -7791211,875127 -7570253))
32660;POLYGON((625373 -7545908,667121 -7548275,652590 -7770880,614473 -7768690,625373 -7545908))
