32701;POLYGON((337781 16766502,391839 16764438,385106 16541771,327680 16543920,337781 16766502))
32702;POLYGON((14293 16796253,68061 16789224,41085 16567582,-16066 16574904,14293 16796253))
32703;POLYGON((-306304 16855881,-253158 16843859,-300515 16624528,-357078 16637067,-306304 16855881))
32704;POLYGON((-621930 16945618,-569765 16928559,-637728 16712946,-693352 16730774,-621930 16945618))
32705;POLYGON((-930277 17065752,-879498 17043607,-968329 16833305,-1022612 16856506,-930277 17065752))
32706;POLYGON((-1228725 17216546,-1179793 17189276,-1289737 16986119,-1342205 17014777,-1228725 17216546))
32707;POLYGON((-1514269 17398126,-1467715 17365726,-1598907 17171835,-1649002 17206006,-1514269 17398126))
32708;POLYGON((-1783447 17610336,-1739882 17572860,-1892231 17390665,-1939289 17430348,-1783447 17610336))
32709;POLYGON((-2032285 17852535,-1992409 17810134,-2165441 17642367,-2208679 17687457,-2032285 17852535))
32710;POLYGON((-2256255 18123347,-2220863 18076312,-2413516 17925944,-2452020 17976177,-2256255 18123347))
32711;POLYGON((-2450247 18420335,-2420232 18369163,-2630598 18239267,-2663303 18294145,-2450247 18420335))
32712;POLYGON((-2608554 18739606,-2584907 18685067,-2809908 18578582,-2835591 18637279,-2608554 18739606))
32713;POLYGON((-2724884 19075315,-2708695 19018542,-2943677 18937892,-2960940 18999141,-2724884 19075315))
32714;POLYGON((-2792389 19419063,-2784835 19361662,-3023073 19308192,-3030338 19370134,-2792389 19419063))
32715;POLYGON((-2803718 19759169,-2806056 19703351,-3038152 19676522,-3033649 19736537,-2803718 19759169))
32716;POLYGON((-2751090 20079799,-2764643 20028533,-2977800 20024823,-2959560 20079312,-2751090 20079799))
32717;POLYGON((-2626406 20359932,-2652541 20317131,-2829700 20328553,-2795553 20372683,-2626406 20359932))
32718;POLYGON((-2421380 20572136,-2461484 20542875,-2580304 20555038,-2527869 20582442,-2421380 20572136))
32719;POLYGON((-2127705 20681140,-2183156 20671909,-2214810 20661527,-2141498 20663943,-2127705 20681140))
32720;POLYGON((-1737252 20642171,-1809382 20661170,-1717163 20592898,-1620177 20559756,-1737252 20642171))
32721;POLYGON((-1242304 20399031,-1332361 20456511,-1070058 20278996,-946393 20196931,-1242304 20399031))
32722;POLYGON((-635831 19881890,-744926 19990538,-254963 19631545,-101413 19483842,-635831 19881890))
32723;POLYGON((88202 19004758,-40851 19180146,747846 18540598,934681 18306547,88202 19004758))
32724;POLYGON((934486 17662614,784799 17923699,1959240 16870473,2182944 16524642,934486 17662614))
32725;POLYGON((1905960 15728152,1735291 16097851,3401162 14455132,3665492 13966539,1905960 15728152))
32726;POLYGON((3003381 13048119,2811776 13553944,5096555 11092948,5405425 10424126,3003381 13048119))
32727;POLYGON((4224831 9439199,4012817 10113979,7069256 6540808,7426719 5646749,4224831 9439199))
32728;POLYGON((5565176 4683414,5333857 5566097,9343885 507488,9754109 -665528,5565176 4683414))
32729;POLYGON((7015481 -1476998,6766635 -340455,11945704 -7353739,12412954 -8869465,7015481 -1476998))
32730;POLYGON((8562359 -9345273,8298557 -7900914,14900469 -17453351,15429072 -19387023,8562359 -9345273))
32731;POLYGON((-7562359 -9345273,-7828343 -10846802,-14968324 -21398563,-14429072 -19387023,-7562359 -9345273))
32732;POLYGON((-6015481 -1476998,-6267020 -2660864,-11890127 -10449290,-11412954 -8869465,-6015481 -1476998))
32733;POLYGON((-4565176 4683414,-4799560 3761817,-9173540 -1890944,-8754109 -665528,-4565176 4683414))
32734;POLYGON((-3224831 9439199,-3440156 8732652,-6792683 4710182,-6426719 5646749,-3224831 9439199))
32735;POLYGON((-2003381 13048119,-2198439 12516570,-4722109 9721110,-4405425 10424126,-2003381 13048119))
32736;POLYGON((-905960 15728152,-1080133 15337811,-2936970 13450700,-2665492 13966539,-905960 15728152))
32737;POLYGON((65513 17662614,-87654 17385134,-1413153 16157332,-1182944 16524642,65513 17662614))
32738;POLYGON((911797 19004758,779342 18816504,-127406 18055770,65318 18306547,911797 19004758))
32739;POLYGON((1635831 19881890,1523468 19763285,942558 19323303,1101413 19483842,1635831 19881890))
32740;POLYGON((2242304 20399031,2149147 20333976,1817975 20105187,1946393 20196931,2242304 20399031))
32741;POLYGON((2737252 20642171,2662217 20617530,2518958 20519471,2620177 20559756,2737252 20642171))
32742;POLYGON((3127705 20681140,3069565 20686286,3064440 20661235,3141498 20663943,3127705 20681140))
32743;POLYGON((3421380 20572136,3378813 20598552,3472139 20606311,3527869 20582442,3421380 20572136))
32744;POLYGON((3626406 20359932,3598039 20400864,3758528 20414514,3795553 20372683,3626406 20359932))
32745;POLYGON((3751090 20079799,3735535 20129955,3938826 20132447,3959560 20079312,3751090 20079799))
32746;POLYGON((3803718 19759169,3799603 19814457,4026999 19795912,4033649 19736537,3803718 19759169))
32747;POLYGON((3792389 19419063,3798384 19476371,4035770 19431962,4030338 19370134,3792389 19419063))
32748;POLYGON((3724884 19075315,3739718 19132318,3976651 19060652,3960940 18999141,3724884 19075315))
32749;POLYGON((3608554 18739606,3631035 18794608,3859972 18696505,3835591 18637279,3608554 18739606))
32750;POLYGON((3450247 18420335,3479272 18472130,3694927 18349727,3663303 18294145,3450247 18420335))
32751;POLYGON((3256255 18123347,3290816 18171112,3489635 18027226,3452020 17976177,3256255 18123347))
32752;POLYGON((3032285 17852535,3071471 17895734,3251196 17733428,3208679 17687457,3032285 17852535))
32753;POLYGON((2783447 17610336,2826447 17648647,2985768 17470944,2939289 17430348,2783447 17610336))
32754;POLYGON((2514269 17398126,2560369 17431377,2698639 17241099,2649002 17206006,2514269 17398126))
32755;POLYGON((2228725 17216546,2277300 17244671,2394319 17044351,2342205 17014777,2228725 17216546))
32756;POLYGON((1930277 17065752,1980782 17088750,2076626 16880612,2022612 16856506,1930277 17065752))
32757;POLYGON((1621930 16945618,1673893 16963522,1748782 16749491,1693352 16730774,1621930 16945618))
32758;POLYGON((1306304 16855881,1359312 16868738,1413511 16650482,1357078 16637067,1306304 16855881))
32759;POLYGON((985706 16796253,1039394 16804110,1073143 16583091,1016066 16574904,985706 16796253))
32760;POLYGON((662218 16766502,716250 16769393,729721 16546929,672319 16543920,662218 16766502))
32601;POLYGON((337781 6766502,391839 6764438,385106 6541771,327680 6543920,337781 6766502))
32602;POLYGON((14293 6796253,68061 6789224,41085 6567582,-16066 6574904,14293 6796253))
32603;POLYGON((-306304 6855881,-253158 6843859,-300515 6624528,-357078 6637067,-306304 6855881))
32604;POLYGON((-621930 6945618,-569765 6928559,-637728 6712946,-693352 6730774,-621930 6945618))
32605;POLYGON((-930277 7065752,-879498 7043607,-968329 6833305,-1022612 6856506,-930277 7065752))
32606;POLYGON((-1228725 7216546,-1179793 7189276,-1289737 6986119,-1342205 7014777,-1228725 7216546))
32607;POLYGON((-1514269 7398126,-1467715 7365726,-1598907 7171835,-1649002 7206006,-1514269 7398126))
32608;POLYGON((-1783447 7610336,-1739882 7572860,-1892231 7390665,-1939289 7430348,-1783447 7610336))
32609;POLYGON((-2032285 7852535,-1992409 7810134,-2165441 7642367,-2208679 7687457,-2032285 7852535))
32610;POLYGON((-2256255 8123347,-2220863 8076312,-2413516 7925944,-2452020 7976177,-2256255 8123347))
32611;POLYGON((-2450247 8420335,-2420232 8369163,-2630598 8239267,-2663303 8294145,-2450247 8420335))
32612;POLYGON((-2608554 8739606,-2584907 8685067,-2809908 8578582,-2835591 8637279,-2608554 8739606))
32613;POLYGON((-2724884 9075315,-2708695 9018542,-2943677 8937892,-2960940 8999141,-2724884 9075315))
32614;POLYGON((-2792389 9419063,-2784835 9361662,-3023073 9308192,-3030338 9370134,-2792389 9419063))
32615;POLYGON((-2803718 9759169,-2806056 9703351,-3038152 9676522,-3033649 9736537,-2803718 9759169))
32616;POLYGON((-2751090 10079799,-2764643 10028533,-2977800 10024823,-2959560 10079312,-2751090 10079799))
32617;POLYGON((-2626406 10359932,-2652541 10317131,-2829700 10328553,-2795553 10372683,-2626406 10359932))
32618;POLYGON((-2421380 10572136,-2461484 10542875,-2580304 10555038,-2527869 10582442,-2421380 10572136))
32619;POLYGON((-2127705 10681140,-2183156 10671909,-2214810 10661527,-2141498 10663943,-2127705 10681140))
32620;POLYGON((-1737252 10642171,-1809382 10661170,-1717163 10592898,-1620177 10559756,-1737252 10642171))
32621;POLYGON((-1242304 10399031,-1332361 10456511,-1070058 10278996,-946393 10196931,-1242304 10399031))
32622;POLYGON((-635831 9881890,-744926 9990538,-254963 9631545,-101413 9483842,-635831 9881890))
32623;POLYGON((88202 9004758,-40851 9180146,747846 8540598,934681 8306547,88202 9004758))
32624;POLYGON((934486 7662614,784799 7923699,1959240 6870473,2182944 6524642,934486 7662614))
32625;POLYGON((1905960 5728152,1735291 6097851,3401162 4455132,3665492 3966539,1905960 5728152))
32626;POLYGON((3003381 3048119,2811776 3553944,5096555 1092948,5405425 424126,3003381 3048119))
32627;POLYGON((4224831 -560800,4012817 113979,7069256 -3459191,7426719 -4353250,4224831 -560800))
32628;POLYGON((5565176 -5316585,5333857 -4433902,9343885 -9492511,9754109 -10665528,5565176 -5316585))
32629;POLYGON((7015481 -11476998,6766635 -10340455,11945704 -17353739,12412954 -18869465,7015481 -11476998))
32630;POLYGON((8562359 -19345273,8298557 -17900914,14900469 -27453351,15429072 -29387023,8562359 -19345273))
32631;POLYGON((-7562359 -19345273,-7828343 -20846802,-14968324 -31398563,-14429072 -29387023,-7562359 -19345273))
32632;POLYGON((-6015481 -11476998,-6267020 -12660864,-11890127 -20449290,-11412954 -18869465,-6015481 -11476998))
32633;POLYGON((-4565176 -5316585,-4799560 -6238182,-9173540 -11890944,-8754109 -10665528,-4565176 -5316585))
32634;POLYGON((-3224831 -560800,-3440156 -1267347,-6792683 -5289817,-6426719 -4353250,-3224831 -560800))
32635;POLYGON((-2003381 3048119,-2198439 2516570,-4722109 -278889,-4405425 424126,-2003381 3048119))
32636;POLYGON((-905960 5728152,-1080133 5337811,-2936970 3450700,-2665492 3966539,-905960 5728152))
32637;POLYGON((65513 7662614,-87654 7385134,-1413153 6157332,-1182944 6524642,65513 7662614))
32638;POLYGON((911797 9004758,779342 8816504,-127406 8055770,65318 8306547,911797 9004758))
32639;POLYGON((1635831 9881890,1523468 9763285,942558 9323303,1101413 9483842,1635831 9881890))
32640;POLYGON((2242304 10399031,2149147 10333976,1817975 10105187,1946393 10196931,2242304 10399031))
32641;POLYGON((2737252 10642171,2662217 10617530,2518958 10519471,2620177 10559756,2737252 10642171))
32642;POLYGON((3127705 10681140,3069565 10686286,3064440 10661235,3141498 10663943,3127705 10681140))
32643;POLYGON((3421380 10572136,3378813 10598552,3472139 10606311,3527869 10582442,3421380 10572136))
32644;POLYGON((3626406 10359932,3598039 10400864,3758528 10414514,3795553 10372683,3626406 10359932))
32645;POLYGON((3751090 10079799,3735535 10129955,3938826 10132447,3959560 10079312,3751090 10079799))
32646;POLYGON((3803718 9759169,3799603 9814457,4026999 9795912,4033649 9736537,3803718 9759169))
32647;POLYGON((3792389 9419063,3798384 9476371,4035770 9431962,4030338 9370134,3792389 9419063))
32648;POLYGON((3724884 9075315,3739718 9132318,3976651 9060652,3960940 8999141,3724884 9075315))
32649;POLYGON((3608554 8739606,3631035 8794608,3859972 8696505,3835591 8637279,3608554 8739606))
32650;POLYGON((3450247 8420335,3479272 8472130,3694927 8349727,3663303 8294145,3450247 8420335))
32651;POLYGON((3256255 8123347,3290816 8171112,3489635 8027226,3452020 7976177,3256255 8123347))
32652;POLYGON((3032285 7852535,3071471 7895734,3251196 7733428,3208679 7687457,3032285 7852535))
32653;POLYGON((2783447 7610336,2826447 7648647,2985768 7470944,2939289 7430348,2783447 7610336))
32654;POLYGON((2514269 7398126,2560369 7431377,2698639 7241099,2649002 7206006,2514269 7398126))
32655;POLYGON((2228725 7216546,2277300 7244671,2394319 7044351,2342205 7014777,2228725 7216546))
32656;POLYGON((1930277 7065752,1980782 7088750,2076626 6880612,2022612 6856506,1930277 7065752))
32657;POLYGON((1621930 6945618,1673893 6963522,1748782 6749491,1693352 6730774,1621930 6945618))
32658;POLYGON((1306304 6855881,1359312 6868738,1413511 6650482,1357078 6637067,1306304 6855881))
32659;POLYGON((985706 6796253,1039394 6804110,1073143 6583091,1016066 6574904,985706 6796253))
32660;POLYGON((662218 6766502,716250 6769393,729721 6546929,672319 6543920,662218 6766502))
