32701;POLYGON((380058 2342705,420023 2344334,427338 2121403,391029 2119905,380058 2342705))
32702;POLYGON((141153 2319257,180819 2324792,210053 2103426,174032 2098336,141153 2319257))
32703;POLYGON((-94794 2272425,-55759 2281849,-4709 2063947,-40123 2055287,-94794 2272425))
32704;POLYGON((-325761 2202346,-287701 2215631,-215026 2003137,-249510 1990946,-325761 2202346))
32705;POLYGON((-549648 2109262,-512917 2126359,-418931 1921283,-452150 1905623,-549648 2109262))
32706;POLYGON((-764260 1993554,-729232 2014388,-614399 1818814,-646012 1799772,-764260 1993554))
32707;POLYGON((-967300 1855794,-934364 1880254,-799350 1696339,-829004 1674035,-967300 1855794))
32708;POLYGON((-1156376 1696806,-1125937 1724734,-971658 1554685,-998996 1529284,-1156376 1696806))
32709;POLYGON((-1329022 1517732,-1301495 1548913,-1129174 1394948,-1153838 1366661,-1329022 1517732))
32710;POLYGON((-1482747 1320107,-1458546 1354254,-1269774 1218535,-1291417 1187631,-1482747 1320107))
32711;POLYGON((-1615099 1105939,-1594626 1142681,-1391419 1027215,-1409716 994025,-1615099 1105939))
32712;POLYGON((-1723763 877792,-1707389 916660,-1492245 823153,-1506909 788080,-1723763 877792))
32713;POLYGON((-1806686 638859,-1794729 679274,-1570674 608946,-1581479 572466,-1806686 638859))
32714;POLYGON((-1862235 393042,-1854930 434301,-1625557 387638,-1632366 350302,-1862235 393042))
32715;POLYGON((-1889394 145016,-1886858 186284,-1656348 162722,-1659142 125155,-1889394 145016))
32716;POLYGON((-1887998 -99715,-1890189 -59414,-1663312 -61885,-1662231 -98994,-1887998 -99715))
32717;POLYGON((-1859014 -334784,-1865678 -296574,-1647768 -281901,-1643154 -317806,-1859014 -334784))
32718;POLYGON((-1804860 -552940,-1815479 -518089,-1612380 -492758,-1604829 -526680,-1804860 -552940))
32719;POLYGON((-1729783 -746056,-1743504 -715980,-1561478 -689741,-1551900 -720891,-1729783 -746056))
32720;POLYGON((-1640284 -905174,-1655847 -881419,-1501438 -868165,-1491123 -895782,-1640284 -905174))
32721;POLYGON((-1545598 -1020576,-1561253 -1004811,-1441099 -1023614,-1431793 -1047007,-1545598 -1020576))
32722;POLYGON((-1458236 -1081904,-1471645 -1075893,-1392242 -1152242,-1386230 -1170850,-1458236 -1081904))
32723;POLYGON((-1394588 -1078330,-1402722 -1083901,-1370111 -1251146,-1370311 -1264610,-1394588 -1078330))
32724;POLYGON((-1375589 -998774,-1374613 -1017781,-1394003 -1318829,-1404069 -1327071,-1375589 -998774))
32725;POLYGON((-1427453 -832192,-1412598 -866459,-1487907 -1355741,-1512343 -1359071,-1427453 -832192))
32726;POLYGON((-1582487 -567928,-1547909 -619186,-1681215 -1364933,-1725496 -1364163,-1582487 -567928))
32727;POLYGON((-1879965 -196140,-1818595 -265953,-2009486 -1352815,-2080198 -1349400,-1879965 -196140))
32728;POLYGON((-2367094 291676,-2270471 202008,-2515294 -1330040,-2620276 -1326239,-2367094 291676))
32729;POLYGON((-3100054 902092,-2958143 791638,-3249130 -1312521,-3397636 -1311574,-3100054 902092))
32730;POLYGON((-4145119 1639030,-3946123 1507352,-4270390 -1322584,-4473258 -1328927,-4145119 1639030))
32731;POLYGON((5145119 1639030,5354910 1774245,5686361 -1337014,5473258 -1328927,5145119 1639030))
32732;POLYGON((4100054 902092,4250609 1016069,4554404 -1311498,4397636 -1311574,4100054 902092))
32733;POLYGON((3367094 291676,3470524 384755,3731829 -1322658,3620276 -1326239,3367094 291676))
32734;POLYGON((2879965 -196140,2946583 -123100,3156041 -1345740,3080198 -1349400,2879965 -196140))
32735;POLYGON((2582487 -567928,2621003 -513679,2773693 -1362831,2725496 -1364163,2582487 -567928))
32736;POLYGON((2427453 -832192,2445158 -795210,2539677 -1361645,2512343 -1359071,2427453 -832192))
32737;POLYGON((2375589 -998774,2378519 -977349,2416192 -1334462,2404069 -1327071,2375589 -998774))
32738;POLYGON((2394588 -1078330,2387683 -1070647,2371880 -1277200,2370311 -1264610,2394588 -1078330))
32739;POLYGON((2458236 -1081904,2445476 -1086113,2381032 -1188620,2386230 -1170850,2458236 -1081904))
32740;POLYGON((2545598 -1020576,2530138 -1034840,2422862 -1069637,2431793 -1047007,2545598 -1020576))
32741;POLYGON((2640284 -905174,2624569 -927716,2480842 -922739,2491123 -895782,2640284 -905174))
32742;POLYGON((2729783 -746056,2715655 -775191,2542099 -751504,2551900 -720891,2729783 -746056))
32743;POLYGON((2804860 -552940,2793655 -587097,2596868 -560195,2604829 -526680,2804860 -552940))
32744;POLYGON((2859014 -334784,2851646 -372527,2638001 -353436,2643154 -317806,2859014 -334784))
32745;POLYGON((2887998 -99715,2885038 -139749,2660531 -135955,2662231 -98994,2887998 -99715))
32746;POLYGON((2889394 145016,2891134 103838,2661276 87614,2659142 125155,2889394 145016))
32747;POLYGON((2862235 393042,2868749 351720,2638503 312882,2632366 350302,2862235 393042))
32748;POLYGON((2806686 638859,2817881 598251,2591625 535802,2581479 572466,2806686 638859))
32749;POLYGON((2723763 877792,2739422 838623,2520943 752737,2506909 788080,2723763 877792))
32750;POLYGON((2615099 1105939,2634915 1068808,2427426 960491,2409716 994025,2615099 1105939))
32751;POLYGON((2482747 1320107,2506355 1285499,2312525 1156320,2291417 1187631,2482747 1320107))
32752;POLYGON((2329022 1517732,2356024 1486035,2178023 1337917,2153838 1366661,2329022 1517732))
32753;POLYGON((2156376 1696806,2186359 1668319,2025913 1503386,1998996 1529284,2156376 1696806))
32754;POLYGON((1967300 1855794,1999849 1830744,1858297 1651203,1829004 1674035,1967300 1855794))
32755;POLYGON((1764260 1993554,1798967 1972106,1677322 1780176,1646012 1799772,1764260 1993554))
32756;POLYGON((1549648 2109262,1586122 2091535,1485126 1889391,1452150 1905623,1549648 2109262))
32757;POLYGON((1325761 2202346,1363625 2188421,1283806 1978173,1249510 1990946,1325761 2202346))
32758;POLYGON((1094794 2272425,1133690 2262354,1075405 2046035,1040123 2055287,1094794 2272425))
32759;POLYGON((858846 2319257,898429 2313073,861908 2092649,825967 2098336,858846 2319257))
32760;POLYGON((619941 2342705,659880 2340425,645252 2117806,608970 2119905,619941 2342705))
32601;POLYGON((380058 -7657294,420023 -7655665,427338 -7878596,391029 -7880094,380058 -7657294))
32602;POLYGON((141153 -7680742,180819 -7675207,210053 -7896573,174032 -7901663,141153 -7680742))
32603;POLYGON((-94794 -7727574,-55759 -7718150,-4709 -7936052,-40123 -7944712,-94794 -7727574))
32604;POLYGON((-325761 -7797653,-287701 -7784368,-215026 -7996862,-249510 -8009053,-325761 -7797653))
32605;POLYGON((-549648 -7890737,-512917 -7873640,-418931 -8078716,-452150 -8094376,-549648 -7890737))
32606;POLYGON((-764260 -8006445,-729232 -7985611,-614399 -8181185,-646012 -8200227,-764260 -8006445))
32607;POLYGON((-967300 -8144205,-934364 -8119745,-799350 -8303660,-829004 -8325964,-967300 -8144205))
32608;POLYGON((-1156376 -8303193,-1125937 -8275265,-971658 -8445314,-998996 -8470715,-1156376 -8303193))
32609;POLYGON((-1329022 -8482267,-1301495 -8451086,-1129174 -8605051,-1153838 -8633338,-1329022 -8482267))
32610;POLYGON((-1482747 -8679892,-1458546 -8645745,-1269774 -8781464,-1291417 -8812368,-1482747 -8679892))
32611;POLYGON((-1615099 -8894060,-1594626 -8857318,-1391419 -8972784,-1409716 -9005974,-1615099 -8894060))
32612;POLYGON((-1723763 -9122207,-1707389 -9083339,-1492245 -9176846,-1506909 -9211919,-1723763 -9122207))
32613;POLYGON((-1806686 -9361140,-1794729 -9320725,-1570674 -9391053,-1581479 -9427533,-1806686 -9361140))
32614;POLYGON((-1862235 -9606957,-1854930 -9565698,-1625557 -9612361,-1632366 -9649697,-1862235 -9606957))
32615;POLYGON((-1889394 -9854983,-1886858 -9813715,-1656348 -9837277,-1659142 -9874844,-1889394 -9854983))
32616;POLYGON((-1887998 -10099715,-1890189 -10059414,-1663312 -10061885,-1662231 -10098994,-1887998 -10099715))
32617;POLYGON((-1859014 -10334784,-1865678 -10296574,-1647768 -10281901,-1643154 -10317806,-1859014 -10334784))
32618;POLYGON((-1804860 -10552940,-1815479 -10518089,-1612380 -10492758,-1604829 -10526680,-1804860 -10552940))
32619;POLYGON((-1729783 -10746056,-1743504 -10715980,-1561478 -10689741,-1551900 -10720891,-1729783 -10746056))
32620;POLYGON((-1640284 -10905174,-1655847 -10881419,-1501438 -10868165,-1491123 -10895782,-1640284 -10905174))
32621;POLYGON((-1545598 -11020576,-1561253 -11004811,-1441099 -11023614,-1431793 -11047007,-1545598 -11020576))
32622;POLYGON((-1458236 -11081904,-1471645 -11075893,-1392242 -11152242,-1386230 -11170850,-1458236 -11081904))
32623;POLYGON((-1394588 -11078330,-1402722 -11083901,-1370111 -11251146,-1370311 -11264610,-1394588 -11078330))
32624;POLYGON((-1375589 -10998774,-1374613 -11017781,-1394003 -11318829,-1404069 -11327071,-1375589 -10998774))
32625;POLYGON((-1427453 -10832192,-1412598 -10866459,-1487907 -11355741,-1512343 -11359071,-1427453 -10832192))
32626;POLYGON((-1582487 -10567928,-1547909 -10619186,-1681215 -11364933,-1725496 -11364163,-1582487 -10567928))
32627;POLYGON((-1879965 -10196140,-1818595 -10265953,-2009486 -11352815,-2080198 -11349400,-1879965 -10196140))
32628;POLYGON((-2367094 -9708323,-2270471 -9797991,-2515294 -11330040,-2620276 -11326239,-2367094 -9708323))
32629;POLYGON((-3100054 -9097907,-2958143 -9208361,-3249130 -11312521,-3397636 -11311574,-3100054 -9097907))
32630;POLYGON((-4145119 -8360969,-3946123 -8492647,-4270390 -11322584,-4473258 -11328927,-4145119 -8360969))
32631;POLYGON((5145119 -8360969,5354910 -8225754,5686361 -11337014,5473258 -11328927,5145119 -8360969))
32632;POLYGON((4100054 -9097907,4250609 -8983930,4554404 -11311498,4397636 -11311574,4100054 -9097907))
32633;POLYGON((3367094 -9708323,3470524 -9615244,3731829 -11322658,3620276 -11326239,3367094 -9708323))
32634;POLYGON((2879965 -10196140,2946583 -10123100,3156041 -11345740,3080198 -11349400,2879965 -10196140))
32635;POLYGON((2582487 -10567928,2621003 -10513679,2773693 -11362831,2725496 -11364163,2582487 -10567928))
32636;POLYGON((2427453 -10832192,2445158 -10795210,2539677 -11361645,2512343 -11359071,2427453 -10832192))
32637;POLYGON((2375589 -10998774,2378519 -10977349,2416192 -11334462,2404069 -11327071,2375589 -10998774))
32638;POLYGON((2394588 -11078330,2387683 -11070647,2371880 -11277200,2370311 -11264610,2394588 -11078330))
32639;POLYGON((2458236 -11081904,2445476 -11086113,2381032 -11188620,2386230 -11170850,2458236 -11081904))
32640;POLYGON((2545598 -11020576,2530138 -11034840,2422862 -11069637,2431793 -11047007,2545598 -11020576))
32641;POLYGON((2640284 -10905174,2624569 -10927716,2480842 -10922739,2491123 -10895782,2640284 -10905174))
32642;POLYGON((2729783 -10746056,2715655 -10775191,2542099 -10751504,2551900 -10720891,2729783 -10746056))
32643;POLYGON((2804860 -10552940,2793655 -10587097,2596868 -10560195,2604829 -10526680,2804860 -10552940))
32644;POLYGON((2859014 -10334784,2851646 -10372527,2638001 -10353436,2643154 -10317806,2859014 -10334784))
32645;POLYGON((2887998 -10099715,2885038 -10139749,2660531 -10135955,2662231 -10098994,2887998 -10099715))
32646;POLYGON((2889394 -9854983,2891134 -9896161,2661276 -9912385,2659142 -9874844,2889394 -9854983))
32647;POLYGON((2862235 -9606957,2868749 -9648279,2638503 -9687117,2632366 -9649697,2862235 -9606957))
32648;POLYGON((2806686 -9361140,2817881 -9401748,2591625 -9464197,2581479 -9427533,2806686 -9361140))
32649;POLYGON((2723763 -9122207,2739422 -9161376,2520943 -9247262,2506909 -9211919,2723763 -9122207))
32650;POLYGON((2615099 -8894060,2634915 -8931191,2427426 -9039508,2409716 -9005974,2615099 -8894060))
32651;POLYGON((2482747 -8679892,2506355 -8714500,2312525 -8843679,2291417 -8812368,2482747 -8679892))
32652;POLYGON((2329022 -8482267,2356024 -8513964,2178023 -8662082,2153838 -8633338,2329022 -8482267))
32653;POLYGON((2156376 -8303193,2186359 -8331680,2025913 -8496613,1998996 -8470715,2156376 -8303193))
32654;POLYGON((1967300 -8144205,1999849 -8169255,1858297 -8348796,1829004 -8325964,1967300 -8144205))
32655;POLYGON((1764260 -8006445,1798967 -8027893,1677322 -8219823,1646012 -8200227,1764260 -8006445))
32656;POLYGON((1549648 -7890737,1586122 -7908464,1485126 -8110608,1452150 -8094376,1549648 -7890737))
32657;POLYGON((1325761 -7797653,1363625 -7811578,1283806 -8021826,1249510 -8009053,1325761 -7797653))
32658;POLYGON((1094794 -7727574,1133690 -7737645,1075405 -7953964,1040123 -7944712,1094794 -7727574))
32659;POLYGON((858846 -7680742,898429 -7686926,861908 -7907350,825967 -7901663,858846 -7680742))
32660;POLYGON((619941 -7657294,659880 -7659574,645252 -7882193,608970 -7880094,619941 -7657294))
