32701;POLYGON((459200 19217519,472793 19216930,465078 18993806,447629 18994558,459200 19217519))
32702;POLYGON((378034 19225986,391495 19223990,360716 19002824,343435 19005375,378034 19225986))
32703;POLYGON((298167 19242837,311351 19239452,257809 19022582,240875 19026908,298167 19242837))
32704;POLYGON((220451 19267900,233219 19263163,157435 19052893,141028 19058952,220451 19267900))
32705;POLYGON((145723 19300924,157936 19294881,60661 19093467,44955 19101202,145723 19300924))
32706;POLYGON((74793 19341572,86318 19334284,-31475 19143913,-46309 19153247,74793 19341572))
32707;POLYGON((8438 19389423,19148 19380968,-117969 19203733,-131767 19214574,8438 19389423))
32708;POLYGON((-52609 19443980,-42832 19434445,-197860 19272327,-210470 19284564,-52609 19443980))
32709;POLYGON((-107668 19504669,-98935 19494155,-270251 19348992,-281528 19362500,-107668 19504669))
32710;POLYGON((-156123 19570841,-148530 19559461,-334317 19432929,-344133 19447564,-156123 19570841))
32711;POLYGON((-197432 19641787,-191063 19629663,-389331 19523248,-397575 19538854,-197432 19641787))
32712;POLYGON((-231144 19716740,-226069 19704004,-434681 19618979,-441265 19635389,-231144 19716740))
32713;POLYGON((-256914 19794896,-253181 19781683,-469902 19719094,-474764 19736132,-256914 19794896))
32714;POLYGON((-274516 19875422,-272155 19861872,-494702 19822529,-497813 19840016,-274516 19875422))
32715;POLYGON((-283868 19957486,-282881 19943737,-509001 19928216,-510371 19945976,-283868 19957486))
32716;POLYGON((-285046 20040279,-285409 20026462,-512968 20035129,-512653 20053000,-285046 20040279))
32717;POLYGON((-278313 20123050,-279968 20109286,-507071 20142340,-505180 20160180,-278313 20123050))
32718;POLYGON((-264141 20205151,-266993 20191538,-492123 20249086,-488831 20266791,-264141 20205151))
32719;POLYGON((-243238 20286081,-247151 20272690,-469346 20354858,-464900 20372376,-243238 20286081))
32720;POLYGON((-216582 20365550,-221374 20352411,-440432 20459506,-435165 20476853,-216582 20365550))
32721;POLYGON((-185453 20443546,-190887 20430639,-407616 20563361,-401958 20580650,-185453 20443546))
32722;POLYGON((-151468 20520418,-157251 20507656,-373755 20667385,-368249 20684849,-151468 20520418))
32723;POLYGON((-116624 20596976,-122394 20584188,-342415 20773347,-337731 20791374,-116624 20596976))
32724;POLYGON((-83337 20674592,-88661 20661504,-317966 20884027,-314918 20903194,-83337 20674592))
32725;POLYGON((-54493 20755336,-58854 20741550,-305689 21003446,-305253 21024563,-54493 20755336))
32726;POLYGON((-33494 20842114,-36288 20827079,-311886 21137145,-315219 21161304,-33494 20842114))
32727;POLYGON((-24315 20938833,-24837 20921823,-344003 21292485,-352469 21321113,-24315 20938833))
32728;POLYGON((-31561 21050588,-28997 21030662,-410767 21479000,-425953 21513925,-31561 21050588))
32729;POLYGON((-60531 21183865,-53947 21159836,-522324 21708794,-546070 21752313,-60531 21183865))
32730;POLYGON((-117280 21346777,-105611 21317168,-690396 21996981,-724821 22051940,-117280 21346777))
32731;POLYGON((1117280 21346777,1129910 21377482,1761253 22109126,1724821 22051940,1117280 21346777))
32732;POLYGON((1060531 21183865,1067885 21208714,1571441 21797526,1546070 21752313,1060531 21183865))
32733;POLYGON((1031561 21050588,1034727 21071109,1442430 21550109,1425953 21513925,1031561 21050588))
32734;POLYGON((1024315 20938833,1024248 20956258,1361937 21350652,1352469 21321113,1024315 20938833))
32735;POLYGON((1033494 20842114,1031027 20857421,1319308 21186098,1315219 21161304,1033494 20842114))
32736;POLYGON((1054493 20755336,1050348 20769288,1305359 21046103,1305253 21024563,1054493 20755336))
32737;POLYGON((1083337 20674592,1078136 20687765,1312232 20922623,1314918 20903194,1083337 20674592))
32738;POLYGON((1116624 20596976,1110896 20609792,1333259 20809546,1337731 20791374,1116624 20596976))
32739;POLYGON((1151468 20520418,1145660 20533170,1362830 20702376,1368249 20684849,1151468 20520418))
32740;POLYGON((1185453 20443546,1179938 20456420,1396285 20597948,1401958 20580650,1185453 20443546))
32741;POLYGON((1216582 20365550,1211665 20378647,1429800 20494180,1435165 20476853,1216582 20365550))
32742;POLYGON((1243238 20286081,1239164 20299432,1460292 20389861,1464900 20372376,1243238 20286081))
32743;POLYGON((1264141 20205151,1261101 20218732,1485327 20284467,1488831 20266791,1264141 20205151))
32744;POLYGON((1278313 20123050,1276452 20136796,1503042 20178004,1505180 20160180,1278313 20123050))
32745;POLYGON((1285046 20040279,1284464 20054095,1512066 20070875,1512653 20053000,1285046 20040279))
32746;POLYGON((1283868 19957486,1284627 19971256,1511455 19963766,1510371 19945976,1283868 19957486))
32747;POLYGON((1274516 19875422,1276648 19889015,1500633 19857560,1497813 19840016,1274516 19875422))
32748;POLYGON((1256914 19794896,1260419 19808175,1479335 19753257,1474764 19736132,1256914 19794896))
32749;POLYGON((1231144 19716740,1235998 19729566,1447565 19651916,1441265 19635389,1231144 19716740))
32750;POLYGON((1197432 19641787,1203589 19654022,1405548 19554606,1397575 19538854,1197432 19641787))
32751;POLYGON((1156123 19570841,1163517 19582354,1353694 19462373,1344133 19447564,1156123 19570841))
32752;POLYGON((1107668 19504669,1116218 19515335,1292570 19376205,1281528 19362500,1107668 19504669))
32753;POLYGON((1052609 19443980,1062219 19453686,1222866 19297023,1210470 19284564,1052609 19443980))
32754;POLYGON((991561 19389423,1002123 19398065,1145378 19225655,1131767 19214574,991561 19389423))
32755;POLYGON((925206 19341572,936603 19349059,1060981 19162839,1046309 19153247,925206 19341572))
32756;POLYGON((854276 19300924,866382 19307180,970616 19109208,955044 19101202,854276 19300924))
32757;POLYGON((779548 19267900,792232 19272860,875274 19065295,858971 19058952,779548 19267900))
32758;POLYGON((701832 19242837,714957 19246449,775983 19031525,759124 19026908,701832 19242837))
32759;POLYGON((621965 19225986,635389 19228216,673801 19008224,656564 19005375,621965 19225986))
32760;POLYGON((540799 19217519,554380 19218343,569803 18995611,552370 18994558,540799 19217519))
32601;POLYGON((459200 9217519,472793 9216930,465078 8993806,447629 8994558,459200 9217519))
32602;POLYGON((378034 9225986,391495 9223990,360716 9002824,343435 9005375,378034 9225986))
32603;POLYGON((298167 9242837,311351 9239452,257809 9022582,240875 9026908,298167 9242837))
32604;POLYGON((220451 9267900,233219 9263163,157435 9052893,141028 9058952,220451 9267900))
32605;POLYGON((145723 9300924,157936 9294881,60661 9093467,44955 9101202,145723 9300924))
32606;POLYGON((74793 9341572,86318 9334284,-31475 9143913,-46309 9153247,74793 9341572))
32607;POLYGON((8438 9389423,19148 9380968,-117969 9203733,-131767 9214574,8438 9389423))
32608;POLYGON((-52609 9443980,-42832 9434445,-197860 9272327,-210470 9284564,-52609 9443980))
32609;POLYGON((-107668 9504669,-98935 9494155,-270251 9348992,-281528 9362500,-107668 9504669))
32610;POLYGON((-156123 9570841,-148530 9559461,-334317 9432929,-344133 9447564,-156123 9570841))
32611;POLYGON((-197432 9641787,-191063 9629663,-389331 9523248,-397575 9538854,-197432 9641787))
32612;POLYGON((-231144 9716740,-226069 9704004,-434681 9618979,-441265 9635389,-231144 9716740))
32613;POLYGON((-256914 9794896,-253181 9781683,-469902 9719094,-474764 9736132,-256914 9794896))
32614;POLYGON((-274516 9875422,-272155 9861872,-494702 9822529,-497813 9840016,-274516 9875422))
32615;POLYGON((-283868 9957486,-282881 9943737,-509001 9928216,-510371 9945976,-283868 9957486))
32616;POLYGON((-285046 10040279,-285409 10026462,-512968 10035129,-512653 10053000,-285046 10040279))
32617;POLYGON((-278313 10123050,-279968 10109286,-507071 10142340,-505180 10160180,-278313 10123050))
32618;POLYGON((-264141 10205151,-266993 10191538,-492123 10249086,-488831 10266791,-264141 10205151))
32619;POLYGON((-243238 10286081,-247151 10272690,-469346 10354858,-464900 10372376,-243238 10286081))
32620;POLYGON((-216582 10365550,-221374 10352411,-440432 10459506,-435165 10476853,-216582 10365550))
32621;POLYGON((-185453 10443546,-190887 10430639,-407616 10563361,-401958 10580650,-185453 10443546))
32622;POLYGON((-151468 10520418,-157251 10507656,-373755 10667385,-368249 10684849,-151468 10520418))
32623;POLYGON((-116624 10596976,-122394 10584188,-342415 10773347,-337731 10791374,-116624 10596976))
32624;POLYGON((-83337 10674592,-88661 10661504,-317966 10884027,-314918 10903194,-83337 10674592))
32625;POLYGON((-54493 10755336,-58854 10741550,-305689 11003446,-305253 11024563,-54493 10755336))
32626;POLYGON((-33494 10842114,-36288 10827079,-311886 11137145,-315219 11161304,-33494 10842114))
32627;POLYGON((-24315 10938833,-24837 10921823,-344003 11292485,-352469 11321113,-24315 10938833))
32628;POLYGON((-31561 11050588,-28997 11030662,-410767 11479000,-425953 11513925,-31561 11050588))
32629;POLYGON((-60531 11183865,-53947 11159836,-522324 11708794,-546070 11752313,-60531 11183865))
32630;POLYGON((-117280 11346777,-105611 11317168,-690396 11996981,-724821 12051940,-117280 11346777))
32631;POLYGON((1117280 11346777,1129910 11377482,1761253 12109126,1724821 12051940,1117280 11346777))
32632;POLYGON((1060531 11183865,1067885 11208714,1571441 11797526,1546070 11752313,1060531 11183865))
32633;POLYGON((1031561 11050588,1034727 11071109,1442430 11550109,1425953 11513925,1031561 11050588))
32634;POLYGON((1024315 10938833,1024248 10956258,1361937 11350652,1352469 11321113,1024315 10938833))
32635;POLYGON((1033494 10842114,1031027 10857421,1319308 11186098,1315219 11161304,1033494 10842114))
32636;POLYGON((1054493 10755336,1050348 10769288,1305359 11046103,1305253 11024563,1054493 10755336))
32637;POLYGON((1083337 10674592,1078136 10687765,1312232 10922623,1314918 10903194,1083337 10674592))
32638;POLYGON((1116624 10596976,1110896 10609792,1333259 10809546,1337731 10791374,1116624 10596976))
32639;POLYGON((1151468 10520418,1145660 10533170,1362830 10702376,1368249 10684849,1151468 10520418))
32640;POLYGON((1185453 10443546,1179938 10456420,1396285 10597948,1401958 10580650,1185453 10443546))
32641;POLYGON((1216582 10365550,1211665 10378647,1429800 10494180,1435165 10476853,1216582 10365550))
32642;POLYGON((1243238 10286081,1239164 10299432,1460292 10389861,1464900 10372376,1243238 10286081))
32643;POLYGON((1264141 10205151,1261101 10218732,1485327 10284467,1488831 10266791,1264141 10205151))
32644;POLYGON((1278313 10123050,1276452 10136796,1503042 10178004,1505180 10160180,1278313 10123050))
32645;POLYGON((1285046 10040279,1284464 10054095,1512066 10070875,1512653 10053000,1285046 10040279))
32646;POLYGON((1283868 9957486,1284627 9971256,1511455 9963766,1510371 9945976,1283868 9957486))
32647;POLYGON((1274516 9875422,1276648 9889015,1500633 9857560,1497813 9840016,1274516 9875422))
32648;POLYGON((1256914 9794896,1260419 9808175,1479335 9753257,1474764 9736132,1256914 9794896))
32649;POLYGON((1231144 9716740,1235998 9729566,1447565 9651916,1441265 9635389,1231144 9716740))
32650;POLYGON((1197432 9641787,1203589 9654022,1405548 9554606,1397575 9538854,1197432 9641787))
32651;POLYGON((1156123 9570841,1163517 9582354,1353694 9462373,1344133 9447564,1156123 9570841))
32652;POLYGON((1107668 9504669,1116218 9515335,1292570 9376205,1281528 9362500,1107668 9504669))
32653;POLYGON((1052609 9443980,1062219 9453686,1222866 9297023,1210470 9284564,1052609 9443980))
32654;POLYGON((991561 9389423,1002123 9398065,1145378 9225655,1131767 9214574,991561 9389423))
32655;POLYGON((925206 9341572,936603 9349059,1060981 9162839,1046309 9153247,925206 9341572))
32656;POLYGON((854276 9300924,866382 9307180,970616 9109208,955044 9101202,854276 9300924))
32657;POLYGON((779548 9267900,792232 9272860,875274 9065295,858971 9058952,779548 9267900))
32658;POLYGON((701832 9242837,714957 9246449,775983 9031525,759124 9026908,701832 9242837))
32659;POLYGON((621965 9225986,635389 9228216,673801 9008224,656564 9005375,621965 9225986))
32660;POLYGON((540799 9217519,554380 9218343,569803 8995611,552370 8994558,540799 9217519))
