32701;POLYGON((236578 14210063,324396 14207702,319733 13985798,229578 13988111,236578 14210063))
32702;POLYGON((-290961 14244239,-202931 14236139,-221747 14013678,-312181 14021622,-290961 14244239))
32703;POLYGON((-820521 14313629,-732071 14299543,-765631 14075902,-856630 14089738,-820521 14313629))
32704;POLYGON((-1353192 14420342,-1264163 14399841,-1313533 14174514,-1405337 14194698,-1353192 14420342))
32705;POLYGON((-1889634 14567645,-1799956 14540100,-1866716 14312786,-1959486 14339991,-1889634 14567645))
32706;POLYGON((-2429808 14760061,-2339550 14724626,-2425854 14495365,-2519622 14530514,-2429808 14760061))
32707;POLYGON((-2972608 15003502,-2882048 14959089,-2990695 14728465,-3085300 14772760,-2972608 15003502))
32708;POLYGON((-3515379 15305398,-3425092 15250658,-3559606 15020097,-3654601 15075067,-3515379 15305398))
32709;POLYGON((-4053273 15674824,-3964252 15608127,-4128962 15380336,-4223498 15447882,-4053273 15674824))
32710;POLYGON((-4578436 16122594,-4492239 16042013,-4692360 15821615,-4785031 15904059,-4578436 16122594))
32711;POLYGON((-5078980 16661294,-4997919 16564609,-5239616 16359034,-5328276 16459174,-5078980 16661294))
32712;POLYGON((-5537731 17305252,-5465097 17189959,-5755538 17010679,-5837065 17131842,-5537731 17305252))
32713;POLYGON((-5930713 18070377,-5871046 17933724,-6218418 17797937,-6288441 17944031,-5930713 18070377))
32714;POLYGON((-6225339 18973871,-6184754 18812921,-6598248 18745795,-6650814 18921353,-6225339 18973871))
32715;POLYGON((-6378294 20033751,-6364856 19845470,-6854598 19883106,-6881788 20093329,-6378294 20033751))
32716;POLYGON((-6333072 21268152,-6357229 21049547,-6934152 21242810,-6925633 21493597,-6333072 21268152))
32717;POLYGON((-6017140 22694370,-6092227 22442666,-6767866 22862090,-6710380 23160058,-6017140 22694370))
32718;POLYGON((-5338711 24327584,-5481512 24040462,-6267713 24782454,-6144491 25134941,-5338711 24327584))
32719;POLYGON((-4183082 26179231,-4414475 25855127,-5322998 27049705,-5113102 27464755,-4183082 26179231))
32720;POLYGON((-2408531 28254951,-2754201 27893427,-3796204 29713801,-3473788 30200126,-2408531 28254951))
32721;POLYGON((158275 30552072,-332964 30154274,-1518349 32828566,-1051836 33395482,158275 30552072))
32722;POLYGON((3727381 33056560,3052782 32625763,1716178 36451233,2365010 37108570,3727381 33056560))
32723;POLYGON((8551166 35739366,7647948 35281629,6155336 40641802,7032365 41399772,8551166 35739366))
32724;POLYGON((14930545 38552126,13744905 38077054,12095719 45462180,13255580 46331211,14930545 38552126))
32725;POLYGON((23221749 41422112,21690168 40943756,19889458 50975070,21396759 51965598,23221749 41422112))
32726;POLYGON((33843725 44246387,31891689 43784276,29951753 57242596,31882391 58364805,33843725 44246387))
32727;POLYGON((47286187 46885076,44826802 46465402,42769070 64324621,45211665 65588133,47286187 46885076))
32728;POLYGON((64118327 49153672,61050817 48810642,58908028 72276736,61965473 73690239,64118327 49153672))
32729;POLYGON((84998236 50814293,81206325 50591665,79025008 81147876,82816143 82718690,84998236 50814293))
32730;POLYGON((110683048 51565806,106033216 51518617,103876509 90977545,108537921 92711116,110683048 51565806))
32731;POLYGON((-109683048 51565806,-114490162 51577507,-112359010 94472181,-107537921 92711116,-109683048 51565806))
32732;POLYGON((-83998236 50814293,-87923369 51011834,-85742332 84316310,-81816143 82718690,-83998236 50814293))
32733;POLYGON((-63118327 49153672,-66298052 49479956,-64136491 75129495,-60965473 73690239,-63118327 49153672))
32734;POLYGON((-46286187 46885076,-48839530 47294590,-46749180 66876071,-44211665 65588133,-46286187 46885076))
32735;POLYGON((-32843725 44246387,-34873929 44703442,-32891835 59509917,-30882391 58364805,-32843725 44246387))
32736;POLYGON((-22221749 41422112,-23817915 41899280,-21969020 52977376,-20396759 51965598,-22221749 41422112))
32737;POLYGON((-13930545 38552126,-15169151 39028855,-13468574 47219770,-12255580 46331211,-13930545 38552126))
32738;POLYGON((-7551166 35739366,-8497471 36200768,-6952484 42175524,-6032365 41399772,-7551166 35739366))
32739;POLYGON((-2727381 33056560,-3436724 33492353,-2048467 37781961,-1365010 37108570,-2727381 33056560))
32740;POLYGON((841724 30552072,322737 30955664,1557785 33976774,2051836 33395482,841724 30552072))
32741;POLYGON((3408531 28254951,3040937 28622650,4129717 30699220,4473788 30200126,3408531 28254951))
32742;POLYGON((5183082 26179231,4934568 26509578,5886392 27891061,6113102 27464755,5183082 26179231))
32743;POLYGON((6338711 24327584,6182714 24620787,7008400 25497278,7144491 25134941,6338711 24327584))
32744;POLYGON((7017140 22694370,6932035 22951832,7643206 23466584,7710380 23160058,7017140 22694370))
32745;POLYGON((7333072 21268152,7301438 21492091,7909961 21751768,7925633 21493597,7333072 21268152))
32746;POLYGON((7378294 20033751,7386264 20226881,7903816 20309883,7881788 20093329,7378294 20033751))
32747;POLYGON((7225339 18973871,7262018 19139164,7699760 19102308,7650814 18921353,7225339 18973871))
32748;POLYGON((6930713 18070377,6987672 18210870,7356016 18094702,7288441 17944031,6930713 18070377))
32749;POLYGON((6537731 17305252,6608559 17423907,6917017 17256873,6837065 17131842,6537731 17305252))
32750;POLYGON((6078980 16661294,6158895 16760900,6415994 16562572,6328276 16459174,6078980 16661294))
32751;POLYGON((5578436 16122594,5663960 16205696,5877206 15989244,5785031 15904059,5578436 16122594))
32752;POLYGON((5053273 15674824,5141950 15743694,5317838 15517737,5223498 15447882,5053273 15674824))
32753;POLYGON((4515379 15305398,4605537 15362009,4749592 15131991,4654601 15075067,4515379 15305398))
32754;POLYGON((3972608 15003502,4063172 15049534,4180011 14818720,4085300 14772760,3972608 15003502))
32755;POLYGON((3429808 14760061,3520141 14796910,3613547 14567095,3519622 14530514,3429808 14760061))
32756;POLYGON((2889634 14567645,2979419 14596440,3052423 14368450,2959486 14339991,2889634 14567645))
32757;POLYGON((2353192 14420342,2442328 14441968,2497293 14215998,2405337 14194698,2353192 14420342))
32758;POLYGON((1820521 14313629,1909059 14328749,1947747 14104595,1856630 14089738,1820521 14313629))
32759;POLYGON((1290961 14244239,1379048 14253315,1402690 14030526,1312181 14021622,1290961 14244239))
32760;POLYGON((763421 14210063,851258 14213370,860601 13991354,770421 13988111,763421 14210063))
32601;POLYGON((236578 4210063,324396 4207702,319733 3985798,229578 3988111,236578 4210063))
32602;POLYGON((-290961 4244239,-202931 4236139,-221747 4013678,-312181 4021622,-290961 4244239))
32603;POLYGON((-820521 4313629,-732071 4299543,-765631 4075902,-856630 4089738,-820521 4313629))
32604;POLYGON((-1353192 4420342,-1264163 4399841,-1313533 4174514,-1405337 4194698,-1353192 4420342))
32605;POLYGON((-1889634 4567645,-1799956 4540100,-1866716 4312786,-1959486 4339991,-1889634 4567645))
32606;POLYGON((-2429808 4760061,-2339550 4724626,-2425854 4495365,-2519622 4530514,-2429808 4760061))
32607;POLYGON((-2972608 5003502,-2882048 4959089,-2990695 4728465,-3085300 4772760,-2972608 5003502))
32608;POLYGON((-3515379 5305398,-3425092 5250658,-3559606 5020097,-3654601 5075067,-3515379 5305398))
32609;POLYGON((-4053273 5674824,-3964252 5608127,-4128962 5380336,-4223498 5447882,-4053273 5674824))
32610;POLYGON((-4578436 6122594,-4492239 6042013,-4692360 5821615,-4785031 5904059,-4578436 6122594))
32611;POLYGON((-5078980 6661294,-4997919 6564609,-5239616 6359034,-5328276 6459174,-5078980 6661294))
32612;POLYGON((-5537731 7305252,-5465097 7189959,-5755538 7010679,-5837065 7131842,-5537731 7305252))
32613;POLYGON((-5930713 8070377,-5871046 7933724,-6218418 7797937,-6288441 7944031,-5930713 8070377))
32614;POLYGON((-6225339 8973871,-6184754 8812921,-6598248 8745795,-6650814 8921353,-6225339 8973871))
32615;POLYGON((-6378294 10033751,-6364856 9845470,-6854598 9883106,-6881788 10093329,-6378294 10033751))
32616;POLYGON((-6333072 11268152,-6357229 11049547,-6934152 11242810,-6925633 11493597,-6333072 11268152))
32617;POLYGON((-6017140 12694370,-6092227 12442666,-6767866 12862090,-6710380 13160058,-6017140 12694370))
32618;POLYGON((-5338711 14327584,-5481512 14040462,-6267713 14782454,-6144491 15134941,-5338711 14327584))
32619;POLYGON((-4183082 16179231,-4414475 15855127,-5322998 17049705,-5113102 17464755,-4183082 16179231))
32620;POLYGON((-2408531 18254951,-2754201 17893427,-3796204 19713801,-3473788 20200126,-2408531 18254951))
32621;POLYGON((158275 20552072,-332964 20154274,-1518349 22828566,-1051836 23395482,158275 20552072))
32622;POLYGON((3727381 23056560,3052782 22625763,1716178 26451233,2365010 27108570,3727381 23056560))
32623;POLYGON((8551166 25739366,7647948 25281629,6155336 30641802,7032365 31399772,8551166 25739366))
32624;POLYGON((14930545 28552126,13744905 28077054,12095719 35462180,13255580 36331211,14930545 28552126))
32625;POLYGON((23221749 31422112,21690168 30943756,19889458 40975070,21396759 41965598,23221749 31422112))
32626;POLYGON((33843725 34246387,31891689 33784276,29951753 47242596,31882391 48364805,33843725 34246387))
32627;POLYGON((47286187 36885076,44826802 36465402,42769070 54324621,45211665 55588133,47286187 36885076))
32628;POLYGON((64118327 39153672,61050817 38810642,58908028 62276736,61965473 63690239,64118327 39153672))
32629;POLYGON((84998236 40814293,81206325 40591665,79025008 71147876,82816143 72718690,84998236 40814293))
32630;POLYGON((110683048 41565806,106033216 41518617,103876509 80977545,108537921 82711116,110683048 41565806))
32631;POLYGON((-109683048 41565806,-114490162 41577507,-112359010 84472181,-107537921 82711116,-109683048 41565806))
32632;POLYGON((-83998236 40814293,-87923369 41011834,-85742332 74316310,-81816143 72718690,-83998236 40814293))
32633;POLYGON((-63118327 39153672,-66298052 39479956,-64136491 65129495,-60965473 63690239,-63118327 39153672))
32634;POLYGON((-46286187 36885076,-48839530 37294590,-46749180 56876071,-44211665 55588133,-46286187 36885076))
32635;POLYGON((-32843725 34246387,-34873929 34703442,-32891835 49509917,-30882391 48364805,-32843725 34246387))
32636;POLYGON((-22221749 31422112,-23817915 31899280,-21969020 42977376,-20396759 41965598,-22221749 31422112))
32637;POLYGON((-13930545 28552126,-15169151 29028855,-13468574 37219770,-12255580 36331211,-13930545 28552126))
32638;POLYGON((-7551166 25739366,-8497471 26200768,-6952484 32175524,-6032365 31399772,-7551166 25739366))
32639;POLYGON((-2727381 23056560,-3436724 23492353,-2048467 27781961,-1365010 27108570,-2727381 23056560))
32640;POLYGON((841724 20552072,322737 20955664,1557785 23976774,2051836 23395482,841724 20552072))
32641;POLYGON((3408531 18254951,3040937 18622650,4129717 20699220,4473788 20200126,3408531 18254951))
32642;POLYGON((5183082 16179231,4934568 16509578,5886392 17891061,6113102 17464755,5183082 16179231))
32643;POLYGON((6338711 14327584,6182714 14620787,7008400 15497278,7144491 15134941,6338711 14327584))
32644;POLYGON((7017140 12694370,6932035 12951832,7643206 13466584,7710380 13160058,7017140 12694370))
32645;POLYGON((7333072 11268152,7301438 11492091,7909961 11751768,7925633 11493597,7333072 11268152))
32646;POLYGON((7378294 10033751,7386264 10226881,7903816 10309883,7881788 10093329,7378294 10033751))
32647;POLYGON((7225339 8973871,7262018 9139164,7699760 9102308,7650814 8921353,7225339 8973871))
32648;POLYGON((6930713 8070377,6987672 8210870,7356016 8094702,7288441 7944031,6930713 8070377))
32649;POLYGON((6537731 7305252,6608559 7423907,6917017 7256873,6837065 7131842,6537731 7305252))
32650;POLYGON((6078980 6661294,6158895 6760900,6415994 6562572,6328276 6459174,6078980 6661294))
32651;POLYGON((5578436 6122594,5663960 6205696,5877206 5989244,5785031 5904059,5578436 6122594))
32652;POLYGON((5053273 5674824,5141950 5743694,5317838 5517737,5223498 5447882,5053273 5674824))
32653;POLYGON((4515379 5305398,4605537 5362009,4749592 5131991,4654601 5075067,4515379 5305398))
32654;POLYGON((3972608 5003502,4063172 5049534,4180011 4818720,4085300 4772760,3972608 5003502))
32655;POLYGON((3429808 4760061,3520141 4796910,3613547 4567095,3519622 4530514,3429808 4760061))
32656;POLYGON((2889634 4567645,2979419 4596440,3052423 4368450,2959486 4339991,2889634 4567645))
32657;POLYGON((2353192 4420342,2442328 4441968,2497293 4215998,2405337 4194698,2353192 4420342))
32658;POLYGON((1820521 4313629,1909059 4328749,1947747 4104595,1856630 4089738,1820521 4313629))
32659;POLYGON((1290961 4244239,1379048 4253315,1402690 4030526,1312181 4021622,1290961 4244239))
32660;POLYGON((763421 4210063,851258 4213370,860601 3991354,770421 3988111,763421 4210063))
