32701;POLYGON((358571 17211811,405698 17209946,398706 16987164,348083 16989134,358571 17211811))
32702;POLYGON((76715 17238668,123536 17232326,95555 17010805,45233 17017506,76715 17238668))
32703;POLYGON((-202107 17292400,-155936 17281577,-204945 17062870,-254626 17074318,-202107 17292400))
32704;POLYGON((-475776 17373017,-430617 17357714,-500702 17143470,-549377 17159686,-475776 17373017))
32705;POLYGON((-742023 17480492,-698266 17460718,-789444 17252722,-836714 17273723,-742023 17480492))
32706;POLYGON((-998391 17614694,-956460 17590481,-1068665 17390694,-1114084 17416479,-998391 17614694))
32707;POLYGON((-1242198 17775310,-1202557 17746727,-1335563 17557305,-1378633 17587838,-1242198 17775310))
32708;POLYGON((-1470513 17961746,-1433668 17928917,-1587000 17752207,-1627162 17787395,-1470513 17961746))
32709;POLYGON((-1680160 18172993,-1646657 18136121,-1819471 17974631,-1856105 18014291,-1680160 18172993))
32710;POLYGON((-1867736 18407483,-1838157 18366875,-2029096 18223193,-2061519 18267019,-1867736 18407483))
32711;POLYGON((-2029651 18662903,-2004603 18619005,-2211631 18495653,-2239103 18543169,-2029651 18662903))
32712;POLYGON((-2162204 18935986,-2142309 18889418,-2362503 18788628,-2384232 18839135,-2162204 18935986))
32713;POLYGON((-2261686 19222267,-2247557 19173868,-2476868 19097241,-2492029 19149753,-2261686 19222267))
32714;POLYGON((-2324516 19515802,-2316734 19466679,-2549708 19414707,-2557454 19467873,-2324516 19515802))
32715;POLYGON((-2347420 19808851,-2346500 19760434,-2575949 19731837,-2575441 19783854,-2347420 19808851))
32716;POLYGON((-2327642 20091509,-2333998 20045615,-2550625 20036464,-2541057 20084969,-2327642 20091509))
32717;POLYGON((-2263212 20351302,-2277104 20310208,-2469068 20312762,-2449708 20354708,-2263212 20351302))
32718;POLYGON((-2153249 20572717,-2174735 20539240,-2327152 20540465,-2297384 20571980,-2153249 20572717))
32719;POLYGON((-1998325 20736688,-2027191 20714278,-2121572 20693954,-2080947 20710177,-1998325 20736688))
32720;POLYGON((-1800876 20820015,-1836567 20812851,-1850171 20741220,-1798468 20736113,-1800876 20820015))
32721;POLYGON((-1565675 20794713,-1607212 20807821,-1512321 20642666,-1449613 20608800,-1565675 20794713))
32722;POLYGON((-1300365 20627296,-1346250 20666673,-1109351 20349756,-1036083 20278066,-1300365 20627296))
32723;POLYGON((-1016055 20277980,-1064169 20350729,-645033 19803471,-562108 19682984,-1016055 20277980))
32724;POLYGON((-727981 19699795,-775467 19814284,-126126 18932577,-35002 18750099,-727981 19699795))
32725;POLYGON((-456248 18837622,-499384 19003647,437020 17651675,534222 17391445,-456248 18837622))
32726;POLYGON((-226629 17627112,-260690 17856088,1029797 15859010,1130178 15502313,-226629 17627112))
32727;POLYGON((-71460 15993518,-90560 16298679,1632599 13434040,1732350 12958771,-71460 15993518))
32728;POLYGON((-30599 13850407,-27530 14247027,2220022 10234717,2314284 9614906,-30599 13850407))
32729;POLYGON((-152483 11098247,-118528 11603888,2759985 6094486,2842697 5299761,-152483 11098247))
32730;POLYGON((-495259 7622878,-420002 8257652,3212777 818955,3276508 -186039,-495259 7622878))
32731;POLYGON((1495259 7622878,1578543 6964433,-2336246 -1229903,-2276508 -186039,1495259 7622878))
32732;POLYGON((1152483 11098247,1192549 10572554,-1922801 4472590,-1842697 5299761,1152483 11098247))
32733;POLYGON((1030599 13850407,1038168 13436902,-1407077 8968179,-1314284 9614906,1030599 13850407))
32734;POLYGON((1071460 15993518,1055516 15674234,-831554 12461328,-732350 12958771,1071460 15993518))
32735;POLYGON((1226629 17627112,1194620 17386409,-230744 15127487,-130178 15502313,1226629 17627112))
32736;POLYGON((1456248 18837622,1414266 18661943,367821 17116523,465777 17391445,1456248 18837622))
32737;POLYGON((1727981 19699795,1680936 19577439,942699 18555832,1035002 18750099,1727981 19699795))
32738;POLYGON((2016055 20277980,1967825 20198891,1477699 19553146,1562108 19682984,2016055 20277980))
32739;POLYGON((2300365 20627296,2253943 20582883,1961128 20199062,2036083 20278066,2300365 20627296))
32740;POLYGON((2565675 20794713,2523294 20777671,2385103 20569307,2449613 20608800,2565675 20794713))
32741;POLYGON((2800876 20820015,2764129 20824174,2744917 20726770,2798468 20736113,2800876 20820015))
32742;POLYGON((2998325 20736688,2968273 20756869,3038485 20723299,3080947 20710177,2998325 20736688))
32743;POLYGON((3153249 20572717,3130510 20604606,3265833 20601312,3297384 20571980,3153249 20572717))
32744;POLYGON((3263212 20351302,3248051 20391337,3428652 20395208,3449708 20354708,3263212 20351302))
32745;POLYGON((3327642 20091509,3320044 20136774,3529905 20132612,3541057 20084969,3327642 20091509))
32746;POLYGON((3347420 19808851,3347152 19856985,3573476 19835468,3575441 19783854,3347420 19808851))
32747;POLYGON((3324516 19515802,3331188 19564916,3563882 19520988,3557454 19467873,3324516 19515802))
32748;POLYGON((3261686 19222267,3274796 19270870,3506012 19202479,3492029 19149753,3261686 19222267))
32749;POLYGON((3162204 18935986,3181180 18982923,3404926 18890053,3384232 18839135,3162204 18935986))
32750;POLYGON((3029651 18662903,3053883 18707295,3265674 18591238,3239103 18543169,3029651 18662903))
32751;POLYGON((2867736 18407483,2896603 18448675,3093171 18311498,3061519 18267019,2867736 18407483))
32752;POLYGON((2680160 18172993,2713051 18210513,2892087 18054671,2856105 18014291,2680160 18172993))
32753;POLYGON((2470513 17961746,2506840 17995265,2666781 17823344,2627162 17787395,2470513 17961746))
32754;POLYGON((2242198 17775310,2281409 17804611,2421259 17619156,2378633 17587838,2242198 17775310))
32755;POLYGON((1998391 17614694,2039974 17639641,2159148 17443059,2114084 17416479,1998391 17614694))
32756;POLYGON((1742023 17480492,1785507 17501009,1883707 17295522,1836714 17273723,1742023 17480492))
32757;POLYGON((1475776 17373017,1520730 17389067,1597847 17176698,1549377 17159686,1475776 17373017))
32758;POLYGON((1202107 17292400,1248136 17303969,1304166 17086560,1254626 17074318,1202107 17292400))
32759;POLYGON((923284 17238668,970021 17245757,1005006 17024997,954766 17017506,923284 17238668))
32760;POLYGON((641428 17211811,688528 17214422,702513 16991891,651916 16989134,641428 17211811))
32601;POLYGON((358571 7211811,405698 7209946,398706 6987164,348083 6989134,358571 7211811))
32602;POLYGON((76715 7238668,123536 7232326,95555 7010805,45233 7017506,76715 7238668))
32603;POLYGON((-202107 7292400,-155936 7281577,-204945 7062870,-254626 7074318,-202107 7292400))
32604;POLYGON((-475776 7373017,-430617 7357714,-500702 7143470,-549377 7159686,-475776 7373017))
32605;POLYGON((-742023 7480492,-698266 7460718,-789444 7252722,-836714 7273723,-742023 7480492))
32606;POLYGON((-998391 7614694,-956460 7590481,-1068665 7390694,-1114084 7416479,-998391 7614694))
32607;POLYGON((-1242198 7775310,-1202557 7746727,-1335563 7557305,-1378633 7587838,-1242198 7775310))
32608;POLYGON((-1470513 7961746,-1433668 7928917,-1587000 7752207,-1627162 7787395,-1470513 7961746))
32609;POLYGON((-1680160 8172993,-1646657 8136121,-1819471 7974631,-1856105 8014291,-1680160 8172993))
32610;POLYGON((-1867736 8407483,-1838157 8366875,-2029096 8223193,-2061519 8267019,-1867736 8407483))
32611;POLYGON((-2029651 8662903,-2004603 8619005,-2211631 8495653,-2239103 8543169,-2029651 8662903))
32612;POLYGON((-2162204 8935986,-2142309 8889418,-2362503 8788628,-2384232 8839135,-2162204 8935986))
32613;POLYGON((-2261686 9222267,-2247557 9173868,-2476868 9097241,-2492029 9149753,-2261686 9222267))
32614;POLYGON((-2324516 9515802,-2316734 9466679,-2549708 9414707,-2557454 9467873,-2324516 9515802))
32615;POLYGON((-2347420 9808851,-2346500 9760434,-2575949 9731837,-2575441 9783854,-2347420 9808851))
32616;POLYGON((-2327642 10091509,-2333998 10045615,-2550625 10036464,-2541057 10084969,-2327642 10091509))
32617;POLYGON((-2263212 10351302,-2277104 10310208,-2469068 10312762,-2449708 10354708,-2263212 10351302))
32618;POLYGON((-2153249 10572717,-2174735 10539240,-2327152 10540465,-2297384 10571980,-2153249 10572717))
32619;POLYGON((-1998325 10736688,-2027191 10714278,-2121572 10693954,-2080947 10710177,-1998325 10736688))
32620;POLYGON((-1800876 10820015,-1836567 10812851,-1850171 10741220,-1798468 10736113,-1800876 10820015))
32621;POLYGON((-1565675 10794713,-1607212 10807821,-1512321 10642666,-1449613 10608800,-1565675 10794713))
32622;POLYGON((-1300365 10627296,-1346250 10666673,-1109351 10349756,-1036083 10278066,-1300365 10627296))
32623;POLYGON((-1016055 10277980,-1064169 10350729,-645033 9803471,-562108 9682984,-1016055 10277980))
32624;POLYGON((-727981 9699795,-775467 9814284,-126126 8932577,-35002 8750099,-727981 9699795))
32625;POLYGON((-456248 8837622,-499384 9003647,437020 7651675,534222 7391445,-456248 8837622))
32626;POLYGON((-226629 7627112,-260690 7856088,1029797 5859010,1130178 5502313,-226629 7627112))
32627;POLYGON((-71460 5993518,-90560 6298679,1632599 3434040,1732350 2958771,-71460 5993518))
32628;POLYGON((-30599 3850407,-27530 4247027,2220022 234717,2314284 -385093,-30599 3850407))
32629;POLYGON((-152483 1098247,-118528 1603888,2759985 -3905513,2842697 -4700238,-152483 1098247))
32630;POLYGON((-495259 -2377121,-420002 -1742347,3212777 -9181044,3276508 -10186039,-495259 -2377121))
32631;POLYGON((1495259 -2377121,1578543 -3035566,-2336246 -11229903,-2276508 -10186039,1495259 -2377121))
32632;POLYGON((1152483 1098247,1192549 572554,-1922801 -5527409,-1842697 -4700238,1152483 1098247))
32633;POLYGON((1030599 3850407,1038168 3436902,-1407077 -1031820,-1314284 -385093,1030599 3850407))
32634;POLYGON((1071460 5993518,1055516 5674234,-831554 2461328,-732350 2958771,1071460 5993518))
32635;POLYGON((1226629 7627112,1194620 7386409,-230744 5127487,-130178 5502313,1226629 7627112))
32636;POLYGON((1456248 8837622,1414266 8661943,367821 7116523,465777 7391445,1456248 8837622))
32637;POLYGON((1727981 9699795,1680936 9577439,942699 8555832,1035002 8750099,1727981 9699795))
32638;POLYGON((2016055 10277980,1967825 10198891,1477699 9553146,1562108 9682984,2016055 10277980))
32639;POLYGON((2300365 10627296,2253943 10582883,1961128 10199062,2036083 10278066,2300365 10627296))
32640;POLYGON((2565675 10794713,2523294 10777671,2385103 10569307,2449613 10608800,2565675 10794713))
32641;POLYGON((2800876 10820015,2764129 10824174,2744917 10726770,2798468 10736113,2800876 10820015))
32642;POLYGON((2998325 10736688,2968273 10756869,3038485 10723299,3080947 10710177,2998325 10736688))
32643;POLYGON((3153249 10572717,3130510 10604606,3265833 10601312,3297384 10571980,3153249 10572717))
32644;POLYGON((3263212 10351302,3248051 10391337,3428652 10395208,3449708 10354708,3263212 10351302))
32645;POLYGON((3327642 10091509,3320044 10136774,3529905 10132612,3541057 10084969,3327642 10091509))
32646;POLYGON((3347420 9808851,3347152 9856985,3573476 9835468,3575441 9783854,3347420 9808851))
32647;POLYGON((3324516 9515802,3331188 9564916,3563882 9520988,3557454 9467873,3324516 9515802))
32648;POLYGON((3261686 9222267,3274796 9270870,3506012 9202479,3492029 9149753,3261686 9222267))
32649;POLYGON((3162204 8935986,3181180 8982923,3404926 8890053,3384232 8839135,3162204 8935986))
32650;POLYGON((3029651 8662903,3053883 8707295,3265674 8591238,3239103 8543169,3029651 8662903))
32651;POLYGON((2867736 8407483,2896603 8448675,3093171 8311498,3061519 8267019,2867736 8407483))
32652;POLYGON((2680160 8172993,2713051 8210513,2892087 8054671,2856105 8014291,2680160 8172993))
32653;POLYGON((2470513 7961746,2506840 7995265,2666781 7823344,2627162 7787395,2470513 7961746))
32654;POLYGON((2242198 7775310,2281409 7804611,2421259 7619156,2378633 7587838,2242198 7775310))
32655;POLYGON((1998391 7614694,2039974 7639641,2159148 7443059,2114084 7416479,1998391 7614694))
32656;POLYGON((1742023 7480492,1785507 7501009,1883707 7295522,1836714 7273723,1742023 7480492))
32657;POLYGON((1475776 7373017,1520730 7389067,1597847 7176698,1549377 7159686,1475776 7373017))
32658;POLYGON((1202107 7292400,1248136 7303969,1304166 7086560,1254626 7074318,1202107 7292400))
32659;POLYGON((923284 7238668,970021 7245757,1005006 7024997,954766 7017506,923284 7238668))
32660;POLYGON((641428 7211811,688528 7214422,702513 6991891,651916 6989134,641428 7211811))
