32701;POLYGON((166072 9889317,277438 9889402,277707 9668203,166476 9667949,166072 9889317))
32702;POLYGON((-505492 9888082,-392989 9888376,-391894 9665131,-504254 9664252,-505492 9888082))
32703;POLYGON((-1188391 9885543,-1073447 9886062,-1071464 9658203,-1186249 9656649,-1188391 9885543))
32704;POLYGON((-1890907 9881549,-1772076 9882325,-1769084 9647011,-1887731 9644687,-1890907 9881549))
32705;POLYGON((-2622505 9875845,-2498101 9876929,-2493907 9630856,-2618085 9627611,-2622505 9875845))
32706;POLYGON((-3394492 9868036,-3262469 9869506,-3256774 9608640,-3388508 9604241,-3394492 9868036))
32707;POLYGON((-4220866 9857522,-4078661 9859496,-4071014 9578694,-4212835 9572791,-4220866 9857522))
32708;POLYGON((-5119402 9843404,-4963737 9846058,-4953463 9538515,-5108605 9530584,-5119402 9843404))
32709;POLYGON((-6113039 9824348,-5939662 9827941,-5925763 9484381,-6098408 9473649,-6113039 9824348))
32710;POLYGON((-7231607 9798383,-7034983 9803299,-7015989 9410806,-7211578 9396137,-7231607 9798383))
32711;POLYGON((-8513960 9762645,-8286883 9769437,-8260662 9309786,-8486267 9289534,-8513960 9762645))
32712;POLYGON((-10010564 9713009,-9743692 9722469,-9707190 9169789,-9971969 9141602,-10010564 9713009))
32713;POLYGON((-11786593 9643627,-11467894 9656875,-11416799 8974432,-11732535 8934993,-11786593 9643627))
32714;POLYGON((-13925584 9546327,-13539687 9564916,-13467998 8700772,-13849732 8645477,-13925584 9546327))
32715;POLYGON((-16533713 9409859,-16061149 9435914,-15960641 8317152,-16427410 8239697,-16533713 9409859))
32716;POLYGON((-19744738 9218946,-19161067 9255340,-19020621 7780515,-19596308 7672394,-19744738 9218946))
32717;POLYGON((-23725658 8953142,-23000475 9003698,-22805267 7033101,-23519569 6882986,-23725658 8953142))
32718;POLYGON((-28683162 8585429,-27778965 8655173,-27509481 5998441,-28399009 5791446,-28683162 8585429))
32719;POLYGON((-34870890 8080543,-33741810 8176005,-33372677 4576557,-34482196 4293343,-34870890 8080543))
32720;POLYGON((-42597598 7392992,-41187975 7522560,-40686569 2638237,-42070377 2253972,-42597598 7392992))
32721;POLYGON((-52236236 6464716,-50479039 6639049,-49803856 18313,-51527331 -498560,-52236236 6464716))
32722;POLYGON((-64234040 5222361,-62049111 5454875,-61147876 -3492209,-63289171 -4181407,-64234040 5222361))
32723;POLYGON((-79123647 3574118,-76415778 3881544,-75223243 -8155274,-77875172 -9066318,-79123647 3574118))
32724;POLYGON((-97535321 1406089,-94192136 1809115,-92627570 -14296291,-95899657 -15490408,-97535321 1406089))
32725;POLYGON((-120210326 -1421877,-116099969 -897877,-114064276 -22316171,-118085011 -23868456,-120210326 -1421877))
32726;POLYGON((-148015499 -5080918,-142984121 -4405050,-140356575 -32705037,-145275854 -34706914,-148015499 -5080918))
32727;POLYGON((-181959086 -9778516,-175828115 -8913427,-172462670 -46057756,-178454455 -48619750,-181959086 -9778516))
32728;POLYGON((-223207890 -15764532,-215771079 -14665359,-211492214 -63091439,-218757400 -66346302,-223207890 -15764532))
32729;POLYGON((-273105778 -23337975,-264126026 -21951159,-258724094 -84665095,-267493607 -88771295,-273105778 -23337975))
32730;POLYGON((-333193609 -32854565,-322399536 -31116535,-315625582 -111801579,-326163706 -116947201,-333193609 -32854565))
32731;POLYGON((334193609 -32854565,345319062 -34658093,338024830 -122286662,327163706 -116947201,334193609 -32854565))
32732;POLYGON((274105778 -23337975,283368093 -24778621,277538584 -93036811,268493607 -88771295,274105778 -23337975))
32733;POLYGON((224207890 -15764532,231884511 -16907673,227256413 -69731300,219757400 -66346302,224207890 -15764532))
32734;POLYGON((182959086 -9778516,189292583 -10679284,185643751 -51287354,179454455 -48619750,182959086 -9778516))
32735;POLYGON((149015499 -5080918,154217032 -5785540,151361113 -36793908,146275854 -34706914,149015499 -5080918))
32736;POLYGON((121210326 -1421877,125462870 -1968881,123244477 -25488844,119085011 -23868456,121210326 -1421877))
32737;POLYGON((98535321 1406089,101996650 984801,100287050 -16738595,96899657 -15490408,98535321 1406089))
32738;POLYGON((80123647 3574118,82929102 3252312,81622371 -10019943,78875172 -9066318,80123647 3574118))
32739;POLYGON((65234040 5222361,67499078 4978622,66508702 -4903849,64289171 -4181407,65234040 5222361))
32740;POLYGON((53236236 6464716,55058775 6281701,54314642 -1041154,52527331 -498560,53236236 6464716))
32741;POLYGON((43597598 7392992,45060163 7256773,44505933 1849999,43070377 2253972,43597598 7392992))
32742;POLYGON((35870890 8080543,37042576 7980036,36633379 3995178,35482196 4293343,35870890 8080543))
32743;POLYGON((29683162 8585429,30621408 8511898,30321854 5573224,29399009 5791446,29683162 8585429))
32744;POLYGON((24725658 8953142,25477863 8899774,25260328 6724533,24519569 6882986,24725658 8953142))
32745;POLYGON((20744738 9218946,21349706 9180486,21192863 7558146,20596308 7672394,20744738 9218946))
32746;POLYGON((17533713 9409859,18022950 9382302,17910530 8157790,17427410 8239697,17533713 9409859))
32747;POLYGON((14925584 9546327,15324450 9526660,15244197 8586979,14849732 8645477,14925584 9546327))
32748;POLYGON((12786593 9643627,13115323 9629610,13058128 8893273,12732535 8934993,12786593 9643627))
32749;POLYGON((11010564 9713009,11285157 9703004,11244343 9111801,10971969 9141602,11010564 9713009))
32750;POLYGON((9513960 9762645,9746956 9755471,9717701 9268146,9486267 9289534,9513960 9762645))
32751;POLYGON((8231607 9798383,8432755 9793199,8411628 9380668,8211578 9396137,8231607 9798383))
32752;POLYGON((7113039 9824348,7289867 9820565,7274460 9462351,7098408 9473649,7113039 9824348))
32753;POLYGON((6119402 9843404,6277694 9840615,6266343 9522249,6108605 9530584,6119402 9843404))
32754;POLYGON((5220866 9857522,5365063 9855449,5356630 9566592,5212835 9572791,5220866 9857522))
32755;POLYGON((4394492 9868036,4528017 9866491,4521732 9599620,4388508 9604241,4394492 9868036))
32756;POLYGON((3622505 9875845,3748025 9874703,3743371 9624193,3618085 9627611,3622505 9875845))
32757;POLYGON((2890907 9881549,3010542 9880725,3007176 9642222,2887731 9644687,2890907 9881549))
32758;POLYGON((2188391 9885543,2303877 9884984,2301574 9654974,2186249 9656649,2188391 9885543))
32759;POLYGON((1505492 9888082,1618308 9887753,1616926 9663265,1504254 9664252,1505492 9888082))
32760;POLYGON((833927 9889317,945396 9889198,944855 9667593,833523 9667949,833927 9889317))
32601;POLYGON((166072 -110682,277438 -110597,277707 -331796,166476 -332050,166072 -110682))
32602;POLYGON((-505492 -111917,-392989 -111623,-391894 -334868,-504254 -335747,-505492 -111917))
32603;POLYGON((-1188391 -114456,-1073447 -113937,-1071464 -341796,-1186249 -343350,-1188391 -114456))
32604;POLYGON((-1890907 -118450,-1772076 -117674,-1769084 -352988,-1887731 -355312,-1890907 -118450))
32605;POLYGON((-2622505 -124154,-2498101 -123070,-2493907 -369143,-2618085 -372388,-2622505 -124154))
32606;POLYGON((-3394492 -131963,-3262469 -130493,-3256774 -391359,-3388508 -395758,-3394492 -131963))
32607;POLYGON((-4220866 -142477,-4078661 -140503,-4071014 -421305,-4212835 -427208,-4220866 -142477))
32608;POLYGON((-5119402 -156595,-4963737 -153941,-4953463 -461484,-5108605 -469415,-5119402 -156595))
32609;POLYGON((-6113039 -175651,-5939662 -172058,-5925763 -515618,-6098408 -526350,-6113039 -175651))
32610;POLYGON((-7231607 -201616,-7034983 -196700,-7015989 -589193,-7211578 -603862,-7231607 -201616))
32611;POLYGON((-8513960 -237354,-8286883 -230562,-8260662 -690213,-8486267 -710465,-8513960 -237354))
32612;POLYGON((-10010564 -286990,-9743692 -277530,-9707190 -830210,-9971969 -858397,-10010564 -286990))
32613;POLYGON((-11786593 -356372,-11467894 -343124,-11416799 -1025567,-11732535 -1065006,-11786593 -356372))
32614;POLYGON((-13925584 -453672,-13539687 -435083,-13467998 -1299227,-13849732 -1354522,-13925584 -453672))
32615;POLYGON((-16533713 -590140,-16061149 -564085,-15960641 -1682847,-16427410 -1760302,-16533713 -590140))
32616;POLYGON((-19744738 -781053,-19161067 -744659,-19020621 -2219484,-19596308 -2327605,-19744738 -781053))
32617;POLYGON((-23725658 -1046857,-23000475 -996301,-22805267 -2966898,-23519569 -3117013,-23725658 -1046857))
32618;POLYGON((-28683162 -1414570,-27778965 -1344826,-27509481 -4001558,-28399009 -4208553,-28683162 -1414570))
32619;POLYGON((-34870890 -1919456,-33741810 -1823994,-33372677 -5423442,-34482196 -5706656,-34870890 -1919456))
32620;POLYGON((-42597598 -2607007,-41187975 -2477439,-40686569 -7361762,-42070377 -7746027,-42597598 -2607007))
32621;POLYGON((-52236236 -3535283,-50479039 -3360950,-49803856 -9981686,-51527331 -10498560,-52236236 -3535283))
32622;POLYGON((-64234040 -4777638,-62049111 -4545124,-61147876 -13492209,-63289171 -14181407,-64234040 -4777638))
32623;POLYGON((-79123647 -6425881,-76415778 -6118455,-75223243 -18155274,-77875172 -19066318,-79123647 -6425881))
32624;POLYGON((-97535321 -8593910,-94192136 -8190884,-92627570 -24296291,-95899657 -25490408,-97535321 -8593910))
32625;POLYGON((-120210326 -11421877,-116099969 -10897877,-114064276 -32316171,-118085011 -33868456,-120210326 -11421877))
32626;POLYGON((-148015499 -15080918,-142984121 -14405050,-140356575 -42705037,-145275854 -44706914,-148015499 -15080918))
32627;POLYGON((-181959086 -19778516,-175828115 -18913427,-172462670 -56057756,-178454455 -58619750,-181959086 -19778516))
32628;POLYGON((-223207890 -25764532,-215771079 -24665359,-211492214 -73091439,-218757400 -76346302,-223207890 -25764532))
32629;POLYGON((-273105778 -33337975,-264126026 -31951159,-258724094 -94665095,-267493607 -98771295,-273105778 -33337975))
32630;POLYGON((-333193609 -42854565,-322399536 -41116535,-315625582 -121801579,-326163706 -126947201,-333193609 -42854565))
32631;POLYGON((334193609 -42854565,345319062 -44658093,338024830 -132286662,327163706 -126947201,334193609 -42854565))
32632;POLYGON((274105778 -33337975,283368093 -34778621,277538584 -103036811,268493607 -98771295,274105778 -33337975))
32633;POLYGON((224207890 -25764532,231884511 -26907673,227256413 -79731300,219757400 -76346302,224207890 -25764532))
32634;POLYGON((182959086 -19778516,189292583 -20679284,185643751 -61287354,179454455 -58619750,182959086 -19778516))
32635;POLYGON((149015499 -15080918,154217032 -15785540,151361113 -46793908,146275854 -44706914,149015499 -15080918))
32636;POLYGON((121210326 -11421877,125462870 -11968881,123244477 -35488844,119085011 -33868456,121210326 -11421877))
32637;POLYGON((98535321 -8593910,101996650 -9015198,100287050 -26738595,96899657 -25490408,98535321 -8593910))
32638;POLYGON((80123647 -6425881,82929102 -6747687,81622371 -20019943,78875172 -19066318,80123647 -6425881))
32639;POLYGON((65234040 -4777638,67499078 -5021377,66508702 -14903849,64289171 -14181407,65234040 -4777638))
32640;POLYGON((53236236 -3535283,55058775 -3718298,54314642 -11041154,52527331 -10498560,53236236 -3535283))
32641;POLYGON((43597598 -2607007,45060163 -2743226,44505933 -8150000,43070377 -7746027,43597598 -2607007))
32642;POLYGON((35870890 -1919456,37042576 -2019963,36633379 -6004821,35482196 -5706656,35870890 -1919456))
32643;POLYGON((29683162 -1414570,30621408 -1488101,30321854 -4426775,29399009 -4208553,29683162 -1414570))
32644;POLYGON((24725658 -1046857,25477863 -1100225,25260328 -3275466,24519569 -3117013,24725658 -1046857))
32645;POLYGON((20744738 -781053,21349706 -819513,21192863 -2441853,20596308 -2327605,20744738 -781053))
32646;POLYGON((17533713 -590140,18022950 -617697,17910530 -1842209,17427410 -1760302,17533713 -590140))
32647;POLYGON((14925584 -453672,15324450 -473339,15244197 -1413020,14849732 -1354522,14925584 -453672))
32648;POLYGON((12786593 -356372,13115323 -370389,13058128 -1106726,12732535 -1065006,12786593 -356372))
32649;POLYGON((11010564 -286990,11285157 -296995,11244343 -888198,10971969 -858397,11010564 -286990))
32650;POLYGON((9513960 -237354,9746956 -244528,9717701 -731853,9486267 -710465,9513960 -237354))
32651;POLYGON((8231607 -201616,8432755 -206800,8411628 -619331,8211578 -603862,8231607 -201616))
32652;POLYGON((7113039 -175651,7289867 -179434,7274460 -537648,7098408 -526350,7113039 -175651))
32653;POLYGON((6119402 -156595,6277694 -159384,6266343 -477750,6108605 -469415,6119402 -156595))
32654;POLYGON((5220866 -142477,5365063 -144550,5356630 -433407,5212835 -427208,5220866 -142477))
32655;POLYGON((4394492 -131963,4528017 -133508,4521732 -400379,4388508 -395758,4394492 -131963))
32656;POLYGON((3622505 -124154,3748025 -125296,3743371 -375806,3618085 -372388,3622505 -124154))
32657;POLYGON((2890907 -118450,3010542 -119274,3007176 -357777,2887731 -355312,2890907 -118450))
32658;POLYGON((2188391 -114456,2303877 -115015,2301574 -345025,2186249 -343350,2188391 -114456))
32659;POLYGON((1505492 -111917,1618308 -112246,1616926 -336734,1504254 -335747,1505492 -111917))
32660;POLYGON((833927 -110682,945396 -110801,944855 -332406,833523 -332050,833927 -110682))
