32701;POLYGON((173285 11328333,282241 11327344,280766 11106077,171071 11106908,173285 11328333))
32702;POLYGON((-483456 11342711,-373486 11339293,-379471 11116126,-490218 11119000,-483456 11342711))
32703;POLYGON((-1150294 11372243,-1038153 11366211,-1048977 11138772,-1161976 11143849,-1150294 11372243))
32704;POLYGON((-1834494 11418584,-1718924 11409592,-1735207 11175296,-1851772 11182871,-1834494 11418584))
32705;POLYGON((-2544179 11484488,-2423748 11471987,-2446490 11227889,-2568129 11238435,-2544179 11484488))
32706;POLYGON((-3288776 11574199,-3161801 11557356,-3192525 11299965,-3321027 11314202,-3288776 11574199))
32707;POLYGON((-4079571 11694060,-3944014 11671638,-3984990 11396666,-4122546 11415667,-4079571 11694060))
32708;POLYGON((-4930390 11853432,-4783736 11823610,-4838314 11525628,-4987662 11550982,-4930390 11853432))
32709;POLYGON((-5858458 12066017,-5697560 12026139,-5770647 11698096,-5935252 11732130,-5858458 12066017))
32710;POLYGON((-6885444 12351718,-6706329 12297937,-6805054 11930503,-6989337 11976602,-6885444 12351718))
32711;POLYGON((-8038728 12739168,-7836376 12665976,-7970984 12246624,-8180595 12309657,-8038728 12739168))
32712;POLYGON((-9352935 13269105,-9120998 13168699,-9306045 12680476,-9548188 12767357,-9352935 13269105))
32713;POLYGON((-10871740 13998758,-10602225 13860233,-10858114 13280096,-11141936 13400519,-10871740 13998758))
32714;POLYGON((-12649998 15007470,-12332885 14815785,-12687832 14112409,-13024878 14279775,-12649998 15007470))
32715;POLYGON((-14756211 16403766,-14379020 16138458,-14871510 15269366,-15276251 15501945,-14756211 16403766))
32716;POLYGON((-17275375 18334125,-16822661 17967716,-17504487 16875582,-17994925 17197950,-17275375 18334125))
32717;POLYGON((-20312231 20993710,-19765016 20489771,-20704978 19097708,-21303340 19542494,-20312231 20993710))
32718;POLYGON((-23994945 24639349,-23330071 23950168,-24618449 22155799,-25351964 22765790,-23994945 24639349))
32719;POLYGON((-28479261 29605074,-27668665 28668873,-29422541 26336938,-30324326 27167596,-28479261 29605074))
32720;POLYGON((-33953141 36320545,-32963046 35058197,-35332613 32011431,-36442649 33133858,-33953141 36320545))
32721;POLYGON((-40641935 45332701,-39431950 43643881,-42607896 39651869,-43974126 41156287,-40641935 45332701))
32722;POLYGON((-48814102 57331017,-47336231 55089726,-51558340 49855391,-53237871 51855191,-48814102 57331017))
32723;POLYGON((-58787516 73176748,-56985061 70226143,-62552152 63369506,-64612586 66005917,-58787516 73176748))
32724;POLYGON((-70936387 93936568,-68742756 90083036,-76024086 81121823,-78544978 84569282,-70936387 93936568))
32725;POLYGON((-85698826 120921039,-83036221 115927427,-92484518 104254101,-95558965 108726369,-85698826 120921039))
32726;POLYGON((-103585086 155728360,-100363085 149306302,-112529328 134160998,-116265697 139918108,-103585086 155728360))
32727;POLYGON((-125186504 200293861,-121300518 192095105,-136850646 172533960,-141374452 179890061,-125186504 200293861))
32728;POLYGON((-151185178 256945735,-146514788 246552402,-166248482 221410684,-171704418 230742860,-151185178 256945735))
32729;POLYGON((-182364412 328467529,-176771572 315381207,-201643290 283230617,-208197409 294988755,-182364412 328467529))
32730;POLYGON((-219619949 418167906,-212947059 401797490,-244089489 360896971,-251931558 375614769,-219619949 418167906))
32731;POLYGON((220619949 418167906,227489656 435150384,261008539 390884283,252931558 375614769,220619949 418167906))
32732;POLYGON((183364412 328467529,189125758 342057459,215952332 307200673,209197409 294988755,183364412 328467529))
32733;POLYGON((152185178 256945735,156999220 267750942,178331243 240446000,172704418 230742860,152185178 256945735))
32734;POLYGON((126186504 200293861,130194408 208827327,147043017 187547483,142374452 179890061,126186504 200293861))
32735;POLYGON((104585086 155728360,107910082 162420597,121124096 145918315,117265697 139918108,104585086 155728360))
32736;POLYGON((86698826 120921039,89448021 126131195,99735766 113393360,96558965 108726369,86698826 120921039))
32737;POLYGON((71936387 93936568,74202454 97962362,82151274 88171539,79544978 84569282,71936387 93936568))
32738;POLYGON((59787516 73176748,61650256 76263308,67743893 68764407,65612586 66005917,59787516 73176748))
32739;POLYGON((49814102 57331017,51341881 59678720,55975887 53950458,54237871 51855191,49814102 57331017))
32740;POLYGON((41641935 45332701,42893014 47104084,46388341 42734704,44974126 41156287,41641935 45332701))
32741;POLYGON((34953141 36320545,35976887 37646369,38591824 34313112,37442649 33133858,34953141 36320545))
32742;POLYGON((29479261 29605074,30317260 30589616,32257842 28041474,31324326 27167596,29479261 29605074))
32743;POLYGON((24994945 24639349,25682013 25364985,27111052 23408325,26351964 22765790,24994945 24639349))
32744;POLYGON((21312231 20993710,21877324 21524866,22922189 20011533,22303340 19542494,21312231 20993710))
32745;POLYGON((18275375 18334125,18742417 18720652,19501682 17538208,18994925 17197950,18275375 18334125))
32746;POLYGON((15756211 16403766,16144829 16683800,16693919 15747589,16276251 15501945,15756211 16403766))
32747;POLYGON((13649998 15007470,13976184 15209836,14372114 14456590,14024878 14279775,13649998 15007470))
32748;POLYGON((11871740 13998758,12148432 14144971,12433755 13527720,12141936 13400519,11871740 13998758))
32749;POLYGON((10352935 13269105,10590530 13375010,10796584 12859068,10548188 12767357,10352935 13269105))
32750;POLYGON((9038728 12739168,9245531 12816282,9395081 12376119,9180595 12309657,9038728 12739168))
32751;POLYGON((7885444 12351718,8068051 12408297,8177413 12025138,7989337 11976602,7885444 12351718))
32752;POLYGON((6858458 12066017,7022092 12107907,7102800 11767906,6935252 11732130,6858458 12066017))
32753;POLYGON((5930390 11853432,6079179 11884718,6139288 11577596,5987662 11550982,5930390 11853432))
32754;POLYGON((5079571 11694060,5216787 11717571,5261860 11435601,5122546 11415667,5079571 11694060))
32755;POLYGON((4288776 11574199,4417029 11591872,4450874 11329146,4321027 11314202,4288776 11574199))
32756;POLYGON((3544179 11484488,3665575 11497645,3690778 11249538,3568129 11238435,3544179 11484488))
32757;POLYGON((2834494 11418584,2950769 11428115,2969072 11190902,2851772 11182871,2834494 11418584))
32758;POLYGON((2150294 11372243,2262915 11378740,2275473 11149317,2161976 11143849,2150294 11372243))
32759;POLYGON((1483456 11342711,1593706 11346548,1601255 11122228,1490218 11119000,1483456 11342711))
32760;POLYGON((826714 11328333,935762 11329719,938719 11108075,828928 11106908,826714 11328333))
32601;POLYGON((173285 1328333,282241 1327344,280766 1106077,171071 1106908,173285 1328333))
32602;POLYGON((-483456 1342711,-373486 1339293,-379471 1116126,-490218 1119000,-483456 1342711))
32603;POLYGON((-1150294 1372243,-1038153 1366211,-1048977 1138772,-1161976 1143849,-1150294 1372243))
32604;POLYGON((-1834494 1418584,-1718924 1409592,-1735207 1175296,-1851772 1182871,-1834494 1418584))
32605;POLYGON((-2544179 1484488,-2423748 1471987,-2446490 1227889,-2568129 1238435,-2544179 1484488))
32606;POLYGON((-3288776 1574199,-3161801 1557356,-3192525 1299965,-3321027 1314202,-3288776 1574199))
32607;POLYGON((-4079571 1694060,-3944014 1671638,-3984990 1396666,-4122546 1415667,-4079571 1694060))
32608;POLYGON((-4930390 1853432,-4783736 1823610,-4838314 1525628,-4987662 1550982,-4930390 1853432))
32609;POLYGON((-5858458 2066017,-5697560 2026139,-5770647 1698096,-5935252 1732130,-5858458 2066017))
32610;POLYGON((-6885444 2351718,-6706329 2297937,-6805054 1930503,-6989337 1976602,-6885444 2351718))
32611;POLYGON((-8038728 2739168,-7836376 2665976,-7970984 2246624,-8180595 2309657,-8038728 2739168))
32612;POLYGON((-9352935 3269105,-9120998 3168699,-9306045 2680476,-9548188 2767357,-9352935 3269105))
32613;POLYGON((-10871740 3998758,-10602225 3860233,-10858114 3280096,-11141936 3400519,-10871740 3998758))
32614;POLYGON((-12649998 5007470,-12332885 4815785,-12687832 4112409,-13024878 4279775,-12649998 5007470))
32615;POLYGON((-14756211 6403766,-14379020 6138458,-14871510 5269366,-15276251 5501945,-14756211 6403766))
32616;POLYGON((-17275375 8334125,-16822661 7967716,-17504487 6875582,-17994925 7197950,-17275375 8334125))
32617;POLYGON((-20312231 10993710,-19765016 10489771,-20704978 9097708,-21303340 9542494,-20312231 10993710))
32618;POLYGON((-23994945 14639349,-23330071 13950168,-24618449 12155799,-25351964 12765790,-23994945 14639349))
32619;POLYGON((-28479261 19605074,-27668665 18668873,-29422541 16336938,-30324326 17167596,-28479261 19605074))
32620;POLYGON((-33953141 26320545,-32963046 25058197,-35332613 22011431,-36442649 23133858,-33953141 26320545))
32621;POLYGON((-40641935 35332701,-39431950 33643881,-42607896 29651869,-43974126 31156287,-40641935 35332701))
32622;POLYGON((-48814102 47331017,-47336231 45089726,-51558340 39855391,-53237871 41855191,-48814102 47331017))
32623;POLYGON((-58787516 63176748,-56985061 60226143,-62552152 53369506,-64612586 56005917,-58787516 63176748))
32624;POLYGON((-70936387 83936568,-68742756 80083036,-76024086 71121823,-78544978 74569282,-70936387 83936568))
32625;POLYGON((-85698826 110921039,-83036221 105927427,-92484518 94254101,-95558965 98726369,-85698826 110921039))
32626;POLYGON((-103585086 145728360,-100363085 139306302,-112529328 124160998,-116265697 129918108,-103585086 145728360))
32627;POLYGON((-125186504 190293861,-121300518 182095105,-136850646 162533960,-141374452 169890061,-125186504 190293861))
32628;POLYGON((-151185178 246945735,-146514788 236552402,-166248482 211410684,-171704418 220742860,-151185178 246945735))
32629;POLYGON((-182364412 318467529,-176771572 305381207,-201643290 273230617,-208197409 284988755,-182364412 318467529))
32630;POLYGON((-219619949 408167906,-212947059 391797490,-244089489 350896971,-251931558 365614769,-219619949 408167906))
32631;POLYGON((220619949 408167906,227489656 425150384,261008539 380884283,252931558 365614769,220619949 408167906))
32632;POLYGON((183364412 318467529,189125758 332057459,215952332 297200673,209197409 284988755,183364412 318467529))
32633;POLYGON((152185178 246945735,156999220 257750942,178331243 230446000,172704418 220742860,152185178 246945735))
32634;POLYGON((126186504 190293861,130194408 198827327,147043017 177547483,142374452 169890061,126186504 190293861))
32635;POLYGON((104585086 145728360,107910082 152420597,121124096 135918315,117265697 129918108,104585086 145728360))
32636;POLYGON((86698826 110921039,89448021 116131195,99735766 103393360,96558965 98726369,86698826 110921039))
32637;POLYGON((71936387 83936568,74202454 87962362,82151274 78171539,79544978 74569282,71936387 83936568))
32638;POLYGON((59787516 63176748,61650256 66263308,67743893 58764407,65612586 56005917,59787516 63176748))
32639;POLYGON((49814102 47331017,51341881 49678720,55975887 43950458,54237871 41855191,49814102 47331017))
32640;POLYGON((41641935 35332701,42893014 37104084,46388341 32734704,44974126 31156287,41641935 35332701))
32641;POLYGON((34953141 26320545,35976887 27646369,38591824 24313112,37442649 23133858,34953141 26320545))
32642;POLYGON((29479261 19605074,30317260 20589616,32257842 18041474,31324326 17167596,29479261 19605074))
32643;POLYGON((24994945 14639349,25682013 15364985,27111052 13408325,26351964 12765790,24994945 14639349))
32644;POLYGON((21312231 10993710,21877324 11524866,22922189 10011533,22303340 9542494,21312231 10993710))
32645;POLYGON((18275375 8334125,18742417 8720652,19501682 7538208,18994925 7197950,18275375 8334125))
32646;POLYGON((15756211 6403766,16144829 6683800,16693919 5747589,16276251 5501945,15756211 6403766))
32647;POLYGON((13649998 5007470,13976184 5209836,14372114 4456590,14024878 4279775,13649998 5007470))
32648;POLYGON((11871740 3998758,12148432 4144971,12433755 3527720,12141936 3400519,11871740 3998758))
32649;POLYGON((10352935 3269105,10590530 3375010,10796584 2859068,10548188 2767357,10352935 3269105))
32650;POLYGON((9038728 2739168,9245531 2816282,9395081 2376119,9180595 2309657,9038728 2739168))
32651;POLYGON((7885444 2351718,8068051 2408297,8177413 2025138,7989337 1976602,7885444 2351718))
32652;POLYGON((6858458 2066017,7022092 2107907,7102800 1767906,6935252 1732130,6858458 2066017))
32653;POLYGON((5930390 1853432,6079179 1884718,6139288 1577596,5987662 1550982,5930390 1853432))
32654;POLYGON((5079571 1694060,5216787 1717571,5261860 1435601,5122546 1415667,5079571 1694060))
32655;POLYGON((4288776 1574199,4417029 1591872,4450874 1329146,4321027 1314202,4288776 1574199))
32656;POLYGON((3544179 1484488,3665575 1497645,3690778 1249538,3568129 1238435,3544179 1484488))
32657;POLYGON((2834494 1418584,2950769 1428115,2969072 1190902,2851772 1182871,2834494 1418584))
32658;POLYGON((2150294 1372243,2262915 1378740,2275473 1149317,2161976 1143849,2150294 1372243))
32659;POLYGON((1483456 1342711,1593706 1346548,1601255 1122228,1490218 1119000,1483456 1342711))
32660;POLYGON((826714 1328333,935762 1329719,938719 1108075,828928 1106908,826714 1328333))
