32701;POLYGON((174541 11439053,283077 11437987,281470 11216707,172128 11217618,174541 11439053))
32702;POLYGON((-479622 11454548,-370091 11450865,-376612 11227713,-486989 11230861,-479622 11454548))
32703;POLYGON((-1143673 11486367,-1032018 11479868,-1043807 11252511,-1156396 11258069,-1143673 11486367))
32704;POLYGON((-1824708 11536272,-1709700 11526591,-1727427 11292491,-1843517 11300780,-1824708 11536272))
32705;POLYGON((-2530629 11607196,-2410879 11593748,-2435621 11350029,-2556682 11361562,-2530629 11607196))
32706;POLYGON((-3270559 11703648,-3144441 11685548,-3177834 11428820,-3305605 11444374,-3270559 11703648))
32707;POLYGON((-4055346 11832348,-3920907 11808286,-3965384 11534417,-4101981 11555152,-4055346 11832348))
32708;POLYGON((-4898189 12003185,-4753035 11971241,-4812178 11675051,-4960231 11702675,-4898189 12003185))
32709;POLYGON((-5815414 12230600,-5656570 12187978,-5735612 11862812,-5898434 11899825,-5815414 12230600))
32710;POLYGON((-6827409 12535512,-6651149 12478172,-6757676 12115332,-6939470 12165362,-6827409 12535512))
32711;POLYGON((-7959773 12947947,-7761414 12870117,-7906308 12458072,-8112418 12526326,-7959773 12947947))
32712;POLYGON((-9244676 13510535,-9018333 13404056,-9217025 12927396,-9454239 13021262,-9244676 13510535))
32713;POLYGON((-10722476 14283061,-10460779 14136547,-10734865 13574586,-11011770 13704404,-10722476 14283061))
32714;POLYGON((-12443616 15348286,-12137368 15146058,-12516676 14470995,-12844077 14651044,-12443616 15348286))
32715;POLYGON((-14470819 16819265,-14108610 16540015,-14633781 15714557,-15025182 15964285,-14470819 16819265))
32716;POLYGON((-16881616 18848426,-16449378 18463571,-17175054 17437876,-17647215 17783424,-16881616 18848426))
32717;POLYGON((-19771233 21638669,-19251732 21110349,-20250445 19818157,-20824012 20294206,-19771233 21638669))
32718;POLYGON((-23255854 25456795,-22628120 24735459,-23994978 23089234,-24695202 23741237,-23255854 25456795))
32719;POLYGON((-27476302 30649574,-26714985 29671104,-28573265 27556004,-29430806 28442847,-27476302 30649574))
32720;POLYGON((-32602153 37662786,-31676805 36345104,-34184564 33611565,-35236386 34808709,-32602153 37662786))
32721;POLYGON((-38836304 47063613,-37710587 45302699,-41068415 41757392,-42358788 43360554,-38836304 47063613))
32722;POLYGON((-46420047 59566730,-45050848 57232000,-49510889 52626897,-51092489 54756333,-46420047 59566730))
32723;POLYGON((-55638640 76064534,-53975110 72993498,-59851479 67012753,-61786604 69818202,-55638640 76064534))
32724;POLYGON((-66827431 97661895,-64809924 93654031,-72490676 85898351,-74852575 89564714,-66827431 97661895))
32725;POLYGON((-80378548 125715911,-77937465 120525673,-87898250 110493823,-90772576 115247635,-80378548 125715911))
32726;POLYGON((-96748179 161881095,-93802712 155209983,-106622279 142277037,-110108670 148393814,-96748179 161881095))
32727;POLYGON((-116464478 208160505,-112921250 199648113,-129298963 183040024,-133512752 190852565,-116464478 208160505))
32728;POLYGON((-140136116 266963315,-135887706 256177263,-156663238 234941297,-161737308 244849009,-140136116 266963315))
32729;POLYGON((-168461503 341169357,-163384866 327594026,-189560247 300564561,-195647021 313043899,-168461503 341169357))
32730;POLYGON((-202238718 434201172,-196193476 417225154,-228957682 382984302,-236231275 398600407,-202238718 434201172))
32731;POLYGON((203238718 434201172,209460359 451810902,244721248 414801185,237231275 398600407,203238718 434201172))
32732;POLYGON((169461503 341169357,174689332 355266227,202918889 326004208,196647021 313043899,169461503 341169357))
32733;POLYGON((141136116 266963315,145513572 278176017,167969018 255149993,162737308 244849009,141136116 266963315))
32734;POLYGON((117464478 208160505,121117376 217019712,138860192 198984619,134512752 190852565,117464478 208160505))
32735;POLYGON((97748179 161881095,100786428 168832245,114707835 154768430,111108670 148393814,97748179 161881095))
32736;POLYGON((81378548 125715911,83897761 131130678,94741592 120208035,91772576 115247635,81378548 125715911))
32737;POLYGON((67827431 97661895,69910414 101848444,78293573 93395361,75852575 89564714,67827431 97661895))
32738;POLYGON((56638640 76064534,58356769 79276658,64787455 72753258,62786604 69818202,56638640 76064534))
32739;POLYGON((47420047 59566730,48834546 62011947,53728405 56987164,52092489 54756333,47420047 59566730))
32740;POLYGON((39836304 47063613,40999412 48910303,44693797 45042346,43358788 43360554,39836304 47063613))
32741;POLYGON((33602153 37662786,34558200 39046461,37324680 36066270,36236386 34808709,33602153 37662786))
32742;POLYGON((28476302 30649574,29262694 31678339,31317976 29375669,30430806 28442847,28476302 30649574))
32743;POLYGON((24255854 25456795,24903962 26216094,26419359 24427885,25695202 23741237,24255854 25456795))
32744;POLYGON((20771233 21638669,21307206 22195362,22416800 20796096,21824012 20294206,20771233 21638669))
32745;POLYGON((17881616 18848426,18327108 19254278,19134728 18148053,18647215 17783424,17881616 18848426))
32746;POLYGON((15470819 16819265,15843644 17113907,16428783 16227963,16025182 15964285,15470819 16819265))
32747;POLYGON((13443616 15348286,13758333 15561697,14181127 14841195,13844077 14651044,13443616 15348286))
32748;POLYGON((11722476 14283061,11990905 14437638,12296275 13841479,12011770 13704404,11722476 14283061))
32749;POLYGON((10244676 13510535,10476354 13622795,10697417 13120309,10454239 13021262,10244676 13510535))
32750;POLYGON((8959773 12947947,9162351 13029910,9323196 12598267,9112418 12526326,8959773 12947947))
32751;POLYGON((7827409 12535512,8006998 12595810,8124910 12218017,7939470 12165362,7827409 12535512))
32752;POLYGON((6815414 12230600,6976878 12275355,7064099 11938720,6898434 11899825,6815414 12230600))
32753;POLYGON((5898189 12003185,6045400 12036686,6110495 11731664,5960231 11702675,5898189 12003185))
32754;POLYGON((5055346 11832348,5191390 11857569,5240288 11576898,5101981 11555152,5055346 11832348))
32755;POLYGON((4270559 11703648,4397918 11722637,4434687 11460699,4305605 11444374,4270559 11703648))
32756;POLYGON((3530629 11607196,3651321 11621349,3678731 11373702,3556682 11361562,3530629 11607196))
32757;POLYGON((2824708 11536272,2940404 11546533,2960327 11309568,2843517 11300780,2824708 11536272))
32758;POLYGON((2143673 11486367,2255798 11493365,2269474 11264056,2156396 11258069,2143673 11486367))
32759;POLYGON((1479622 11454548,1589426 11458683,1597650 11234395,1486989 11230861,1479622 11454548))
32760;POLYGON((825458 11439053,934084 11440548,937307 11218895,827871 11217618,825458 11439053))
32601;POLYGON((174541 1439053,283077 1437987,281470 1216707,172128 1217618,174541 1439053))
32602;POLYGON((-479622 1454548,-370091 1450865,-376612 1227713,-486989 1230861,-479622 1454548))
32603;POLYGON((-1143673 1486367,-1032018 1479868,-1043807 1252511,-1156396 1258069,-1143673 1486367))
32604;POLYGON((-1824708 1536272,-1709700 1526591,-1727427 1292491,-1843517 1300780,-1824708 1536272))
32605;POLYGON((-2530629 1607196,-2410879 1593748,-2435621 1350029,-2556682 1361562,-2530629 1607196))
32606;POLYGON((-3270559 1703648,-3144441 1685548,-3177834 1428820,-3305605 1444374,-3270559 1703648))
32607;POLYGON((-4055346 1832348,-3920907 1808286,-3965384 1534417,-4101981 1555152,-4055346 1832348))
32608;POLYGON((-4898189 2003185,-4753035 1971241,-4812178 1675051,-4960231 1702675,-4898189 2003185))
32609;POLYGON((-5815414 2230600,-5656570 2187978,-5735612 1862812,-5898434 1899825,-5815414 2230600))
32610;POLYGON((-6827409 2535512,-6651149 2478172,-6757676 2115332,-6939470 2165362,-6827409 2535512))
32611;POLYGON((-7959773 2947947,-7761414 2870117,-7906308 2458072,-8112418 2526326,-7959773 2947947))
32612;POLYGON((-9244676 3510535,-9018333 3404056,-9217025 2927396,-9454239 3021262,-9244676 3510535))
32613;POLYGON((-10722476 4283061,-10460779 4136547,-10734865 3574586,-11011770 3704404,-10722476 4283061))
32614;POLYGON((-12443616 5348286,-12137368 5146058,-12516676 4470995,-12844077 4651044,-12443616 5348286))
32615;POLYGON((-14470819 6819265,-14108610 6540015,-14633781 5714557,-15025182 5964285,-14470819 6819265))
32616;POLYGON((-16881616 8848426,-16449378 8463571,-17175054 7437876,-17647215 7783424,-16881616 8848426))
32617;POLYGON((-19771233 11638669,-19251732 11110349,-20250445 9818157,-20824012 10294206,-19771233 11638669))
32618;POLYGON((-23255854 15456795,-22628120 14735459,-23994978 13089234,-24695202 13741237,-23255854 15456795))
32619;POLYGON((-27476302 20649574,-26714985 19671104,-28573265 17556004,-29430806 18442847,-27476302 20649574))
32620;POLYGON((-32602153 27662786,-31676805 26345104,-34184564 23611565,-35236386 24808709,-32602153 27662786))
32621;POLYGON((-38836304 37063613,-37710587 35302699,-41068415 31757392,-42358788 33360554,-38836304 37063613))
32622;POLYGON((-46420047 49566730,-45050848 47232000,-49510889 42626897,-51092489 44756333,-46420047 49566730))
32623;POLYGON((-55638640 66064534,-53975110 62993498,-59851479 57012753,-61786604 59818202,-55638640 66064534))
32624;POLYGON((-66827431 87661895,-64809924 83654031,-72490676 75898351,-74852575 79564714,-66827431 87661895))
32625;POLYGON((-80378548 115715911,-77937465 110525673,-87898250 100493823,-90772576 105247635,-80378548 115715911))
32626;POLYGON((-96748179 151881095,-93802712 145209983,-106622279 132277037,-110108670 138393814,-96748179 151881095))
32627;POLYGON((-116464478 198160505,-112921250 189648113,-129298963 173040024,-133512752 180852565,-116464478 198160505))
32628;POLYGON((-140136116 256963315,-135887706 246177263,-156663238 224941297,-161737308 234849009,-140136116 256963315))
32629;POLYGON((-168461503 331169357,-163384866 317594026,-189560247 290564561,-195647021 303043899,-168461503 331169357))
32630;POLYGON((-202238718 424201172,-196193476 407225154,-228957682 372984302,-236231275 388600407,-202238718 424201172))
32631;POLYGON((203238718 424201172,209460359 441810902,244721248 404801185,237231275 388600407,203238718 424201172))
32632;POLYGON((169461503 331169357,174689332 345266227,202918889 316004208,196647021 303043899,169461503 331169357))
32633;POLYGON((141136116 256963315,145513572 268176017,167969018 245149993,162737308 234849009,141136116 256963315))
32634;POLYGON((117464478 198160505,121117376 207019712,138860192 188984619,134512752 180852565,117464478 198160505))
32635;POLYGON((97748179 151881095,100786428 158832245,114707835 144768430,111108670 138393814,97748179 151881095))
32636;POLYGON((81378548 115715911,83897761 121130678,94741592 110208035,91772576 105247635,81378548 115715911))
32637;POLYGON((67827431 87661895,69910414 91848444,78293573 83395361,75852575 79564714,67827431 87661895))
32638;POLYGON((56638640 66064534,58356769 69276658,64787455 62753258,62786604 59818202,56638640 66064534))
32639;POLYGON((47420047 49566730,48834546 52011947,53728405 46987164,52092489 44756333,47420047 49566730))
32640;POLYGON((39836304 37063613,40999412 38910303,44693797 35042346,43358788 33360554,39836304 37063613))
32641;POLYGON((33602153 27662786,34558200 29046461,37324680 26066270,36236386 24808709,33602153 27662786))
32642;POLYGON((28476302 20649574,29262694 21678339,31317976 19375669,30430806 18442847,28476302 20649574))
32643;POLYGON((24255854 15456795,24903962 16216094,26419359 14427885,25695202 13741237,24255854 15456795))
32644;POLYGON((20771233 11638669,21307206 12195362,22416800 10796096,21824012 10294206,20771233 11638669))
32645;POLYGON((17881616 8848426,18327108 9254278,19134728 8148053,18647215 7783424,17881616 8848426))
32646;POLYGON((15470819 6819265,15843644 7113907,16428783 6227963,16025182 5964285,15470819 6819265))
32647;POLYGON((13443616 5348286,13758333 5561697,14181127 4841195,13844077 4651044,13443616 5348286))
32648;POLYGON((11722476 4283061,11990905 4437638,12296275 3841479,12011770 3704404,11722476 4283061))
32649;POLYGON((10244676 3510535,10476354 3622795,10697417 3120309,10454239 3021262,10244676 3510535))
32650;POLYGON((8959773 2947947,9162351 3029910,9323196 2598267,9112418 2526326,8959773 2947947))
32651;POLYGON((7827409 2535512,8006998 2595810,8124910 2218017,7939470 2165362,7827409 2535512))
32652;POLYGON((6815414 2230600,6976878 2275355,7064099 1938720,6898434 1899825,6815414 2230600))
32653;POLYGON((5898189 2003185,6045400 2036686,6110495 1731664,5960231 1702675,5898189 2003185))
32654;POLYGON((5055346 1832348,5191390 1857569,5240288 1576898,5101981 1555152,5055346 1832348))
32655;POLYGON((4270559 1703648,4397918 1722637,4434687 1460699,4305605 1444374,4270559 1703648))
32656;POLYGON((3530629 1607196,3651321 1621349,3678731 1373702,3556682 1361562,3530629 1607196))
32657;POLYGON((2824708 1536272,2940404 1546533,2960327 1309568,2843517 1300780,2824708 1536272))
32658;POLYGON((2143673 1486367,2255798 1493365,2269474 1264056,2156396 1258069,2143673 1486367))
32659;POLYGON((1479622 1454548,1589426 1458683,1597650 1234395,1486989 1230861,1479622 1454548))
32660;POLYGON((825458 1439053,934084 1440548,937307 1218895,827871 1217618,825458 1439053))
