32701;POLYGON((229578 6011888,319733 6014201,324396 5792297,236578 5789936,229578 6011888))
32702;POLYGON((-312181 5978377,-221747 5986321,-202931 5763860,-290961 5755760,-312181 5978377))
32703;POLYGON((-856630 5910261,-765631 5924097,-732071 5700456,-820521 5686370,-856630 5910261))
32704;POLYGON((-1405337 5805301,-1313533 5825485,-1264163 5600158,-1353192 5579657,-1405337 5805301))
32705;POLYGON((-1959486 5660008,-1866716 5687213,-1799956 5459899,-1889634 5432354,-1959486 5660008))
32706;POLYGON((-2519622 5469485,-2425854 5504634,-2339550 5275373,-2429808 5239938,-2519622 5469485))
32707;POLYGON((-3085300 5227239,-2990695 5271534,-2882048 5040910,-2972608 4996497,-3085300 5227239))
32708;POLYGON((-3654601 4924932,-3559606 4979902,-3425092 4749341,-3515379 4694601,-3654601 4924932))
32709;POLYGON((-4223498 4552117,-4128962 4619663,-3964252 4391872,-4053273 4325175,-4223498 4552117))
32710;POLYGON((-4785031 4095940,-4692360 4178384,-4492239 3957986,-4578436 3877405,-4785031 4095940))
32711;POLYGON((-5328276 3540825,-5239616 3640965,-4997919 3435390,-5078980 3338705,-5328276 3540825))
32712;POLYGON((-5837065 2868157,-5755538 2989320,-5465097 2810040,-5537731 2694747,-5837065 2868157))
32713;POLYGON((-6288441 2055968,-6218418 2202062,-5871046 2066275,-5930713 1929622,-6288441 2055968))
32714;POLYGON((-6650814 1078646,-6598248 1254204,-6184754 1187078,-6225339 1026128,-6650814 1078646))
32715;POLYGON((-6881788 -93329,-6854598 116893,-6364856 154529,-6378294 -33751,-6881788 -93329))
32716;POLYGON((-6925633 -1493597,-6934152 -1242810,-6357229 -1049547,-6333072 -1268152,-6925633 -1493597))
32717;POLYGON((-6710380 -3160058,-6767866 -2862090,-6092227 -2442666,-6017140 -2694370,-6710380 -3160058))
32718;POLYGON((-6144491 -5134941,-6267713 -4782454,-5481512 -4040462,-5338711 -4327584,-6144491 -5134941))
32719;POLYGON((-5113102 -7464755,-5322998 -7049705,-4414475 -5855127,-4183082 -6179231,-5113102 -7464755))
32720;POLYGON((-3473788 -10200126,-3796204 -9713801,-2754201 -7893427,-2408531 -8254951,-3473788 -10200126))
32721;POLYGON((-1051836 -13395482,-1518349 -12828566,-332964 -10154274,158275 -10552072,-1051836 -13395482))
32722;POLYGON((2365010 -17108570,1716178 -16451233,3052782 -12625763,3727381 -13056560,2365010 -17108570))
32723;POLYGON((7032365 -21399772,6155336 -20641802,7647948 -15281629,8551166 -15739366,7032365 -21399772))
32724;POLYGON((13255580 -26331211,12095719 -25462180,13744905 -18077054,14930545 -18552126,13255580 -26331211))
32725;POLYGON((21396759 -31965598,19889458 -30975070,21690168 -20943756,23221749 -21422112,21396759 -31965598))
32726;POLYGON((31882391 -38364805,29951753 -37242596,31891689 -23784276,33843725 -24246387,31882391 -38364805))
32727;POLYGON((45211665 -45588133,42769070 -44324621,44826802 -26465402,47286187 -26885076,45211665 -45588133))
32728;POLYGON((61965473 -53690239,58908028 -52276736,61050817 -28810642,64118327 -29153672,61965473 -53690239))
32729;POLYGON((82816143 -62718690,79025008 -61147876,81206325 -30591665,84998236 -30814293,82816143 -62718690))
32730;POLYGON((108537921 -72711116,103876509 -70977545,106033216 -31518617,110683048 -31565806,108537921 -72711116))
32731;POLYGON((-107537921 -72711116,-112359010 -74472181,-114490162 -31577507,-109683048 -31565806,-107537921 -72711116))
32732;POLYGON((-81816143 -62718690,-85742332 -64316310,-87923369 -31011834,-83998236 -30814293,-81816143 -62718690))
32733;POLYGON((-60965473 -53690239,-64136491 -55129495,-66298052 -29479956,-63118327 -29153672,-60965473 -53690239))
32734;POLYGON((-44211665 -45588133,-46749180 -46876071,-48839530 -27294590,-46286187 -26885076,-44211665 -45588133))
32735;POLYGON((-30882391 -38364805,-32891835 -39509917,-34873929 -24703442,-32843725 -24246387,-30882391 -38364805))
32736;POLYGON((-20396759 -31965598,-21969020 -32977376,-23817915 -21899280,-22221749 -21422112,-20396759 -31965598))
32737;POLYGON((-12255580 -26331211,-13468574 -27219770,-15169151 -19028855,-13930545 -18552126,-12255580 -26331211))
32738;POLYGON((-6032365 -21399772,-6952484 -22175524,-8497471 -16200768,-7551166 -15739366,-6032365 -21399772))
32739;POLYGON((-1365010 -17108570,-2048467 -17781961,-3436724 -13492353,-2727381 -13056560,-1365010 -17108570))
32740;POLYGON((2051836 -13395482,1557785 -13976774,322737 -10955664,841724 -10552072,2051836 -13395482))
32741;POLYGON((4473788 -10200126,4129717 -10699220,3040937 -8622650,3408531 -8254951,4473788 -10200126))
32742;POLYGON((6113102 -7464755,5886392 -7891061,4934568 -6509578,5183082 -6179231,6113102 -7464755))
32743;POLYGON((7144491 -5134941,7008400 -5497278,6182714 -4620787,6338711 -4327584,7144491 -5134941))
32744;POLYGON((7710380 -3160058,7643206 -3466584,6932035 -2951832,7017140 -2694370,7710380 -3160058))
32745;POLYGON((7925633 -1493597,7909961 -1751768,7301438 -1492091,7333072 -1268152,7925633 -1493597))
32746;POLYGON((7881788 -93329,7903816 -309883,7386264 -226881,7378294 -33751,7881788 -93329))
32747;POLYGON((7650814 1078646,7699760 897691,7262018 860835,7225339 1026128,7650814 1078646))
32748;POLYGON((7288441 2055968,7356016 1905297,6987672 1789129,6930713 1929622,7288441 2055968))
32749;POLYGON((6837065 2868157,6917017 2743126,6608559 2576092,6537731 2694747,6837065 2868157))
32750;POLYGON((6328276 3540825,6415994 3437427,6158895 3239099,6078980 3338705,6328276 3540825))
32751;POLYGON((5785031 4095940,5877206 4010755,5663960 3794303,5578436 3877405,5785031 4095940))
32752;POLYGON((5223498 4552117,5317838 4482262,5141950 4256305,5053273 4325175,5223498 4552117))
32753;POLYGON((4654601 4924932,4749592 4868008,4605537 4637990,4515379 4694601,4654601 4924932))
32754;POLYGON((4085300 5227239,4180011 5181279,4063172 4950465,3972608 4996497,4085300 5227239))
32755;POLYGON((3519622 5469485,3613547 5432904,3520141 5203089,3429808 5239938,3519622 5469485))
32756;POLYGON((2959486 5660008,3052423 5631549,2979419 5403559,2889634 5432354,2959486 5660008))
32757;POLYGON((2405337 5805301,2497293 5784001,2442328 5558031,2353192 5579657,2405337 5805301))
32758;POLYGON((1856630 5910261,1947747 5895404,1909059 5671250,1820521 5686370,1856630 5910261))
32759;POLYGON((1312181 5978377,1402690 5969473,1379048 5746684,1290961 5755760,1312181 5978377))
32760;POLYGON((770421 6011888,860601 6008645,851258 5786629,763421 5789936,770421 6011888))
32601;POLYGON((229578 -3988111,319733 -3985798,324396 -4207702,236578 -4210063,229578 -3988111))
32602;POLYGON((-312181 -4021622,-221747 -4013678,-202931 -4236139,-290961 -4244239,-312181 -4021622))
32603;POLYGON((-856630 -4089738,-765631 -4075902,-732071 -4299543,-820521 -4313629,-856630 -4089738))
32604;POLYGON((-1405337 -4194698,-1313533 -4174514,-1264163 -4399841,-1353192 -4420342,-1405337 -4194698))
32605;POLYGON((-1959486 -4339991,-1866716 -4312786,-1799956 -4540100,-1889634 -4567645,-1959486 -4339991))
32606;POLYGON((-2519622 -4530514,-2425854 -4495365,-2339550 -4724626,-2429808 -4760061,-2519622 -4530514))
32607;POLYGON((-3085300 -4772760,-2990695 -4728465,-2882048 -4959089,-2972608 -5003502,-3085300 -4772760))
32608;POLYGON((-3654601 -5075067,-3559606 -5020097,-3425092 -5250658,-3515379 -5305398,-3654601 -5075067))
32609;POLYGON((-4223498 -5447882,-4128962 -5380336,-3964252 -5608127,-4053273 -5674824,-4223498 -5447882))
32610;POLYGON((-4785031 -5904059,-4692360 -5821615,-4492239 -6042013,-4578436 -6122594,-4785031 -5904059))
32611;POLYGON((-5328276 -6459174,-5239616 -6359034,-4997919 -6564609,-5078980 -6661294,-5328276 -6459174))
32612;POLYGON((-5837065 -7131842,-5755538 -7010679,-5465097 -7189959,-5537731 -7305252,-5837065 -7131842))
32613;POLYGON((-6288441 -7944031,-6218418 -7797937,-5871046 -7933724,-5930713 -8070377,-6288441 -7944031))
32614;POLYGON((-6650814 -8921353,-6598248 -8745795,-6184754 -8812921,-6225339 -8973871,-6650814 -8921353))
32615;POLYGON((-6881788 -10093329,-6854598 -9883106,-6364856 -9845470,-6378294 -10033751,-6881788 -10093329))
32616;POLYGON((-6925633 -11493597,-6934152 -11242810,-6357229 -11049547,-6333072 -11268152,-6925633 -11493597))
32617;POLYGON((-6710380 -13160058,-6767866 -12862090,-6092227 -12442666,-6017140 -12694370,-6710380 -13160058))
32618;POLYGON((-6144491 -15134941,-6267713 -14782454,-5481512 -14040462,-5338711 -14327584,-6144491 -15134941))
32619;POLYGON((-5113102 -17464755,-5322998 -17049705,-4414475 -15855127,-4183082 -16179231,-5113102 -17464755))
32620;POLYGON((-3473788 -20200126,-3796204 -19713801,-2754201 -17893427,-2408531 -18254951,-3473788 -20200126))
32621;POLYGON((-1051836 -23395482,-1518349 -22828566,-332964 -20154274,158275 -20552072,-1051836 -23395482))
32622;POLYGON((2365010 -27108570,1716178 -26451233,3052782 -22625763,3727381 -23056560,2365010 -27108570))
32623;POLYGON((7032365 -31399772,6155336 -30641802,7647948 -25281629,8551166 -25739366,7032365 -31399772))
32624;POLYGON((13255580 -36331211,12095719 -35462180,13744905 -28077054,14930545 -28552126,13255580 -36331211))
32625;POLYGON((21396759 -41965598,19889458 -40975070,21690168 -30943756,23221749 -31422112,21396759 -41965598))
32626;POLYGON((31882391 -48364805,29951753 -47242596,31891689 -33784276,33843725 -34246387,31882391 -48364805))
32627;POLYGON((45211665 -55588133,42769070 -54324621,44826802 -36465402,47286187 -36885076,45211665 -55588133))
32628;POLYGON((61965473 -63690239,58908028 -62276736,61050817 -38810642,64118327 -39153672,61965473 -63690239))
32629;POLYGON((82816143 -72718690,79025008 -71147876,81206325 -40591665,84998236 -40814293,82816143 -72718690))
32630;POLYGON((108537921 -82711116,103876509 -80977545,106033216 -41518617,110683048 -41565806,108537921 -82711116))
32631;POLYGON((-107537921 -82711116,-112359010 -84472181,-114490162 -41577507,-109683048 -41565806,-107537921 -82711116))
32632;POLYGON((-81816143 -72718690,-85742332 -74316310,-87923369 -41011834,-83998236 -40814293,-81816143 -72718690))
32633;POLYGON((-60965473 -63690239,-64136491 -65129495,-66298052 -39479956,-63118327 -39153672,-60965473 -63690239))
32634;POLYGON((-44211665 -55588133,-46749180 -56876071,-48839530 -37294590,-46286187 -36885076,-44211665 -55588133))
32635;POLYGON((-30882391 -48364805,-32891835 -49509917,-34873929 -34703442,-32843725 -34246387,-30882391 -48364805))
32636;POLYGON((-20396759 -41965598,-21969020 -42977376,-23817915 -31899280,-22221749 -31422112,-20396759 -41965598))
32637;POLYGON((-12255580 -36331211,-13468574 -37219770,-15169151 -29028855,-13930545 -28552126,-12255580 -36331211))
32638;POLYGON((-6032365 -31399772,-6952484 -32175524,-8497471 -26200768,-7551166 -25739366,-6032365 -31399772))
32639;POLYGON((-1365010 -27108570,-2048467 -27781961,-3436724 -23492353,-2727381 -23056560,-1365010 -27108570))
32640;POLYGON((2051836 -23395482,1557785 -23976774,322737 -20955664,841724 -20552072,2051836 -23395482))
32641;POLYGON((4473788 -20200126,4129717 -20699220,3040937 -18622650,3408531 -18254951,4473788 -20200126))
32642;POLYGON((6113102 -17464755,5886392 -17891061,4934568 -16509578,5183082 -16179231,6113102 -17464755))
32643;POLYGON((7144491 -15134941,7008400 -15497278,6182714 -14620787,6338711 -14327584,7144491 -15134941))
32644;POLYGON((7710380 -13160058,7643206 -13466584,6932035 -12951832,7017140 -12694370,7710380 -13160058))
32645;POLYGON((7925633 -11493597,7909961 -11751768,7301438 -11492091,7333072 -11268152,7925633 -11493597))
32646;POLYGON((7881788 -10093329,7903816 -10309883,7386264 -10226881,7378294 -10033751,7881788 -10093329))
32647;POLYGON((7650814 -8921353,7699760 -9102308,7262018 -9139164,7225339 -8973871,7650814 -8921353))
32648;POLYGON((7288441 -7944031,7356016 -8094702,6987672 -8210870,6930713 -8070377,7288441 -7944031))
32649;POLYGON((6837065 -7131842,6917017 -7256873,6608559 -7423907,6537731 -7305252,6837065 -7131842))
32650;POLYGON((6328276 -6459174,6415994 -6562572,6158895 -6760900,6078980 -6661294,6328276 -6459174))
32651;POLYGON((5785031 -5904059,5877206 -5989244,5663960 -6205696,5578436 -6122594,5785031 -5904059))
32652;POLYGON((5223498 -5447882,5317838 -5517737,5141950 -5743694,5053273 -5674824,5223498 -5447882))
32653;POLYGON((4654601 -5075067,4749592 -5131991,4605537 -5362009,4515379 -5305398,4654601 -5075067))
32654;POLYGON((4085300 -4772760,4180011 -4818720,4063172 -5049534,3972608 -5003502,4085300 -4772760))
32655;POLYGON((3519622 -4530514,3613547 -4567095,3520141 -4796910,3429808 -4760061,3519622 -4530514))
32656;POLYGON((2959486 -4339991,3052423 -4368450,2979419 -4596440,2889634 -4567645,2959486 -4339991))
32657;POLYGON((2405337 -4194698,2497293 -4215998,2442328 -4441968,2353192 -4420342,2405337 -4194698))
32658;POLYGON((1856630 -4089738,1947747 -4104595,1909059 -4328749,1820521 -4313629,1856630 -4089738))
32659;POLYGON((1312181 -4021622,1402690 -4030526,1379048 -4253315,1290961 -4244239,1312181 -4021622))
32660;POLYGON((770421 -3988111,860601 -3991354,851258 -4213370,763421 -4210063,770421 -3988111))
