32701;POLYGON((192457 12546667,295007 12544918,292110 12323448,188106 12325075,192457 12546667))
32702;POLYGON((-424992 12572066,-321718 12566034,-333456 12343094,-438246 12348707,-424992 12572066))
32703;POLYGON((-1049583 12624035,-944782 12613441,-965915 12387233,-1072368 12397103,-1049583 12624035))
32704;POLYGON((-1686225 12705039,-1579066 12689374,-1610627 12458026,-1719663 12472647,-1686225 12705039))
32705;POLYGON((-2340042 12819086,-2229655 12797558,-2273266 12559099,-2385870 12579241,-2340042 12819086))
32706;POLYGON((-3016419 12972157,-2901886 12943609,-2959938 12695946,-3077179 12722749,-3016419 12972157))
32707;POLYGON((-3721020 13172846,-3601378 13135628,-3677302 12876570,-3800349 12911673,-3721020 13172846))
32708;POLYGON((-4459762 13433300,-4334011 13385090,-4432662 13112420,-4562802 13158151,-4459762 13433300))
32709;POLYGON((-5238736 13770522,-5105852 13708081,-5234055 13419712,-5372704 13479359,-5238736 13770522))
32710;POLYGON((-6064063 14208159,-5923033 14126991,-6090313 13821271,-6239023 13899442,-6064063 14208159))
32711;POLYGON((-6941685 14778878,-6791543 14672791,-7011105 14348991,-7171571 14452099,-6941685 14778878))
32712;POLYGON((-7877065 15527476,-7716948 15388004,-8006952 15047092,-8181009 15183985,-7877065 15527476))
32713;POLYGON((-8874803 16514875,-8704025 16330544,-9089211 15976328,-9278830 16159096,-8874803 16514875))
32714;POLYGON((-9938147 17823167,-9756283 17578575,-10270031 17219337,-10477311 17464331,-9938147 17823167))
32715;POLYGON((-11068392 19561902,-10875392 19236575,-11562275 18887348,-11789418 19216441,-11068392 19561902))
32716;POLYGON((-12264167 21875821,-12060478 21442816,-12979392 21128455,-13228690 21570594,-12264167 21875821))
32717;POLYGON((-13520580 24954255,-13307303 24378465,-14535268 24137727,-14809060 24730814,-13520580 24954255))
32718;POLYGON((-14828235 29042424,-14607294 28278556,-16244008 28169402,-16544652 28962547,-14828235 29042424))
32719;POLYGON((-16172090 34454900,-15946437 33445066,-18119696 33551452,-18449515 34607654,-16172090 34454900))
32720;POLYGON((-17530165 41591495,-17304006 40262386,-20176080 40702829,-20537310 42102135,-17530165 41591495))
32721;POLYGON((-18872076 50955874,-18651126 49215456,-22426225 50153713,-22820947 51996902,-18872076 50955874))
32722;POLYGON((-20157392 63177189,-19949162 60910873,-24882091 62569095,-25312160 64981966,-20157392 63177189))
32723;POLYGON((-21333806 79035064,-21147922 76101294,-27554064 78776072,-28021020 81914374,-21333806 79035064))
32724;POLYGON((-22335108 99488268,-22183663 95713472,-30450415 99795216,-30955391 103850302,-22335108 99488268))
32725;POLYGON((-23078952 125707430,-22976892 120880273,-33576702 126876433,-34120313 132081703,-23078952 125707430))
32726;POLYGON((-23464401 159112180,-23429950 152977047,-36935091 161539720,-37517318 168177922,-23464401 159112180))
32727;POLYGON((-23369256 201413093,-23424379 193662750,-40523616 205621266,-41143673 214032724,-23369256 201413093))
32728;POLYGON((-22647144 254658857,-22818045 244926207,-44335357 261325336,-44991546 271917204,-22647144 254658857))
32729;POLYGON((-21124353 321289081,-21442025 309137954,-48357540 331282449,-49047096 344539041,-21124353 321289081))
32730;POLYGON((-18596431 404193185,-19097236 389108083,-52570556 418614302,-53289473 435108614,-18596431 404193185))
32731;POLYGON((19596431 404193185,19061155 419823594,55012796 452205180,54289473 435108614,19596431 404193185))
32732;POLYGON((22124353 321289081,21778838 333891102,50741860 358292887,50047096 344539041,22124353 321289081))
32733;POLYGON((23647144 254658857,23454070 264762288,46653520 282917313,45991546 271917204,23647144 254658857))
32734;POLYGON((24369256 201413093,24296779 209466582,42769896 222777360,42143673 214032724,24369256 201413093))
32735;POLYGON((24464401 159112180,24485555 165493669,39105927 175086347,38517318 168177922,24464401 159112180))
32736;POLYGON((24078952 125707430,24171103 130733534,35670380 137504712,35120313 132081703,24078952 125707430))
32737;POLYGON((23335108 99488268,23479443 103422670,32466779 108079639,31955391 103850302,23335108 99488268))
32738;POLYGON((22333806 79035064,22514862 82096007,29494247 85191133,29021020 81914374,22333806 79035064))
32739;POLYGON((21157392 63177189,21362628 65544119,26748279 67504039,26312160 64981966,21157392 63177189))
32740;POLYGON((19872076 50955874,20091481 52775313,24221439 53925559,23820947 51996902,19872076 50955874))
32741;POLYGON((18530165 41591495,18755898 42982205,21903982 43567803,21537310 42102135,18530165 41591495))
32742;POLYGON((17172090 34454900,17398156 35512393,19784417 35714971,19449515 34607654,17172090 34454900))
32743;POLYGON((15828235 29042424,16050197 29842888,17849999 29794741,17544652 28962547,15828235 29042424))
32744;POLYGON((14520580 24954255,14735294 25557938,16087164 25353493,15809060 24730814,14520580 24954255))
32745;POLYGON((13264167 21875821,13469551 22329938,14481906 22034986,14228690 21570594,13264167 21875821))
32746;POLYGON((12068392 19561902,12263221 19903106,13020094 19562147,12789418 19216441,12068392 19561902))
32747;POLYGON((10938147 17823167,11121875 18079637,11687745 17721653,11477311 17464331,10938147 17823167))
32748;POLYGON((9874803 16514875,10047409 16708058,10471245 16350968,10278830 16159096,9874803 16514875))
32749;POLYGON((8877065 15527476,9038917 15673535,9357519 15327583,9181009 15183985,8877065 15527476))
32750;POLYGON((7941685 14778878,8093433 14889870,8334171 14560146,8171571 14452099,7941685 14778878))
32751;POLYGON((7064063 14208159,7206546 14292996,7389572 13981266,7239023 13899442,7064063 14208159))
32752;POLYGON((6238736 13770522,6372907 13835733,6512918 13541730,6372704 13479359,6238736 13770522))
32753;POLYGON((5459762 13433300,5586632 13483627,5694259 13205942,5562802 13158151,5459762 13433300))
32754;POLYGON((4721020 13172846,4841610 13211714,4924486 12948363,4800349 12911673,4721020 13172846))
32755;POLYGON((4016419 12972157,4131736 13002020,4195303 12750806,4077179 12722749,4016419 12972157))
32756;POLYGON((3340042 12819086,3451055 12841693,3499170 12600403,3385870 12579241,3340042 12819086))
32757;POLYGON((2686225 12705039,2793859 12721618,2829223 12488125,2719663 12472647,2686225 12705039))
32758;POLYGON((2049583 12624035,2154717 12635432,2179185 12407723,2072368 12397103,2049583 12624035))
32759;POLYGON((1424992 12572066,1528464 12578833,1543250 12355006,1438246 12348707,1424992 12572066))
32760;POLYGON((807542 12546667,910159 12549120,915968 12327357,811893 12325075,807542 12546667))
32601;POLYGON((192457 2546667,295007 2544918,292110 2323448,188106 2325075,192457 2546667))
32602;POLYGON((-424992 2572066,-321718 2566034,-333456 2343094,-438246 2348707,-424992 2572066))
32603;POLYGON((-1049583 2624035,-944782 2613441,-965915 2387233,-1072368 2397103,-1049583 2624035))
32604;POLYGON((-1686225 2705039,-1579066 2689374,-1610627 2458026,-1719663 2472647,-1686225 2705039))
32605;POLYGON((-2340042 2819086,-2229655 2797558,-2273266 2559099,-2385870 2579241,-2340042 2819086))
32606;POLYGON((-3016419 2972157,-2901886 2943609,-2959938 2695946,-3077179 2722749,-3016419 2972157))
32607;POLYGON((-3721020 3172846,-3601378 3135628,-3677302 2876570,-3800349 2911673,-3721020 3172846))
32608;POLYGON((-4459762 3433300,-4334011 3385090,-4432662 3112420,-4562802 3158151,-4459762 3433300))
32609;POLYGON((-5238736 3770522,-5105852 3708081,-5234055 3419712,-5372704 3479359,-5238736 3770522))
32610;POLYGON((-6064063 4208159,-5923033 4126991,-6090313 3821271,-6239023 3899442,-6064063 4208159))
32611;POLYGON((-6941685 4778878,-6791543 4672791,-7011105 4348991,-7171571 4452099,-6941685 4778878))
32612;POLYGON((-7877065 5527476,-7716948 5388004,-8006952 5047092,-8181009 5183985,-7877065 5527476))
32613;POLYGON((-8874803 6514875,-8704025 6330544,-9089211 5976328,-9278830 6159096,-8874803 6514875))
32614;POLYGON((-9938147 7823167,-9756283 7578575,-10270031 7219337,-10477311 7464331,-9938147 7823167))
32615;POLYGON((-11068392 9561902,-10875392 9236575,-11562275 8887348,-11789418 9216441,-11068392 9561902))
32616;POLYGON((-12264167 11875821,-12060478 11442816,-12979392 11128455,-13228690 11570594,-12264167 11875821))
32617;POLYGON((-13520580 14954255,-13307303 14378465,-14535268 14137727,-14809060 14730814,-13520580 14954255))
32618;POLYGON((-14828235 19042424,-14607294 18278556,-16244008 18169402,-16544652 18962547,-14828235 19042424))
32619;POLYGON((-16172090 24454900,-15946437 23445066,-18119696 23551452,-18449515 24607654,-16172090 24454900))
32620;POLYGON((-17530165 31591495,-17304006 30262386,-20176080 30702829,-20537310 32102135,-17530165 31591495))
32621;POLYGON((-18872076 40955874,-18651126 39215456,-22426225 40153713,-22820947 41996902,-18872076 40955874))
32622;POLYGON((-20157392 53177189,-19949162 50910873,-24882091 52569095,-25312160 54981966,-20157392 53177189))
32623;POLYGON((-21333806 69035064,-21147922 66101294,-27554064 68776072,-28021020 71914374,-21333806 69035064))
32624;POLYGON((-22335108 89488268,-22183663 85713472,-30450415 89795216,-30955391 93850302,-22335108 89488268))
32625;POLYGON((-23078952 115707430,-22976892 110880273,-33576702 116876433,-34120313 122081703,-23078952 115707430))
32626;POLYGON((-23464401 149112180,-23429950 142977047,-36935091 151539720,-37517318 158177922,-23464401 149112180))
32627;POLYGON((-23369256 191413093,-23424379 183662750,-40523616 195621266,-41143673 204032724,-23369256 191413093))
32628;POLYGON((-22647144 244658857,-22818045 234926207,-44335357 251325336,-44991546 261917204,-22647144 244658857))
32629;POLYGON((-21124353 311289081,-21442025 299137954,-48357540 321282449,-49047096 334539041,-21124353 311289081))
32630;POLYGON((-18596431 394193185,-19097236 379108083,-52570556 408614302,-53289473 425108614,-18596431 394193185))
32631;POLYGON((19596431 394193185,19061155 409823594,55012796 442205180,54289473 425108614,19596431 394193185))
32632;POLYGON((22124353 311289081,21778838 323891102,50741860 348292887,50047096 334539041,22124353 311289081))
32633;POLYGON((23647144 244658857,23454070 254762288,46653520 272917313,45991546 261917204,23647144 244658857))
32634;POLYGON((24369256 191413093,24296779 199466582,42769896 212777360,42143673 204032724,24369256 191413093))
32635;POLYGON((24464401 149112180,24485555 155493669,39105927 165086347,38517318 158177922,24464401 149112180))
32636;POLYGON((24078952 115707430,24171103 120733534,35670380 127504712,35120313 122081703,24078952 115707430))
32637;POLYGON((23335108 89488268,23479443 93422670,32466779 98079639,31955391 93850302,23335108 89488268))
32638;POLYGON((22333806 69035064,22514862 72096007,29494247 75191133,29021020 71914374,22333806 69035064))
32639;POLYGON((21157392 53177189,21362628 55544119,26748279 57504039,26312160 54981966,21157392 53177189))
32640;POLYGON((19872076 40955874,20091481 42775313,24221439 43925559,23820947 41996902,19872076 40955874))
32641;POLYGON((18530165 31591495,18755898 32982205,21903982 33567803,21537310 32102135,18530165 31591495))
32642;POLYGON((17172090 24454900,17398156 25512393,19784417 25714971,19449515 24607654,17172090 24454900))
32643;POLYGON((15828235 19042424,16050197 19842888,17849999 19794741,17544652 18962547,15828235 19042424))
32644;POLYGON((14520580 14954255,14735294 15557938,16087164 15353493,15809060 14730814,14520580 14954255))
32645;POLYGON((13264167 11875821,13469551 12329938,14481906 12034986,14228690 11570594,13264167 11875821))
32646;POLYGON((12068392 9561902,12263221 9903106,13020094 9562147,12789418 9216441,12068392 9561902))
32647;POLYGON((10938147 7823167,11121875 8079637,11687745 7721653,11477311 7464331,10938147 7823167))
32648;POLYGON((9874803 6514875,10047409 6708058,10471245 6350968,10278830 6159096,9874803 6514875))
32649;POLYGON((8877065 5527476,9038917 5673535,9357519 5327583,9181009 5183985,8877065 5527476))
32650;POLYGON((7941685 4778878,8093433 4889870,8334171 4560146,8171571 4452099,7941685 4778878))
32651;POLYGON((7064063 4208159,7206546 4292996,7389572 3981266,7239023 3899442,7064063 4208159))
32652;POLYGON((6238736 3770522,6372907 3835733,6512918 3541730,6372704 3479359,6238736 3770522))
32653;POLYGON((5459762 3433300,5586632 3483627,5694259 3205942,5562802 3158151,5459762 3433300))
32654;POLYGON((4721020 3172846,4841610 3211714,4924486 2948363,4800349 2911673,4721020 3172846))
32655;POLYGON((4016419 2972157,4131736 3002020,4195303 2750806,4077179 2722749,4016419 2972157))
32656;POLYGON((3340042 2819086,3451055 2841693,3499170 2600403,3385870 2579241,3340042 2819086))
32657;POLYGON((2686225 2705039,2793859 2721618,2829223 2488125,2719663 2472647,2686225 2705039))
32658;POLYGON((2049583 2624035,2154717 2635432,2179185 2407723,2072368 2397103,2049583 2624035))
32659;POLYGON((1424992 2572066,1528464 2578833,1543250 2355006,1438246 2348707,1424992 2572066))
32660;POLYGON((807542 2546667,910159 2549120,915968 2327357,811893 2325075,807542 2546667))
