32701;POLYGON((476646 19551985,484426 19551646,476664 19328498,465005 19329005,476646 19551985))
32702;POLYGON((430191 19556855,437895 19555707,406935 19334566,395391 19336281,430191 19556855))
32703;POLYGON((384495 19566545,392037 19564599,338205 19347853,326899 19350760,384495 19566545))
32704;POLYGON((340053 19580950,347352 19578228,271211 19368223,260265 19372293,340053 19580950))
32705;POLYGON((297349 19599917,304325 19596447,206678 19395466,196212 19400656,297349 19599917))
32706;POLYGON((256850 19623242,263427 19619062,145307 19429299,135434 19435554,256850 19623242))
32707;POLYGON((218999 19650676,225105 19645830,87769 19469367,78597 19476623,218999 19650676))
32708;POLYGON((184212 19681921,189780 19676463,34697 19515249,26328 19523428,184212 19681921))
32709;POLYGON((152873 19716641,157842 19710629,-13319 19566456,-20792 19575471,152873 19716641))
32710;POLYGON((125327 19754458,129641 19747957,-55747 19622440,-62241 19632193,125327 19754458))
32711;POLYGON((101878 19794961,105490 19788042,-92114 19682595,-97557 19692982,101878 19794961))
32712;POLYGON((82783 19837709,85654 19830448,-122022 19746273,-126356 19757180,82783 19837709))
32713;POLYGON((68245 19882236,70345 19874712,-145156 19812784,-148337 19824095,68245 19882236))
32714;POLYGON((58415 19928062,59722 19920355,-161296 19881417,-163297 19893012,58415 19928062))
32715;POLYGON((53379 19974696,53884 19966888,-170329 19951451,-171142 19963209,53379 19974696))
32716;POLYGON((53161 20021647,52864 20013820,-172263 20022174,-171903 20033980,53161 20021647))
32717;POLYGON((57713 20068435,56628 20060668,-167240 20092910,-165745 20104656,57713 20068435))
32718;POLYGON((66917 20114603,65067 20106970,-155556 20163045,-152991 20174637,66917 20114603))
32719;POLYGON((80573 20159730,77998 20152298,-137671 20232060,-134130 20243424,80573 20159730))
32720;POLYGON((98402 20203446,95155 20196272,-114233 20299571,-109844 20310660,98402 20203446))
32721;POLYGON((120042 20245451,116189 20238579,-86096 20365378,-81021 20376178,120042 20245451))
32722;POLYGON((145037 20285530,140660 20278990,-54338 20429513,-48783 20440058,145037 20285530))
32723;POLYGON((172845 20323582,168041 20317382,-20291 20492310,-14503 20502689,172845 20323582))
32724;POLYGON((202823 20359638,197706 20353762,14441 20554469,20168 20564840,202823 20359638))
32725;POLYGON((234232 20393890,228932 20388293,47957 20617144,53272 20627750,234232 20393890))
32726;POLYGON((266234 20426723,260898 20421327,78022 20682032,82521 20693215,266234 20426723))
32727;POLYGON((297882 20458744,292675 20453430,102047 20751477,105261 20763700,297882 20458744))
32728;POLYGON((328126 20490822,323231 20485426,117051 20828592,118442 20842457,328126 20490822))
32729;POLYGON((355807 20524129,351424 20518433,119629 20917387,118586 20933660,355807 20524129))
32730;POLYGON((379653 20560180,376002 20553905,105915 21022917,101747 21042553,379653 20560180))
32731;POLYGON((620346 20560180,616840 20566583,903014 21062858,898252 21042553,620346 20560180))
32732;POLYGON((644192 20524129,639916 20529900,882927 20950421,881413 20933660,644192 20524129))
32733;POLYGON((671873 20490822,667049 20496252,880527 20856666,881557 20842457,671873 20490822))
32734;POLYGON((702117 20458744,696949 20464058,891789 20776152,894738 20763700,702117 20458744))
32735;POLYGON((733765 20426723,728439 20432096,913159 20704537,917478 20693215,733765 20426723))
32736;POLYGON((765767 20393890,760450 20399448,941517 20638426,946727 20627750,765767 20393890))
32737;POLYGON((797176 20359638,792019 20365464,974148 20575232,979831 20564840,797176 20359638))
32738;POLYGON((827154 20323582,822290 20329727,1008702 20513053,1014503 20502689,827154 20323582))
32739;POLYGON((854962 20285530,850506 20292014,1043171 20450568,1048783 20440058,854962 20285530))
32740;POLYGON((879957 20245451,876011 20252269,1075852 20386932,1081021 20376178,879957 20245451))
32741;POLYGON((901597 20203446,898244 20210573,1105328 20321700,1109844 20310660,901597 20203446))
32742;POLYGON((919426 20159730,916736 20167123,1130438 20254745,1134130 20243424,919426 20159730))
32743;POLYGON((933082 20114603,931109 20122207,1150255 20186196,1152991 20174637,933082 20114603))
32744;POLYGON((942286 20068435,941070 20076184,1164067 20116383,1165745 20104656,942286 20068435))
32745;POLYGON((946838 20021647,946408 20029469,1171350 20045783,1171903 20033980,946838 20021647))
32746;POLYGON((946620 19974696,946990 19982512,1171758 19974983,1171142 19963209,946620 19974696))
32747;POLYGON((941584 19928062,942758 19935792,1165099 19904642,1163297 19893012,941584 19928062))
32748;POLYGON((931754 19882236,933722 19889797,1151321 19835462,1148337 19824095,931754 19882236))
32749;POLYGON((917216 19837709,919961 19845019,1130499 19768163,1126356 19757180,917216 19837709))
32750;POLYGON((898121 19794961,901612 19801942,1102819 19703463,1097557 19692982,898121 19794961))
32751;POLYGON((874672 19754458,878872 19761034,1068564 19642059,1062241 19632193,874672 19754458))
32752;POLYGON((847126 19716641,851989 19722740,1028108 19584615,1020792 19575471,847126 19716641))
32753;POLYGON((815787 19681921,821259 19687476,981897 19531752,973671 19523428,815787 19681921))
32754;POLYGON((781000 19650676,787022 19655627,930447 19484038,921402 19476623,781000 19650676))
32755;POLYGON((743149 19623242,749653 19627537,874329 19441981,864565 19435554,743149 19623242))
32756;POLYGON((702650 19599917,709565 19603508,814163 19406027,803787 19400656,702650 19599917))
32757;POLYGON((659946 19580950,667197 19583799,750607 19376553,739734 19372293,659946 19580950))
32758;POLYGON((615504 19566545,623012 19568622,684355 19353864,673100 19350760,615504 19566545))
32759;POLYGON((569808 19556855,577490 19558138,616122 19338198,604608 19336281,569808 19556855))
32760;POLYGON((523353 19551985,531127 19552459,546643 19329713,534994 19329005,523353 19551985))
32601;POLYGON((476646 9551985,484426 9551646,476664 9328498,465005 9329005,476646 9551985))
32602;POLYGON((430191 9556855,437895 9555707,406935 9334566,395391 9336281,430191 9556855))
32603;POLYGON((384495 9566545,392037 9564599,338205 9347853,326899 9350760,384495 9566545))
32604;POLYGON((340053 9580950,347352 9578228,271211 9368223,260265 9372293,340053 9580950))
32605;POLYGON((297349 9599917,304325 9596447,206678 9395466,196212 9400656,297349 9599917))
32606;POLYGON((256850 9623242,263427 9619062,145307 9429299,135434 9435554,256850 9623242))
32607;POLYGON((218999 9650676,225105 9645830,87769 9469367,78597 9476623,218999 9650676))
32608;POLYGON((184212 9681921,189780 9676463,34697 9515249,26328 9523428,184212 9681921))
32609;POLYGON((152873 9716641,157842 9710629,-13319 9566456,-20792 9575471,152873 9716641))
32610;POLYGON((125327 9754458,129641 9747957,-55747 9622440,-62241 9632193,125327 9754458))
32611;POLYGON((101878 9794961,105490 9788042,-92114 9682595,-97557 9692982,101878 9794961))
32612;POLYGON((82783 9837709,85654 9830448,-122022 9746273,-126356 9757180,82783 9837709))
32613;POLYGON((68245 9882236,70345 9874712,-145156 9812784,-148337 9824095,68245 9882236))
32614;POLYGON((58415 9928062,59722 9920355,-161296 9881417,-163297 9893012,58415 9928062))
32615;POLYGON((53379 9974696,53884 9966888,-170329 9951451,-171142 9963209,53379 9974696))
32616;POLYGON((53161 10021647,52864 10013820,-172263 10022174,-171903 10033980,53161 10021647))
32617;POLYGON((57713 10068435,56628 10060668,-167240 10092910,-165745 10104656,57713 10068435))
32618;POLYGON((66917 10114603,65067 10106970,-155556 10163045,-152991 10174637,66917 10114603))
32619;POLYGON((80573 10159730,77998 10152298,-137671 10232060,-134130 10243424,80573 10159730))
32620;POLYGON((98402 10203446,95155 10196272,-114233 10299571,-109844 10310660,98402 10203446))
32621;POLYGON((120042 10245451,116189 10238579,-86096 10365378,-81021 10376178,120042 10245451))
32622;POLYGON((145037 10285530,140660 10278990,-54338 10429513,-48783 10440058,145037 10285530))
32623;POLYGON((172845 10323582,168041 10317382,-20291 10492310,-14503 10502689,172845 10323582))
32624;POLYGON((202823 10359638,197706 10353762,14441 10554469,20168 10564840,202823 10359638))
32625;POLYGON((234232 10393890,228932 10388293,47957 10617144,53272 10627750,234232 10393890))
32626;POLYGON((266234 10426723,260898 10421327,78022 10682032,82521 10693215,266234 10426723))
32627;POLYGON((297882 10458744,292675 10453430,102047 10751477,105261 10763700,297882 10458744))
32628;POLYGON((328126 10490822,323231 10485426,117051 10828592,118442 10842457,328126 10490822))
32629;POLYGON((355807 10524129,351424 10518433,119629 10917387,118586 10933660,355807 10524129))
32630;POLYGON((379653 10560180,376002 10553905,105915 11022917,101747 11042553,379653 10560180))
32631;POLYGON((620346 10560180,616840 10566583,903014 11062858,898252 11042553,620346 10560180))
32632;POLYGON((644192 10524129,639916 10529900,882927 10950421,881413 10933660,644192 10524129))
32633;POLYGON((671873 10490822,667049 10496252,880527 10856666,881557 10842457,671873 10490822))
32634;POLYGON((702117 10458744,696949 10464058,891789 10776152,894738 10763700,702117 10458744))
32635;POLYGON((733765 10426723,728439 10432096,913159 10704537,917478 10693215,733765 10426723))
32636;POLYGON((765767 10393890,760450 10399448,941517 10638426,946727 10627750,765767 10393890))
32637;POLYGON((797176 10359638,792019 10365464,974148 10575232,979831 10564840,797176 10359638))
32638;POLYGON((827154 10323582,822290 10329727,1008702 10513053,1014503 10502689,827154 10323582))
32639;POLYGON((854962 10285530,850506 10292014,1043171 10450568,1048783 10440058,854962 10285530))
32640;POLYGON((879957 10245451,876011 10252269,1075852 10386932,1081021 10376178,879957 10245451))
32641;POLYGON((901597 10203446,898244 10210573,1105328 10321700,1109844 10310660,901597 10203446))
32642;POLYGON((919426 10159730,916736 10167123,1130438 10254745,1134130 10243424,919426 10159730))
32643;POLYGON((933082 10114603,931109 10122207,1150255 10186196,1152991 10174637,933082 10114603))
32644;POLYGON((942286 10068435,941070 10076184,1164067 10116383,1165745 10104656,942286 10068435))
32645;POLYGON((946838 10021647,946408 10029469,1171350 10045783,1171903 10033980,946838 10021647))
32646;POLYGON((946620 9974696,946990 9982512,1171758 9974983,1171142 9963209,946620 9974696))
32647;POLYGON((941584 9928062,942758 9935792,1165099 9904642,1163297 9893012,941584 9928062))
32648;POLYGON((931754 9882236,933722 9889797,1151321 9835462,1148337 9824095,931754 9882236))
32649;POLYGON((917216 9837709,919961 9845019,1130499 9768163,1126356 9757180,917216 9837709))
32650;POLYGON((898121 9794961,901612 9801942,1102819 9703463,1097557 9692982,898121 9794961))
32651;POLYGON((874672 9754458,878872 9761034,1068564 9642059,1062241 9632193,874672 9754458))
32652;POLYGON((847126 9716641,851989 9722740,1028108 9584615,1020792 9575471,847126 9716641))
32653;POLYGON((815787 9681921,821259 9687476,981897 9531752,973671 9523428,815787 9681921))
32654;POLYGON((781000 9650676,787022 9655627,930447 9484038,921402 9476623,781000 9650676))
32655;POLYGON((743149 9623242,749653 9627537,874329 9441981,864565 9435554,743149 9623242))
32656;POLYGON((702650 9599917,709565 9603508,814163 9406027,803787 9400656,702650 9599917))
32657;POLYGON((659946 9580950,667197 9583799,750607 9376553,739734 9372293,659946 9580950))
32658;POLYGON((615504 9566545,623012 9568622,684355 9353864,673100 9350760,615504 9566545))
32659;POLYGON((569808 9556855,577490 9558138,616122 9338198,604608 9336281,569808 9556855))
32660;POLYGON((523353 9551985,531127 9552459,546643 9329713,534994 9329005,523353 9551985))
