32701;POLYGON((236578 5789936,324396 5792297,329274 5570327,243900 5567930,236578 5789936))
32702;POLYGON((-290961 5755760,-202931 5763860,-183262 5541471,-268783 5533255,-290961 5755760))
32703;POLYGON((-820521 5686370,-732071 5700456,-697037 5477201,-782840 5462935,-820521 5686370))
32704;POLYGON((-1353192 5579657,-1264163 5600158,-1212741 5375718,-1298907 5355003,-1353192 5579657))
32705;POLYGON((-1889634 5432354,-1799956 5459899,-1730642 5234187,-1817156 5206445,-1889634 5432354))
32706;POLYGON((-2429808 5239938,-2339550 5275373,-2250319 5048670,-2337021 5013134,-2429808 5239938))
32707;POLYGON((-2972608 4996497,-2882048 5040910,-2770315 4814066,-2856832 4769768,-2972608 4996497))
32708;POLYGON((-3515379 4694601,-3425092 4749341,-3287680 4524063,-3373335 4469832,-3515379 4694601))
32709;POLYGON((-4053273 4325175,-3964252 4391872,-3797371 4171134,-3881069 4105601,-4053273 4325175))
32710;POLYGON((-4578436 3877405,-4492239 3957986,-4291495 3746605,-4371581 3668222,-4578436 3877405))
32711;POLYGON((-5078980 3338705,-4997919 3435390,-4758365 3240820,-4832443 3147904,-5078980 3338705))
32712;POLYGON((-5537731 2694747,-5465097 2810040,-5181335 2643463,-5246055 2534261,-5537731 2694747))
32713;POLYGON((-5930713 1929622,-5871046 2066275,-5537404 1944048,-5588201 1816843,-5930713 1929622))
32714;POLYGON((-6225339 1026128,-6184754 1187078,-5795551 1132658,-5826343 985921,-6225339 1026128))
32715;POLYGON((-6378294 -33751,-6364856 154529,-5914779 200968,-5917608 33554,-6378294 -33751))
32716;POLYGON((-6333072 -1268152,-6357229 -1049547,-5841842 -856392,-5806465 -1044969,-6333072 -1268152))
32717;POLYGON((-6017140 -2694370,-6092227 -2442666,-5508636 -2040053,-5422054 -2249289,-6017140 -2694370))
32718;POLYGON((-5338711 -4327584,-5481512 -4040462,-4829215 -3343654,-4675138 -3571620,-5338711 -4327584))
32719;POLYGON((-4183082 -6179231,-4414475 -5855127,-3696416 -4751032,-3454662 -4993850,-4183082 -6179231))
32720;POLYGON((-2408531 -8254951,-2754201 -7893427,-1978071 -6232789,-1623889 -6483993,-2408531 -8254951))
32721;POLYGON((158275 -10552072,-332964 -10154274,487234 -7742142,983915 -7991908,158275 -10552072))
32722;POLYGON((3727381 -13056560,3052782 -12625763,3894871 -9209973,4570269 -9444216,3727381 -13056560))
32723;POLYGON((8551166 -15739366,7647948 -15281629,8479361 -10538991,9376765 -10738291,8551166 -15739366))
32724;POLYGON((14930545 -18552126,13744905 -18077054,14520110 -11596896,15690883 -11735261,14930545 -18552126))
32725;POLYGON((23221749 -21422112,21690168 -20943756,22347675 -12208459,23852354 -12251887,23221749 -21422112))
32726;POLYGON((33843725 -24246387,31891689 -23784276,32350608 -12146390,34260106 -12051225,33843725 -24246387))
32727;POLYGON((47286187 -26885076,44826802 -26465402,44982904 -11120901,47379803 -10831959,47286187 -26885076))
32728;POLYGON((64118327 -29153672,61050817 -28810642,60772059 -8767838,63752026 -8216276,64118327 -29153672))
32729;POLYGON((84998236 -30814293,81206325 -30591665,80327793 -4635249,84001091 -3736173,84998236 -30814293))
32730;POLYGON((110683048 -31565806,106033216 -31518617,104351441 1831710,108844563 3181940,110683048 -31565806))
32731;POLYGON((-109683048 -31565806,-114490162 -31577507,-112487856 4618918,-107844563 3181940,-109683048 -31565806))
32732;POLYGON((-83998236 -30814293,-87923369 -31011834,-86801778 -2769649,-83001091 -3736173,-83998236 -30814293))
32733;POLYGON((-63118327 -29153672,-66298052 -29479956,-65839473 -7613161,-62752026 -8216276,-63118327 -29153672))
32734;POLYGON((-46286187 -26885076,-48839530 -27294590,-48866862 -10504430,-46379803 -10831959,-46286187 -26885076))
32735;POLYGON((-32843725 -24246387,-34873929 -24703442,-35244766 -11927938,-33260106 -12051225,-32843725 -24246387))
32736;POLYGON((-22221749 -21422112,-23817915 -21899280,-24419280 -12275534,-22852354 -12251887,-22221749 -21422112))
32737;POLYGON((-13930545 -18552126,-15169151 -19028855,-15912838 -11860403,-14690883 -11735261,-13930545 -18552126))
32738;POLYGON((-7551166 -15739366,-8497471 -16200768,-9315930 -10929437,-8376765 -10738291,-7551166 -15739366))
32739;POLYGON((-2727381 -13056560,-3436724 -13492353,-4279456 -9674144,-3570269 -9444216,-2727381 -13056560))
32740;POLYGON((841724 -10552072,322737 -10955664,-507687 -8240196,16084 -7991908,841724 -10552072))
32741;POLYGON((3408531 -8254951,3040937 -8622650,2248200 -6735742,2623889 -6483993,3408531 -8254951))
32742;POLYGON((5183082 -6179231,4934568 -6509578,4196022 -5238595,4454662 -4993850,5183082 -6179231))
32743;POLYGON((6338711 -4327584,6182714 -4620787,5507964 -3802392,5675138 -3571620,6338711 -4327584))
32744;POLYGON((7017140 -2694370,6932035 -2951832,6325451 -2461826,6422054 -2249289,7017140 -2694370))
32745;POLYGON((7333072 -1268152,7301438 -1492091,6763538 -1237058,6806465 -1044969,7333072 -1268152))
32746;POLYGON((7378294 -33751,7386264 -226881,6914848 -137373,6917608 33554,7378294 -33751))
32747;POLYGON((7225339 1026128,7262018 860835,6853083 835803,6826343 985921,7225339 1026128))
32748;POLYGON((6930713 1929622,6987672 1789129,6636133 1686482,6588201 1816843,6930713 1929622))
32749;POLYGON((6537731 2694747,6608559 2576092,6308808 2422174,6246055 2534261,6537731 2694747))
32750;POLYGON((6078980 3338705,6158895 3239099,5905223 3052396,5832443 3147904,6078980 3338705))
32751;POLYGON((5578436 3877405,5663960 3794303,5450854 3587538,5371581 3668222,5578436 3877405))
32752;POLYGON((5053273 4325175,5141950 4256305,4964297 4038039,4881069 4105601,5053273 4325175))
32753;POLYGON((4515379 4694601,4605537 4637990,4458752 4413818,4373335 4469832,4515379 4694601))
32754;POLYGON((3972608 4996497,4063172 4950465,3943262 4723901,3856832 4769768,3972608 4996497))
32755;POLYGON((3429808 5239938,3520141 5203089,3423725 4976209,3337021 5013134,3429808 5239938))
32756;POLYGON((2889634 5432354,2979419 5403559,2903717 5177463,2817156 5206445,2889634 5432354))
32757;POLYGON((2353192 5579657,2442328 5558031,2385134 5333162,2298907 5355003,2353192 5579657))
32758;POLYGON((1820521 5686370,1909059 5671250,1868700 5447626,1782840 5462935,1820521 5686370))
32759;POLYGON((1290961 5755760,1379048 5746684,1354342 5524051,1268783 5533255,1290961 5755760))
32760;POLYGON((763421 5789936,851258 5786629,841487 5564573,756099 5567930,763421 5789936))
32601;POLYGON((236578 -4210063,324396 -4207702,329274 -4429672,243900 -4432069,236578 -4210063))
32602;POLYGON((-290961 -4244239,-202931 -4236139,-183262 -4458528,-268783 -4466744,-290961 -4244239))
32603;POLYGON((-820521 -4313629,-732071 -4299543,-697037 -4522798,-782840 -4537064,-820521 -4313629))
32604;POLYGON((-1353192 -4420342,-1264163 -4399841,-1212741 -4624281,-1298907 -4644996,-1353192 -4420342))
32605;POLYGON((-1889634 -4567645,-1799956 -4540100,-1730642 -4765812,-1817156 -4793554,-1889634 -4567645))
32606;POLYGON((-2429808 -4760061,-2339550 -4724626,-2250319 -4951329,-2337021 -4986865,-2429808 -4760061))
32607;POLYGON((-2972608 -5003502,-2882048 -4959089,-2770315 -5185933,-2856832 -5230231,-2972608 -5003502))
32608;POLYGON((-3515379 -5305398,-3425092 -5250658,-3287680 -5475936,-3373335 -5530167,-3515379 -5305398))
32609;POLYGON((-4053273 -5674824,-3964252 -5608127,-3797371 -5828865,-3881069 -5894398,-4053273 -5674824))
32610;POLYGON((-4578436 -6122594,-4492239 -6042013,-4291495 -6253394,-4371581 -6331777,-4578436 -6122594))
32611;POLYGON((-5078980 -6661294,-4997919 -6564609,-4758365 -6759179,-4832443 -6852095,-5078980 -6661294))
32612;POLYGON((-5537731 -7305252,-5465097 -7189959,-5181335 -7356536,-5246055 -7465738,-5537731 -7305252))
32613;POLYGON((-5930713 -8070377,-5871046 -7933724,-5537404 -8055951,-5588201 -8183156,-5930713 -8070377))
32614;POLYGON((-6225339 -8973871,-6184754 -8812921,-5795551 -8867341,-5826343 -9014078,-6225339 -8973871))
32615;POLYGON((-6378294 -10033751,-6364856 -9845470,-5914779 -9799031,-5917608 -9966445,-6378294 -10033751))
32616;POLYGON((-6333072 -11268152,-6357229 -11049547,-5841842 -10856392,-5806465 -11044969,-6333072 -11268152))
32617;POLYGON((-6017140 -12694370,-6092227 -12442666,-5508636 -12040053,-5422054 -12249289,-6017140 -12694370))
32618;POLYGON((-5338711 -14327584,-5481512 -14040462,-4829215 -13343654,-4675138 -13571620,-5338711 -14327584))
32619;POLYGON((-4183082 -16179231,-4414475 -15855127,-3696416 -14751032,-3454662 -14993850,-4183082 -16179231))
32620;POLYGON((-2408531 -18254951,-2754201 -17893427,-1978071 -16232789,-1623889 -16483993,-2408531 -18254951))
32621;POLYGON((158275 -20552072,-332964 -20154274,487234 -17742142,983915 -17991908,158275 -20552072))
32622;POLYGON((3727381 -23056560,3052782 -22625763,3894871 -19209973,4570269 -19444216,3727381 -23056560))
32623;POLYGON((8551166 -25739366,7647948 -25281629,8479361 -20538991,9376765 -20738291,8551166 -25739366))
32624;POLYGON((14930545 -28552126,13744905 -28077054,14520110 -21596896,15690883 -21735261,14930545 -28552126))
32625;POLYGON((23221749 -31422112,21690168 -30943756,22347675 -22208459,23852354 -22251887,23221749 -31422112))
32626;POLYGON((33843725 -34246387,31891689 -33784276,32350608 -22146390,34260106 -22051225,33843725 -34246387))
32627;POLYGON((47286187 -36885076,44826802 -36465402,44982904 -21120901,47379803 -20831959,47286187 -36885076))
32628;POLYGON((64118327 -39153672,61050817 -38810642,60772059 -18767838,63752026 -18216276,64118327 -39153672))
32629;POLYGON((84998236 -40814293,81206325 -40591665,80327793 -14635249,84001091 -13736173,84998236 -40814293))
32630;POLYGON((110683048 -41565806,106033216 -41518617,104351441 -8168289,108844563 -6818059,110683048 -41565806))
32631;POLYGON((-109683048 -41565806,-114490162 -41577507,-112487856 -5381081,-107844563 -6818059,-109683048 -41565806))
32632;POLYGON((-83998236 -40814293,-87923369 -41011834,-86801778 -12769649,-83001091 -13736173,-83998236 -40814293))
32633;POLYGON((-63118327 -39153672,-66298052 -39479956,-65839473 -17613161,-62752026 -18216276,-63118327 -39153672))
32634;POLYGON((-46286187 -36885076,-48839530 -37294590,-48866862 -20504430,-46379803 -20831959,-46286187 -36885076))
32635;POLYGON((-32843725 -34246387,-34873929 -34703442,-35244766 -21927938,-33260106 -22051225,-32843725 -34246387))
32636;POLYGON((-22221749 -31422112,-23817915 -31899280,-24419280 -22275534,-22852354 -22251887,-22221749 -31422112))
32637;POLYGON((-13930545 -28552126,-15169151 -29028855,-15912838 -21860403,-14690883 -21735261,-13930545 -28552126))
32638;POLYGON((-7551166 -25739366,-8497471 -26200768,-9315930 -20929437,-8376765 -20738291,-7551166 -25739366))
32639;POLYGON((-2727381 -23056560,-3436724 -23492353,-4279456 -19674144,-3570269 -19444216,-2727381 -23056560))
32640;POLYGON((841724 -20552072,322737 -20955664,-507687 -18240196,16084 -17991908,841724 -20552072))
32641;POLYGON((3408531 -18254951,3040937 -18622650,2248200 -16735742,2623889 -16483993,3408531 -18254951))
32642;POLYGON((5183082 -16179231,4934568 -16509578,4196022 -15238595,4454662 -14993850,5183082 -16179231))
32643;POLYGON((6338711 -14327584,6182714 -14620787,5507964 -13802392,5675138 -13571620,6338711 -14327584))
32644;POLYGON((7017140 -12694370,6932035 -12951832,6325451 -12461826,6422054 -12249289,7017140 -12694370))
32645;POLYGON((7333072 -11268152,7301438 -11492091,6763538 -11237058,6806465 -11044969,7333072 -11268152))
32646;POLYGON((7378294 -10033751,7386264 -10226881,6914848 -10137373,6917608 -9966445,7378294 -10033751))
32647;POLYGON((7225339 -8973871,7262018 -9139164,6853083 -9164196,6826343 -9014078,7225339 -8973871))
32648;POLYGON((6930713 -8070377,6987672 -8210870,6636133 -8313517,6588201 -8183156,6930713 -8070377))
32649;POLYGON((6537731 -7305252,6608559 -7423907,6308808 -7577825,6246055 -7465738,6537731 -7305252))
32650;POLYGON((6078980 -6661294,6158895 -6760900,5905223 -6947603,5832443 -6852095,6078980 -6661294))
32651;POLYGON((5578436 -6122594,5663960 -6205696,5450854 -6412461,5371581 -6331777,5578436 -6122594))
32652;POLYGON((5053273 -5674824,5141950 -5743694,4964297 -5961960,4881069 -5894398,5053273 -5674824))
32653;POLYGON((4515379 -5305398,4605537 -5362009,4458752 -5586181,4373335 -5530167,4515379 -5305398))
32654;POLYGON((3972608 -5003502,4063172 -5049534,3943262 -5276098,3856832 -5230231,3972608 -5003502))
32655;POLYGON((3429808 -4760061,3520141 -4796910,3423725 -5023790,3337021 -4986865,3429808 -4760061))
32656;POLYGON((2889634 -4567645,2979419 -4596440,2903717 -4822536,2817156 -4793554,2889634 -4567645))
32657;POLYGON((2353192 -4420342,2442328 -4441968,2385134 -4666837,2298907 -4644996,2353192 -4420342))
32658;POLYGON((1820521 -4313629,1909059 -4328749,1868700 -4552373,1782840 -4537064,1820521 -4313629))
32659;POLYGON((1290961 -4244239,1379048 -4253315,1354342 -4475948,1268783 -4466744,1290961 -4244239))
32660;POLYGON((763421 -4210063,851258 -4213370,841487 -4435426,756099 -4432069,763421 -4210063))
