32701;POLYGON((182293 8007242,288239 8008672,290756 7787269,186073 7785705,182293 8007242))
32702;POLYGON((-455967 7986476,-349149 7991410,-338944 7768395,-444443 7763001,-455967 7986476))
32703;POLYGON((-1102875 7943900,-994203 7952588,-975803 7725975,-1083030 7716487,-1102875 7943900))
32704;POLYGON((-1764531 7877306,-1652958 7890207,-1625413 7657895,-1735332 7643828,-1764531 7877306))
32705;POLYGON((-2447551 7783057,-2331929 7800892,-2293733 7560601,-2407386 7541198,-2447551 7783057))
32706;POLYGON((-3159302 7655633,-3038341 7679480,-2987252 7428688,-3105780 7402826,-3159302 7655633))
32707;POLYGON((-3908164 7486933,-3780384 7518360,-3713142 7254249,-3837820 7220306,-3908164 7486933))
32708;POLYGON((-4703820 7265239,-4567503 7306506,-4479425 7025928,-4611684 6981587,-4703820 7265239))
32709;POLYGON((-5557601 6973739,-5410729 7028081,-5295136 6727552,-5436592 6669525,-5557601 6973739))
32710;POLYGON((-6482865 6588475,-6323052 6660489,-6170488 6336252,-6322969 6259911,-6482865 6588475))
32711;POLYGON((-7495452 6075588,-7319866 6171746,-7117042 5819923,-7282618 5718795,-7495452 6075588))
32712;POLYGON((-8614188 5387651,-8419458 5516987,-8147879 5133863,-8328890 4998984,-8614188 5387651))
32713;POLYGON((-9861469 4458942,-9643589 4633919,-9277776 4216419,-9476864 4035497,-9861469 4458942))
32714;POLYGON((-11263931 3199411,-11018136 3437026,-10523388 2983449,-10743523 2739807,-11263931 3199411))
32715;POLYGON((-12853200 1487118,-12573838 1810281,-11903431 1321367,-12147945 992635,-12853200 1487118))
32716;POLYGON((-14666743 -841105,-14347124 -401878,-13438870 -921451,-13711490 -1364949,-14666743 -841105))
32717;POLYGON((-16748820 -4001062,-16381052 -3405597,-15153115 -3945170,-15457995 -4542368,-16748820 -4001062))
32718;POLYGON((-19151551 -8274958,-18726353 -7470947,-17072222 -8011168,-17413977 -8812608,-19151551 -8274958))
32719;POLYGON((-21936101 -14027843,-21442597 -12947905,-19225100 -13457201,-19608838 -14527816,-21936101 -14027843))
32720;POLYGON((-25173991 -21727076,-24599481 -20285288,-21643717 -20715348,-22075081 -22137754,-25173991 -21727076))
32721;POLYGON((-28948546 -31965177,-28278258 -30053014,-24363329 -30333098,-24848529 -32211434,-28948546 -31965177))
32722;POLYGON((-33356481 -45486438,-32573294 -42968058,-27422696 -42997926,-27968551 -45462318,-33356481 -45486438))
32723;POLYGON((-38509646 -63217713,-37593789 -59924523,-30864327 -59565730,-31478300 -62777433,-38509646 -63217713))
32724;POLYGON((-44536917 -86303803,-43465642 -82028216,-34734711 -81093545,-35424956 -85250839,-44536917 -86303803))
32725;POLYGON((-51586262 -116147886,-50333490 -110636219,-39084574 -108876930,-39859976 -114221836,-51586262 -116147886))
32726;POLYGON((-59826979 -154457463,-58362911 -147401872,-43969136 -144492477,-44839354 -151318376,-59826979 -154457463))
32727;POLYGON((-69452107 -203296309,-67742814 -194325693,-49448380 -189845910,-50423893 -198506129,-69452107 -203296309))
32728;POLYGON((-80681038 -265142937,-78688008 -253812720,-55587327 -247226226,-56679481 -258143689,-80681038 -265142937))
32729;POLYGON((-93762318 -342956119,-91441977 -328736816,-62456323 -319366397,-63677382 -333044414,-93762318 -342956119))
32730;POLYGON((-108976648 -440248002,-106279846 -422512481,-70131341 -409511149,-71494535 -426545440,-108976648 -440248002))
32731;POLYGON((109976648 -440248002,112741395 -458638159,73882776 -444204244,72494535 -426545440,109976648 -440248002))
32732;POLYGON((94762318 -342956119,97141831 -357715072,65921185 -347237758,64677382 -333044414,94762318 -342956119))
32733;POLYGON((81681038 -265142937,83725450 -276915427,58792242 -269483952,57679481 -258143689,81681038 -265142937))
32734;POLYGON((70452107 -203296309,72205884 -212627174,52418034 -207511155,51423893 -198506129,70452107 -203296309))
32735;POLYGON((60826979 -154457463,62329443 -161804603,46726371 -158423704,45839354 -151318376,60826979 -154457463))
32736;POLYGON((52586262 -116147886,53872075 -121893906,41650489 -119791694,40859976 -114221836,52586262 -116147886))
32737;POLYGON((45536917 -86303803,46636535 -90766428,37128758 -89587973,36424956 -85250839,45536917 -86303803))
32738;POLYGON((39509646 -63217713,40449741 -66659068,33104400 -66131872,32478300 -62777433,39509646 -63217713))
32739;POLYGON((34356481 -45486438,35160331 -48121273,29525221 -48039141,28968551 -45462318,34356481 -45486438))
32740;POLYGON((29948546 -31965177,30636393 -33968130,26343347 -34177637,25848529 -32211434,29948546 -31965177))
32741;POLYGON((26173991 -21727076,26763378 -23239049,23514971 -23628273,23075081 -22137754,26173991 -21727076))
32742;POLYGON((22936101 -14027843,23442171 -15161566,21000108 -15650796,20608838 -14527816,22936101 -14027843))
32743;POLYGON((20151551 -8274958,20587331 -9119823,18762360 -9653967,18413977 -8812608,20151551 -8274958))
32744;POLYGON((17748820 -4001062,18125474 -4627284,16768688 -5169746,16457995 -4542368,17748820 -4001062))
32745;POLYGON((15666743 -841105,15993804 -1303286,14989187 -1831077,14711490 -1364949,15666743 -841105))
32746;POLYGON((13853200 1487118,14138777 1146962,13396874 647061,13147945 992635,13853200 1487118))
32747;POLYGON((12263931 3199411,12514902 2949311,11967479 2483713,11743523 2739807,12263931 3199411))
32748;POLYGON((10861469 4458942,11083648 4274847,10679243 3845416,10476864 4035497,10861469 4458942))
32749;POLYGON((9614188 5387651,9812478 5251681,9512722 4857389,9328890 4998984,9614188 5387651))
32750;POLYGON((8495452 6075588,8673980 5974607,8450596 5612744,8282618 5718795,8495452 6075588))
32751;POLYGON((7482865 6588475,7645097 6512947,7477482 6179946,7322969 6259911,7482865 6588475))
32752;POLYGON((6557601 6973739,6706453 6916814,6579752 6608810,6436592 6669525,6557601 6973739))
32753;POLYGON((5703820 7265239,5841747 7222049,5745358 6935223,5611684 6981587,5703820 7265239))
32754;POLYGON((4908164 7486933,5037240 7454046,4963658 7184813,4837820 7220306,4908164 7486933))
32755;POLYGON((4159302 7655633,4281292 7630648,4225241 7375745,4105780 7402826,4159302 7655633))
32756;POLYGON((3447551 7783057,3563968 7764306,3521768 7520808,3407386 7541198,3447551 7783057))
32757;POLYGON((2764531 7877306,2876696 7863641,2845799 7628933,2735332 7643828,2764531 7877306))
32758;POLYGON((2102875 7943900,2211956 7934547,2190638 7706275,2083030 7716487,2102875 7943900))
32759;POLYGON((1455967 7986476,1563025 7980938,1550165 7756949,1444443 7763001,1455967 7986476))
32760;POLYGON((817706 8007242,923730 8005238,918683 7783514,813926 7785705,817706 8007242))
32601;POLYGON((182293 -1992757,288239 -1991327,290756 -2212730,186073 -2214294,182293 -1992757))
32602;POLYGON((-455967 -2013523,-349149 -2008589,-338944 -2231604,-444443 -2236998,-455967 -2013523))
32603;POLYGON((-1102875 -2056099,-994203 -2047411,-975803 -2274024,-1083030 -2283512,-1102875 -2056099))
32604;POLYGON((-1764531 -2122693,-1652958 -2109792,-1625413 -2342104,-1735332 -2356171,-1764531 -2122693))
32605;POLYGON((-2447551 -2216942,-2331929 -2199107,-2293733 -2439398,-2407386 -2458801,-2447551 -2216942))
32606;POLYGON((-3159302 -2344366,-3038341 -2320519,-2987252 -2571311,-3105780 -2597173,-3159302 -2344366))
32607;POLYGON((-3908164 -2513066,-3780384 -2481639,-3713142 -2745750,-3837820 -2779693,-3908164 -2513066))
32608;POLYGON((-4703820 -2734760,-4567503 -2693493,-4479425 -2974071,-4611684 -3018412,-4703820 -2734760))
32609;POLYGON((-5557601 -3026260,-5410729 -2971918,-5295136 -3272447,-5436592 -3330474,-5557601 -3026260))
32610;POLYGON((-6482865 -3411524,-6323052 -3339510,-6170488 -3663747,-6322969 -3740088,-6482865 -3411524))
32611;POLYGON((-7495452 -3924411,-7319866 -3828253,-7117042 -4180076,-7282618 -4281204,-7495452 -3924411))
32612;POLYGON((-8614188 -4612348,-8419458 -4483012,-8147879 -4866136,-8328890 -5001015,-8614188 -4612348))
32613;POLYGON((-9861469 -5541057,-9643589 -5366080,-9277776 -5783580,-9476864 -5964502,-9861469 -5541057))
32614;POLYGON((-11263931 -6800588,-11018136 -6562973,-10523388 -7016550,-10743523 -7260192,-11263931 -6800588))
32615;POLYGON((-12853200 -8512881,-12573838 -8189718,-11903431 -8678632,-12147945 -9007364,-12853200 -8512881))
32616;POLYGON((-14666743 -10841105,-14347124 -10401878,-13438870 -10921451,-13711490 -11364949,-14666743 -10841105))
32617;POLYGON((-16748820 -14001062,-16381052 -13405597,-15153115 -13945170,-15457995 -14542368,-16748820 -14001062))
32618;POLYGON((-19151551 -18274958,-18726353 -17470947,-17072222 -18011168,-17413977 -18812608,-19151551 -18274958))
32619;POLYGON((-21936101 -24027843,-21442597 -22947905,-19225100 -23457201,-19608838 -24527816,-21936101 -24027843))
32620;POLYGON((-25173991 -31727076,-24599481 -30285288,-21643717 -30715348,-22075081 -32137754,-25173991 -31727076))
32621;POLYGON((-28948546 -41965177,-28278258 -40053014,-24363329 -40333098,-24848529 -42211434,-28948546 -41965177))
32622;POLYGON((-33356481 -55486438,-32573294 -52968058,-27422696 -52997926,-27968551 -55462318,-33356481 -55486438))
32623;POLYGON((-38509646 -73217713,-37593789 -69924523,-30864327 -69565730,-31478300 -72777433,-38509646 -73217713))
32624;POLYGON((-44536917 -96303803,-43465642 -92028216,-34734711 -91093545,-35424956 -95250839,-44536917 -96303803))
32625;POLYGON((-51586262 -126147886,-50333490 -120636219,-39084574 -118876930,-39859976 -124221836,-51586262 -126147886))
32626;POLYGON((-59826979 -164457463,-58362911 -157401872,-43969136 -154492477,-44839354 -161318376,-59826979 -164457463))
32627;POLYGON((-69452107 -213296309,-67742814 -204325693,-49448380 -199845910,-50423893 -208506129,-69452107 -213296309))
32628;POLYGON((-80681038 -275142937,-78688008 -263812720,-55587327 -257226226,-56679481 -268143689,-80681038 -275142937))
32629;POLYGON((-93762318 -352956119,-91441977 -338736816,-62456323 -329366397,-63677382 -343044414,-93762318 -352956119))
32630;POLYGON((-108976648 -450248002,-106279846 -432512481,-70131341 -419511149,-71494535 -436545440,-108976648 -450248002))
32631;POLYGON((109976648 -450248002,112741395 -468638159,73882776 -454204244,72494535 -436545440,109976648 -450248002))
32632;POLYGON((94762318 -352956119,97141831 -367715072,65921185 -357237758,64677382 -343044414,94762318 -352956119))
32633;POLYGON((81681038 -275142937,83725450 -286915427,58792242 -279483952,57679481 -268143689,81681038 -275142937))
32634;POLYGON((70452107 -213296309,72205884 -222627174,52418034 -217511155,51423893 -208506129,70452107 -213296309))
32635;POLYGON((60826979 -164457463,62329443 -171804603,46726371 -168423704,45839354 -161318376,60826979 -164457463))
32636;POLYGON((52586262 -126147886,53872075 -131893906,41650489 -129791694,40859976 -124221836,52586262 -126147886))
32637;POLYGON((45536917 -96303803,46636535 -100766428,37128758 -99587973,36424956 -95250839,45536917 -96303803))
32638;POLYGON((39509646 -73217713,40449741 -76659068,33104400 -76131872,32478300 -72777433,39509646 -73217713))
32639;POLYGON((34356481 -55486438,35160331 -58121273,29525221 -58039141,28968551 -55462318,34356481 -55486438))
32640;POLYGON((29948546 -41965177,30636393 -43968130,26343347 -44177637,25848529 -42211434,29948546 -41965177))
32641;POLYGON((26173991 -31727076,26763378 -33239049,23514971 -33628273,23075081 -32137754,26173991 -31727076))
32642;POLYGON((22936101 -24027843,23442171 -25161566,21000108 -25650796,20608838 -24527816,22936101 -24027843))
32643;POLYGON((20151551 -18274958,20587331 -19119823,18762360 -19653967,18413977 -18812608,20151551 -18274958))
32644;POLYGON((17748820 -14001062,18125474 -14627284,16768688 -15169746,16457995 -14542368,17748820 -14001062))
32645;POLYGON((15666743 -10841105,15993804 -11303286,14989187 -11831077,14711490 -11364949,15666743 -10841105))
32646;POLYGON((13853200 -8512881,14138777 -8853037,13396874 -9352938,13147945 -9007364,13853200 -8512881))
32647;POLYGON((12263931 -6800588,12514902 -7050688,11967479 -7516286,11743523 -7260192,12263931 -6800588))
32648;POLYGON((10861469 -5541057,11083648 -5725152,10679243 -6154583,10476864 -5964502,10861469 -5541057))
32649;POLYGON((9614188 -4612348,9812478 -4748318,9512722 -5142610,9328890 -5001015,9614188 -4612348))
32650;POLYGON((8495452 -3924411,8673980 -4025392,8450596 -4387255,8282618 -4281204,8495452 -3924411))
32651;POLYGON((7482865 -3411524,7645097 -3487052,7477482 -3820053,7322969 -3740088,7482865 -3411524))
32652;POLYGON((6557601 -3026260,6706453 -3083185,6579752 -3391189,6436592 -3330474,6557601 -3026260))
32653;POLYGON((5703820 -2734760,5841747 -2777950,5745358 -3064776,5611684 -3018412,5703820 -2734760))
32654;POLYGON((4908164 -2513066,5037240 -2545953,4963658 -2815186,4837820 -2779693,4908164 -2513066))
32655;POLYGON((4159302 -2344366,4281292 -2369351,4225241 -2624254,4105780 -2597173,4159302 -2344366))
32656;POLYGON((3447551 -2216942,3563968 -2235693,3521768 -2479191,3407386 -2458801,3447551 -2216942))
32657;POLYGON((2764531 -2122693,2876696 -2136358,2845799 -2371066,2735332 -2356171,2764531 -2122693))
32658;POLYGON((2102875 -2056099,2211956 -2065452,2190638 -2293724,2083030 -2283512,2102875 -2056099))
32659;POLYGON((1455967 -2013523,1563025 -2019061,1550165 -2243050,1444443 -2236998,1455967 -2013523))
32660;POLYGON((817706 -1992757,923730 -1994761,918683 -2216485,813926 -2214294,817706 -1992757))
