32701;POLYGON((259473 14876249,339650 14873817,334361 14651711,251535 14654130,259473 14876249))
32702;POLYGON((-221665 14911412,-141463 14903085,-162764 14680843,-245674 14689135,-221665 14911412))
32703;POLYGON((-702974 14982554,-622747 14968139,-660579 14745664,-743639 14760040,-702974 14982554))
32704;POLYGON((-1184264 15091314,-1104071 15070480,-1159350 14847827,-1242568 14868653,-1184264 15091314))
32705;POLYGON((-1664857 15240158,-1584856 15212437,-1658900 14989921,-1742185 15017721,-1664857 15240158))
32706;POLYGON((-2143319 15432372,-2063814 15397161,-2158346 15175495,-2241461 15210955,-2143319 15432372))
32707;POLYGON((-2617120 15672018,-2538626 15628589,-2655759 15409069,-2738250 15453035,-2617120 15672018))
32708;POLYGON((-3082209 15963834,-3005529 15911358,-3147719 15696105,-3228835 15749574,-3082209 15963834))
32709;POLYGON((-3532470 16313034,-3458793 16250621,-3628758 16042907,-3707339 16106999,-3532470 16313034))
32710;POLYGON((-3959052 16724978,-3890076 16651743,-4090640 16456423,-4164986 16532337,-3959052 16724978))
32711;POLYGON((-4349541 17204658,-4287622 17119823,-4521485 16943894,-4589189 17032831,-4349541 17204658))
32712;POLYGON((-4686967 17755955,-4635298 17658990,-4904690 17512316,-4962439 17615367,-4686967 17755955))
32713;POLYGON((-4948609 18380596,-4911433 18271418,-5217641 18167655,-5260978 18285641,-4948609 18380596))
32714;POLYGON((-5104597 19076748,-5087455 18955981,-5430178 18913754,-5453220 19047015,-5104597 19076748))
32715;POLYGON((-5116273 19837189,-5126296 19706504,-5502802 19750875,-5497916 19898979,-5116273 19837189))
32716;POLYGON((-4934302 20646948,-4980542 20509496,-5384594 20673793,-5342021 20835174,-4934302 20646948))
32717;POLYGON((-4496506 21480356,-4590318 21341304,-5010827 21669374,-4918250 21840871,-4496506 21480356))
32718;POLYGON((-3725410 22297396,-3880883 22164588,-4300240 22713549,-4142297 22889837,-3725410 22297396))
32719;POLYGON((-2525466 23039257,-2759906 22924014,-3151959 23767593,-2909695 23940489,-2525466 23039257))
32720;POLYGON((-779947 23622987,-1114422 23541067,-1442046 24773620,-1092296 24931250,-779947 23622987))
32721;POLYGON((1652514 23935131,1192573 23907867,980368 25649186,1465661 25774987,1652514 23935131))
32722;POLYGON((4941767 23824235,4325899 23879861,4297366 26280892,4951909 26352445,4941767 23824235))
32723;POLYGON((9290370 23092076,8482352 23267291,8726975 26516878,9590959 26504539,9290370 23092076))
32724;POLYGON((14938243 21483511,13895284 21825268,14528377 26158087,15649393 26023404,14938243 21483511))
32725;POLYGON((22167756 18674777,20839617 19242348,22007604 24948167,23441641 24642054,22167756 18674777))
32726;POLYGON((31309266 14260112,29637305 15127440,31523761 22561892,33336297 22022546,31309266 14260112))
32727;POLYGON((42747137 7736538,40663273 8994908,43495785 18591948,45762964 17742478,42747137 7736538))
32728;POLYGON((56926259 -1513353,54351848 247700,58409767 12533953,61219682 11279701,56926259 -1513353))
32729;POLYGON((74359076 -14240786,71203706 -11841659,76826870 3769557,80280935 1995083,74359076 -14240786))
32730;POLYGON((95633164 -31352511,91793349 -28152389,99391847 -8452540,103606281 -10886833,95633164 -31352511))
32731;POLYGON((-94633164 -31352511,-98598108 -34704135,-106959869 -13446569,-102606281 -10886833,-94633164 -31352511))
32732;POLYGON((-73359076 -14240786,-76620962 -16761295,-82853234 121039,-79280935 1995083,-73359076 -14240786))
32733;POLYGON((-55926259 -1513353,-58590881 -3370657,-63129532 9947371,-60219682 11279701,-55926259 -1513353))
32734;POLYGON((-41747137 7736538,-43906996 6402738,-47114140 16832640,-44762964 17742478,-41747137 7736538))
32735;POLYGON((-30309266 14260112,-32044879 13334461,-34219012 21437297,-32336297 22022546,-30309266 14260112))
32736;POLYGON((-21167756 18674777,-22548886 18062816,-23933941 24301737,-22441641 24642054,-21167756 18674777))
32737;POLYGON((-13938243 21483511,-15025030 21108600,-15818448 25863874,-14649393 26023404,-13938243 21483511))
32738;POLYGON((-8290370 23092076,-9134383 22892670,-9494263 26474743,-8590959 26504539,-8290370 23092076))
32739;POLYGON((-3941767 23824235,-4586978 23751479,-4638379 26412291,-3951909 26352445,-3941767 23824235))
32740;POLYGON((-652514 23935131,-1136182 23950750,-976656 25893480,-465661 25774987,-652514 23935131))
32741;POLYGON((1779947 23622987,1426454 23697447,1722047 25084867,2092296 24931250,1779947 23622987))
32742;POLYGON((3525466 23039257,3275927 23150176,3651249 24111779,3909695 23940489,3525466 23039257))
32743;POLYGON((4725410 22297396,4558073 22428171,4971723 23066217,5142297 22889837,4725410 22297396))
32744;POLYGON((5496506 21480356,5393477 21618996,5815936 22013604,5918250 21840871,5496506 21480356))
32745;POLYGON((5934302 20646948,5880991 20785088,6292046 20998511,6342021 20835174,5934302 20646948))
32746;POLYGON((6116273 19837189,6100900 19969267,6487490 20049441,6497916 19898979,6116273 19837189))
32747;POLYGON((6104597 19076748,6117754 19199318,6472189 19182805,6453220 19047015,6104597 19076748))
32748;POLYGON((5948609 18380596,5982870 18491772,6301383 18406167,6260978 18285641,5948609 18380596))
32749;POLYGON((5686967 17755955,5736546 17854966,6018131 17720859,5962439 17615367,5686967 17755955))
32750;POLYGON((5349541 17204658,5409999 17291488,5655492 17124049,5589189 17032831,5349541 17204658))
32751;POLYGON((4959052 16724978,5027036 16800097,5238415 16610339,5164986 16532337,4959052 16724978))
32752;POLYGON((4532470 16313034,4605498 16377192,4785349 16172978,4707339 16106999,4532470 16313034))
32753;POLYGON((4082209 15963834,4158483 16017904,4309621 15804732,4228835 15749574,4082209 15963834))
32754;POLYGON((3617120 15672018,3695376 15716895,3820573 15498512,3738250 15453035,3617120 15672018))
32755;POLYGON((3143319 15432372,3222697 15468898,3324510 15247769,3241461 15210955,3143319 15432372))
32756;POLYGON((2664857 15240158,2744802 15269081,2825464 15046745,2742185 15017721,2664857 15240158))
32757;POLYGON((2184264 15091314,2264439 15113259,2325806 14890600,2242568 14868653,2184264 15091314))
32758;POLYGON((1702974 14982554,1783201 14998012,1826727 14775461,1743639 14760040,1702974 14982554))
32759;POLYGON((1221665 14911412,1301872 14920736,1328606 14698422,1245674 14689135,1221665 14911412))
32760;POLYGON((740526 14876249,820705 14879655,831298 14657521,748464 14654130,740526 14876249))
32601;POLYGON((259473 4876249,339650 4873817,334361 4651711,251535 4654130,259473 4876249))
32602;POLYGON((-221665 4911412,-141463 4903085,-162764 4680843,-245674 4689135,-221665 4911412))
32603;POLYGON((-702974 4982554,-622747 4968139,-660579 4745664,-743639 4760040,-702974 4982554))
32604;POLYGON((-1184264 5091314,-1104071 5070480,-1159350 4847827,-1242568 4868653,-1184264 5091314))
32605;POLYGON((-1664857 5240158,-1584856 5212437,-1658900 4989921,-1742185 5017721,-1664857 5240158))
32606;POLYGON((-2143319 5432372,-2063814 5397161,-2158346 5175495,-2241461 5210955,-2143319 5432372))
32607;POLYGON((-2617120 5672018,-2538626 5628589,-2655759 5409069,-2738250 5453035,-2617120 5672018))
32608;POLYGON((-3082209 5963834,-3005529 5911358,-3147719 5696105,-3228835 5749574,-3082209 5963834))
32609;POLYGON((-3532470 6313034,-3458793 6250621,-3628758 6042907,-3707339 6106999,-3532470 6313034))
32610;POLYGON((-3959052 6724978,-3890076 6651743,-4090640 6456423,-4164986 6532337,-3959052 6724978))
32611;POLYGON((-4349541 7204658,-4287622 7119823,-4521485 6943894,-4589189 7032831,-4349541 7204658))
32612;POLYGON((-4686967 7755955,-4635298 7658990,-4904690 7512316,-4962439 7615367,-4686967 7755955))
32613;POLYGON((-4948609 8380596,-4911433 8271418,-5217641 8167655,-5260978 8285641,-4948609 8380596))
32614;POLYGON((-5104597 9076748,-5087455 8955981,-5430178 8913754,-5453220 9047015,-5104597 9076748))
32615;POLYGON((-5116273 9837189,-5126296 9706504,-5502802 9750875,-5497916 9898979,-5116273 9837189))
32616;POLYGON((-4934302 10646948,-4980542 10509496,-5384594 10673793,-5342021 10835174,-4934302 10646948))
32617;POLYGON((-4496506 11480356,-4590318 11341304,-5010827 11669374,-4918250 11840871,-4496506 11480356))
32618;POLYGON((-3725410 12297396,-3880883 12164588,-4300240 12713549,-4142297 12889837,-3725410 12297396))
32619;POLYGON((-2525466 13039257,-2759906 12924014,-3151959 13767593,-2909695 13940489,-2525466 13039257))
32620;POLYGON((-779947 13622987,-1114422 13541067,-1442046 14773620,-1092296 14931250,-779947 13622987))
32621;POLYGON((1652514 13935131,1192573 13907867,980368 15649186,1465661 15774987,1652514 13935131))
32622;POLYGON((4941767 13824235,4325899 13879861,4297366 16280892,4951909 16352445,4941767 13824235))
32623;POLYGON((9290370 13092076,8482352 13267291,8726975 16516878,9590959 16504539,9290370 13092076))
32624;POLYGON((14938243 11483511,13895284 11825268,14528377 16158087,15649393 16023404,14938243 11483511))
32625;POLYGON((22167756 8674777,20839617 9242348,22007604 14948167,23441641 14642054,22167756 8674777))
32626;POLYGON((31309266 4260112,29637305 5127440,31523761 12561892,33336297 12022546,31309266 4260112))
32627;POLYGON((42747137 -2263461,40663273 -1005091,43495785 8591948,45762964 7742478,42747137 -2263461))
32628;POLYGON((56926259 -11513353,54351848 -9752299,58409767 2533953,61219682 1279701,56926259 -11513353))
32629;POLYGON((74359076 -24240786,71203706 -21841659,76826870 -6230442,80280935 -8004916,74359076 -24240786))
32630;POLYGON((95633164 -41352511,91793349 -38152389,99391847 -18452540,103606281 -20886833,95633164 -41352511))
32631;POLYGON((-94633164 -41352511,-98598108 -44704135,-106959869 -23446569,-102606281 -20886833,-94633164 -41352511))
32632;POLYGON((-73359076 -24240786,-76620962 -26761295,-82853234 -9878960,-79280935 -8004916,-73359076 -24240786))
32633;POLYGON((-55926259 -11513353,-58590881 -13370657,-63129532 -52628,-60219682 1279701,-55926259 -11513353))
32634;POLYGON((-41747137 -2263461,-43906996 -3597261,-47114140 6832640,-44762964 7742478,-41747137 -2263461))
32635;POLYGON((-30309266 4260112,-32044879 3334461,-34219012 11437297,-32336297 12022546,-30309266 4260112))
32636;POLYGON((-21167756 8674777,-22548886 8062816,-23933941 14301737,-22441641 14642054,-21167756 8674777))
32637;POLYGON((-13938243 11483511,-15025030 11108600,-15818448 15863874,-14649393 16023404,-13938243 11483511))
32638;POLYGON((-8290370 13092076,-9134383 12892670,-9494263 16474743,-8590959 16504539,-8290370 13092076))
32639;POLYGON((-3941767 13824235,-4586978 13751479,-4638379 16412291,-3951909 16352445,-3941767 13824235))
32640;POLYGON((-652514 13935131,-1136182 13950750,-976656 15893480,-465661 15774987,-652514 13935131))
32641;POLYGON((1779947 13622987,1426454 13697447,1722047 15084867,2092296 14931250,1779947 13622987))
32642;POLYGON((3525466 13039257,3275927 13150176,3651249 14111779,3909695 13940489,3525466 13039257))
32643;POLYGON((4725410 12297396,4558073 12428171,4971723 13066217,5142297 12889837,4725410 12297396))
32644;POLYGON((5496506 11480356,5393477 11618996,5815936 12013604,5918250 11840871,5496506 11480356))
32645;POLYGON((5934302 10646948,5880991 10785088,6292046 10998511,6342021 10835174,5934302 10646948))
32646;POLYGON((6116273 9837189,6100900 9969267,6487490 10049441,6497916 9898979,6116273 9837189))
32647;POLYGON((6104597 9076748,6117754 9199318,6472189 9182805,6453220 9047015,6104597 9076748))
32648;POLYGON((5948609 8380596,5982870 8491772,6301383 8406167,6260978 8285641,5948609 8380596))
32649;POLYGON((5686967 7755955,5736546 7854966,6018131 7720859,5962439 7615367,5686967 7755955))
32650;POLYGON((5349541 7204658,5409999 7291488,5655492 7124049,5589189 7032831,5349541 7204658))
32651;POLYGON((4959052 6724978,5027036 6800097,5238415 6610339,5164986 6532337,4959052 6724978))
32652;POLYGON((4532470 6313034,4605498 6377192,4785349 6172978,4707339 6106999,4532470 6313034))
32653;POLYGON((4082209 5963834,4158483 6017904,4309621 5804732,4228835 5749574,4082209 5963834))
32654;POLYGON((3617120 5672018,3695376 5716895,3820573 5498512,3738250 5453035,3617120 5672018))
32655;POLYGON((3143319 5432372,3222697 5468898,3324510 5247769,3241461 5210955,3143319 5432372))
32656;POLYGON((2664857 5240158,2744802 5269081,2825464 5046745,2742185 5017721,2664857 5240158))
32657;POLYGON((2184264 5091314,2264439 5113259,2325806 4890600,2242568 4868653,2184264 5091314))
32658;POLYGON((1702974 4982554,1783201 4998012,1826727 4775461,1743639 4760040,1702974 4982554))
32659;POLYGON((1221665 4911412,1301872 4920736,1328606 4698422,1245674 4689135,1221665 4911412))
32660;POLYGON((740526 4876249,820705 4879655,831298 4657521,748464 4654130,740526 4876249))
