32701;POLYGON((289511 15654109,359666 15651728,353719 15429382,280586 15431792,289511 15654109))
32702;POLYGON((-130978 15688480,-60973 15680349,-84872 15458365,-157898 15466603,-130978 15688480))
32703;POLYGON((-549924 15757739,-480258 15743736,-522491 15522619,-595270 15536825,-549924 15757739))
32704;POLYGON((-966019 15862898,-896935 15842822,-958163 15623239,-1030496 15643653,-966019 15862898))
32705;POLYGON((-1377527 16005422,-1309352 15978999,-1390487 15761883,-1462083 15788832,-1377527 16005422))
32706;POLYGON((-1782077 16187150,-1715260 16154053,-1817418 15940712,-1887858 15974598,-1782077 16187150))
32707;POLYGON((-2176434 16410160,-2111586 16370034,-2236010 16162279,-2304693 16203555,-2176434 16410160))
32708;POLYGON((-2556219 16676555,-2494161 16629059,-2642099 16429349,-2708189 16478478,-2556219 16676555))
32709;POLYGON((-2915589 16988146,-2857412 16933018,-3029931 16744609,-3092281 16802003,-2915589 16988146))
32710;POLYGON((-3246857 17345991,-3193989 17283130,-3391704 17110235,-3448780 17176167,-3246857 17345991))
32711;POLYGON((-3540047 17749743,-3494330 17679339,-3717030 17527274,-3766805 17601752,-3540047 17749743))
32712;POLYGON((-3782369 18196782,-3746155 18119474,-3992292 17994788,-4032132 18077386,-3782369 18196782))
32713;POLYGON((-3957614 18681045,-3933871 18598143,-4199887 18508695,-4226410 18598328,-3957614 18681045))
32714;POLYGON((-4045456 19191529,-4037890 19105286,-4317348 19060260,-4326267 19154890,-4045456 19191529))
32715;POLYGON((-4020651 19710375,-4033848 19624337,-4316326 19634147,-4302266 19730411,-4020651 19710375))
32716;POLYGON((-3852126 20210478,-3891711 20129922,-4161425 20205968,-4117710 20298718,-3852126 20210478))
32717;POLYGON((-3501944 20652541,-3574765 20585008,-3808875 20739239,-3727293 20820968,-3501944 20652541))
32718;POLYGON((-2924150 20981493,-3038476 20937429,-3205032 21181657,-3075568 21241806,-2924150 20981493))
32719;POLYGON((-2063473 21122177,-2229222 21115711,-2284692 21460599,-2095225 21484724,-2063473 21122177))
32720;POLYGON((-853880 20974221,-1082871 21024077,-969211 21477737,-705183 21446519,-853880 20974221))
32721;POLYGON((783017 20405987,476788 20536563,835589 21102669,1191544 20990749,783017 20405987))
32722;POLYGON((2939729 19247492,2539785 19490115,3241736 20165441,3710199 19940055,2939729 19247492))
32723;POLYGON((5724817 17282193,5211861 17676572,6381646 18447841,6986861 18067243,5724817 17282193))
32724;POLYGON((9265012 14237511,8616565 14833411,10410923 15673333,11181290 15084976,9265012 14237511))
32725;POLYGON((13707520 9773980,12897522 10633128,15511407 11495504,16480011 10633958,13707520 9773980))
32726;POLYGON((19222529 3472883,18220907 4671141,21894493 5484873,23099689 4269456,19222529 3472883))
32727;POLYGON((26005919 -5177761,24778120 -3547937,29804733 -2886086,31290772 -4553984,26005919 -5177761))
32728;POLYGON((34282197 -16798991,32788685 -14625795,39523729 -14259859,41341439 -16499797,34282197 -16798991))
32729;POLYGON((44307648 -32138636,42503360 -29287810,51374341 -29412897,53581854 -32368769,44307648 -32138636))
32730;POLYGON((56373731 -52091134,54207498 -48402517,65725199 -49276905,68388739 -53120716,56373731 -52091134))
32731;POLYGON((-55373731 -52091134,-57605727 -55936982,-70135336 -57131444,-67388739 -53120716,-55373731 -52091134))
32732;POLYGON((-43307648 -32138636,-45168533 -35117217,-54860542 -35459868,-52581854 -32368769,-43307648 -32138636))
32733;POLYGON((-33282197 -16798991,-34824218 -19075147,-42219870 -18848355,-40341439 -16499797,-33282197 -16798991))
32734;POLYGON((-25005919 -5177761,-26275116 -6889816,-31828372 -6308306,-30290772 -4553984,-25005919 -5177761))
32735;POLYGON((-18222529 3472883,-19259320 2209603,-23348451 2986001,-22099689 4269456,-18222529 3472883))
32736;POLYGON((-12707520 9773980,-13547252 8863998,-16485233 9719485,-15480011 10633958,-12707520 9773980))
32737;POLYGON((-8265012 14237511,-8938472 13602376,-10982264 14456012,-10181290 15084976,-8265012 14237511))
32738;POLYGON((-4724817 17282193,-5258702 16857980,-6617510 17655989,-5986861 18067243,-4724817 17282193))
32739;POLYGON((-1939729 19247492,-2357087 18982583,-3199664 19691968,-2710199 19940055,-1939729 19247492))
32740;POLYGON((216982 20405987,-103648 20259119,-564728 20862415,-191544 20990749,216982 20405987))
32741;POLYGON((1853880 20974221,1613052 20912776,1427121 21403794,1705183 21446519,1853880 20974221))
32742;POLYGON((3063473 21122177,2888060 21120695,2894413 21501114,3095225 21484724,3063473 21122177))
32743;POLYGON((3924150 20981493,3801991 21020383,3937006 21297072,4075568 21241806,3924150 20981493))
32744;POLYGON((4501944 20652541,4422821 20716977,4638480 20899927,4727293 20820968,4501944 20652541))
32745;POLYGON((4852126 20210478,4807512 20289456,5068300 20390226,5117710 20298718,4852126 20210478))
32746;POLYGON((5020651 19710375,5003478 19795920,5283765 19826504,5302266 19730411,5020651 19710375))
32747;POLYGON((5045456 19191529,5049907 19278026,5331763 19250067,5326267 19154890,5045456 19191529))
32748;POLYGON((4957614 18681045,4978940 18764691,5250324 18688966,5226410 18598328,4957614 18681045))
32749;POLYGON((4782369 18196782,4816728 18275134,5070009 18161254,5032132 18077386,4782369 18196782))
32750;POLYGON((4540047 17749743,4584359 17821358,4815126 17677628,4766805 17601752,4540047 17749743))
32751;POLYGON((4246857 17345991,4298674 17410132,4504795 17243531,4448780 17176167,4246857 17345991))
32752;POLYGON((3915589 16988146,3972990 17044563,4153871 16860806,4092281 16802003,3915589 16988146))
32753;POLYGON((3556219 16676555,3617714 16725307,3773744 16528959,3708189 16478478,3556219 16676555))
32754;POLYGON((3176434 16410160,3240881 16451492,3373010 16246109,3304693 16203555,3176434 16410160))
32755;POLYGON((2782077 16187150,2848614 16221394,2958053 16009684,2887858 15974598,2782077 16187150))
32756;POLYGON((2377527 16005422,2445510 16032934,2533521 15816908,2462083 15788832,2377527 16005422))
32757;POLYGON((1966019 15862898,2034977 15884012,2102729 15665131,2030496 15643653,1966019 15862898))
32758;POLYGON((1549924 15757739,1619512 15772739,1667990 15552048,1595270 15536825,1549924 15757739))
32759;POLYGON((1130978 15688480,1200941 15697579,1230894 15475822,1157898 15466603,1130978 15688480))
32760;POLYGON((710488 15654109,780631 15657443,792537 15435168,719413 15431792,710488 15654109))
32601;POLYGON((289511 5654109,359666 5651728,353719 5429382,280586 5431792,289511 5654109))
32602;POLYGON((-130978 5688480,-60973 5680349,-84872 5458365,-157898 5466603,-130978 5688480))
32603;POLYGON((-549924 5757739,-480258 5743736,-522491 5522619,-595270 5536825,-549924 5757739))
32604;POLYGON((-966019 5862898,-896935 5842822,-958163 5623239,-1030496 5643653,-966019 5862898))
32605;POLYGON((-1377527 6005422,-1309352 5978999,-1390487 5761883,-1462083 5788832,-1377527 6005422))
32606;POLYGON((-1782077 6187150,-1715260 6154053,-1817418 5940712,-1887858 5974598,-1782077 6187150))
32607;POLYGON((-2176434 6410160,-2111586 6370034,-2236010 6162279,-2304693 6203555,-2176434 6410160))
32608;POLYGON((-2556219 6676555,-2494161 6629059,-2642099 6429349,-2708189 6478478,-2556219 6676555))
32609;POLYGON((-2915589 6988146,-2857412 6933018,-3029931 6744609,-3092281 6802003,-2915589 6988146))
32610;POLYGON((-3246857 7345991,-3193989 7283130,-3391704 7110235,-3448780 7176167,-3246857 7345991))
32611;POLYGON((-3540047 7749743,-3494330 7679339,-3717030 7527274,-3766805 7601752,-3540047 7749743))
32612;POLYGON((-3782369 8196782,-3746155 8119474,-3992292 7994788,-4032132 8077386,-3782369 8196782))
32613;POLYGON((-3957614 8681045,-3933871 8598143,-4199887 8508695,-4226410 8598328,-3957614 8681045))
32614;POLYGON((-4045456 9191529,-4037890 9105286,-4317348 9060260,-4326267 9154890,-4045456 9191529))
32615;POLYGON((-4020651 9710375,-4033848 9624337,-4316326 9634147,-4302266 9730411,-4020651 9710375))
32616;POLYGON((-3852126 10210478,-3891711 10129922,-4161425 10205968,-4117710 10298718,-3852126 10210478))
32617;POLYGON((-3501944 10652541,-3574765 10585008,-3808875 10739239,-3727293 10820968,-3501944 10652541))
32618;POLYGON((-2924150 10981493,-3038476 10937429,-3205032 11181657,-3075568 11241806,-2924150 10981493))
32619;POLYGON((-2063473 11122177,-2229222 11115711,-2284692 11460599,-2095225 11484724,-2063473 11122177))
32620;POLYGON((-853880 10974221,-1082871 11024077,-969211 11477737,-705183 11446519,-853880 10974221))
32621;POLYGON((783017 10405987,476788 10536563,835589 11102669,1191544 10990749,783017 10405987))
32622;POLYGON((2939729 9247492,2539785 9490115,3241736 10165441,3710199 9940055,2939729 9247492))
32623;POLYGON((5724817 7282193,5211861 7676572,6381646 8447841,6986861 8067243,5724817 7282193))
32624;POLYGON((9265012 4237511,8616565 4833411,10410923 5673333,11181290 5084976,9265012 4237511))
32625;POLYGON((13707520 -226019,12897522 633128,15511407 1495504,16480011 633958,13707520 -226019))
32626;POLYGON((19222529 -6527116,18220907 -5328858,21894493 -4515126,23099689 -5730543,19222529 -6527116))
32627;POLYGON((26005919 -15177761,24778120 -13547937,29804733 -12886086,31290772 -14553984,26005919 -15177761))
32628;POLYGON((34282197 -26798991,32788685 -24625795,39523729 -24259859,41341439 -26499797,34282197 -26798991))
32629;POLYGON((44307648 -42138636,42503360 -39287810,51374341 -39412897,53581854 -42368769,44307648 -42138636))
32630;POLYGON((56373731 -62091134,54207498 -58402517,65725199 -59276905,68388739 -63120716,56373731 -62091134))
32631;POLYGON((-55373731 -62091134,-57605727 -65936982,-70135336 -67131444,-67388739 -63120716,-55373731 -62091134))
32632;POLYGON((-43307648 -42138636,-45168533 -45117217,-54860542 -45459868,-52581854 -42368769,-43307648 -42138636))
32633;POLYGON((-33282197 -26798991,-34824218 -29075147,-42219870 -28848355,-40341439 -26499797,-33282197 -26798991))
32634;POLYGON((-25005919 -15177761,-26275116 -16889816,-31828372 -16308306,-30290772 -14553984,-25005919 -15177761))
32635;POLYGON((-18222529 -6527116,-19259320 -7790396,-23348451 -7013998,-22099689 -5730543,-18222529 -6527116))
32636;POLYGON((-12707520 -226019,-13547252 -1136001,-16485233 -280514,-15480011 633958,-12707520 -226019))
32637;POLYGON((-8265012 4237511,-8938472 3602376,-10982264 4456012,-10181290 5084976,-8265012 4237511))
32638;POLYGON((-4724817 7282193,-5258702 6857980,-6617510 7655989,-5986861 8067243,-4724817 7282193))
32639;POLYGON((-1939729 9247492,-2357087 8982583,-3199664 9691968,-2710199 9940055,-1939729 9247492))
32640;POLYGON((216982 10405987,-103648 10259119,-564728 10862415,-191544 10990749,216982 10405987))
32641;POLYGON((1853880 10974221,1613052 10912776,1427121 11403794,1705183 11446519,1853880 10974221))
32642;POLYGON((3063473 11122177,2888060 11120695,2894413 11501114,3095225 11484724,3063473 11122177))
32643;POLYGON((3924150 10981493,3801991 11020383,3937006 11297072,4075568 11241806,3924150 10981493))
32644;POLYGON((4501944 10652541,4422821 10716977,4638480 10899927,4727293 10820968,4501944 10652541))
32645;POLYGON((4852126 10210478,4807512 10289456,5068300 10390226,5117710 10298718,4852126 10210478))
32646;POLYGON((5020651 9710375,5003478 9795920,5283765 9826504,5302266 9730411,5020651 9710375))
32647;POLYGON((5045456 9191529,5049907 9278026,5331763 9250067,5326267 9154890,5045456 9191529))
32648;POLYGON((4957614 8681045,4978940 8764691,5250324 8688966,5226410 8598328,4957614 8681045))
32649;POLYGON((4782369 8196782,4816728 8275134,5070009 8161254,5032132 8077386,4782369 8196782))
32650;POLYGON((4540047 7749743,4584359 7821358,4815126 7677628,4766805 7601752,4540047 7749743))
32651;POLYGON((4246857 7345991,4298674 7410132,4504795 7243531,4448780 7176167,4246857 7345991))
32652;POLYGON((3915589 6988146,3972990 7044563,4153871 6860806,4092281 6802003,3915589 6988146))
32653;POLYGON((3556219 6676555,3617714 6725307,3773744 6528959,3708189 6478478,3556219 6676555))
32654;POLYGON((3176434 6410160,3240881 6451492,3373010 6246109,3304693 6203555,3176434 6410160))
32655;POLYGON((2782077 6187150,2848614 6221394,2958053 6009684,2887858 5974598,2782077 6187150))
32656;POLYGON((2377527 6005422,2445510 6032934,2533521 5816908,2462083 5788832,2377527 6005422))
32657;POLYGON((1966019 5862898,2034977 5884012,2102729 5665131,2030496 5643653,1966019 5862898))
32658;POLYGON((1549924 5757739,1619512 5772739,1667990 5552048,1595270 5536825,1549924 5757739))
32659;POLYGON((1130978 5688480,1200941 5697579,1230894 5475822,1157898 5466603,1130978 5688480))
32660;POLYGON((710488 5654109,780631 5657443,792537 5435168,719413 5431792,710488 5654109))
