32701;POLYGON((396566 17991508,431030 17990077,423669 17767125,385526 17768690,396566 17991508))
32702;POLYGON((190619 18012098,224802 18007240,195390 17785896,157542 17791211,190619 18012098))
32703;POLYGON((-12561 18053179,21030 18044917,-30308 17827131,-67536 17836178,-12561 18053179))
32704;POLYGON((-211108 18114545,-178419 18102921,-251457 17890679,-287731 17903424,-211108 18114545))
32705;POLYGON((-403113 18195862,-371648 18180942,-466024 17976285,-500999 17992672,-403113 18195862))
32706;POLYGON((-586630 18296650,-556717 18278525,-671907 18083552,-705225 18103498,-586630 18296650))
32707;POLYGON((-759677 18416244,-731648 18395040,-866926 18211902,-898215 18235291,-759677 18416244))
32708;POLYGON((-920247 18553768,-894437 18529647,-1048826 18360529,-1077707 18387199,-920247 18553768))
32709;POLYGON((-1066342 18708089,-1043082 18681258,-1215312 18528337,-1241398 18558075,-1066342 18708089))
32710;POLYGON((-1196018 18877787,-1175625 18848506,-1364079 18713887,-1386991 18746414,-1196018 18877787))
32711;POLYGON((-1307446 19061124,-1290214 19029705,-1492885 18915332,-1512262 18950296,-1307446 19061124))
32712;POLYGON((-1399004 19256014,-1385185 19222829,-1599641 19130358,-1615156 19167326,-1399004 19256014))
32713;POLYGON((-1469385 19460019,-1459168 19425500,-1682523 19356135,-1693909 19394580,-1469385 19460019))
32714;POLYGON((-1517733 19670350,-1511224 19634984,-1740126 19589270,-1747202 19628570,-1517733 19670350))
32715;POLYGON((-1543813 19883894,-1540999 19848221,-1771648 19825777,-1774352 19865209,-1543813 19883894))
32716;POLYGON((-1548208 20097272,-1548927 20061870,-1777103 20061068,-1775536 20099810,-1548208 20097272))
32717;POLYGON((-1532555 20306926,-1536449 20272396,-1757590 20289968,-1752061 20327101,-1532555 20306926))
32718;POLYGON((-1499810 20509247,-1506282 20476187,-1715589 20506749,-1706670 20541272,-1499810 20509247))
32719;POLYGON((-1454562 20700756,-1462720 20669728,-1655316 20705216,-1643905 20736057,-1454562 20700756))
32720;POLYGON((-1403383 20878329,-1411977 20849817,-1583118 20878821,-1570510 20904866,-1403383 20878329))
32721;POLYGON((-1355227 21039495,-1362582 21013850,-1507922 21020832,-1495891 21040955,-1355227 21039495))
32722;POLYGON((-1321870 21182799,-1325806 21160177,-1441745 21124553,-1432634 21137662,-1321870 21182799))
32723;POLYGON((-1318405 21308252,-1316154 21288527,-1400255 21183613,-1397072 21188701,-1318405 21308252))
32724;POLYGON((-1363790 21417858,-1351899 21400531,-1403395 21192320,-1409927 21188533,-1363790 21417858))
32725;POLYGON((-1481444 21516255,-1455673 21500341,-1476073 21146097,-1497006 21132817,-1481444 21516255))
32726;POLYGON((-1699908 21611455,-1655115 21595349,-1648918 21042007,-1689970 21018945,-1699908 21611455))
32727;POLYGON((-2053565 21715709,-1983581 21697035,-1959106 20879371,-2027172 20846684,-2053565 21715709))
32728;POLYGON((-2583414 21846503,-2480912 21821936,-2451258 20660498,-2554566 20618919,-2583414 21846503))
32729;POLYGON((-3337921 22027696,-3194266 21992764,-3178418 20391529,-3326700 20342519,-3337921 22027696))
32730;POLYGON((-4373930 22290817,-4179027 22239672,-4203102 20083407,-4407777 20029332,-4373930 22290817))
32731;POLYGON((5373930 22290817,5578469 22345342,5623091 19974717,5407777 20029332,5373930 22290817))
32732;POLYGON((4337921 22027696,4489374 22064884,4483539 20292473,4326700 20342519,4337921 22027696))
32733;POLYGON((3583414 21846503,3692137 21872453,3664651 20575977,3554566 20618919,3583414 21846503))
32734;POLYGON((3053565 21715709,3128426 21735106,3100502 20812446,3027172 20846684,3053565 21715709))
32735;POLYGON((2699908 21611455,2748442 21627800,2735012 20994255,2689970 21018945,2699908 21611455))
32736;POLYGON((2481444 21516255,2510001 21532070,2520865 21117917,2497006 21132817,2481444 21516255))
32737;POLYGON((2363790 21417858,2377676 21434866,2418507 21183200,2409927 21188533,2363790 21417858))
32738;POLYGON((2318405 21308252,2322003 21327531,2395222 21192364,2397072 21188701,2318405 21308252))
32739;POLYGON((2321870 21182799,2318756 21204922,2424282 21149501,2432634 21137662,2321870 21182799))
32740;POLYGON((2355227 21039495,2348276 21064640,2484168 21059984,2495891 21040955,2355227 21039495))
32741;POLYGON((2403383 20878329,2394867 20906383,2557861 20930002,2570510 20904866,2403383 20878329))
32742;POLYGON((2454562 20700756,2446234 20731396,2632192 20766177,2643905 20736057,2454562 20700756))
32743;POLYGON((2499810 20509247,2492986 20542007,2697263 20575257,2706670 20541272,2499810 20509247))
32744;POLYGON((2532555 20306926,2528183 20341252,2745919 20363872,2752061 20327101,2532555 20306926))
32745;POLYGON((2548208 20097272,2546930 20132570,2773282 20138350,2775536 20099810,2548208 20097272))
32746;POLYGON((2543813 19883894,2546021 19919563,2776333 19904586,2774352 19865209,2543813 19883894))
32747;POLYGON((2517733 19670350,2523621 19705806,2753550 19667945,2747202 19628570,2517733 19670350))
32748;POLYGON((2469385 19460019,2478988 19494716,2704587 19433214,2693909 19394580,2469385 19460019))
32749;POLYGON((2399004 19256014,2412235 19289453,2630000 19204579,2615156 19167326,2399004 19256014))
32750;POLYGON((2307446 19061124,2324126 19092865,2531017 18985627,2512262 18950296,2307446 19061124))
32751;POLYGON((2196018 18877787,2215903 18907448,2409339 18779373,2386991 18746414,2196018 18877787))
32752;POLYGON((2066342 18708089,2089146 18735347,2266982 18588298,2241398 18558075,2066342 18708089))
32753;POLYGON((1920247 18553768,1945655 18578356,2106149 18414397,2077707 18387199,1920247 18553768))
32754;POLYGON((1759677 18416244,1787359 18437947,1929130 18259239,1898215 18235291,1759677 18416244))
32755;POLYGON((1586630 18296650,1616253 18315297,1738231 18124027,1705225 18103498,1586630 18296650))
32756;POLYGON((1403113 18195862,1434342 18211323,1535723 18009658,1500999 17992672,1403113 18195862))
32757;POLYGON((1211108 18114545,1243615 18126723,1323813 17916780,1287731 17903424,1211108 18114545))
32758;POLYGON((1012561 18053179,1046025 18062006,1104629 17845845,1067536 17836178,1012561 18053179))
32759;POLYGON((809380 18012098,843485 18017526,880225 17797150,842457 17791211,809380 18012098))
32760;POLYGON((603433 17991508,637871 17993511,652590 17770880,614473 17768690,603433 17991508))
32601;POLYGON((396566 7991508,431030 7990077,423669 7767125,385526 7768690,396566 7991508))
32602;POLYGON((190619 8012098,224802 8007240,195390 7785896,157542 7791211,190619 8012098))
32603;POLYGON((-12561 8053179,21030 8044917,-30308 7827131,-67536 7836178,-12561 8053179))
32604;POLYGON((-211108 8114545,-178419 8102921,-251457 7890679,-287731 7903424,-211108 8114545))
32605;POLYGON((-403113 8195862,-371648 8180942,-466024 7976285,-500999 7992672,-403113 8195862))
32606;POLYGON((-586630 8296650,-556717 8278525,-671907 8083552,-705225 8103498,-586630 8296650))
32607;POLYGON((-759677 8416244,-731648 8395040,-866926 8211902,-898215 8235291,-759677 8416244))
32608;POLYGON((-920247 8553768,-894437 8529647,-1048826 8360529,-1077707 8387199,-920247 8553768))
32609;POLYGON((-1066342 8708089,-1043082 8681258,-1215312 8528337,-1241398 8558075,-1066342 8708089))
32610;POLYGON((-1196018 8877787,-1175625 8848506,-1364079 8713887,-1386991 8746414,-1196018 8877787))
32611;POLYGON((-1307446 9061124,-1290214 9029705,-1492885 8915332,-1512262 8950296,-1307446 9061124))
32612;POLYGON((-1399004 9256014,-1385185 9222829,-1599641 9130358,-1615156 9167326,-1399004 9256014))
32613;POLYGON((-1469385 9460019,-1459168 9425500,-1682523 9356135,-1693909 9394580,-1469385 9460019))
32614;POLYGON((-1517733 9670350,-1511224 9634984,-1740126 9589270,-1747202 9628570,-1517733 9670350))
32615;POLYGON((-1543813 9883894,-1540999 9848221,-1771648 9825777,-1774352 9865209,-1543813 9883894))
32616;POLYGON((-1548208 10097272,-1548927 10061870,-1777103 10061068,-1775536 10099810,-1548208 10097272))
32617;POLYGON((-1532555 10306926,-1536449 10272396,-1757590 10289968,-1752061 10327101,-1532555 10306926))
32618;POLYGON((-1499810 10509247,-1506282 10476187,-1715589 10506749,-1706670 10541272,-1499810 10509247))
32619;POLYGON((-1454562 10700756,-1462720 10669728,-1655316 10705216,-1643905 10736057,-1454562 10700756))
32620;POLYGON((-1403383 10878329,-1411977 10849817,-1583118 10878821,-1570510 10904866,-1403383 10878329))
32621;POLYGON((-1355227 11039495,-1362582 11013850,-1507922 11020832,-1495891 11040955,-1355227 11039495))
32622;POLYGON((-1321870 11182799,-1325806 11160177,-1441745 11124553,-1432634 11137662,-1321870 11182799))
32623;POLYGON((-1318405 11308252,-1316154 11288527,-1400255 11183613,-1397072 11188701,-1318405 11308252))
32624;POLYGON((-1363790 11417858,-1351899 11400531,-1403395 11192320,-1409927 11188533,-1363790 11417858))
32625;POLYGON((-1481444 11516255,-1455673 11500341,-1476073 11146097,-1497006 11132817,-1481444 11516255))
32626;POLYGON((-1699908 11611455,-1655115 11595349,-1648918 11042007,-1689970 11018945,-1699908 11611455))
32627;POLYGON((-2053565 11715709,-1983581 11697035,-1959106 10879371,-2027172 10846684,-2053565 11715709))
32628;POLYGON((-2583414 11846503,-2480912 11821936,-2451258 10660498,-2554566 10618919,-2583414 11846503))
32629;POLYGON((-3337921 12027696,-3194266 11992764,-3178418 10391529,-3326700 10342519,-3337921 12027696))
32630;POLYGON((-4373930 12290817,-4179027 12239672,-4203102 10083407,-4407777 10029332,-4373930 12290817))
32631;POLYGON((5373930 12290817,5578469 12345342,5623091 9974717,5407777 10029332,5373930 12290817))
32632;POLYGON((4337921 12027696,4489374 12064884,4483539 10292473,4326700 10342519,4337921 12027696))
32633;POLYGON((3583414 11846503,3692137 11872453,3664651 10575977,3554566 10618919,3583414 11846503))
32634;POLYGON((3053565 11715709,3128426 11735106,3100502 10812446,3027172 10846684,3053565 11715709))
32635;POLYGON((2699908 11611455,2748442 11627800,2735012 10994255,2689970 11018945,2699908 11611455))
32636;POLYGON((2481444 11516255,2510001 11532070,2520865 11117917,2497006 11132817,2481444 11516255))
32637;POLYGON((2363790 11417858,2377676 11434866,2418507 11183200,2409927 11188533,2363790 11417858))
32638;POLYGON((2318405 11308252,2322003 11327531,2395222 11192364,2397072 11188701,2318405 11308252))
32639;POLYGON((2321870 11182799,2318756 11204922,2424282 11149501,2432634 11137662,2321870 11182799))
32640;POLYGON((2355227 11039495,2348276 11064640,2484168 11059984,2495891 11040955,2355227 11039495))
32641;POLYGON((2403383 10878329,2394867 10906383,2557861 10930002,2570510 10904866,2403383 10878329))
32642;POLYGON((2454562 10700756,2446234 10731396,2632192 10766177,2643905 10736057,2454562 10700756))
32643;POLYGON((2499810 10509247,2492986 10542007,2697263 10575257,2706670 10541272,2499810 10509247))
32644;POLYGON((2532555 10306926,2528183 10341252,2745919 10363872,2752061 10327101,2532555 10306926))
32645;POLYGON((2548208 10097272,2546930 10132570,2773282 10138350,2775536 10099810,2548208 10097272))
32646;POLYGON((2543813 9883894,2546021 9919563,2776333 9904586,2774352 9865209,2543813 9883894))
32647;POLYGON((2517733 9670350,2523621 9705806,2753550 9667945,2747202 9628570,2517733 9670350))
32648;POLYGON((2469385 9460019,2478988 9494716,2704587 9433214,2693909 9394580,2469385 9460019))
32649;POLYGON((2399004 9256014,2412235 9289453,2630000 9204579,2615156 9167326,2399004 9256014))
32650;POLYGON((2307446 9061124,2324126 9092865,2531017 8985627,2512262 8950296,2307446 9061124))
32651;POLYGON((2196018 8877787,2215903 8907448,2409339 8779373,2386991 8746414,2196018 8877787))
32652;POLYGON((2066342 8708089,2089146 8735347,2266982 8588298,2241398 8558075,2066342 8708089))
32653;POLYGON((1920247 8553768,1945655 8578356,2106149 8414397,2077707 8387199,1920247 8553768))
32654;POLYGON((1759677 8416244,1787359 8437947,1929130 8259239,1898215 8235291,1759677 8416244))
32655;POLYGON((1586630 8296650,1616253 8315297,1738231 8124027,1705225 8103498,1586630 8296650))
32656;POLYGON((1403113 8195862,1434342 8211323,1535723 8009658,1500999 7992672,1403113 8195862))
32657;POLYGON((1211108 8114545,1243615 8126723,1323813 7916780,1287731 7903424,1211108 8114545))
32658;POLYGON((1012561 8053179,1046025 8062006,1104629 7845845,1067536 7836178,1012561 8053179))
32659;POLYGON((809380 8012098,843485 8017526,880225 7797150,842457 7791211,809380 8012098))
32660;POLYGON((603433 7991508,637871 7993511,652590 7770880,614473 7768690,603433 7991508))
