32701;POLYGON((173285 8671666,282241 8672655,283979 8451361,175896 8450219,173285 8671666))
32702;POLYGON((-483456 8657288,-373486 8660706,-366431 8437570,-475487 8433626,-483456 8657288))
32703;POLYGON((-1150294 8627756,-1038153 8633788,-1025403 8406519,-1136535 8399563,-1150294 8627756))
32704;POLYGON((-1834494 8581415,-1718924 8590407,-1699761 8356519,-1814164 8346162,-1834494 8581415))
32705;POLYGON((-2544179 8515511,-2423748 8528012,-2397023 8284701,-2516043 8270327,-2544179 8515511))
32706;POLYGON((-3288776 8425800,-3161801 8442643,-3125770 8186627,-3250971 8167304,-3288776 8425800))
32707;POLYGON((-4079571 8305939,-3944014 8328361,-3896092 8055676,-4029337 8030027,-4079571 8305939))
32708;POLYGON((-4930390 8146567,-4783736 8176389,-4720126 7882114,-4863684 7848130,-4930390 8146567))
32709;POLYGON((-5858458 7933982,-5697560 7973860,-5612730 7651761,-5769394 7606521,-5858458 7933982))
32710;POLYGON((-6885444 7648281,-6706329 7702062,-6592281 7344099,-6765524 7283399,-6885444 7648281))
32711;POLYGON((-8038728 7260831,-7836376 7334023,-7681662 6929705,-7875812 6847549,-8038728 7260831))
32712;POLYGON((-9352935 6730894,-9120998 6831300,-8909418 6366823,-9129879 6254756,-9352935 6730894))
32713;POLYGON((-10871740 6001241,-10602225 6139766,-10311139 5596887,-10564637 5443130,-10871740 6001241))
32714;POLYGON((-12649998 4992529,-12332885 5184214,-11931074 4538784,-12225951 4327144,-12649998 4992529))
32715;POLYGON((-14756211 3596233,-14379020 3861541,-13823997 3081626,-14170553 2790124,-14756211 3596233))
32716;POLYGON((-17275375 1665874,-16822661 2032283,-16057362 1075769,-16468241 674957,-17275375 1665874))
32717;POLYGON((-20312231 -993710,-19765016 -489771,-18713760 -1678185,-19204388 -2227278,-20312231 -993710))
32718;POLYGON((-23994945 -4639349,-23330071 -3950168,-21893694 -5442728,-22482778 -6191062,-23994945 -4639349))
32719;POLYGON((-28479261 -9605074,-27668665 -8668873,-25718717 -10559400,-26428802 -11572869,-28479261 -9605074))
32720;POLYGON((-33953141 -16320545,-32963046 -15058197,-30334927 -17467759,-31193017 -18830666,-33953141 -16320545))
32721;POLYGON((-40641935 -25332701,-39431950 -23643881,-35916867 -26727679,-36955115 -28546803,-40641935 -25332701))
32722;POLYGON((-48814102 -37331017,-47336231 -35089726,-42671839 -39045386,-43928307 -41454716,-48814102 -37331017))
32723;POLYGON((-58787516 -53176748,-56985061 -50226143,-50844657 -55303639,-52364152 -58469831,-58787516 -53176748))
32724;POLYGON((-70936387 -73936568,-68742756 -70083036,-60722859 -76596465,-62557854 -80725112,-70936387 -73936568))
32725;POLYGON((-85698826 -100921039,-83036221 -95927427,-72642418 -104268922,-74854043 -109611697,-85698826 -100921039))
32726;POLYGON((-103585086 -135728360,-100363085 -129306302,-86993943 -139962339,-89653078 -146825107,-103585086 -135728360))
32727;POLYGON((-125186504 -180293861,-121300518 -172095105,-104229424 -185665543,-107417873 -194417510,-125186504 -180293861))
32728;POLYGON((-151185178 -236945735,-146514788 -226552402,-124869529 -243772569,-128681289 -254856577,-151185178 -236945735))
32729;POLYGON((-182364412 -308467529,-176771572 -295381207,-149511471 -317147412,-154054106 -331091444,-182364412 -308467529))
32730;POLYGON((-219619949 -398167906,-212947059 -381797490,-178837480 -409196347,-184233591 -426626366,-219619949 -398167906))
32731;POLYGON((220619949 -398167906,227489656 -415150384,190785009 -444705899,185233591 -426626366,220619949 -398167906))
32732;POLYGON((183364412 -308467529,189125758 -322057459,159730045 -345570158,155054106 -331091444,183364412 -308467529))
32733;POLYGON((152185178 -236945735,156999220 -247750942,133607005 -266378110,129681289 -254856577,152185178 -236945735))
32734;POLYGON((126186504 -180293861,130194408 -188827327,111703329 -203525248,108417873 -194417510,126186504 -180293861))
32735;POLYGON((104585086 -135728360,107910082 -142420597,93394438 -153975246,90653078 -146825107,104585086 -135728360))
32736;POLYGON((86698826 -100921039,89448021 -106131195,78135051 -115184972,75854043 -109611697,86698826 -100921039))
32737;POLYGON((71936387 -73936568,74202454 -77962362,65451126 -85037278,63557854 -80725112,71936387 -73936568))
32738;POLYGON((59787516 -53176748,61650256 -56263308,54932366 -61781003,53364152 -58469831,59787516 -53176748))
32739;POLYGON((49814102 -37331017,51341881 -39678720,46225306 -43977646,44928307 -41454716,49814102 -37331017))
32740;POLYGON((41641935 -25332701,42893014 -27104084,39026918 -30454179,37955115 -28546803,41641935 -25332701))
32741;POLYGON((34953141 -16320545,35976887 -17646369,33078751 -20261522,32193017 -18830666,34953141 -16320545))
32742;POLYGON((29479261 -9605074,30317260 -10589616,28161549 -12638171,27428802 -11572869,29479261 -9605074))
32743;POLYGON((24994945 -4639349,25682013 -5364985,24090351 -6978558,23482778 -6191062,24994945 -4639349))
32744;POLYGON((21312231 -993710,21877324 -1524866,20710030 -2805674,20204388 -2227278,21312231 -993710))
32745;POLYGON((18275375 1665874,18742417 1279347,17891258 252429,17468241 674957,18275375 1665874))
32746;POLYGON((15756211 3596233,16144829 3316199,15526883 2482679,15170553 2790124,15756211 3596233))
32747;POLYGON((13649998 4992529,13976184 4790163,13528668 4103900,13225951 4327144,13649998 4992529))
32748;POLYGON((11871740 6001241,12148432 5855028,11824403 5280989,11564637 5443130,11871740 6001241))
32749;POLYGON((10352935 6730894,10590530 6624989,10355339 6136662,10129879 6254756,10352935 6730894))
32750;POLYGON((9038728 7260831,9245531 7183717,9073941 6761073,8875812 6847549,9038728 7260831))
32751;POLYGON((7885444 7648281,8068051 7591702,7941924 7219597,7765524 7283399,7885444 7648281))
32752;POLYGON((6858458 7933982,7022092 7892092,6928559 7559038,6769394 7606521,6858458 7933982))
32753;POLYGON((5930390 8146567,6079179 8115281,6009216 7812502,5863684 7848130,5930390 8146567))
32754;POLYGON((5079571 8305939,5216787 8282428,5164131 8003150,5029337 8030027,5079571 8305939))
32755;POLYGON((4288776 8425800,4417029 8408127,4377373 8147036,4250971 8167304,4288776 8425800))
32756;POLYGON((3544179 8515511,3665575 8502354,3635978 8255202,3516043 8270327,3544179 8515511))
32757;POLYGON((2834494 8581415,2950769 8571884,2929238 8335186,2814164 8346162,2834494 8581415))
32758;POLYGON((2150294 8627756,2262915 8621259,2248125 8392072,2136535 8399563,2150294 8627756))
32759;POLYGON((1483456 8657288,1593706 8653451,1584810 8429199,1475487 8433626,1483456 8657288))
32760;POLYGON((826714 8671666,935762 8670280,932275 8448618,824103 8450219,826714 8671666))
32601;POLYGON((173285 -1328333,282241 -1327344,283979 -1548638,175896 -1549780,173285 -1328333))
32602;POLYGON((-483456 -1342711,-373486 -1339293,-366431 -1562429,-475487 -1566373,-483456 -1342711))
32603;POLYGON((-1150294 -1372243,-1038153 -1366211,-1025403 -1593480,-1136535 -1600436,-1150294 -1372243))
32604;POLYGON((-1834494 -1418584,-1718924 -1409592,-1699761 -1643480,-1814164 -1653837,-1834494 -1418584))
32605;POLYGON((-2544179 -1484488,-2423748 -1471987,-2397023 -1715298,-2516043 -1729672,-2544179 -1484488))
32606;POLYGON((-3288776 -1574199,-3161801 -1557356,-3125770 -1813372,-3250971 -1832695,-3288776 -1574199))
32607;POLYGON((-4079571 -1694060,-3944014 -1671638,-3896092 -1944323,-4029337 -1969972,-4079571 -1694060))
32608;POLYGON((-4930390 -1853432,-4783736 -1823610,-4720126 -2117885,-4863684 -2151869,-4930390 -1853432))
32609;POLYGON((-5858458 -2066017,-5697560 -2026139,-5612730 -2348238,-5769394 -2393478,-5858458 -2066017))
32610;POLYGON((-6885444 -2351718,-6706329 -2297937,-6592281 -2655900,-6765524 -2716600,-6885444 -2351718))
32611;POLYGON((-8038728 -2739168,-7836376 -2665976,-7681662 -3070294,-7875812 -3152450,-8038728 -2739168))
32612;POLYGON((-9352935 -3269105,-9120998 -3168699,-8909418 -3633176,-9129879 -3745243,-9352935 -3269105))
32613;POLYGON((-10871740 -3998758,-10602225 -3860233,-10311139 -4403112,-10564637 -4556869,-10871740 -3998758))
32614;POLYGON((-12649998 -5007470,-12332885 -4815785,-11931074 -5461215,-12225951 -5672855,-12649998 -5007470))
32615;POLYGON((-14756211 -6403766,-14379020 -6138458,-13823997 -6918373,-14170553 -7209875,-14756211 -6403766))
32616;POLYGON((-17275375 -8334125,-16822661 -7967716,-16057362 -8924230,-16468241 -9325042,-17275375 -8334125))
32617;POLYGON((-20312231 -10993710,-19765016 -10489771,-18713760 -11678185,-19204388 -12227278,-20312231 -10993710))
32618;POLYGON((-23994945 -14639349,-23330071 -13950168,-21893694 -15442728,-22482778 -16191062,-23994945 -14639349))
32619;POLYGON((-28479261 -19605074,-27668665 -18668873,-25718717 -20559400,-26428802 -21572869,-28479261 -19605074))
32620;POLYGON((-33953141 -26320545,-32963046 -25058197,-30334927 -27467759,-31193017 -28830666,-33953141 -26320545))
32621;POLYGON((-40641935 -35332701,-39431950 -33643881,-35916867 -36727679,-36955115 -38546803,-40641935 -35332701))
32622;POLYGON((-48814102 -47331017,-47336231 -45089726,-42671839 -49045386,-43928307 -51454716,-48814102 -47331017))
32623;POLYGON((-58787516 -63176748,-56985061 -60226143,-50844657 -65303639,-52364152 -68469831,-58787516 -63176748))
32624;POLYGON((-70936387 -83936568,-68742756 -80083036,-60722859 -86596465,-62557854 -90725112,-70936387 -83936568))
32625;POLYGON((-85698826 -110921039,-83036221 -105927427,-72642418 -114268922,-74854043 -119611697,-85698826 -110921039))
32626;POLYGON((-103585086 -145728360,-100363085 -139306302,-86993943 -149962339,-89653078 -156825107,-103585086 -145728360))
32627;POLYGON((-125186504 -190293861,-121300518 -182095105,-104229424 -195665543,-107417873 -204417510,-125186504 -190293861))
32628;POLYGON((-151185178 -246945735,-146514788 -236552402,-124869529 -253772569,-128681289 -264856577,-151185178 -246945735))
32629;POLYGON((-182364412 -318467529,-176771572 -305381207,-149511471 -327147412,-154054106 -341091444,-182364412 -318467529))
32630;POLYGON((-219619949 -408167906,-212947059 -391797490,-178837480 -419196347,-184233591 -436626366,-219619949 -408167906))
32631;POLYGON((220619949 -408167906,227489656 -425150384,190785009 -454705899,185233591 -436626366,220619949 -408167906))
32632;POLYGON((183364412 -318467529,189125758 -332057459,159730045 -355570158,155054106 -341091444,183364412 -318467529))
32633;POLYGON((152185178 -246945735,156999220 -257750942,133607005 -276378110,129681289 -264856577,152185178 -246945735))
32634;POLYGON((126186504 -190293861,130194408 -198827327,111703329 -213525248,108417873 -204417510,126186504 -190293861))
32635;POLYGON((104585086 -145728360,107910082 -152420597,93394438 -163975246,90653078 -156825107,104585086 -145728360))
32636;POLYGON((86698826 -110921039,89448021 -116131195,78135051 -125184972,75854043 -119611697,86698826 -110921039))
32637;POLYGON((71936387 -83936568,74202454 -87962362,65451126 -95037278,63557854 -90725112,71936387 -83936568))
32638;POLYGON((59787516 -63176748,61650256 -66263308,54932366 -71781003,53364152 -68469831,59787516 -63176748))
32639;POLYGON((49814102 -47331017,51341881 -49678720,46225306 -53977646,44928307 -51454716,49814102 -47331017))
32640;POLYGON((41641935 -35332701,42893014 -37104084,39026918 -40454179,37955115 -38546803,41641935 -35332701))
32641;POLYGON((34953141 -26320545,35976887 -27646369,33078751 -30261522,32193017 -28830666,34953141 -26320545))
32642;POLYGON((29479261 -19605074,30317260 -20589616,28161549 -22638171,27428802 -21572869,29479261 -19605074))
32643;POLYGON((24994945 -14639349,25682013 -15364985,24090351 -16978558,23482778 -16191062,24994945 -14639349))
32644;POLYGON((21312231 -10993710,21877324 -11524866,20710030 -12805674,20204388 -12227278,21312231 -10993710))
32645;POLYGON((18275375 -8334125,18742417 -8720652,17891258 -9747570,17468241 -9325042,18275375 -8334125))
32646;POLYGON((15756211 -6403766,16144829 -6683800,15526883 -7517320,15170553 -7209875,15756211 -6403766))
32647;POLYGON((13649998 -5007470,13976184 -5209836,13528668 -5896099,13225951 -5672855,13649998 -5007470))
32648;POLYGON((11871740 -3998758,12148432 -4144971,11824403 -4719010,11564637 -4556869,11871740 -3998758))
32649;POLYGON((10352935 -3269105,10590530 -3375010,10355339 -3863337,10129879 -3745243,10352935 -3269105))
32650;POLYGON((9038728 -2739168,9245531 -2816282,9073941 -3238926,8875812 -3152450,9038728 -2739168))
32651;POLYGON((7885444 -2351718,8068051 -2408297,7941924 -2780402,7765524 -2716600,7885444 -2351718))
32652;POLYGON((6858458 -2066017,7022092 -2107907,6928559 -2440961,6769394 -2393478,6858458 -2066017))
32653;POLYGON((5930390 -1853432,6079179 -1884718,6009216 -2187497,5863684 -2151869,5930390 -1853432))
32654;POLYGON((5079571 -1694060,5216787 -1717571,5164131 -1996849,5029337 -1969972,5079571 -1694060))
32655;POLYGON((4288776 -1574199,4417029 -1591872,4377373 -1852963,4250971 -1832695,4288776 -1574199))
32656;POLYGON((3544179 -1484488,3665575 -1497645,3635978 -1744797,3516043 -1729672,3544179 -1484488))
32657;POLYGON((2834494 -1418584,2950769 -1428115,2929238 -1664813,2814164 -1653837,2834494 -1418584))
32658;POLYGON((2150294 -1372243,2262915 -1378740,2248125 -1607927,2136535 -1600436,2150294 -1372243))
32659;POLYGON((1483456 -1342711,1593706 -1346548,1584810 -1570800,1475487 -1566373,1483456 -1342711))
32660;POLYGON((826714 -1328333,935762 -1329719,932275 -1551381,824103 -1549780,826714 -1328333))
