32701;POLYGON((391029 17880094,427338 17878596,420023 17655665,380058 17657294,391029 17880094))
32702;POLYGON((174032 17901663,210053 17896573,180819 17675207,141153 17680742,174032 17901663))
32703;POLYGON((-40123 17944712,-4709 17936052,-55759 17718150,-94794 17727574,-40123 17944712))
32704;POLYGON((-249510 18009053,-215026 17996862,-287701 17784368,-325761 17797653,-249510 18009053))
32705;POLYGON((-452150 18094376,-418931 18078716,-512917 17873640,-549648 17890737,-452150 18094376))
32706;POLYGON((-646012 18200227,-614399 18181185,-729232 17985611,-764260 18006445,-646012 18200227))
32707;POLYGON((-829004 18325964,-799350 18303660,-934364 18119745,-967300 18144205,-829004 18325964))
32708;POLYGON((-998996 18470715,-971658 18445314,-1125937 18275265,-1156376 18303193,-998996 18470715))
32709;POLYGON((-1153838 18633338,-1129174 18605051,-1301495 18451086,-1329022 18482267,-1153838 18633338))
32710;POLYGON((-1291417 18812368,-1269774 18781464,-1458546 18645745,-1482747 18679892,-1291417 18812368))
32711;POLYGON((-1409716 19005974,-1391419 18972784,-1594626 18857318,-1615099 18894060,-1409716 19005974))
32712;POLYGON((-1506909 19211919,-1492245 19176846,-1707389 19083339,-1723763 19122207,-1506909 19211919))
32713;POLYGON((-1581479 19427533,-1570674 19391053,-1794729 19320725,-1806686 19361140,-1581479 19427533))
32714;POLYGON((-1632366 19649697,-1625557 19612361,-1854930 19565698,-1862235 19606957,-1632366 19649697))
32715;POLYGON((-1659142 19874844,-1656348 19837277,-1886858 19813715,-1889394 19854983,-1659142 19874844))
32716;POLYGON((-1662231 20098994,-1663312 20061885,-1890189 20059414,-1887998 20099715,-1662231 20098994))
32717;POLYGON((-1643154 20317806,-1647768 20281901,-1865678 20296574,-1859014 20334784,-1643154 20317806))
32718;POLYGON((-1604829 20526680,-1612380 20492758,-1815479 20518089,-1804860 20552940,-1604829 20526680))
32719;POLYGON((-1551900 20720891,-1561478 20689741,-1743504 20715980,-1729783 20746056,-1551900 20720891))
32720;POLYGON((-1491123 20895782,-1501438 20868165,-1655847 20881419,-1640284 20905174,-1491123 20895782))
32721;POLYGON((-1431793 21047007,-1441099 21023614,-1561253 21004811,-1545598 21020576,-1431793 21047007))
32722;POLYGON((-1386230 21170850,-1392242 21152242,-1471645 21075893,-1458236 21081904,-1386230 21170850))
32723;POLYGON((-1370311 21264610,-1370111 21251146,-1402722 21083901,-1394588 21078330,-1370311 21264610))
32724;POLYGON((-1404069 21327071,-1394003 21318829,-1374613 21017781,-1375589 20998774,-1404069 21327071))
32725;POLYGON((-1512343 21359071,-1487907 21355741,-1412598 20866459,-1427453 20832192,-1512343 21359071))
32726;POLYGON((-1725496 21364163,-1681215 21364933,-1547909 20619186,-1582487 20567928,-1725496 21364163))
32727;POLYGON((-2080198 21349400,-2009486 21352815,-1818595 20265953,-1879965 20196140,-2080198 21349400))
32728;POLYGON((-2620276 21326239,-2515294 21330040,-2270471 19797991,-2367094 19708323,-2620276 21326239))
32729;POLYGON((-3397636 21311574,-3249130 21312521,-2958143 19208361,-3100054 19097907,-3397636 21311574))
32730;POLYGON((-4473258 21328927,-4270390 21322584,-3946123 18492647,-4145119 18360969,-4473258 21328927))
32731;POLYGON((5473258 21328927,5686361 21337014,5354910 18225754,5145119 18360969,5473258 21328927))
32732;POLYGON((4397636 21311574,4554404 21311498,4250609 18983930,4100054 19097907,4397636 21311574))
32733;POLYGON((3620276 21326239,3731829 21322658,3470524 19615244,3367094 19708323,3620276 21326239))
32734;POLYGON((3080198 21349400,3156041 21345740,2946583 20123100,2879965 20196140,3080198 21349400))
32735;POLYGON((2725496 21364163,2773693 21362831,2621003 20513679,2582487 20567928,2725496 21364163))
32736;POLYGON((2512343 21359071,2539677 21361645,2445158 20795210,2427453 20832192,2512343 21359071))
32737;POLYGON((2404069 21327071,2416192 21334462,2378519 20977349,2375589 20998774,2404069 21327071))
32738;POLYGON((2370311 21264610,2371880 21277200,2387683 21070647,2394588 21078330,2370311 21264610))
32739;POLYGON((2386230 21170850,2381032 21188620,2445476 21086113,2458236 21081904,2386230 21170850))
32740;POLYGON((2431793 21047007,2422862 21069637,2530138 21034840,2545598 21020576,2431793 21047007))
32741;POLYGON((2491123 20895782,2480842 20922739,2624569 20927716,2640284 20905174,2491123 20895782))
32742;POLYGON((2551900 20720891,2542099 20751504,2715655 20775191,2729783 20746056,2551900 20720891))
32743;POLYGON((2604829 20526680,2596868 20560195,2793655 20587097,2804860 20552940,2604829 20526680))
32744;POLYGON((2643154 20317806,2638001 20353436,2851646 20372527,2859014 20334784,2643154 20317806))
32745;POLYGON((2662231 20098994,2660531 20135955,2885038 20139749,2887998 20099715,2662231 20098994))
32746;POLYGON((2659142 19874844,2661276 19912385,2891134 19896161,2889394 19854983,2659142 19874844))
32747;POLYGON((2632366 19649697,2638503 19687117,2868749 19648279,2862235 19606957,2632366 19649697))
32748;POLYGON((2581479 19427533,2591625 19464197,2817881 19401748,2806686 19361140,2581479 19427533))
32749;POLYGON((2506909 19211919,2520943 19247262,2739422 19161376,2723763 19122207,2506909 19211919))
32750;POLYGON((2409716 19005974,2427426 19039508,2634915 18931191,2615099 18894060,2409716 19005974))
32751;POLYGON((2291417 18812368,2312525 18843679,2506355 18714500,2482747 18679892,2291417 18812368))
32752;POLYGON((2153838 18633338,2178023 18662082,2356024 18513964,2329022 18482267,2153838 18633338))
32753;POLYGON((1998996 18470715,2025913 18496613,2186359 18331680,2156376 18303193,1998996 18470715))
32754;POLYGON((1829004 18325964,1858297 18348796,1999849 18169255,1967300 18144205,1829004 18325964))
32755;POLYGON((1646012 18200227,1677322 18219823,1798967 18027893,1764260 18006445,1646012 18200227))
32756;POLYGON((1452150 18094376,1485126 18110608,1586122 17908464,1549648 17890737,1452150 18094376))
32757;POLYGON((1249510 18009053,1283806 18021826,1363625 17811578,1325761 17797653,1249510 18009053))
32758;POLYGON((1040123 17944712,1075405 17953964,1133690 17737645,1094794 17727574,1040123 17944712))
32759;POLYGON((825967 17901663,861908 17907350,898429 17686926,858846 17680742,825967 17901663))
32760;POLYGON((608970 17880094,645252 17882193,659880 17659574,619941 17657294,608970 17880094))
32601;POLYGON((391029 7880094,427338 7878596,420023 7655665,380058 7657294,391029 7880094))
32602;POLYGON((174032 7901663,210053 7896573,180819 7675207,141153 7680742,174032 7901663))
32603;POLYGON((-40123 7944712,-4709 7936052,-55759 7718150,-94794 7727574,-40123 7944712))
32604;POLYGON((-249510 8009053,-215026 7996862,-287701 7784368,-325761 7797653,-249510 8009053))
32605;POLYGON((-452150 8094376,-418931 8078716,-512917 7873640,-549648 7890737,-452150 8094376))
32606;POLYGON((-646012 8200227,-614399 8181185,-729232 7985611,-764260 8006445,-646012 8200227))
32607;POLYGON((-829004 8325964,-799350 8303660,-934364 8119745,-967300 8144205,-829004 8325964))
32608;POLYGON((-998996 8470715,-971658 8445314,-1125937 8275265,-1156376 8303193,-998996 8470715))
32609;POLYGON((-1153838 8633338,-1129174 8605051,-1301495 8451086,-1329022 8482267,-1153838 8633338))
32610;POLYGON((-1291417 8812368,-1269774 8781464,-1458546 8645745,-1482747 8679892,-1291417 8812368))
32611;POLYGON((-1409716 9005974,-1391419 8972784,-1594626 8857318,-1615099 8894060,-1409716 9005974))
32612;POLYGON((-1506909 9211919,-1492245 9176846,-1707389 9083339,-1723763 9122207,-1506909 9211919))
32613;POLYGON((-1581479 9427533,-1570674 9391053,-1794729 9320725,-1806686 9361140,-1581479 9427533))
32614;POLYGON((-1632366 9649697,-1625557 9612361,-1854930 9565698,-1862235 9606957,-1632366 9649697))
32615;POLYGON((-1659142 9874844,-1656348 9837277,-1886858 9813715,-1889394 9854983,-1659142 9874844))
32616;POLYGON((-1662231 10098994,-1663312 10061885,-1890189 10059414,-1887998 10099715,-1662231 10098994))
32617;POLYGON((-1643154 10317806,-1647768 10281901,-1865678 10296574,-1859014 10334784,-1643154 10317806))
32618;POLYGON((-1604829 10526680,-1612380 10492758,-1815479 10518089,-1804860 10552940,-1604829 10526680))
32619;POLYGON((-1551900 10720891,-1561478 10689741,-1743504 10715980,-1729783 10746056,-1551900 10720891))
32620;POLYGON((-1491123 10895782,-1501438 10868165,-1655847 10881419,-1640284 10905174,-1491123 10895782))
32621;POLYGON((-1431793 11047007,-1441099 11023614,-1561253 11004811,-1545598 11020576,-1431793 11047007))
32622;POLYGON((-1386230 11170850,-1392242 11152242,-1471645 11075893,-1458236 11081904,-1386230 11170850))
32623;POLYGON((-1370311 11264610,-1370111 11251146,-1402722 11083901,-1394588 11078330,-1370311 11264610))
32624;POLYGON((-1404069 11327071,-1394003 11318829,-1374613 11017781,-1375589 10998774,-1404069 11327071))
32625;POLYGON((-1512343 11359071,-1487907 11355741,-1412598 10866459,-1427453 10832192,-1512343 11359071))
32626;POLYGON((-1725496 11364163,-1681215 11364933,-1547909 10619186,-1582487 10567928,-1725496 11364163))
32627;POLYGON((-2080198 11349400,-2009486 11352815,-1818595 10265953,-1879965 10196140,-2080198 11349400))
32628;POLYGON((-2620276 11326239,-2515294 11330040,-2270471 9797991,-2367094 9708323,-2620276 11326239))
32629;POLYGON((-3397636 11311574,-3249130 11312521,-2958143 9208361,-3100054 9097907,-3397636 11311574))
32630;POLYGON((-4473258 11328927,-4270390 11322584,-3946123 8492647,-4145119 8360969,-4473258 11328927))
32631;POLYGON((5473258 11328927,5686361 11337014,5354910 8225754,5145119 8360969,5473258 11328927))
32632;POLYGON((4397636 11311574,4554404 11311498,4250609 8983930,4100054 9097907,4397636 11311574))
32633;POLYGON((3620276 11326239,3731829 11322658,3470524 9615244,3367094 9708323,3620276 11326239))
32634;POLYGON((3080198 11349400,3156041 11345740,2946583 10123100,2879965 10196140,3080198 11349400))
32635;POLYGON((2725496 11364163,2773693 11362831,2621003 10513679,2582487 10567928,2725496 11364163))
32636;POLYGON((2512343 11359071,2539677 11361645,2445158 10795210,2427453 10832192,2512343 11359071))
32637;POLYGON((2404069 11327071,2416192 11334462,2378519 10977349,2375589 10998774,2404069 11327071))
32638;POLYGON((2370311 11264610,2371880 11277200,2387683 11070647,2394588 11078330,2370311 11264610))
32639;POLYGON((2386230 11170850,2381032 11188620,2445476 11086113,2458236 11081904,2386230 11170850))
32640;POLYGON((2431793 11047007,2422862 11069637,2530138 11034840,2545598 11020576,2431793 11047007))
32641;POLYGON((2491123 10895782,2480842 10922739,2624569 10927716,2640284 10905174,2491123 10895782))
32642;POLYGON((2551900 10720891,2542099 10751504,2715655 10775191,2729783 10746056,2551900 10720891))
32643;POLYGON((2604829 10526680,2596868 10560195,2793655 10587097,2804860 10552940,2604829 10526680))
32644;POLYGON((2643154 10317806,2638001 10353436,2851646 10372527,2859014 10334784,2643154 10317806))
32645;POLYGON((2662231 10098994,2660531 10135955,2885038 10139749,2887998 10099715,2662231 10098994))
32646;POLYGON((2659142 9874844,2661276 9912385,2891134 9896161,2889394 9854983,2659142 9874844))
32647;POLYGON((2632366 9649697,2638503 9687117,2868749 9648279,2862235 9606957,2632366 9649697))
32648;POLYGON((2581479 9427533,2591625 9464197,2817881 9401748,2806686 9361140,2581479 9427533))
32649;POLYGON((2506909 9211919,2520943 9247262,2739422 9161376,2723763 9122207,2506909 9211919))
32650;POLYGON((2409716 9005974,2427426 9039508,2634915 8931191,2615099 8894060,2409716 9005974))
32651;POLYGON((2291417 8812368,2312525 8843679,2506355 8714500,2482747 8679892,2291417 8812368))
32652;POLYGON((2153838 8633338,2178023 8662082,2356024 8513964,2329022 8482267,2153838 8633338))
32653;POLYGON((1998996 8470715,2025913 8496613,2186359 8331680,2156376 8303193,1998996 8470715))
32654;POLYGON((1829004 8325964,1858297 8348796,1999849 8169255,1967300 8144205,1829004 8325964))
32655;POLYGON((1646012 8200227,1677322 8219823,1798967 8027893,1764260 8006445,1646012 8200227))
32656;POLYGON((1452150 8094376,1485126 8110608,1586122 7908464,1549648 7890737,1452150 8094376))
32657;POLYGON((1249510 8009053,1283806 8021826,1363625 7811578,1325761 7797653,1249510 8009053))
32658;POLYGON((1040123 7944712,1075405 7953964,1133690 7737645,1094794 7727574,1040123 7944712))
32659;POLYGON((825967 7901663,861908 7907350,898429 7686926,858846 7680742,825967 7901663))
32660;POLYGON((608970 7880094,645252 7882193,659880 7659574,619941 7657294,608970 7880094))
