32701;POLYGON((294071 15765288,362705 15762926,356670 15540547,285015 15542944,294071 15765288))
32702;POLYGON((-117232 15799377,-48768 15791314,-73009 15569366,-144535 15577555,-117232 15799377))
32703;POLYGON((-526795 15868029,-458712 15854153,-501520 15633225,-572751 15647338,-526795 15868029))
32704;POLYGON((-933188 15972168,-865748 15952295,-927743 15733137,-998458 15753394,-933188 15972168))
32705;POLYGON((-1334571 16113121,-1268117 16087006,-1350146 15870627,-1420036 15897328,-1334571 16113121))
32706;POLYGON((-1728496 16292538,-1663487 16259887,-1766577 16047665,-1835205 16081174,-1728496 16292538))
32707;POLYGON((-2111695 16512247,-2048742 16472752,-2174016 16266549,-2240775 16307269,-2111695 16512247))
32708;POLYGON((-2479828 16774045,-2419741 16727421,-2568288 16529712,-2632347 16578042,-2479828 16774045))
32709;POLYGON((-2827193 17079376,-2771031 17025423,-2943718 16839427,-3003957 16895703,-2827193 17079376))
32710;POLYGON((-3146390 17428876,-3095521 17367569,-3292718 17197370,-3347654 17261774,-3146390 17428876))
32711;POLYGON((-3427927 17821747,-3384095 17753352,-3605301 17604003,-3652996 17676436,-3427927 17821747))
32712;POLYGON((-3659763 18254902,-3625175 18180136,-3868502 18057717,-3906462 18137635,-3659763 18254902))
32713;POLYGON((-3826789 18721851,-3804199 18642088,-4065711 18553700,-4090758 18639891,-3826789 18721851))
32714;POLYGON((-3910220 19211255,-3903043 19128796,-4175887 19082445,-4184024 19172741,-3910220 19211255))
32715;POLYGON((-3886913 19705103,-3899341 19623502,-4172665 19627852,-4158909 19718769,-3886913 19705103))
32716;POLYGON((-3728592 20176428,-3765729 20100913,-4023322 20164833,-3981522 20251117,-3728592 20176428))
32717;POLYGON((-3400964 20586509,-3468984 20524487,-3687617 20656355,-3610244 20730428,-3400964 20586509))
32718;POLYGON((-2862744 20881473,-2969059 20843139,-3116467 21049818,-2994380 21101107,-2862744 20881473))
32719;POLYGON((-2064557 20988207,-2218008 20987279,-2250477 21272698,-2072661 21286825,-2064557 20988207))
32720;POLYGON((-947718 20809505,-1158787 20864088,-1018289 21227332,-771563 21185157,-947718 20809505))
32721;POLYGON((557110 20218355,276065 20351958,665244 20784755,996552 20661252,557110 20218355))
32722;POLYGON((2531400 19051247,2165891 19293971,2901083 19777481,3335489 19540418,2531400 19051247))
32723;POLYGON((5070379 17100433,4603506 17490340,5808218 17991095,6367474 17599512,5070379 17100433))
32724;POLYGON((8284808 14104992,7696953 14689677,9526104 15154547,10235626 14557003,8284808 14104992))
32725;POLYGON((12302911 9740604,11571403 10578999,14217320 10929014,15106652 10061582,12302911 9740604))
32726;POLYGON((17272470 3607919,16371226 4772332,20070457 4895188,21173776 3679172,17272470 3607919))
32727;POLYGON((23363095 -4780634,22262229 -3202206,27303255 -3461138,28659919 -5121780,23363095 -4780634))
32728;POLYGON((30768673 -16015701,29434076 -13916975,36165985 -14765357,37821121 -16986921,30768673 -16015701))
32729;POLYGON((39709999 -30807669,38102885 -28061167,46945106 -29772337,48950248 -32694625,39709999 -30807669))
32730;POLYGON((50437612 -50005299,48514034 -46459098,59967193 -49386888,62380961 -53176846,50437612 -50005299))
32731;POLYGON((-49437612 -50005299,-51418598 -53701466,-63869070 -57129774,-61380961 -53176846,-49437612 -50005299))
32732;POLYGON((-38709999 -30807669,-40366659 -33676194,-50019222 -35749142,-47950248 -32694625,-38709999 -30807669))
32733;POLYGON((-29768673 -16015701,-31145862 -18212919,-38530830 -19314878,-36821121 -16986921,-29768673 -16015701))
32734;POLYGON((-22363095 -4780634,-23500427 -6437863,-29063029 -6867241,-27659919 -5121780,-22363095 -4780634))
32735;POLYGON((-16272470 3607919,-17204800 2381075,-21316438 2396231,-20173776 3679172,-16272470 3607919))
32736;POLYGON((-11302911 9740604,-12060800 8853289,-15029142 9141952,-14106652 10061582,-11302911 9740604))
32737;POLYGON((-7284808 14104992,-7894944 13482449,-9972946 13919287,-9235626 14557003,-7284808 14104992))
32738;POLYGON((-4070379 17100433,-4555975 16681652,-5949904 17177486,-5367474 17599512,-4070379 17100433))
32739;POLYGON((-1531400 19051247,-1912559 18786873,-2789099 19280706,-2335489 19540418,-1531400 19051247))
32740;POLYGON((442889 20218355,148835 20068852,-343674 20521277,3447 20661252,442889 20218355))
32741;POLYGON((1947718 20809505,1725898 20743548,1511901 21131344,1771563 21185157,1947718 20809505))
32742;POLYGON((3064557 20988207,2902279 20981273,2884339 21293041,3072661 21286825,3064557 20988207))
32743;POLYGON((3862744 20881473,3749229 20914632,3863825 21147316,3994380 21101107,3862744 20881473))
32744;POLYGON((4400964 20586509,4327112 20645377,4526100 20801530,4610244 20730428,4400964 20586509))
32745;POLYGON((4728592 20176428,4686767 20250275,4934356 20335963,4981522 20251117,4728592 20176428))
32746;POLYGON((4886913 19705103,4870749 19786105,5140940 19809333,5158909 19718769,4886913 19705103))
32747;POLYGON((4910220 19211255,4914443 19293859,5188887 19263424,5184024 19172741,4910220 19211255))
32748;POLYGON((4826789 18721851,4847066 18802251,5113289 18726947,5090758 18639891,4826789 18721851))
32749;POLYGON((4659763 18254902,4692560 18330617,4942510 18218705,4906462 18137635,4659763 18254902))
32750;POLYGON((4427927 17821747,4470385 17891268,4699259 17750169,4652996 17676436,4427927 17821747))
32751;POLYGON((4146390 17428876,4196219 17491392,4401532 17327532,4347654 17261774,4146390 17428876))
32752;POLYGON((3827193 17079376,3882577 17134558,4063427 16953328,4003957 16895703,3827193 17079376))
32753;POLYGON((3479828 16774045,3539341 16821880,3695856 16627677,3632347 16578042,3479828 16774045))
32754;POLYGON((3111695 16512247,3174232 16552912,3307148 16349231,3240775 16307269,3111695 16512247))
32755;POLYGON((2728496 16292538,2793210 16326308,2903568 16115857,2835205 16081174,2728496 16292538))
32756;POLYGON((2334571 16113121,2400820 16140305,2489749 15925137,2420036 15897328,2334571 16113121))
32757;POLYGON((1933188 15972168,2000491 15993062,2069060 15774703,1998458 15753394,1933188 15972168))
32758;POLYGON((1526795 15868029,1594791 15882890,1643914 15662458,1572751 15647338,1526795 15868029))
32759;POLYGON((1117232 15799377,1185648 15808400,1216025 15586720,1144535 15577555,1117232 15799377))
32760;POLYGON((705928 15765288,774548 15768595,786627 15546300,714984 15542944,705928 15765288))
32601;POLYGON((294071 5765288,362705 5762926,356670 5540547,285015 5542944,294071 5765288))
32602;POLYGON((-117232 5799377,-48768 5791314,-73009 5569366,-144535 5577555,-117232 5799377))
32603;POLYGON((-526795 5868029,-458712 5854153,-501520 5633225,-572751 5647338,-526795 5868029))
32604;POLYGON((-933188 5972168,-865748 5952295,-927743 5733137,-998458 5753394,-933188 5972168))
32605;POLYGON((-1334571 6113121,-1268117 6087006,-1350146 5870627,-1420036 5897328,-1334571 6113121))
32606;POLYGON((-1728496 6292538,-1663487 6259887,-1766577 6047665,-1835205 6081174,-1728496 6292538))
32607;POLYGON((-2111695 6512247,-2048742 6472752,-2174016 6266549,-2240775 6307269,-2111695 6512247))
32608;POLYGON((-2479828 6774045,-2419741 6727421,-2568288 6529712,-2632347 6578042,-2479828 6774045))
32609;POLYGON((-2827193 7079376,-2771031 7025423,-2943718 6839427,-3003957 6895703,-2827193 7079376))
32610;POLYGON((-3146390 7428876,-3095521 7367569,-3292718 7197370,-3347654 7261774,-3146390 7428876))
32611;POLYGON((-3427927 7821747,-3384095 7753352,-3605301 7604003,-3652996 7676436,-3427927 7821747))
32612;POLYGON((-3659763 8254902,-3625175 8180136,-3868502 8057717,-3906462 8137635,-3659763 8254902))
32613;POLYGON((-3826789 8721851,-3804199 8642088,-4065711 8553700,-4090758 8639891,-3826789 8721851))
32614;POLYGON((-3910220 9211255,-3903043 9128796,-4175887 9082445,-4184024 9172741,-3910220 9211255))
32615;POLYGON((-3886913 9705103,-3899341 9623502,-4172665 9627852,-4158909 9718769,-3886913 9705103))
32616;POLYGON((-3728592 10176428,-3765729 10100913,-4023322 10164833,-3981522 10251117,-3728592 10176428))
32617;POLYGON((-3400964 10586509,-3468984 10524487,-3687617 10656355,-3610244 10730428,-3400964 10586509))
32618;POLYGON((-2862744 10881473,-2969059 10843139,-3116467 11049818,-2994380 11101107,-2862744 10881473))
32619;POLYGON((-2064557 10988207,-2218008 10987279,-2250477 11272698,-2072661 11286825,-2064557 10988207))
32620;POLYGON((-947718 10809505,-1158787 10864088,-1018289 11227332,-771563 11185157,-947718 10809505))
32621;POLYGON((557110 10218355,276065 10351958,665244 10784755,996552 10661252,557110 10218355))
32622;POLYGON((2531400 9051247,2165891 9293971,2901083 9777481,3335489 9540418,2531400 9051247))
32623;POLYGON((5070379 7100433,4603506 7490340,5808218 7991095,6367474 7599512,5070379 7100433))
32624;POLYGON((8284808 4104992,7696953 4689677,9526104 5154547,10235626 4557003,8284808 4104992))
32625;POLYGON((12302911 -259395,11571403 578999,14217320 929014,15106652 61582,12302911 -259395))
32626;POLYGON((17272470 -6392080,16371226 -5227667,20070457 -5104811,21173776 -6320827,17272470 -6392080))
32627;POLYGON((23363095 -14780634,22262229 -13202206,27303255 -13461138,28659919 -15121780,23363095 -14780634))
32628;POLYGON((30768673 -26015701,29434076 -23916975,36165985 -24765357,37821121 -26986921,30768673 -26015701))
32629;POLYGON((39709999 -40807669,38102885 -38061167,46945106 -39772337,48950248 -42694625,39709999 -40807669))
32630;POLYGON((50437612 -60005299,48514034 -56459098,59967193 -59386888,62380961 -63176846,50437612 -60005299))
32631;POLYGON((-49437612 -60005299,-51418598 -63701466,-63869070 -67129774,-61380961 -63176846,-49437612 -60005299))
32632;POLYGON((-38709999 -40807669,-40366659 -43676194,-50019222 -45749142,-47950248 -42694625,-38709999 -40807669))
32633;POLYGON((-29768673 -26015701,-31145862 -28212919,-38530830 -29314878,-36821121 -26986921,-29768673 -26015701))
32634;POLYGON((-22363095 -14780634,-23500427 -16437863,-29063029 -16867241,-27659919 -15121780,-22363095 -14780634))
32635;POLYGON((-16272470 -6392080,-17204800 -7618924,-21316438 -7603768,-20173776 -6320827,-16272470 -6392080))
32636;POLYGON((-11302911 -259395,-12060800 -1146710,-15029142 -858047,-14106652 61582,-11302911 -259395))
32637;POLYGON((-7284808 4104992,-7894944 3482449,-9972946 3919287,-9235626 4557003,-7284808 4104992))
32638;POLYGON((-4070379 7100433,-4555975 6681652,-5949904 7177486,-5367474 7599512,-4070379 7100433))
32639;POLYGON((-1531400 9051247,-1912559 8786873,-2789099 9280706,-2335489 9540418,-1531400 9051247))
32640;POLYGON((442889 10218355,148835 10068852,-343674 10521277,3447 10661252,442889 10218355))
32641;POLYGON((1947718 10809505,1725898 10743548,1511901 11131344,1771563 11185157,1947718 10809505))
32642;POLYGON((3064557 10988207,2902279 10981273,2884339 11293041,3072661 11286825,3064557 10988207))
32643;POLYGON((3862744 10881473,3749229 10914632,3863825 11147316,3994380 11101107,3862744 10881473))
32644;POLYGON((4400964 10586509,4327112 10645377,4526100 10801530,4610244 10730428,4400964 10586509))
32645;POLYGON((4728592 10176428,4686767 10250275,4934356 10335963,4981522 10251117,4728592 10176428))
32646;POLYGON((4886913 9705103,4870749 9786105,5140940 9809333,5158909 9718769,4886913 9705103))
32647;POLYGON((4910220 9211255,4914443 9293859,5188887 9263424,5184024 9172741,4910220 9211255))
32648;POLYGON((4826789 8721851,4847066 8802251,5113289 8726947,5090758 8639891,4826789 8721851))
32649;POLYGON((4659763 8254902,4692560 8330617,4942510 8218705,4906462 8137635,4659763 8254902))
32650;POLYGON((4427927 7821747,4470385 7891268,4699259 7750169,4652996 7676436,4427927 7821747))
32651;POLYGON((4146390 7428876,4196219 7491392,4401532 7327532,4347654 7261774,4146390 7428876))
32652;POLYGON((3827193 7079376,3882577 7134558,4063427 6953328,4003957 6895703,3827193 7079376))
32653;POLYGON((3479828 6774045,3539341 6821880,3695856 6627677,3632347 6578042,3479828 6774045))
32654;POLYGON((3111695 6512247,3174232 6552912,3307148 6349231,3240775 6307269,3111695 6512247))
32655;POLYGON((2728496 6292538,2793210 6326308,2903568 6115857,2835205 6081174,2728496 6292538))
32656;POLYGON((2334571 6113121,2400820 6140305,2489749 5925137,2420036 5897328,2334571 6113121))
32657;POLYGON((1933188 5972168,2000491 5993062,2069060 5774703,1998458 5753394,1933188 5972168))
32658;POLYGON((1526795 5868029,1594791 5882890,1643914 5662458,1572751 5647338,1526795 5868029))
32659;POLYGON((1117232 5799377,1185648 5808400,1216025 5586720,1144535 5577555,1117232 5799377))
32660;POLYGON((705928 5765288,774548 5768595,786627 5546300,714984 5542944,705928 5765288))
