32701;POLYGON((166223 10221366,277539 10221196,277404 10000000,166021 10000000,166223 10221366))
32702;POLYGON((-505028 10223833,-392578 10223246,-393126 10000000,-505646 10000000,-505028 10223833))
32703;POLYGON((-1187588 10228907,-1072703 10227870,-1073695 10000000,-1188658 10000000,-1187588 10228907))
32704;POLYGON((-1889716 10236891,-1770954 10235340,-1772450 10000000,-1891304 10000000,-1889716 10236891))
32705;POLYGON((-2620847 10248290,-2496528 10246124,-2498625 10000000,-2623058 10000000,-2620847 10248290))
32706;POLYGON((-3392247 10263894,-3260333 10260957,-3263181 10000000,-3395241 10000000,-3392247 10263894))
32707;POLYGON((-4217853 10284899,-4075792 10280956,-4079618 10000000,-4221871 10000000,-4217853 10284899))
32708;POLYGON((-5115350 10313097,-4959881 10307798,-4965022 10000000,-5120754 10000000,-5115350 10313097))
32709;POLYGON((-6107547 10351152,-5934445 10343977,-5941403 10000000,-6114872 10000000,-6107547 10351152))
32710;POLYGON((-7224087 10402985,-7027852 10393173,-7037363 10000000,-7234117 10000000,-7224087 10402985))
32711;POLYGON((-8503559 10474308,-8277035 10460756,-8290169 10000000,-8517431 10000000,-8503559 10474308))
32712;POLYGON((-9996065 10573336,-9729980 10554463,-9748269 10000000,-10015404 10000000,-9996065 10573336))
32713;POLYGON((-11766279 10711715,-11448695 10685295,-11474304 10000000,-11793375 10000000,-11766279 10711715))
32714;POLYGON((-13897074 10905716,-13512743 10868657,-13548684 10000000,-13935104 10000000,-13897074 10905716))
32715;POLYGON((-16493750 11177745,-16023366 11125812,-16073768 10000000,-16547061 10000000,-16493750 11177745))
32716;POLYGON((-19688927 11558208,-19108260 11485685,-19178707 10000000,-19763381 10000000,-19688927 11558208))
32717;POLYGON((-23648155 12087809,-22927066 11987086,-23025000 10000000,-23751552 10000000,-23648155 12087809))
32718;POLYGON((-28576286 12820327,-27677609 12681400,-27812830 10000000,-28718872 10000000,-28576286 12820327))
32719;POLYGON((-34724676 13825947,-33602957 13635819,-33788209 10000000,-34919750 10000000,-34724676 13825947))
32720;POLYGON((-42399254 15195211,-40999346 14937189,-41251012 10000000,-42663882 10000000,-42399254 15195211))
32721;POLYGON((-51969517 17043665,-50225011 16696536,-50563937 10000000,-52325378 10000000,-51969517 17043665))
32722;POLYGON((-63878514 19517287,-61710007 19054351,-62162451 10000000,-64352870 10000000,-63878514 19517287))
32723;POLYGON((-78653851 22798771,-75967037 22186736,-76565771 10000000,-79280678 10000000,-78653851 22798771))
32724;POLYGON((-96919791 27114767,-93603366 26312468,-94388943 10000000,-97741075 10000000,-96919791 27114767))
32725;POLYGON((-119410489 32744153,-115333866 31701098,-116356064 10000000,-120477699 10000000,-119410489 32744153))
32726;POLYGON((-146984418 40027459,-141995236 38682175,-143314700 10000000,-148360186 10000000,-146984418 40027459))
32727;POLYGON((-180640045 49377521,-174561467 47655688,-176251563 10000000,-182400052 10000000,-180640045 49377521))
32728;POLYGON((-221532795 61291492,-214160590 59103844,-216309492 10000000,-223767904 10000000,-221532795 61291492))
32729;POLYGON((-270993376 76364305,-262092767 73604279,-264805794 10000000,-273812009 10000000,-270993376 76364305))
32730;POLYGON((-330547501 95303714,-319849781 91844828,-323252002 10000000,-334078293 10000000,-330547501 95303714))
32731;POLYGON((331547501 95303714,342573447 98892932,346237017 10000000,335078293 10000000,331547501 95303714))
32732;POLYGON((271993376 76364305,281173874 79231446,284101680 10000000,274812009 10000000,271993376 76364305))
32733;POLYGON((222532795 61291492,230142557 63566631,232466879 10000000,224767904 10000000,222532795 61291492))
32734;POLYGON((181640045 49377521,187919260 51170353,189751698 10000000,183400052 10000000,181640045 49377521))
32735;POLYGON((147984418 40027459,153142183 41429964,154576353 10000000,149360186 10000000,147984418 40027459))
32736;POLYGON((120410489 32744153,124627997 33832989,125741957 10000000,121477699 10000000,120410489 32744153))
32737;POLYGON((97919791 27114767,101353290 27953411,102211708 10000000,98741075 10000000,97919791 27114767))
32738;POLYGON((79653851 22798771,82437379 23439425,83093464 10000000,80280678 10000000,79653851 22798771))
32739;POLYGON((64878514 19517287,67126424 20002564,67623633 10000000,65352870 10000000,64878514 19517287))
32740;POLYGON((52969517 17043665,54778798 17408078,55152348 10000000,53325378 10000000,52969517 17043665))
32741;POLYGON((43399254 15195211,44851655 15466475,45129845 10000000,43663882 10000000,43399254 15195211))
32742;POLYGON((35724676 13825947,36888646 14026121,37094014 10000000,35919750 10000000,35724676 13825947))
32743;POLYGON((29576286 12820327,30508737 12966795,30659055 10000000,29718872 10000000,29576286 12820327))
32744;POLYGON((24648155 12087809,25396053 12194131,25505196 10000000,24751552 10000000,24648155 12087809))
32745;POLYGON((20688927 11558208,21290730 11634844,21369407 10000000,20763381 10000000,20688927 11558208))
32746;POLYGON((17493750 11177745,17980686 11232667,18037067 10000000,17547061 10000000,17493750 11177745))
32747;POLYGON((14897074 10905716,15294286 10944925,15334524 10000000,14935104 10000000,14897074 10905716))
32748;POLYGON((12766279 10711715,13093830 10739666,13122499 10000000,12793375 10000000,12766279 10711715))
32749;POLYGON((10996065 10573336,11269824 10593292,11290275 10000000,11015404 10000000,10996065 10573336))
32750;POLYGON((9503559 10474308,9735968 10488623,9750623 10000000,9517431 10000000,9503559 10474308))
32751;POLYGON((8224087 10402985,8424822 10413332,8435402 10000000,8234117 10000000,8224087 10402985))
32752;POLYGON((7107547 10351152,7284083 10358705,7291796 10000000,7114872 10000000,7107547 10351152))
32753;POLYGON((6115350 10313097,6273434 10318667,6279115 10000000,6120754 10000000,6115350 10313097))
32754;POLYGON((5217853 10284899,5361899 10289039,5366119 10000000,5221871 10000000,5217853 10284899))
32755;POLYGON((4392247 10263894,4525659 10266980,4528804 10000000,4395241 10000000,4392247 10263894))
32756;POLYGON((3620847 10248290,3746279 10250572,3748607 10000000,3623058 10000000,3620847 10248290))
32757;POLYGON((2889716 10236891,3009279 10238536,3010963 10000000,2891304 10000000,2889716 10236891))
32758;POLYGON((2187588 10228907,2303013 10230025,2304165 10000000,2188658 10000000,2187588 10228907))
32759;POLYGON((1505028 10223833,1617790 10224491,1618481 10000000,1505646 10000000,1505028 10223833))
32760;POLYGON((833776 10221366,945193 10221604,945464 10000000,833978 10000000,833776 10221366))
32601;POLYGON((166223 221366,277539 221196,277404 0,166021 0,166223 221366))
32602;POLYGON((-505028 223833,-392578 223246,-393126 0,-505646 0,-505028 223833))
32603;POLYGON((-1187588 228907,-1072703 227870,-1073695 0,-1188658 0,-1187588 228907))
32604;POLYGON((-1889716 236891,-1770954 235340,-1772450 0,-1891304 0,-1889716 236891))
32605;POLYGON((-2620847 248290,-2496528 246124,-2498625 0,-2623058 0,-2620847 248290))
32606;POLYGON((-3392247 263894,-3260333 260957,-3263181 0,-3395241 0,-3392247 263894))
32607;POLYGON((-4217853 284899,-4075792 280956,-4079618 0,-4221871 0,-4217853 284899))
32608;POLYGON((-5115350 313097,-4959881 307798,-4965022 0,-5120754 0,-5115350 313097))
32609;POLYGON((-6107547 351152,-5934445 343977,-5941403 0,-6114872 0,-6107547 351152))
32610;POLYGON((-7224087 402985,-7027852 393173,-7037363 0,-7234117 0,-7224087 402985))
32611;POLYGON((-8503559 474308,-8277035 460756,-8290169 0,-8517431 0,-8503559 474308))
32612;POLYGON((-9996065 573336,-9729980 554463,-9748269 0,-10015404 0,-9996065 573336))
32613;POLYGON((-11766279 711715,-11448695 685295,-11474304 0,-11793375 0,-11766279 711715))
32614;POLYGON((-13897074 905716,-13512743 868657,-13548684 0,-13935104 0,-13897074 905716))
32615;POLYGON((-16493750 1177745,-16023366 1125812,-16073768 0,-16547061 0,-16493750 1177745))
32616;POLYGON((-19688927 1558208,-19108260 1485685,-19178707 0,-19763381 0,-19688927 1558208))
32617;POLYGON((-23648155 2087809,-22927066 1987086,-23025000 0,-23751552 0,-23648155 2087809))
32618;POLYGON((-28576286 2820327,-27677609 2681400,-27812830 0,-28718872 0,-28576286 2820327))
32619;POLYGON((-34724676 3825947,-33602957 3635819,-33788209 0,-34919750 0,-34724676 3825947))
32620;POLYGON((-42399254 5195211,-40999346 4937189,-41251012 0,-42663882 0,-42399254 5195211))
32621;POLYGON((-51969517 7043665,-50225011 6696536,-50563937 0,-52325378 0,-51969517 7043665))
32622;POLYGON((-63878514 9517287,-61710007 9054351,-62162451 0,-64352870 0,-63878514 9517287))
32623;POLYGON((-78653851 12798771,-75967037 12186736,-76565771 0,-79280678 0,-78653851 12798771))
32624;POLYGON((-96919791 17114767,-93603366 16312468,-94388943 0,-97741075 0,-96919791 17114767))
32625;POLYGON((-119410489 22744153,-115333866 21701098,-116356064 0,-120477699 0,-119410489 22744153))
32626;POLYGON((-146984418 30027459,-141995236 28682175,-143314700 0,-148360186 0,-146984418 30027459))
32627;POLYGON((-180640045 39377521,-174561467 37655688,-176251563 0,-182400052 0,-180640045 39377521))
32628;POLYGON((-221532795 51291492,-214160590 49103844,-216309492 0,-223767904 0,-221532795 51291492))
32629;POLYGON((-270993376 66364305,-262092767 63604279,-264805794 0,-273812009 0,-270993376 66364305))
32630;POLYGON((-330547501 85303714,-319849781 81844828,-323252002 0,-334078293 0,-330547501 85303714))
32631;POLYGON((331547501 85303714,342573447 88892932,346237017 0,335078293 0,331547501 85303714))
32632;POLYGON((271993376 66364305,281173874 69231446,284101680 0,274812009 0,271993376 66364305))
32633;POLYGON((222532795 51291492,230142557 53566631,232466879 0,224767904 0,222532795 51291492))
32634;POLYGON((181640045 39377521,187919260 41170353,189751698 0,183400052 0,181640045 39377521))
32635;POLYGON((147984418 30027459,153142183 31429964,154576353 0,149360186 0,147984418 30027459))
32636;POLYGON((120410489 22744153,124627997 23832989,125741957 0,121477699 0,120410489 22744153))
32637;POLYGON((97919791 17114767,101353290 17953411,102211708 0,98741075 0,97919791 17114767))
32638;POLYGON((79653851 12798771,82437379 13439425,83093464 0,80280678 0,79653851 12798771))
32639;POLYGON((64878514 9517287,67126424 10002564,67623633 0,65352870 0,64878514 9517287))
32640;POLYGON((52969517 7043665,54778798 7408078,55152348 0,53325378 0,52969517 7043665))
32641;POLYGON((43399254 5195211,44851655 5466475,45129845 0,43663882 0,43399254 5195211))
32642;POLYGON((35724676 3825947,36888646 4026121,37094014 0,35919750 0,35724676 3825947))
32643;POLYGON((29576286 2820327,30508737 2966795,30659055 0,29718872 0,29576286 2820327))
32644;POLYGON((24648155 2087809,25396053 2194131,25505196 0,24751552 0,24648155 2087809))
32645;POLYGON((20688927 1558208,21290730 1634844,21369407 0,20763381 0,20688927 1558208))
32646;POLYGON((17493750 1177745,17980686 1232667,18037067 0,17547061 0,17493750 1177745))
32647;POLYGON((14897074 905716,15294286 944925,15334524 0,14935104 0,14897074 905716))
32648;POLYGON((12766279 711715,13093830 739666,13122499 0,12793375 0,12766279 711715))
32649;POLYGON((10996065 573336,11269824 593292,11290275 0,11015404 0,10996065 573336))
32650;POLYGON((9503559 474308,9735968 488623,9750623 0,9517431 0,9503559 474308))
32651;POLYGON((8224087 402985,8424822 413332,8435402 0,8234117 0,8224087 402985))
32652;POLYGON((7107547 351152,7284083 358705,7291796 0,7114872 0,7107547 351152))
32653;POLYGON((6115350 313097,6273434 318667,6279115 0,6120754 0,6115350 313097))
32654;POLYGON((5217853 284899,5361899 289039,5366119 0,5221871 0,5217853 284899))
32655;POLYGON((4392247 263894,4525659 266980,4528804 0,4395241 0,4392247 263894))
32656;POLYGON((3620847 248290,3746279 250572,3748607 0,3623058 0,3620847 248290))
32657;POLYGON((2889716 236891,3009279 238536,3010963 0,2891304 0,2889716 236891))
32658;POLYGON((2187588 228907,2303013 230025,2304165 0,2188658 0,2187588 228907))
32659;POLYGON((1505028 223833,1617790 224491,1618481 0,1505646 0,1505028 223833))
32660;POLYGON((833776 221366,945193 221604,945464 0,833978 0,833776 221366))
