32701;POLYGON((465005 19329005,476664 19328498,468930 19105366,453407 19106037,465005 19329005))
32702;POLYGON((395391 19336281,406935 19334566,376087 19113409,360714 19115685,395391 19336281))
32703;POLYGON((326899 19350760,338205 19347853,284550 19131030,269489 19134887,326899 19350760))
32704;POLYGON((260265 19372293,271211 19368223,195290 19158055,180702 19163456,260265 19372293))
32705;POLYGON((196212 19400656,206678 19395466,109260 19194218,95301 19201110,196212 19400656))
32706;POLYGON((135434 19435554,145307 19429299,27387 19239161,14210 19247474,135434 19435554))
32707;POLYGON((78597 19476623,87769 19469367,-49433 19292430,-61685 19302080,78597 19476623))
32708;POLYGON((26328 19523428,34697 19515249,-120352 19353479,-131542 19364367,26328 19523428))
32709;POLYGON((-20792 19575471,-13319 19566456,-184578 19421675,-194579 19433687,-20792 19575471))
32710;POLYGON((-62241 19632193,-55747 19622440,-241384 19496300,-250084 19509307,-62241 19632193))
32711;POLYGON((-97557 19692982,-92114 19682595,-290131 19576556,-297432 19590419,-97557 19692982))
32712;POLYGON((-126356 19757180,-122022 19746273,-330282 19661581,-336107 19676152,-126356 19757180))
32713;POLYGON((-148337 19824095,-145156 19812784,-361423 19750461,-365715 19765583,-148337 19824095))
32714;POLYGON((-163297 19893012,-161296 19881417,-383283 19842251,-386015 19857765,-163297 19893012))
32715;POLYGON((-171142 19963209,-170329 19951451,-395767 19936002,-396940 19951752,-171142 19963209))
32716;POLYGON((-171903 20033980,-172263 20022174,-398977 20030794,-398630 20046634,-171903 20033980))
32717;POLYGON((-165745 20104656,-167240 20092910,-393251 20125785,-391466 20141583,-165745 20104656))
32718;POLYGON((-152991 20174637,-155556 20163045,-379198 20220256,-376106 20235911,-152991 20174637))
32719;POLYGON((-134130 20243424,-137671 20232060,-357739 20313687,-353527 20329135,-134130 20243424))
32720;POLYGON((-109844 20310660,-114233 20299571,-330154 20405828,-325073 20421061,-109844 20310660))
32721;POLYGON((-81021 20376178,-86096 20365378,-298131 20496799,-292505 20511881,-81021 20376178))
32722;POLYGON((-48783 20440058,-54338 20429513,-263819 20587200,-258058 20602287,-48783 20440058))
32723;POLYGON((-14503 20502689,-20291 20492310,-229895 20678244,-224499 20693606,-14503 20502689))
32724;POLYGON((20168 20564840,14441 20554469,-199625 20771903,-195200 20787956,20168 20564840))
32725;POLYGON((53272 20627750,47957 20617144,-176936 20871091,-174207 20888426,53272 20627750))
32726;POLYGON((82521 20693215,78022 20682032,-166496 20979861,-166319 20999279,82521 20693215))
32727;POLYGON((105261 20763700,102047 20751477,-173798 21103631,-177176 21126187,105261 20763700))
32728;POLYGON((118442 20842457,117051 20828592,-205251 21249448,-213347 21276493,118442 20842457))
32729;POLYGON((118586 20933660,119629 20917387,-268277 21426275,-282433 21459512,118586 20933660))
32730;POLYGON((101747 21042553,105915 21022917,-371417 21645319,-393174 21686859,101747 21042553))
32731;POLYGON((898252 21042553,903014 21062858,1416362 21730021,1393174 21686859,898252 21042553))
32732;POLYGON((881413 20933660,882927 20950421,1297744 21493974,1282433 21459512,881413 20933660))
32733;POLYGON((881557 20842457,880527 20856666,1222354 21304441,1213347 21276493,881557 20842457))
32734;POLYGON((894738 20763700,891789 20776152,1181254 21149387,1177176 21126187,894738 20763700))
32735;POLYGON((917478 20693215,913159 20704537,1166662 21019139,1166319 20999279,917478 20693215))
32736;POLYGON((946727 20627750,941517 20638426,1171841 20906046,1174207 20888426,946727 20627750))
32737;POLYGON((979831 20564840,974148 20575232,1191005 20804177,1195200 20787956,979831 20564840))
32738;POLYGON((1014503 20502689,1008702 20513053,1219220 20709050,1224499 20693606,1014503 20502689))
32739;POLYGON((1048783 20440058,1043171 20450568,1252320 20617397,1258058 20602287,1048783 20440058))
32740;POLYGON((1081021 20376178,1075852 20386932,1286827 20526950,1292505 20511881,1081021 20376178))
32741;POLYGON((1109844 20310660,1105328 20321700,1319877 20436263,1325073 20421061,1109844 20310660))
32742;POLYGON((1134130 20243424,1130438 20254745,1349151 20344546,1353527 20329135,1134130 20243424))
32743;POLYGON((1152991 20174637,1150255 20186196,1372812 20251534,1376106 20235911,1152991 20174637))
32744;POLYGON((1165745 20104656,1164067 20116383,1389453 20157363,1391466 20141583,1165745 20104656))
32745;POLYGON((1171903 20033980,1171350 20045783,1398037 20062474,1398630 20046634,1171903 20033980))
32746;POLYGON((1171142 19963209,1171758 19974983,1397856 19967527,1396940 19951752,1171142 19963209))
32747;POLYGON((1163297 19893012,1165099 19904642,1388486 19873330,1386015 19857765,1163297 19893012))
32748;POLYGON((1148337 19824095,1151321 19835462,1369749 19780781,1365715 19765583,1148337 19824095))
32749;POLYGON((1126356 19757180,1130499 19768163,1341680 19690825,1336107 19676152,1126356 19757180))
32750;POLYGON((1097557 19692982,1102819 19703463,1304493 19604412,1297432 19590419,1097557 19692982))
32751;POLYGON((1062241 19632193,1068564 19642059,1258557 19522467,1250084 19509307,1062241 19632193))
32752;POLYGON((1020792 19575471,1028108 19584615,1204371 19445874,1194579 19433687,1020792 19575471))
32753;POLYGON((973671 19523428,981897 19531752,1142542 19375451,1131542 19364367,973671 19523428))
32754;POLYGON((921402 19476623,930447 19484038,1073769 19311944,1061685 19302080,921402 19476623))
32755;POLYGON((864565 19435554,874329 19441981,998823 19256017,985789 19247474,864565 19435554))
32756;POLYGON((803787 19400656,814163 19406027,918537 19208244,904698 19201110,803787 19400656))
32757;POLYGON((739734 19372293,750607 19376553,833791 19169110,819297 19163456,739734 19372293))
32758;POLYGON((673100 19350760,684355 19353864,745503 19139004,730510 19134887,673100 19350760))
32759;POLYGON((604608 19336281,616122 19338198,654618 19118225,639285 19115685,604608 19336281))
32760;POLYGON((534994 19329005,546643 19329713,562101 19106976,546592 19106037,534994 19329005))
32601;POLYGON((465005 9329005,476664 9328498,468930 9105366,453407 9106037,465005 9329005))
32602;POLYGON((395391 9336281,406935 9334566,376087 9113409,360714 9115685,395391 9336281))
32603;POLYGON((326899 9350760,338205 9347853,284550 9131030,269489 9134887,326899 9350760))
32604;POLYGON((260265 9372293,271211 9368223,195290 9158055,180702 9163456,260265 9372293))
32605;POLYGON((196212 9400656,206678 9395466,109260 9194218,95301 9201110,196212 9400656))
32606;POLYGON((135434 9435554,145307 9429299,27387 9239161,14210 9247474,135434 9435554))
32607;POLYGON((78597 9476623,87769 9469367,-49433 9292430,-61685 9302080,78597 9476623))
32608;POLYGON((26328 9523428,34697 9515249,-120352 9353479,-131542 9364367,26328 9523428))
32609;POLYGON((-20792 9575471,-13319 9566456,-184578 9421675,-194579 9433687,-20792 9575471))
32610;POLYGON((-62241 9632193,-55747 9622440,-241384 9496300,-250084 9509307,-62241 9632193))
32611;POLYGON((-97557 9692982,-92114 9682595,-290131 9576556,-297432 9590419,-97557 9692982))
32612;POLYGON((-126356 9757180,-122022 9746273,-330282 9661581,-336107 9676152,-126356 9757180))
32613;POLYGON((-148337 9824095,-145156 9812784,-361423 9750461,-365715 9765583,-148337 9824095))
32614;POLYGON((-163297 9893012,-161296 9881417,-383283 9842251,-386015 9857765,-163297 9893012))
32615;POLYGON((-171142 9963209,-170329 9951451,-395767 9936002,-396940 9951752,-171142 9963209))
32616;POLYGON((-171903 10033980,-172263 10022174,-398977 10030794,-398630 10046634,-171903 10033980))
32617;POLYGON((-165745 10104656,-167240 10092910,-393251 10125785,-391466 10141583,-165745 10104656))
32618;POLYGON((-152991 10174637,-155556 10163045,-379198 10220256,-376106 10235911,-152991 10174637))
32619;POLYGON((-134130 10243424,-137671 10232060,-357739 10313687,-353527 10329135,-134130 10243424))
32620;POLYGON((-109844 10310660,-114233 10299571,-330154 10405828,-325073 10421061,-109844 10310660))
32621;POLYGON((-81021 10376178,-86096 10365378,-298131 10496799,-292505 10511881,-81021 10376178))
32622;POLYGON((-48783 10440058,-54338 10429513,-263819 10587200,-258058 10602287,-48783 10440058))
32623;POLYGON((-14503 10502689,-20291 10492310,-229895 10678244,-224499 10693606,-14503 10502689))
32624;POLYGON((20168 10564840,14441 10554469,-199625 10771903,-195200 10787956,20168 10564840))
32625;POLYGON((53272 10627750,47957 10617144,-176936 10871091,-174207 10888426,53272 10627750))
32626;POLYGON((82521 10693215,78022 10682032,-166496 10979861,-166319 10999279,82521 10693215))
32627;POLYGON((105261 10763700,102047 10751477,-173798 11103631,-177176 11126187,105261 10763700))
32628;POLYGON((118442 10842457,117051 10828592,-205251 11249448,-213347 11276493,118442 10842457))
32629;POLYGON((118586 10933660,119629 10917387,-268277 11426275,-282433 11459512,118586 10933660))
32630;POLYGON((101747 11042553,105915 11022917,-371417 11645319,-393174 11686859,101747 11042553))
32631;POLYGON((898252 11042553,903014 11062858,1416362 11730021,1393174 11686859,898252 11042553))
32632;POLYGON((881413 10933660,882927 10950421,1297744 11493974,1282433 11459512,881413 10933660))
32633;POLYGON((881557 10842457,880527 10856666,1222354 11304441,1213347 11276493,881557 10842457))
32634;POLYGON((894738 10763700,891789 10776152,1181254 11149387,1177176 11126187,894738 10763700))
32635;POLYGON((917478 10693215,913159 10704537,1166662 11019139,1166319 10999279,917478 10693215))
32636;POLYGON((946727 10627750,941517 10638426,1171841 10906046,1174207 10888426,946727 10627750))
32637;POLYGON((979831 10564840,974148 10575232,1191005 10804177,1195200 10787956,979831 10564840))
32638;POLYGON((1014503 10502689,1008702 10513053,1219220 10709050,1224499 10693606,1014503 10502689))
32639;POLYGON((1048783 10440058,1043171 10450568,1252320 10617397,1258058 10602287,1048783 10440058))
32640;POLYGON((1081021 10376178,1075852 10386932,1286827 10526950,1292505 10511881,1081021 10376178))
32641;POLYGON((1109844 10310660,1105328 10321700,1319877 10436263,1325073 10421061,1109844 10310660))
32642;POLYGON((1134130 10243424,1130438 10254745,1349151 10344546,1353527 10329135,1134130 10243424))
32643;POLYGON((1152991 10174637,1150255 10186196,1372812 10251534,1376106 10235911,1152991 10174637))
32644;POLYGON((1165745 10104656,1164067 10116383,1389453 10157363,1391466 10141583,1165745 10104656))
32645;POLYGON((1171903 10033980,1171350 10045783,1398037 10062474,1398630 10046634,1171903 10033980))
32646;POLYGON((1171142 9963209,1171758 9974983,1397856 9967527,1396940 9951752,1171142 9963209))
32647;POLYGON((1163297 9893012,1165099 9904642,1388486 9873330,1386015 9857765,1163297 9893012))
32648;POLYGON((1148337 9824095,1151321 9835462,1369749 9780781,1365715 9765583,1148337 9824095))
32649;POLYGON((1126356 9757180,1130499 9768163,1341680 9690825,1336107 9676152,1126356 9757180))
32650;POLYGON((1097557 9692982,1102819 9703463,1304493 9604412,1297432 9590419,1097557 9692982))
32651;POLYGON((1062241 9632193,1068564 9642059,1258557 9522467,1250084 9509307,1062241 9632193))
32652;POLYGON((1020792 9575471,1028108 9584615,1204371 9445874,1194579 9433687,1020792 9575471))
32653;POLYGON((973671 9523428,981897 9531752,1142542 9375451,1131542 9364367,973671 9523428))
32654;POLYGON((921402 9476623,930447 9484038,1073769 9311944,1061685 9302080,921402 9476623))
32655;POLYGON((864565 9435554,874329 9441981,998823 9256017,985789 9247474,864565 9435554))
32656;POLYGON((803787 9400656,814163 9406027,918537 9208244,904698 9201110,803787 9400656))
32657;POLYGON((739734 9372293,750607 9376553,833791 9169110,819297 9163456,739734 9372293))
32658;POLYGON((673100 9350760,684355 9353864,745503 9139004,730510 9134887,673100 9350760))
32659;POLYGON((604608 9336281,616122 9338198,654618 9118225,639285 9115685,604608 9336281))
32660;POLYGON((534994 9329005,546643 9329713,562101 9106976,546592 9106037,534994 9329005))
