32701;POLYGON((229578 13988111,319733 13985798,315290 13763959,222908 13766214,229578 13988111))
32702;POLYGON((-312181 14021622,-221747 14013678,-239686 13791145,-332415 13798895,-312181 14021622))
32703;POLYGON((-856630 14089738,-765631 14075902,-797672 13851882,-891114 13865399,-856630 14089738))
32704;POLYGON((-1405337 14194698,-1313533 14174514,-1360772 13948309,-1455252 13968071,-1405337 14194698))
32705;POLYGON((-1959486 14339991,-1866716 14312786,-1930794 14083876,-2026572 14110599,-1959486 14339991))
32706;POLYGON((-2519622 14530514,-2425854 14495365,-2509037 14263535,-2606259 14298208,-2519622 14530514))
32707;POLYGON((-3085300 14772760,-2990695 14728465,-3095977 14494003,-3194614 14537939,-3085300 14772760))
32708;POLYGON((-3654601 15075067,-3559606 15020097,-3690836 14784097,-3790598 14838998,-3654601 15075067))
32709;POLYGON((-4223498 15447882,-4128962 15380336,-4290995 15145153,-4391216 15213187,-4223498 15447882))
32710;POLYGON((-4785031 15904059,-4692360 15821615,-4891227 15591537,-4990717 15675434,-4785031 15904059))
32711;POLYGON((-5328276 16459174,-5239616 16359034,-5482724 16141246,-5579586 16244407,-5328276 16459174))
32712;POLYGON((-5837065 17131842,-5755538 17010679,-6051884 16816618,-6143284 16943244,-5837065 17131842))
32713;POLYGON((-6288441 17944031,-6218418 17797937,-6578831 17645155,-6660727 17800396,-6288441 17944031))
32714;POLYGON((-6650814 18921353,-6598248 18745795,-7035649 18660473,-7102464 18850602,-6650814 18921353))
32715;POLYGON((-6881788 20093329,-6854598 19883106,-7384281 19903394,-7428521 20135998,-6881788 20093329))
32716;POLYGON((-6925633 21493597,-6934152 21242810,-7574088 21423181,-7585898 21707388,-6925633 21493597))
32717;POLYGON((-6710380 23160058,-6767866 22862090,-7539024 23278949,-7505676 23625679,-6710380 23160058))
32718;POLYGON((-6144491 25134941,-6267713 24782454,-7194400 25541254,-7099717 25963501,-6144491 25134941))
32719;POLYGON((-5113102 27464755,-5322998 27049705,-6433219 28293883,-6256915 28807035,-5113102 27464755))
32720;POLYGON((-3473788 30200126,-3796204 29713801,-5122036 31635859,-4838983 32258055,-3473788 30200126))
32721;POLYGON((-1051836 33395482,-1518349 32828566,-3096340 35683683,-2675743 36436211,-1051836 33395482))
32722;POLYGON((2365010 37108570,1716178 36451233,-155393 40573836,440116 41481575,2365010 37108570))
32723;POLYGON((7032365 41399772,6155336 40641802,3943460 46465553,4758832 47557467,7032365 41399772))
32724;POLYGON((13255580 46331211,12095719 45462180,9491074 53543906,10579945 54853586,13255580 46331211))
32725;POLYGON((21396759 51965598,19889458 50975070,16833389 62023203,18259290 63589467,21396759 51965598))
32726;POLYGON((31882391 58364805,29951753 57242596,26378949 72150742,28216622 74018298,31882391 58364805))
32727;POLYGON((45211665 65588133,42769070 64324621,38607090 84210938,40943919 86431108,45211665 65588133))
32728;POLYGON((61965473 73690239,58908028 72276736,54076815 98529851,57014376 101161371,61965473 73690239))
32729;POLYGON((82816143 82718690,79025008 81147876,73436396 115480152,77092129 118590038,82816143 82718690))
32730;POLYGON((108537921 92711116,103876509 90977545,97433719 135486536,101942726 139151036,108537921 92711116))
32731;POLYGON((-107537921 92711116,-112359010 94472181,-105608427 142916090,-100942726 139151036,-107537921 92711116))
32732;POLYGON((-81816143 82718690,-85742332 84316310,-79880187 121786800,-76092129 118590038,-81816143 82718690))
32733;POLYGON((-60965473 73690239,-64136491 75129495,-59063023 103867728,-56014376 101161371,-60965473 73690239))
32734;POLYGON((-44211665 65588133,-46749180 66876071,-42373409 88715546,-39943919 86431108,-44211665 65588133))
32735;POLYGON((-30882391 58364805,-32891835 59509917,-29131055 75940869,-27216622 74018298,-30882391 58364805))
32736;POLYGON((-20396759 51965598,-21969020 52977376,-18748306 65202672,-17259290 63589467,-20396759 51965598))
32737;POLYGON((-12255580 46331211,-13468574 47219770,-10720290 56203183,-9579945 54853586,-12255580 46331211))
32738;POLYGON((-6032365 41399772,-6952484 42175524,-4615811 48683209,-3758832 47557467,-6032365 41399772))
32739;POLYGON((-1365010 37108570,-2048467 37781961,-68927 42417880,559883 41481575,-1365010 37108570))
32740;POLYGON((2051836 33395482,1557785 33976774,3228781 37212775,3675743 36436211,2051836 33395482))
32741;POLYGON((4473788 30200126,4129717 30699220,5535310 32900403,5838983 32258055,4473788 30200126))
32742;POLYGON((6113102 27464755,5886392 27891061,7064707 29337022,7256915 28807035,6113102 27464755))
32743;POLYGON((7144491 25134941,7008400 25497278,7992961 26399761,8099717 25963501,7144491 25134941))
32744;POLYGON((7710380 23160058,7643206 23466584,8463332 23984032,8505676 23625679,7710380 23160058))
32745;POLYGON((7925633 21493597,7909961 21751768,8591151 22001206,8585898 21707388,7925633 21493597))
32746;POLYGON((7881788 20093329,7903816 20309883,8468112 20376525,8428521 20135998,7881788 20093329))
32747;POLYGON((7650814 18921353,7699760 19102308,8166096 19047245,8102464 18850602,7650814 18921353))
32748;POLYGON((7288441 17944031,7356016 18094702,7740545 17960984,7660727 17800396,7288441 17944031))
32749;POLYGON((6837065 17131842,6917017 17256873,7233417 17074254,7143284 16943244,6837065 17131842))
32750;POLYGON((6328276 16459174,6415994 16562572,6675763 16351164,6579586 16244407,6328276 16459174))
32751;POLYGON((5785031 15904059,5877206 15989244,6089923 15762286,5990717 15675434,5785031 15904059))
32752;POLYGON((5223498 15447882,5317838 15517737,5491415 15283659,5391216 15213187,5223498 15447882))
32753;POLYGON((4654601 15075067,4749592 15131991,4890496 14895923,4790598 14838998,4654601 15075067))
32754;POLYGON((4085300 14772760,4180011 14818720,4293468 14583573,4194614 14537939,4085300 14772760))
32755;POLYGON((3519622 14530514,3613547 14567095,3703725 14334324,3606259 14298208,3519622 14530514))
32756;POLYGON((2959486 14339991,3052423 14368450,3122584 14138571,3026572 14110599,2959486 14339991))
32757;POLYGON((2405337 14194698,2497293 14215998,2549933 13988937,2455252 13968071,2405337 14194698))
32758;POLYGON((1856630 14089738,1947747 14104595,1984707 13879917,1891114 13865399,1856630 14089738))
32759;POLYGON((1312181 14021622,1402690 14030526,1425239 13807583,1332415 13798895,1312181 14021622))
32760;POLYGON((770421 13988111,860601 13991354,869504 13769375,777091 13766214,770421 13988111))
32601;POLYGON((229578 3988111,319733 3985798,315290 3763959,222908 3766214,229578 3988111))
32602;POLYGON((-312181 4021622,-221747 4013678,-239686 3791145,-332415 3798895,-312181 4021622))
32603;POLYGON((-856630 4089738,-765631 4075902,-797672 3851882,-891114 3865399,-856630 4089738))
32604;POLYGON((-1405337 4194698,-1313533 4174514,-1360772 3948309,-1455252 3968071,-1405337 4194698))
32605;POLYGON((-1959486 4339991,-1866716 4312786,-1930794 4083876,-2026572 4110599,-1959486 4339991))
32606;POLYGON((-2519622 4530514,-2425854 4495365,-2509037 4263535,-2606259 4298208,-2519622 4530514))
32607;POLYGON((-3085300 4772760,-2990695 4728465,-3095977 4494003,-3194614 4537939,-3085300 4772760))
32608;POLYGON((-3654601 5075067,-3559606 5020097,-3690836 4784097,-3790598 4838998,-3654601 5075067))
32609;POLYGON((-4223498 5447882,-4128962 5380336,-4290995 5145153,-4391216 5213187,-4223498 5447882))
32610;POLYGON((-4785031 5904059,-4692360 5821615,-4891227 5591537,-4990717 5675434,-4785031 5904059))
32611;POLYGON((-5328276 6459174,-5239616 6359034,-5482724 6141246,-5579586 6244407,-5328276 6459174))
32612;POLYGON((-5837065 7131842,-5755538 7010679,-6051884 6816618,-6143284 6943244,-5837065 7131842))
32613;POLYGON((-6288441 7944031,-6218418 7797937,-6578831 7645155,-6660727 7800396,-6288441 7944031))
32614;POLYGON((-6650814 8921353,-6598248 8745795,-7035649 8660473,-7102464 8850602,-6650814 8921353))
32615;POLYGON((-6881788 10093329,-6854598 9883106,-7384281 9903394,-7428521 10135998,-6881788 10093329))
32616;POLYGON((-6925633 11493597,-6934152 11242810,-7574088 11423181,-7585898 11707388,-6925633 11493597))
32617;POLYGON((-6710380 13160058,-6767866 12862090,-7539024 13278949,-7505676 13625679,-6710380 13160058))
32618;POLYGON((-6144491 15134941,-6267713 14782454,-7194400 15541254,-7099717 15963501,-6144491 15134941))
32619;POLYGON((-5113102 17464755,-5322998 17049705,-6433219 18293883,-6256915 18807035,-5113102 17464755))
32620;POLYGON((-3473788 20200126,-3796204 19713801,-5122036 21635859,-4838983 22258055,-3473788 20200126))
32621;POLYGON((-1051836 23395482,-1518349 22828566,-3096340 25683683,-2675743 26436211,-1051836 23395482))
32622;POLYGON((2365010 27108570,1716178 26451233,-155393 30573836,440116 31481575,2365010 27108570))
32623;POLYGON((7032365 31399772,6155336 30641802,3943460 36465553,4758832 37557467,7032365 31399772))
32624;POLYGON((13255580 36331211,12095719 35462180,9491074 43543906,10579945 44853586,13255580 36331211))
32625;POLYGON((21396759 41965598,19889458 40975070,16833389 52023203,18259290 53589467,21396759 41965598))
32626;POLYGON((31882391 48364805,29951753 47242596,26378949 62150742,28216622 64018298,31882391 48364805))
32627;POLYGON((45211665 55588133,42769070 54324621,38607090 74210938,40943919 76431108,45211665 55588133))
32628;POLYGON((61965473 63690239,58908028 62276736,54076815 88529851,57014376 91161371,61965473 63690239))
32629;POLYGON((82816143 72718690,79025008 71147876,73436396 105480152,77092129 108590038,82816143 72718690))
32630;POLYGON((108537921 82711116,103876509 80977545,97433719 125486536,101942726 129151036,108537921 82711116))
32631;POLYGON((-107537921 82711116,-112359010 84472181,-105608427 132916090,-100942726 129151036,-107537921 82711116))
32632;POLYGON((-81816143 72718690,-85742332 74316310,-79880187 111786800,-76092129 108590038,-81816143 72718690))
32633;POLYGON((-60965473 63690239,-64136491 65129495,-59063023 93867728,-56014376 91161371,-60965473 63690239))
32634;POLYGON((-44211665 55588133,-46749180 56876071,-42373409 78715546,-39943919 76431108,-44211665 55588133))
32635;POLYGON((-30882391 48364805,-32891835 49509917,-29131055 65940869,-27216622 64018298,-30882391 48364805))
32636;POLYGON((-20396759 41965598,-21969020 42977376,-18748306 55202672,-17259290 53589467,-20396759 41965598))
32637;POLYGON((-12255580 36331211,-13468574 37219770,-10720290 46203183,-9579945 44853586,-12255580 36331211))
32638;POLYGON((-6032365 31399772,-6952484 32175524,-4615811 38683209,-3758832 37557467,-6032365 31399772))
32639;POLYGON((-1365010 27108570,-2048467 27781961,-68927 32417880,559883 31481575,-1365010 27108570))
32640;POLYGON((2051836 23395482,1557785 23976774,3228781 27212775,3675743 26436211,2051836 23395482))
32641;POLYGON((4473788 20200126,4129717 20699220,5535310 22900403,5838983 22258055,4473788 20200126))
32642;POLYGON((6113102 17464755,5886392 17891061,7064707 19337022,7256915 18807035,6113102 17464755))
32643;POLYGON((7144491 15134941,7008400 15497278,7992961 16399761,8099717 15963501,7144491 15134941))
32644;POLYGON((7710380 13160058,7643206 13466584,8463332 13984032,8505676 13625679,7710380 13160058))
32645;POLYGON((7925633 11493597,7909961 11751768,8591151 12001206,8585898 11707388,7925633 11493597))
32646;POLYGON((7881788 10093329,7903816 10309883,8468112 10376525,8428521 10135998,7881788 10093329))
32647;POLYGON((7650814 8921353,7699760 9102308,8166096 9047245,8102464 8850602,7650814 8921353))
32648;POLYGON((7288441 7944031,7356016 8094702,7740545 7960984,7660727 7800396,7288441 7944031))
32649;POLYGON((6837065 7131842,6917017 7256873,7233417 7074254,7143284 6943244,6837065 7131842))
32650;POLYGON((6328276 6459174,6415994 6562572,6675763 6351164,6579586 6244407,6328276 6459174))
32651;POLYGON((5785031 5904059,5877206 5989244,6089923 5762286,5990717 5675434,5785031 5904059))
32652;POLYGON((5223498 5447882,5317838 5517737,5491415 5283659,5391216 5213187,5223498 5447882))
32653;POLYGON((4654601 5075067,4749592 5131991,4890496 4895923,4790598 4838998,4654601 5075067))
32654;POLYGON((4085300 4772760,4180011 4818720,4293468 4583573,4194614 4537939,4085300 4772760))
32655;POLYGON((3519622 4530514,3613547 4567095,3703725 4334324,3606259 4298208,3519622 4530514))
32656;POLYGON((2959486 4339991,3052423 4368450,3122584 4138571,3026572 4110599,2959486 4339991))
32657;POLYGON((2405337 4194698,2497293 4215998,2549933 3988937,2455252 3968071,2405337 4194698))
32658;POLYGON((1856630 4089738,1947747 4104595,1984707 3879917,1891114 3865399,1856630 4089738))
32659;POLYGON((1312181 4021622,1402690 4030526,1425239 3807583,1332415 3798895,1312181 4021622))
32660;POLYGON((770421 3988111,860601 3991354,869504 3769375,777091 3766214,770421 3988111))
