32601;POLYGON((1351042 11605328,1393174 11686859,2107846 12425938,2011377 12290400,1351042 11605328))
32602;POLYGON((1255232 11394205,1282433 11459512,1847860 12050099,1779494 11943571,1255232 11394205))
32603;POLYGON((1198030 11223260,1213347 11276493,1666479 11753780,1620685 11669086,1198030 11223260))
32604;POLYGON((1171089 11081684,1177176 11126187,1547870 11516890,1519862 11448242,1171089 11081684))
32605;POLYGON((1167163 10960856,1166319 10999279,1478356 11323296,1464014 11266095,1167163 10960856))
32606;POLYGON((1180002 10854020,1174207 10888426,1446197 11160246,1442004 11110899,1180002 10854020))
32607;POLYGON((1204258 10756001,1195200 10787956,1441393 11017842,1444368 10973606,1204258 10756001))
32608;POLYGON((1235392 10662952,1224499 10693606,1455495 10888586,1463139 10847419,1235392 10662952))
32609;POLYGON((1269590 10572130,1258058 10602287,1481438 10766965,1491675 10727411,1269590 10572130))
32610;POLYGON((1303691 10481700,1292505 10511881,1513382 10649104,1524511 10610179,1303691 10481700))
32611;POLYGON((1335111 10390561,1325073 10421061,1546563 10532451,1557214 10493550,1335111 10390561))
32612;POLYGON((1361780 10298202,1353527 10329135,1577167 10415510,1586257 10376332,1361780 10298202))
32613;POLYGON((1382083 10204572,1376106 10235911,1602203 10297618,1608899 10258088,1382083 10204572))
32614;POLYGON((1394803 10109972,1391466 10141583,1619397 10178741,1623084 10138961,1394803 10109972))
32615;POLYGON((1399075 10014960,1398630 10046634,1627093 10059317,1627339 10019514,1399075 10014960))
32616;POLYGON((1394336 9920280,1396940 9951752,1624162 9940120,1620695 9900606,1394336 9920280))
32617;POLYGON((1380291 9826791,1386015 9857765,1609925 9822145,1602604 9783283,1380291 9826791))
32618;POLYGON((1356872 9735420,1365715 9765583,1584078 9706517,1572877 9668701,1356872 9735420))
32619;POLYGON((1324206 9647117,1336107 9676152,1546636 9594426,1531619 9558055,1324206 9647117))
32620;POLYGON((1282590 9562824,1297432 9590419,1497874 9487063,1479183 9452528,1282590 9562824))
32621;POLYGON((1232459 9483449,1250084 9509307,1438281 9385585,1416120 9353257,1232459 9483449))
32622;POLYGON((1174370 9409843,1194579 9433687,1368519 9291080,1343141 9261304,1174370 9409843))
32623;POLYGON((1108977 9342790,1131542 9364367,1289390 9204547,1261087 9177633,1108977 9342790))
32624;POLYGON((1037017 9282995,1061685 9302080,1201804 9126883,1170899 9103104,1037017 9282995))
32625;POLYGON((959293 9231079,985789 9247474,1106755 9058872,1073596 9038467,959293 9231079))
32626;POLYGON((876665 9187571,904698 9201110,1005305 9001187,970256 8984352,876665 9187571))
32627;POLYGON((790031 9152908,819297 9163456,898561 8954381,862001 8941276,790031 9152908))
32628;POLYGON((700325 9127434,730510 9134887,787669 8918895,749984 8909642,700325 9127434))
32629;POLYGON((608502 9111401,639285 9115685,673797 8895057,635382 8889741,608502 9111401))
32630;POLYGON((515536 9104963,546592 9106037,558132 8883084,519384 8881752,515536 9104963))
32631;POLYGON((422406 9108183,453407 9106037,441867 8883084,403186 8885748,422406 9108183))
32632;POLYGON((330094 9121031,360714 9115685,326202 8895057,287986 8901693,330094 9121031))
32633;POLYGON((239576 9143381,269489 9134887,212330 8918895,174977 8929443,239576 9143381))
32634;POLYGON((151813 9175015,180702 9163456,101438 8954381,65339 8968744,151813 9175015))
32635;POLYGON((67747 9215618,95301 9201110,-5305 9001187,-39765 9019231,67747 9215618))
32636;POLYGON((-11708 9264786,14210 9247474,-106755 9058872,-139203 9080426,-11708 9264786))
32637;POLYGON((-85681 9322019,-61685 9302080,-201804 9126883,-231879 9151735,-85681 9322019))
32638;POLYGON((-153349 9386727,-131542 9364367,-289390 9204547,-316753 9232448,-153349 9386727))
32639;POLYGON((-213950 9458232,-194579 9433687,-368519 9291080,-392856 9321743,-213950 9458232))
32640;POLYGON((-266801 9535776,-250084 9509307,-438281 9385585,-459311 9418689,-266801 9535776))
32641;POLYGON((-311310 9618528,-297432 9590419,-497874 9487063,-515359 9522253,-311310 9618528))
32642;POLYGON((-346999 9705598,-336107 9676152,-546636 9594426,-560393 9631323,-346999 9705598))
32643;POLYGON((-373523 9796052,-365715 9765583,-584078 9706517,-593988 9744726,-373523 9796052))
32644;POLYGON((-390696 9888940,-386015 9857765,-609925 9822145,-615952 9861266,-390696 9888940))
32645;POLYGON((-398516 9983323,-396940 9951752,-624162 9940120,-626370 9979770,-398516 9983323))
32646;POLYGON((-397199 10078313,-398630 10046634,-627093 10059317,-625663 10099144,-397199 10078313))
32647;POLYGON((-387215 10173123,-391466 10141583,-619397 10178741,-614651 10218457,-387215 10173123))
32648;POLYGON((-369323 10267125,-376106 10235911,-602203 10297618,-594630 10337034,-369323 10267125))
32649;POLYGON((-344617 10359921,-353527 10329135,-577167 10415510,-567452 10454578,-344617 10359921))
32650;POLYGON((-314574 10451435,-325073 10421061,-546563 10532451,-535619 10571312,-314574 10451435))
32651;POLYGON((-281107 10542011,-292505 10511881,-513382 10649104,-502382 10688155,-281107 10542011))
32652;POLYGON((-246619 10632538,-258058 10602287,-481438 10766965,-471859 10806926,-246619 10632538))
32653;POLYGON((-214074 10724588,-224499 10693606,-455495 10888586,-449156 10930588,-214074 10724588))
32654;POLYGON((-187059 10820582,-195200 10787956,-441393 11017842,-440506 11063524,-187059 10820582))
32655;POLYGON((-169861 10923975,-174207 10888426,-446197 11160246,-453418 11211866,-169861 10923975))
32656;POLYGON((-167551 11039472,-166319 10999279,-478356 11323296,-496835 11383867,-167551 11039472))
32657;POLYGON((-186067 11173273,-177176 11126187,-547870 11516890,-581318 11590321,-186067 11173273))
32658;POLYGON((-232311 11333342,-213347 11276493,-666479 11753780,-719229 11845045,-232311 11333342))
32659;POLYGON((-314252 11529722,-282433 11459512,-847860 12050099,-924940 12165424,-314252 11529722))
32660;POLYGON((-441032 11774877,-393174 11686859,-1107846 12425938,-1215052 12573014,-441032 11774877))
