32601;POLYGON((543783 10099967,539993 10101483,639234 10325587,648716 10319154,543783 10099967))
32602;POLYGON((554690 10094672,551134 10096559,667464 10305708,676693 10298677,554690 10094672))
32603;POLYGON((564847 10088311,561549 10090546,694770 10283969,703584 10276282,564847 10088311))
32604;POLYGON((574183 10080956,571167 10083514,720678 10260232,728928 10251867,574183 10080956))
32605;POLYGON((582624 10072691,579914 10075542,744754 10234462,752304 10225427,582624 10072691))
32606;POLYGON((590101 10063605,587720 10066719,766608 10206713,773338 10197044,590101 10063605))
32607;POLYGON((596549 10053801,594518 10057143,785894 10177114,791699 10166868,596549 10053801))
32608;POLYGON((601910 10043386,600247 10046919,802314 10145858,807106 10135112,601910 10043386))
32609;POLYGON((606134 10032473,604855 10036158,815618 10113191,819324 10102037,606134 10032473))
32610;POLYGON((609182 10021182,608299 10024980,825604 10079401,828168 10067944,609182 10021182))
32611;POLYGON((611024 10009638,610545 10013506,832120 10044812,833502 10033163,611024 10009638))
32612;POLYGON((611644 9997965,611574 10001862,835063 10009768,835238 9998048,611644 9997965))
32613;POLYGON((611037 9986293,611376 9990176,834375 9974632,833336 9962964,611037 9986293))
32614;POLYGON((609211 9974749,609954 9978575,830049 9939777,827803 9928285,609211 9974749))
32615;POLYGON((606187 9963460,607327 9967187,822120 9905576,818689 9894385,606187 9963460))
32616;POLYGON((601999 9952549,603522 9956136,810670 9872399,806090 9861630,601999 9952549))
32617;POLYGON((596693 9942136,598582 9945544,795819 9840607,790141 9830379,596693 9942136))
32618;POLYGON((590327 9932334,592562 9935527,777731 9810549,771015 9800972,590327 9932334))
32619;POLYGON((582971 9923252,585528 9926193,756603 9782551,748924 9773730,582971 9923252))
32620;POLYGON((574707 9914989,577557 9917647,732668 9756919,724111 9748950,574707 9914989))
32621;POLYGON((565624 9907635,568737 9909980,706189 9733933,696847 9726903,565624 9907635))
32622;POLYGON((555823 9901271,559163 9903278,677458 9713842,667434 9707827,555823 9901271))
32623;POLYGON((545410 9895966,548942 9897613,646788 9696865,636192 9691931,545410 9895966))
32624;POLYGON((534500 9891779,538184 9893047,614517 9683186,603465 9679385,534500 9891779))
32625;POLYGON((523212 9888755,527009 9889631,580997 9672952,569609 9670326,523212 9888755))
32626;POLYGON((511669 9886927,515537 9887402,546594 9666273,534995 9664851,511669 9886927))
32627;POLYGON((500000 9886315,503896 9886383,511684 9663223,500000 9663020,500000 9886315))
32628;POLYGON((488330 9886927,492212 9886587,476646 9663834,465004 9664851,488330 9886927))
32629;POLYGON((476787 9888755,480613 9888011,441862 9668099,430390 9670326,476787 9888755))
32630;POLYGON((465499 9891779,469226 9890640,407712 9675972,396534 9679385,465499 9891779))
32631;POLYGON((454589 9895966,458177 9894444,374568 9687369,363807 9691931,454589 9895966))
32632;POLYGON((444176 9901271,447585 9899382,342793 9702166,332565 9707827,444176 9901271))
32633;POLYGON((434375 9907635,437567 9905400,312733 9720203,303152 9726903,434375 9907635))
32634;POLYGON((425292 9914989,428233 9912433,284718 9741285,275888 9748950,425292 9914989))
32635;POLYGON((417028 9923252,419686 9920402,259056 9765182,251075 9773730,417028 9923252))
32636;POLYGON((409672 9932334,412018 9929222,236029 9791635,228984 9800972,409672 9932334))
32637;POLYGON((403306 9942136,405314 9938795,215890 9820355,209858 9830379,403306 9942136))
32638;POLYGON((398000 9952549,399647 9949017,198861 9851029,193909 9861630,398000 9952549))
32639;POLYGON((393812 9963460,395081 9959775,185128 9883321,181310 9894385,393812 9963460))
32640;POLYGON((390788 9974749,391664 9970952,174840 9916880,172196 9928285,390788 9974749))
32641;POLYGON((388962 9986293,389436 9982425,168105 9951341,166663 9962964,388962 9986293))
32642;POLYGON((388355 9997965,388421 9994068,164990 9986332,164761 9998048,388355 9997965))
32643;POLYGON((388975 10009638,388632 10005755,165516 10021477,166497 10033163,388975 10009638))
32644;POLYGON((390817 10021182,390068 10017356,169658 10056410,171831 10067944,390817 10021182))
32645;POLYGON((393865 10032473,392717 10028745,177345 10090770,180675 10102037,393865 10032473))
32646;POLYGON((398089 10043386,396553 10039798,188456 10124219,192893 10135112,398089 10043386))
32647;POLYGON((403450 10053801,401540 10050392,202824 10156446,208300 10166868,403450 10053801))
32648;POLYGON((409898 10063605,407631 10060412,220229 10187175,226661 10197044,409898 10063605))
32649;POLYGON((417375 10072691,414772 10069748,240406 10216176,247695 10225427,417375 10072691))
32650;POLYGON((425816 10080956,422900 10078298,263041 10243276,271071 10251867,425816 10080956))
32651;POLYGON((435152 10088311,431945 10085966,287774 10268370,296415 10276282,435152 10088311))
32652;POLYGON((445309 10094672,441836 10092667,314198 10291432,323306 10298677,445309 10094672))
32653;POLYGON((456216 10099967,452501 10098325,341867 10312531,351283 10319154,456216 10099967))
32654;POLYGON((467803 10104131,463869 10102872,370293 10331841,379847 10337927,467803 10104131))
32655;POLYGON((480009 10107112,475875 10106253,398953 10349660,408464 10355340,480009 10107112))
32656;POLYGON((492779 10108866,488462 10108420,427293 10366426,436569 10371878,492779 10108866))
32657;POLYGON((506076 10109356,501587 10109335,454730 10382732,463571 10388193,506076 10109356))
32658;POLYGON((507220 10108866,502845 10109171,554277 10377304,563430 10371878,507220 10108866))
32659;POLYGON((519990 10107112,515794 10107835,582081 10360921,591535 10355340,519990 10107112))
32660;POLYGON((532196 10104131,528193 10105259,610591 10343862,620152 10337927,532196 10104131))
