32701;POLYGON((-431991 5679086,-632599 6565959,1090560 3701320,1137435 3131686,-431991 5679086))
32702;POLYGON((169988 3479546,-29797 4140989,1260690 2143911,1334318 1719677,169988 3479546))
32703;POLYGON((754804 1869881,562979 2348324,1499384 996352,1588604 692000,754804 1869881))
32704;POLYGON((1304603 736099,1126126 1067422,1775467 185715,1871355 -20738,1304603 736099))
32705;POLYGON((1806273 -17844,1645033 196528,2064169 -350729,2159738 -478132,1806273 -17844))
32706;POLYGON((2250733 -472397,2109351 -349756,2346250 -666673,2436178 -731098,2250733 -472397))
32707;POLYGON((2632284 -694515,2512321 -642666,2607212 -807821,2687591 -822897,2632284 -694515))
32708;POLYGON((2948026 -739541,2850171 -741220,2836567 -812851,2904678 -790061,2948026 -739541))
32709;POLYGON((3197333 -652869,3121572 -693954,3027191 -714278,3081304 -663229,3197333 -652869))
32710;POLYGON((3381388 -471424,3327152 -540465,3174735 -539240,3213925 -467908,3381388 -471424))
32711;POLYGON((3502770 -224961,3469068 -312762,3277104 -310208,3301093 -225156,3502770 -224961))
32712;POLYGON((3565093 62795,3550625 -36464,3333998 -45615,3343011 47806,3565093 62795))
32713;POLYGON((3572691 373152,3575949 268162,3346500 239565,3341146 337048,3572691 373152))
32714;POLYGON((3530355 691586,3549708 585292,3316734 533320,3297896 631434,3530355 691586))
32715;POLYGON((3443110 1006992,3476868 902758,3247557 826131,3216307 922189,3443110 1006992))
32716;POLYGON((3316025 1311043,3362503 1211371,3142309 1110581,3099830 1202514,3316025 1311043))
32717;POLYGON((3154072 1597640,3211631 1504346,3004603 1380994,2952131 1467243,3154072 1597640))
32718;POLYGON((2962014 1862447,3029096 1776806,2838157 1633124,2776928 1712541,2962014 1862447))
32719;POLYGON((2744320 2102497,2819471 2025368,2646657 1863878,2577878 1935648,2744320 2102497))
32720;POLYGON((2505114 2315866,2587000 2247792,2433668 2071082,2358484 2134647,2505114 2315866))
32721;POLYGON((2248153 2501399,2335563 2442694,2202557 2253272,2122042 2308270,2248153 2501399))
32722;POLYGON((1976815 2658486,2068665 2609305,1956460 2409518,1871604 2455733,1976815 2658486))
32723;POLYGON((1694125 2786884,1789444 2747277,1698266 2539281,1609976 2576597,1694125 2786884))
32724;POLYGON((1402779 2886574,1500702 2856529,1430617 2642285,1339724 2670651,1402779 2886574))
32725;POLYGON((1105199 2957648,1204945 2937129,1155936 2718422,1063205 2737825,1105199 2957648))
32726;POLYGON((803588 3000229,904444 2989194,876463 2767673,782607 2778117,803588 3000229))
32727;POLYGON((500000 3014410,601293 3012835,594301 2790053,500000 2791545,500000 3014410))
32728;POLYGON((196411 3000229,297486 3008108,311471 2785577,217392 2778117,196411 3000229))
32729;POLYGON((-105199 2957648,-5006 2975002,29978 2754242,-63205 2737825,-105199 2957648))
32730;POLYGON((-402779 2886574,-304166 2913439,-248136 2696030,-339724 2670651,-402779 2886574))
32731;POLYGON((-694125 2786884,-597847 2823301,-520730 2610932,-609976 2576597,-694125 2786884))
32732;POLYGON((-976815 2658486,-883707 2704477,-785507 2498990,-871604 2455733,-976815 2658486))
32733;POLYGON((-1248153 2501399,-1159148 2556940,-1039974 2360358,-1122042 2308270,-1248153 2501399))
32734;POLYGON((-1505114 2315866,-1421259 2380843,-1281409 2195388,-1358484 2134647,-1505114 2315866))
32735;POLYGON((-1744320 2102497,-1666781 2176655,-1506840 2004734,-1577878 1935648,-1744320 2102497))
32736;POLYGON((-1962014 1862447,-1892087 1945328,-1713051 1789486,-1776928 1712541,-1962014 1862447))
32737;POLYGON((-2154072 1597640,-2093171 1688501,-1896603 1551324,-1952131 1467243,-2154072 1597640))
32738;POLYGON((-2316025 1311043,-2265674 1408761,-2053883 1292704,-2099830 1202514,-2316025 1311043))
32739;POLYGON((-2443110 1006992,-2404926 1109946,-2181180 1017076,-2216307 922189,-2443110 1006992))
32740;POLYGON((-2530355 691586,-2506012 797520,-2274796 729129,-2297896 631434,-2530355 691586))
32741;POLYGON((-2572691 373152,-2563882 479011,-2331188 435083,-2341146 337048,-2572691 373152))
32742;POLYGON((-2565093 62795,-2573476 164531,-2347152 143014,-2343011 47806,-2565093 62795))
32743;POLYGON((-2502770 -224961,-2529905 -132612,-2320044 -136774,-2301093 -225156,-2502770 -224961))
32744;POLYGON((-2381388 -471424,-2428652 -395208,-2248051 -391337,-2213925 -467908,-2381388 -471424))
32745;POLYGON((-2197333 -652869,-2265833 -601312,-2130510 -604606,-2081304 -663229,-2197333 -652869))
32746;POLYGON((-1948026 -739541,-2038485 -723299,-1968273 -756869,-1904678 -790061,-1948026 -739541))
32747;POLYGON((-1632284 -694515,-1744917 -726770,-1764129 -824174,-1687591 -822897,-1632284 -694515))
32748;POLYGON((-1250733 -472397,-1385103 -569307,-1523294 -777671,-1436178 -731098,-1250733 -472397))
32749;POLYGON((-806273 -17844,-961128 -199062,-1253943 -582883,-1159738 -478132,-806273 -17844))
32750;POLYGON((-304603 736099,-477699 446853,-967825 -198891,-871355 -20738,-304603 736099))
32751;POLYGON((245195 1869881,57300 1444167,-680936 422560,-588604 692000,245195 1869881))
32752;POLYGON((830011 3479546,632178 2883476,-414266 1338056,-334318 1719677,830011 3479546))
32753;POLYGON((1431991 5679086,1230744 4872512,-194620 2613590,-137435 3131686,1431991 5679086))
32754;POLYGON((2027756 8603060,1831554 7538671,-55516 4325765,-33928 5008450,2027756 8603060))
32755;POLYGON((2587554 12409502,2407077 11031820,-38168 6563097,-67805 7442768,2587554 12409502))
32756;POLYGON((3074327 17283136,2922801 15527409,-192549 9427445,-292213 10541284,3074327 17283136))
32757;POLYGON((3442713 23438921,3336246 21229903,-578543 13035566,-770609 14426092,3442713 23438921))
32758;POLYGON((-2074327 17283136,-2212777 19181044,1420002 11742347,1292213 10541284,-2074327 17283136))
32759;POLYGON((-1587554 12409502,-1759985 13905513,1118528 8396111,1067805 7442768,-1587554 12409502))
32760;POLYGON((-1027756 8603060,-1220022 9765282,1027530 5752972,1033928 5008450,-1027756 8603060))
