32701;POLYGON((-37306939 -11774940,-41673510 -11373164,-40310158 616326,-36174073 -803939,-37306939 -11774940))
32702;POLYGON((-26050471 -12278144,-29513984 -12214960,-28779293 -3057465,-25486368 -3925441,-26050471 -12278144))
32703;POLYGON((-17187699 -11971340,-19903275 -12146460,-19630013 -5221788,-17037138 -5678084,-17187699 -11971340))
32704;POLYGON((-10298320 -11111678,-12398841 -11446250,-12453848 -6269282,-10438243 -6426381,-10298320 -11111678))
32705;POLYGON((-5023669 -9899194,-6622294 -10332256,-6900991 -6512824,-5357924 -6459574,-5023669 -9899194))
32706;POLYGON((-1059586 -8486593,-2252062 -8971953,-2673636 -6198453,-1514318 -6004016,-1059586 -8486593))
32707;POLYGON((1850145 -6987748,983357 -7491285,480155 -5516698,1330497 -5233991,1850145 -6987748))
32708;POLYGON((3919787 -5485076,3311582 -5982402,2772074 -4612436,3375957 -4281116,3919787 -5485076))
32709;POLYGON((5327115 -4035853,4921971 -4510319,4378683 -3593417,4787973 -3242447,5327115 -4035853))
32710;POLYGON((6218360 -2677604,5970754 -3118600,5446076 -2537578,5703442 -2187415,6218360 -2677604))
32711;POLYGON((6712688 -1432638,6585648 -1834170,6094092 -1499260,6234313 -1163709,6712688 -1432638))
32712;POLYGON((6906206 -311828,6870029 -671338,6420106 -514455,6471244 -202212,6906206 -311828))
32713;POLYGON((6875542 682274,6906645 364879,6502417 394827,6486867 678890,6875542 682274))
32714;POLYGON((6681022 1552922,6760928 1276048,6403275 1216965,6338688 1470760,6681022 1552922))
32715;POLYGON((6369462 2307156,6483910 2068139,6171536 1947802,6071636 2171183,6369462 2307156))
32716;POLYGON((5976608 2954247,6114775 2749829,5845006 2588314,5720298 2782421,5976608 2954247))
32717;POLYGON((5529246 3504503,5683082 3331193,5452470 3142790,5310855 3309535,5529246 3504503))
32718;POLYGON((5047008 3968403,5210664 3822731,5015442 3617435,4862739 3759124,5047008 3968403))
32719;POLYGON((4543901 4355981,4713249 4234680,4549653 4019331,4390044 4138386,4543901 4355981))
32720;POLYGON((4029585 4676432,4201818 4576549,4066307 4355704,3902707 4454471,4029585 4676432))
32721;POLYGON((3510420 4937870,3683730 4856828,3573121 4633413,3407479 4714037,3510420 4937870))
32722;POLYGON((2990320 5147218,3163629 5082846,3075178 4858632,2908727 4922985,2990320 5147218))
32723;POLYGON((2471424 5310178,2644180 5260710,2575614 5036671,2409063 5086315,2471424 5310178))
32724;POLYGON((1954618 5431263,2126638 5395323,2076155 5171890,1909843 5208061,1954618 5431263))
32725;POLYGON((1439944 5513852,1611288 5490436,1577546 5267676,1411561 5291288,1439944 5513852))
32726;POLYGON((926893 5560253,1097776 5548706,1079874 5326458,914143 5338116,926893 5560253))
32727;POLYGON((414639 5571763,585360 5571763,582818 5349740,417181 5349740,414639 5571763))
32728;POLYGON((-97776 5548706,73106 5560253,85856 5338116,-79874 5326458,-97776 5548706))
32729;POLYGON((-611288 5490436,-439944 5513852,-411561 5291288,-577546 5267676,-611288 5490436))
32730;POLYGON((-1126638 5395323,-954618 5431263,-909843 5208061,-1076155 5171890,-1126638 5395323))
32731;POLYGON((-1644180 5260710,-1471424 5310178,-1409063 5086315,-1575614 5036671,-1644180 5260710))
32732;POLYGON((-2163629 5082846,-1990320 5147218,-1908727 4922985,-2075178 4858632,-2163629 5082846))
32733;POLYGON((-2683730 4856828,-2510420 4937870,-2407479 4714037,-2573121 4633413,-2683730 4856828))
32734;POLYGON((-3201818 4576549,-3029585 4676432,-2902707 4454471,-3066307 4355704,-3201818 4576549))
32735;POLYGON((-3713249 4234680,-3543901 4355981,-3390044 4138386,-3549653 4019331,-3713249 4234680))
32736;POLYGON((-4210664 3822731,-4047008 3968403,-3862739 3759124,-4015442 3617435,-4210664 3822731))
32737;POLYGON((-4683082 3331193,-4529246 3504503,-4310855 3309535,-4452470 3142790,-4683082 3331193))
32738;POLYGON((-5114775 2749829,-4976608 2954247,-4720298 2782421,-4845006 2588314,-5114775 2749829))
32739;POLYGON((-5483910 2068139,-5369462 2307156,-5071636 2171183,-5171536 1947802,-5483910 2068139))
32740;POLYGON((-5760928 1276048,-5681022 1552922,-5338688 1470760,-5403275 1216965,-5760928 1276048))
32741;POLYGON((-5906645 364879,-5875542 682274,-5486867 678890,-5502417 394827,-5906645 364879))
32742;POLYGON((-5870029 -671338,-5906206 -311828,-5471244 -202212,-5420106 -514455,-5870029 -671338))
32743;POLYGON((-5585648 -1834170,-5712688 -1432638,-5234313 -1163709,-5094092 -1499260,-5585648 -1834170))
32744;POLYGON((-4970754 -3118600,-5218360 -2677604,-4703442 -2187415,-4446076 -2537578,-4970754 -3118600))
32745;POLYGON((-3921971 -4510319,-4327115 -4035853,-3787973 -3242447,-3378683 -3593417,-3921971 -4510319))
32746;POLYGON((-2311582 -5982402,-2919787 -5485076,-2375957 -4281116,-1772074 -4612436,-2311582 -5982402))
32747;POLYGON((16642 -7491285,-850145 -6987748,-330497 -5233991,519844 -5516698,16642 -7491285))
32748;POLYGON((3252062 -8971953,2059586 -8486593,2514318 -6004016,3673636 -6198453,3252062 -8971953))
32749;POLYGON((7622294 -10332256,6023669 -9899194,6357924 -6459574,7900991 -6512824,7622294 -10332256))
32750;POLYGON((13398841 -11446250,11298320 -11111678,11438243 -6426381,13453848 -6269282,13398841 -11446250))
32751;POLYGON((20903275 -12146460,18187699 -11971340,18037138 -5678084,20630013 -5221788,20903275 -12146460))
32752;POLYGON((30513984 -12214960,27050471 -12278144,26486368 -3925441,29779293 -3057465,30513984 -12214960))
32753;POLYGON((42673510 -11373164,38306939 -11774940,37174073 -803939,41310158 616326,42673510 -11373164))
32754;POLYGON((57896513 -9270199,52446800 -10136337,50551815 4140278,55696974 6286673,57896513 -9270199))
32755;POLYGON((76778376 -5469751,70037532 -6956061,67142195 11466341,73487816 14551670,76778376 -5469751))
32756;POLYGON((100004481 564753,91733445 -1732713,87547066 21856565,95312888 26139047,100004481 564753))
32757;POLYGON((-117285418 6146230,118285418 6146230,112456372 36136533,-111456372 36136533,-117285418 6146230))
32758;POLYGON((-90733445 -1732713,-99004481 564753,-94312888 26139047,-86547066 21856565,-90733445 -1732713))
32759;POLYGON((-69037532 -6956061,-75778376 -5469751,-72487816 14551670,-66142195 11466341,-69037532 -6956061))
32760;POLYGON((-51446800 -10136337,-56896513 -9270199,-54696974 6286673,-49551815 4140278,-51446800 -10136337))
