32701;POLYGON((2362400 -1865161,2441255 -1949538,2071755 -1823459,2017456 -1738733,2362400 -1865161))
32702;POLYGON((2189596 -1641745,2237534 -1711956,1932935 -1584875,1901287 -1514505,2189596 -1641745))
32703;POLYGON((2093323 -1449657,2118296 -1511109,1855948 -1384173,1841061 -1323274,2093323 -1449657))
32704;POLYGON((2052430 -1275654,2061057 -1332297,1824117 -1207992,1821066 -1152922,2052430 -1275654))
32705;POLYGON((2049431 -1110306,2047162 -1164908,1823547 -1046469,1828262 -994602,2049431 -1110306))
32706;POLYGON((2070055 -947261,2061317 -1001639,1842796 -892591,1851953 -842128,2070055 -947261))
32707;POLYGON((2102824 -782611,2091157 -837831,1872564 -741655,1883491 -691454,2102824 -782611))
32708;POLYGON((2138675 -614348,2126853 -670898,1905417 -590781,1916005 -540218,2138675 -614348))
32709;POLYGON((2170612 -441904,2160757 -499838,1935530 -438515,1944156 -387361,2170612 -441904))
32710;POLYGON((2193397 -265769,2187078 -324827,1958463 -284484,1963916 -232802,2193397 -265769))
32711;POLYGON((2203272 -87171,2201593 -146879,1970946 -129105,1972366 -77169,2203272 -87171))
32712;POLYGON((2197711 92178,2201392 32430,1970702 26645,1967521 78421,2197711 92178))
32713;POLYGON((2175201 270291,2184645 211186,1956280 181428,1948172 232543,2175201 270291))
32714;POLYGON((2135050 445064,2150408 387308,1926909 333692,1913746 383603,2135050 445064))
32715;POLYGON((2077219 614396,2098440 558683,1882373 481791,1864186 529947,2077219 614396))
32716;POLYGON((2002182 776278,2029060 723264,1822899 624082,1799846 669946,2002182 776278))
32717;POLYGON((1910801 928852,1943011 879136,1749066 758985,1721404 802052,1910801 928852))
32718;POLYGON((1804228 1070447,1841360 1024563,1661722 885028,1629783 924840,1804228 1070447))
32719;POLYGON((1683822 1199599,1725404 1158013,1561923 1000883,1526092 1037029,1683822 1199599))
32720;POLYGON((1551079 1315056,1596600 1278161,1450870 1105374,1411576 1137500,1551079 1315056))
32721;POLYGON((1407585 1415769,1456511 1383892,1329874 1197490,1287570 1225293,1407585 1415769))
32722;POLYGON((1254978 1500885,1306758 1474291,1200317 1276378,1155475 1299610,1254978 1500885))
32723;POLYGON((1094916 1569730,1148996 1548624,1063628 1341343,1016732 1359805,1094916 1569730))
32724;POLYGON((929065 1621788,984890 1606326,921265 1391836,872803 1405376,929065 1621788))
32725;POLYGON((759087 1656691,816103 1646980,774699 1427446,725166 1435956,759087 1656691))
32726;POLYGON((586637 1674201,644293 1670307,625413 1447891,575303 1451305,586637 1674201))
32727;POLYGON((413362 1674201,471110 1676149,474889 1453013,424696 1451305,413362 1674201))
32728;POLYGON((240912 1656691,298202 1664469,324613 1442773,274833 1435956,240912 1656691))
32729;POLYGON((70934 1621788,127216 1635343,176069 1417249,127196 1405376,70934 1621788))
32730;POLYGON((-94916 1569730,-40194 1588969,30740 1376641,-16732 1359805,-94916 1569730))
32731;POLYGON((-254978 1500885,-202370 1525670,-109894 1321272,-155475 1299610,-254978 1500885))
32732;POLYGON((-407585 1415769,-357647 1445910,-244366 1251598,-287570 1225293,-407585 1415769))
32733;POLYGON((-551079 1315056,-504362 1350311,-371226 1168216,-411576 1137500,-551079 1315056))
32734;POLYGON((-683822 1199599,-640868 1239662,-489059 1071872,-526092 1037029,-683822 1199599))
32735;POLYGON((-804228 1070447,-765558 1114947,-596502 963473,-629783 924840,-804228 1070447))
32736;POLYGON((-910801 928852,-876901 977347,-692276 844083,-721404 802052,-910801 928852))
32737;POLYGON((-1002182 776278,-973486 828257,-775225 714932,-799846 669946,-1002182 776278))
32738;POLYGON((-1077219 614396,-1054083 669280,-844354 577397,-864186 529947,-1077219 614396))
32739;POLYGON((-1135050 445064,-1117723 502214,-898897 432990,-913746 383603,-1135050 445064))
32740;POLYGON((-1175201 270291,-1163791 329025,-938384 283318,-948172 232543,-1175201 270291))
32741;POLYGON((-1197711 92178,-1192140 151789,-962723 130035,-967521 78421,-1197711 92178))
32742;POLYGON((-1203272 -87171,-1203227 -27377,-972302 -25235,-972366 -77169,-1203272 -87171))
32743;POLYGON((-1193397 -265769,-1198270 -206433,-968105 -180996,-963916 -232802,-1193397 -265769))
32744;POLYGON((-1170612 -441904,-1179437 -383554,-951840 -336012,-944156 -387361,-1170612 -441904))
32745;POLYGON((-1138675 -614348,-1150048 -557326,-926097 -489467,-916005 -540218,-1138675 -614348))
32746;POLYGON((-1102824 -782611,-1114817 -726979,-894513 -641180,-883491 -691454,-1102824 -782611))
32747;POLYGON((-1070055 -947261,-1080122 -892690,-861967 -791851,-851953 -842128,-1070055 -947261))
32748;POLYGON((-1049431 -1110306,-1054301 -1055939,-834793 -943367,-828262 -994602,-1049431 -1110306))
32749;POLYGON((-1052430 -1275654,-1047986 -1219947,-821017 -1099166,-821066 -1152922,-1052430 -1275654))
32750;POLYGON((-1093323 -1449657,-1074473 -1390183,-830621 -1264668,-841061 -1323274,-1093323 -1449657))
32751;POLYGON((-1189596 -1641745,-1150127 -1574976,-875830 -1447768,-901287 -1514505,-1189596 -1641745))
32752;POLYGON((-1362400 -1865161,-1294823 -1786209,-971427 -1659421,-1017456 -1738733,-1362400 -1865161))
32753;POLYGON((-1637057 -2137814,-1532437 -2040133,-1135097 -1914306,-1208301 -2012043,-1637057 -2137814))
32754;POLYGON((-2043596 -2483241,-1891365 -2358296,-1387797 -2231589,-1495960 -2355281,-2043596 -2483241))
32755;POLYGON((-2617344 -2931718,-2405099 -2768593,-1754167 -2635783,-1906393 -2794956,-2617344 -2931718))
32756;POLYGON((-3399550 -3521494,-3112842 -3306471,-2262958 -3157727,-2469824 -3364250,-3399550 -3521494))
32757;POLYGON((4399550 -3521494,4714678 -3757419,3697533 -3589657,3469824 -3364250,4399550 -3521494))
32758;POLYGON((3617344 -2931718,3852696 -3110465,3075579 -2968466,2906393 -2794956,3617344 -2931718))
32759;POLYGON((3043596 -2483241,3214358 -2619572,2617729 -2489633,2495960 -2355281,3043596 -2483241))
32760;POLYGON((2637057 -2137814,2756287 -2243525,2292231 -2117502,2208301 -2012043,2637057 -2137814))
