32701;POLYGON((117265697 -119918108,125108094 -132170600,111341044 -149392966,104585086 -135728360,117265697 -119918108))
32702;POLYGON((96558965 -88726369,103018006 -98262514,92286378 -111566146,86698826 -100921039,96558965 -88726369))
32703;POLYGON((79544978 -64569282,84845623 -71934716,76543173 -82167208,71936387 -73936568,79544978 -64569282))
32704;POLYGON((65612586 -46005917,69948339 -51649978,63575178 -59491374,59787516 -53176748,65612586 -46005917))
32705;POLYGON((54237871 -31855191,57774315 -36145247,52921184 -42137337,49814102 -37331017,54237871 -31855191))
32706;POLYGON((44974126 -21156287,47852169 -24390378,44186555 -28961651,41641935 -25332701,44974126 -21156287))
32707;POLYGON((37442649 -13133858,39781505 -15551789,37035436 -19038557,34953141 -16320545,37442649 -13133858))
32708;POLYGON((31324326 -7167596,33224233 -8960620,31183629 -11624778,29479261 -9605074,31324326 -7167596))
32709;POLYGON((26351964 -2765790,27896660 -4085003,26392078 -6128858,24994945 -4639349,26351964 -2765790))
32710;POLYGON((22303340 457505,23562305 -506063,22460959 -2084618,21312231 -993710,22303340 457505))
32711;POLYGON((18994925 2802049,20025395 2102697,19224330 871647,18275375 1665874,18994925 2802049))
32712;POLYGON((16276251 4498054,17125032 3992990,16545316 3020642,15756211 3596233,16276251 4498054))
32713;POLYGON((14024878 5720224,14729956 5356614,14311801 4576521,13649998 4992529,14024878 5720224))
32714;POLYGON((12141936 6599480,12733902 6337911,12432588 5700692,11871740 6001241,12141936 6599480))
32715;POLYGON((10548188 7232642,11051495 7044109,10834014 6513268,10352935 6730894,10548188 7232642))
32716;POLYGON((9180595 7690342,9614649 7553787,9456965 7102455,9038728 7260831,9180595 7690342))
32717;POLYGON((7989337 8023397,8369442 7923746,8254294 7532162,7885444 7648281,7989337 8023397))
32718;POLYGON((6935252 8267869,7273419 8194476,7188575 7848078,6858458 7933982,6935252 8267869))
32719;POLYGON((5987662 8449017,6293294 8394459,6230195 8082452,5930390 8146567,5987662 8449017))
32720;POLYGON((5122546 8584332,5403010 8543487,5355736 8257777,5079571 8305939,5122546 8584332))
32721;POLYGON((4321027 8685797,4582127 8655169,4546618 8389586,4288776 8425800,4321027 8685797))
32722;POLYGON((3568129 8761564,3814488 8738781,3787986 8488516,3544179 8515511,3568129 8761564))
32723;POLYGON((2851772 8817128,3087149 8800595,3067790 8561795,2834494 8581415,2851772 8817128))
32724;POLYGON((2161976 8856150,2389507 8844813,2376052 8614287,2150294 8627756,2161976 8856150))
32725;POLYGON((1490218 8880999,1712615 8874186,1704268 8649190,1483456 8657288,1490218 8880999))
32726;POLYGON((828928 8893091,1048636 8890422,1044931 8668493,826714 8671666,828928 8893091))
32727;POLYGON((171071 8893091,390399 8894421,391135 8673248,173285 8671666,171071 8893091))
32728;POLYGON((-490218 8880999,-268980 8886400,-263762 8663710,-483456 8657288,-490218 8880999))
32729;POLYGON((-1161976 8856150,-936441 8865921,-926458 8639366,-1150294 8627756,-1161976 8856150))
32730;POLYGON((-1851772 8817128,-1619334 8831834,-1604019 8598874,-1834494 8581415,-1851772 8817128))
32731;POLYGON((-2568129 8761564,-2325812 8782118,-2304236 8539879,-2544179 8515511,-2568129 8761564))
32732;POLYGON((-3321027 8685797,-3065306 8713592,-3036046 8458689,-3288776 8425800,-3321027 8685797))
32733;POLYGON((-4122546 8584332,-3849116 8621446,-3810047 8349746,-4079571 8305939,-4122546 8584332))
32734;POLYGON((-4987662 8449017,-4691151 8498528,-4639131 8204820,-4930390 8146567,-4987662 8449017))
32735;POLYGON((-5935252 8267869,-5608863 8334289,-5539286 8011833,-5858458 7933982,-5935252 8267869))
32736;POLYGON((-6989337 8023397,-6624405 8113293,-6530568 7753194,-6885444 7648281,-6989337 8023397))
32737;POLYGON((-8180595 7690342,-7766047 7813168,-7638297 7403509,-8038728 7260831,-8180595 7690342))
32738;POLYGON((-9548188 7232642,-9069901 7401841,-8894498 6926508,-9352935 6730894,-9548188 7232642))
32739;POLYGON((-11141936 6599480,-10581970 6833918,-10339608 6271021,-10871740 6001241,-11141936 6599480))
32740;POLYGON((-13024878 5720224,-12360576 6046011,-12024499 5365783,-12649998 4992529,-13024878 5720224))
32741;POLYGON((-15276251 4498054,-14479198 4950827,-14012827 4112882,-14756211 3596233,-15276251 4498054))
32742;POLYGON((-17994925 2802049,-17029752 3429796,-16383750 2379581,-17275375 1665874,-17994925 2802049))
32743;POLYGON((-21303340 457505,-20126350 1324005,-19235038 -11731,-20312231 -993710,-21303340 457505))
32744;POLYGON((-25351964 -2765790,-23909588 -1576817,-22686614 -3295733,-23994945 -4639349,-25351964 -2765790))
32745;POLYGON((-30324326 -7167596,-28551379 -5547533,-26884537 -7778825,-28479261 -9605074,-30324326 -7167596))
32746;POLYGON((-36442649 -13133858,-34260385 -10943335,-32005482 -13856551,-33953141 -16320545,-36442649 -13133858))
32747;POLYGON((-43974126 -21156287,-41288068 -18218311,-38261729 -22034137,-40641935 -25332701,-43974126 -21156287))
32748;POLYGON((-53237871 -31855191,-49935420 -27947149,-45906695 -32950503,-48814102 -37331017,-53237871 -31855191))
32749;POLYGON((-64612586 -46005917,-60560384 -40850341,-55241046 -47406131,-58787516 -53176748,-64612586 -46005917))
32750;POLYGON((-78544978 -64569282,-73586016 -57823239,-66619404 -66395194,-70936387 -73936568,-78544978 -64569282))
32751;POLYGON((-95558965 -88726369,-89509422 -79969350,-80457699 -91142369,-85698826 -100921039,-95558965 -88726369))
32752;POLYGON((-116265697 -119918108,-108911509 -108638279,-97241177 -123144770,-103585086 -135728360,-116265697 -119918108))
32753;POLYGON((-141374452 -159890061,-132467583 -145468728,-117533110 -164219475,-125186504 -180293861,-141374452 -159890061))
32754;POLYGON((-171704418 -210742860,-160958828 -192437000,-141984220 -216557126,-151185178 -236945735,-171704418 -210742860))
32755;POLYGON((-208197409 -274988755,-195284709 -251911459,-171342866 -282782101,-182364412 -308467529,-208197409 -274988755))
32756;POLYGON((-251931558 -355614769,-236476338 -326713426,-206466013 -366019803,-219619949 -398167906,-251931558 -355614769))
32757;POLYGON((252931558 -355614769,269326552 -386723456,234561260 -432764791,220619949 -398167906,252931558 -355614769))
32758;POLYGON((209197409 -274988755,222913441 -299881587,195060079 -336167848,183364412 -308467529,209197409 -274988755))
32759;POLYGON((172704418 -210742860,184133668 -230532941,161960830 -258982245,152185178 -236945735,172704418 -210742860))
32760;POLYGON((142374452 -159890061,151860448 -175516996,134327650 -197707436,126186504 -180293861,142374452 -159890061))
