32601;POLYGON((-27376938 54543836,-31242053 57553543,-26547297 74598598,-22947414 69996727,-27376938 54543836))
32602;POLYGON((-17523808 46393285,-20536219 48970055,-16596966 61620448,-13810788 57815226,-17523808 46393285))
32603;POLYGON((-9916745 39431715,-12229781 41629835,-8934253 50899288,-6813539 47762190,-9916745 39431715))
32604;POLYGON((-4142049 33507276,-5886206 35375570,-3137307 42068785,-1556081 39489976,-4142049 33507276))
32605;POLYGON((150867 28483762,-1134739 30065961,1151590 34816265,2299652 32702248,150867 28483762))
32606;POLYGON((3257040 24239515,2337370 25574622,4233649 28875905,5037619 27147408,3257040 24239515))
32607;POLYGON((5422871 20666356,4792006 21788999,6360562 24022630,6894454 22612725,5422871 20666356))
32608;POLYGON((6852446 17668547,6446694 18609317,7740889 20066668,8065656 18919090,6852446 17668547))
32609;POLYGON((7713262 15161779,7480525 15947571,8545857 16848714,8711204 15916375,7713262 15161779))
32610;POLYGON((8141411 13072207,8039516 13726532,8914614 14235636,8960623 13479307,8141411 13072207))
32611;POLYGON((8246234 11335511,8241441 11878807,8958948 12116691,8917548 11503848,8246234 11335511))
32612;POLYGON((8114485 9896005,8180147 10345928,8767520 10400206,8663787 9904012,8114485 9896005))
32613;POLYGON((7814020 8705780,7929409 9077485,8409621 9010663,8262934 8609090,7814020 8705780))
32614;POLYGON((7397061 7723898,7546323 8030306,7938493 7886172,7763548 7561231,7397061 7723898))
32615;POLYGON((6903035 6915631,7074289 7167673,7394238 6976282,7201928 6713361,6903035 6915631))
32616;POLYGON((6361048 6251743,6545602 6458596,6806341 6240087,6604518 6027387,6361048 6251743))
32617;POLYGON((5791994 5707827,5983678 5877129,6195834 5644614,5989960 5472664,5791994 5707827))
32618;POLYGON((5210347 5263689,5404952 5401739,5577143 5163448,5370831 5024691,5210347 5263689))
32619;POLYGON((4625656 4902785,4820466 5014725,4959623 4775563,4755091 4664017,4625656 4902785))
32620;POLYGON((4043774 4611716,4237182 4701692,4348826 4464356,4147266 4375322,4043774 4611716))
32621;POLYGON((3467848 4379771,3659054 4451080,3747533 4216828,3549397 4146658,3467848 4379771))
32622;POLYGON((2899099 4198529,3087869 4253746,3156552 4022927,2961788 3968827,2899099 4198529))
32623;POLYGON((2337424 4061520,2523909 4102603,2575353 3875002,2383568 3834881,2337424 4061520))
32624;POLYGON((1781845 3963939,1966447 3992321,2002521 3767385,1813108 3739732,1781845 3963939))
32625;POLYGON((1230827 3902420,1414103 3919073,1436094 3696054,1248319 3679853,1230827 3902420))
32626;POLYGON((682516 3874870,865108 3880360,873787 3658400,686847 3653063,682516 3874870))
32627;POLYGON((134891 3880360,317483 3874870,313152 3653063,126212 3658400,134891 3880360))
32628;POLYGON((-414103 3919073,-230827 3902420,-248319 3679853,-436094 3696054,-414103 3919073))
32629;POLYGON((-966447 3992321,-781845 3963939,-813108 3739732,-1002521 3767385,-966447 3992321))
32630;POLYGON((-1523909 4102603,-1337424 4061520,-1383568 3834881,-1575353 3875002,-1523909 4102603))
32631;POLYGON((-2087869 4253746,-1899099 4198529,-1961788 3968827,-2156552 4022927,-2087869 4253746))
32632;POLYGON((-2659054 4451080,-2467848 4379771,-2549397 4146658,-2747533 4216828,-2659054 4451080))
32633;POLYGON((-3237182 4701692,-3043774 4611716,-3147266 4375322,-3348826 4464356,-3237182 4701692))
32634;POLYGON((-3820466 5014725,-3625656 4902785,-3755091 4664017,-3959623 4775563,-3820466 5014725))
32635;POLYGON((-4404952 5401739,-4210347 5263689,-4370831 5024691,-4577143 5163448,-4404952 5401739))
32636;POLYGON((-4983678 5877129,-4791994 5707827,-4989960 5472664,-5195834 5644614,-4983678 5877129))
32637;POLYGON((-5545602 6458596,-5361048 6251743,-5604518 6027387,-5806341 6240087,-5545602 6458596))
32638;POLYGON((-6074289 7167673,-5903035 6915631,-6201928 6713361,-6394238 6976282,-6074289 7167673))
32639;POLYGON((-6546323 8030306,-6397061 7723898,-6763548 7561231,-6938493 7886172,-6546323 8030306))
32640;POLYGON((-6929409 9077485,-6814020 8705780,-7262934 8609090,-7409621 9010663,-6929409 9077485))
32641;POLYGON((-7180147 10345928,-7114485 9896005,-7663787 9904012,-7767520 10400206,-7180147 10345928))
32642;POLYGON((-7241441 11878807,-7246234 11335511,-7917548 11503848,-7958948 12116691,-7241441 11878807))
32643;POLYGON((-7039516 13726532,-7141411 13072207,-7960623 13479307,-7914614 14235636,-7039516 13726532))
32644;POLYGON((-6480525 15947571,-6713262 15161779,-7711204 15916375,-7545857 16848714,-6480525 15947571))
32645;POLYGON((-5446694 18609317,-5852446 17668547,-7065656 18919090,-6740889 20066668,-5446694 18609317))
32646;POLYGON((-3792006 21788999,-4422871 20666356,-5894454 22612725,-5360562 24022630,-3792006 21788999))
32647;POLYGON((-1337370 25574622,-2257040 24239515,-4037619 27147408,-3233649 28875905,-1337370 25574622))
32648;POLYGON((2134739 30065961,849132 28483762,-1299652 32702248,-151590 34816265,2134739 30065961))
32649;POLYGON((6886206 35375570,5142049 33507276,2556081 39489976,4137307 42068785,6886206 35375570))
32650;POLYGON((13229781 41629835,10916745 39431715,7813539 47762190,9934253 50899288,13229781 41629835))
32651;POLYGON((21536219 48970055,18523808 46393285,14810788 57815226,17596966 61620448,21536219 48970055))
32652;POLYGON((32242053 57553543,28376938 54543836,23947414 69996727,27547297 74598598,32242053 57553543))
32653;POLYGON((45858053 67554753,40961179 64051983,35692593 84712957,40279530 90261304,45858053 67554753))
32654;POLYGON((62978385 79166429,56841835 75104244,50593844 102436924,56369364 109105777,62978385 79166429))
32655;POLYGON((84290503 92600771,76674119 87906204,69286489 123717374,76483623 131708166,84290503 92600771))
32656;POLYGON((110585803 108090608,101213547 102683684,92503866 149188716,101390712 158733811,110585803 108090608))
32657;POLYGON((-100213547 102683684,-109585803 108090608,-100390712 158733811,-91503866 149188716,-100213547 102683684))
32658;POLYGON((-75674119 87906204,-83290503 92600771,-75483623 131708166,-68286489 123717374,-75674119 87906204))
32659;POLYGON((-55841835 75104244,-61978385 79166429,-55369364 109105777,-49593844 102436924,-55841835 75104244))
32660;POLYGON((-39961179 64051983,-44858053 67554753,-39279530 90261304,-34692593 84712957,-39961179 64051983))
