32601;POLYGON((138169732 27392051,147984418 30027459,149360186 0,139434924 0,138169732 27392051))
32602;POLYGON((112393904 20702118,120410489 22744153,121477699 0,113372768 0,112393904 20702118))
32603;POLYGON((91400395 15545114,97919791 17114767,98741075 0,92151643 0,91400395 15545114))
32604;POLYGON((74373851 11602180,79653851 12798771,80280678 0,74945613 0,74373851 11602180))
32605;POLYGON((60618289 8612836,64878514 9517287,65352870 0,61049728 0,60618289 8612836))
32606;POLYGON((49543079 6365950,52969517 7043665,53325378 0,49865797 0,49543079 6365950))
32607;POLYGON((40650090 4691823,43399254 5195211,43663882 0,40889371 0,40650090 4691823))
32608;POLYGON((33521962 3455273,35724676 3825947,35919750 0,33697845 0,33521962 3455273))
32609;POLYGON((27811445 2549653,29576286 2820327,29718872 0,27939655 0,27811445 2549653))
32610;POLYGON((23231757 1891687,24648155 2087809,24751552 0,23324500 0,23231757 1891687))
32611;POLYGON((19547893 1417066,20688927 1558208,20763381 0,19614538 0,19547893 1417066))
32612;POLYGON((16568861 1076710,17493750 1177745,17547061 0,16616510 0,16568861 1076710))
32613;POLYGON((14140757 833631,14897074 905716,14935104 0,14174723 0,14140757 833631))
32614;POLYGON((12140654 660322,12766279 711715,12793375 0,12164860 0,12140654 660322))
32615;POLYGON((10471238 536612,10996065 573336,11015404 0,10488537 0,10471238 536612))
32616;POLYGON((9056140 447922,9503559 474308,9517431 0,9068578 0,9056140 447922))
32617;POLYGON((7835919 383867,8224087 402985,8234117 0,7844941 0,7835919 383867))
32618;POLYGON((6764625 337161,7107547 351152,7114872 0,6771236 0,6764625 337161))
32619;POLYGON((5806911 302756,6115350 313097,6120754 0,5811803 0,5806911 302756))
32620;POLYGON((4935627 277201,5217853 284899,5221871 0,4939270 0,4935627 277201))
32621;POLYGON((4129845 258162,4392247 263894,4395241 0,4132555 0,4129845 258162))
32622;POLYGON((3373265 244069,3620847 248290,3623058 0,3375253 0,3373265 244069))
32623;POLYGON((2652947 233880,2889716 236891,2891304 0,2654353 0,2652947 233880))
32624;POLYGON((1958320 226911,2187588 228907,2188658 0,1959235 0,1958320 226911))
32625;POLYGON((1280405 222731,1505028 223833,1505646 0,1280882 0,1280405 222731))
32626;POLYGON((611213 221094,833776 221366,833978 0,611280 0,611213 221094))
32627;POLYGON((-56748 221910,166223 221366,166021 0,-57087 0,-56748 221910))
32628;POLYGON((-730901 225223,-505028 223833,-505646 0,-731665 0,-730901 225223))
32629;POLYGON((-1419020 231225,-1187588 228907,-1188658 0,-1420254 0,-1419020 231225))
32630;POLYGON((-2129692 240279,-1889716 236891,-1891304 0,-2131474 0,-2129692 240279))
32631;POLYGON((-2872882 252975,-2620847 248290,-2623058 0,-2875332 0,-2872882 252975))
32632;POLYGON((-3660642 270221,-3392247 263894,-3395241 0,-3663945 0,-3660642 270221))
32633;POLYGON((-4508024 293388,-4217853 284899,-4221871 0,-4512457 0,-4508024 293388))
32634;POLYGON((-5434255 324523,-5115350 313097,-5120754 0,-5440230 0,-5434255 324523))
32635;POLYGON((-6464212 366659,-6107547 351152,-6114872 0,-6472336 0,-6464212 366659))
32636;POLYGON((-7630264 424247,-7224087 402985,-7234117 0,-7641427 0,-7630264 424247))
32637;POLYGON((-8974529 503745,-8503559 474308,-8517431 0,-8990014 0,-8974529 503745))
32638;POLYGON((-10551600 614395,-9996065 573336,-10015404 0,-10573231 0,-10551600 614395))
32639;POLYGON((-12431785 769238,-11766279 711715,-11793375 0,-12462121 0,-12431785 769238))
32640;POLYGON((-14704932 986406,-13897074 905716,-13935104 0,-14747506 0,-14704932 986406))
32641;POLYGON((-17484869 1290744,-16493750 1177745,-16547061 0,-17544490 0,-17484869 1290744))
32642;POLYGON((-20914533 1715813,-19688927 1558208,-19763381 0,-20997659 0,-20914533 1715813))
32643;POLYGON((-25171827 2306342,-23648155 2087809,-23751552 0,-25287011 0,-25171827 2306342))
32644;POLYGON((-30476263 3121178,-28576286 2820327,-28718872 0,-30634697 0,-30476263 3121178))
32645;POLYGON((-37096445 4236821,-34724676 3825947,-34919750 0,-37312598 0,-37096445 4236821))
32646;POLYGON((-45358446 5751593,-42399254 5195211,-42663882 0,-45650822 0,-45358446 5751593))
32647;POLYGON((-55655120 7790541,-51969517 7043665,-52325378 0,-56047143 0,-55655120 7790541))
32648;POLYGON((-68456427 10511139,-63878514 9517287,-64352870 0,-68977465 0,-68456427 10511139))
32649;POLYGON((-84320793 14109879,-78653851 12798771,-79280678 0,-85007338 0,-84320793 14109879))
32650;POLYGON((-103907582 18829846,-96919791 17114767,-97741075 0,-104804608 0,-103907582 18829846))
32651;POLYGON((-127990726 24969363,-119410489 22744153,-120477699 0,-129153226 0,-127990726 24969363))
32652;POLYGON((-157473558 32891813,-146984418 30027459,-148360186 0,-158968293 0,-157473558 32891813))
32653;POLYGON((-193404913 43036736,-180640045 39377521,-182400052 0,-195312376 0,-193404913 43036736))
32654;POLYGON((-236996540 55932304,-221532795 51291492,-223767904 0,-239413169 0,-236996540 55932304))
32655;POLYGON((-289641886 72209307,-270993376 66364305,-273812009 0,-292682532 0,-289641886 72209307))
32656;POLYGON((-352936301 92616736,-330547501 85303714,-334078293 0,-356736975 0,-352936301 92616736))
32657;POLYGON((310471787 78512132,331547501 85303714,335078293 0,313749534 0,310471787 78512132))
32658;POLYGON((254464593 60947861,271993376 66364305,274812009 0,257075481 0,254464593 60947861))
32659;POLYGON((208019428 47000735,222532795 51291492,224767904 0,210085042 0,208019428 47000735))
32660;POLYGON((169677861 36002382,181640045 39377521,183400052 0,171300489 0,169677861 36002382))
