32701;POLYGON((-29431327 -17534078,-33233150 -17889773,-32951509 -6756557,-29287860 -7384225,-29431327 -17534078))
32702;POLYGON((-19690923 -16139854,-22677491 -16651144,-22766495 -8244381,-19876408 -8502956,-19690923 -16139854))
32703;POLYGON((-12103168 -14409064,-14418536 -15012687,-14762469 -8735280,-12510894 -8729707,-12103168 -14409064))
32704;POLYGON((-6278920 -12500517,-8045917 -13148379,-8554529 -8520884,-6826138 -8333786,-6278920 -12500517))
32705;POLYGON((-1887736 -10532994,-3210432 -11189474,-3814617 -7829698,-2511524 -7525110,-1887736 -10532994))
32706;POLYGON((1349117 -8592603,383149 -9232216,-264874 -6837824,695453 -6464451,1349117 -8592603))
32707;POLYGON((3665074 -6739146,2982685 -7344527,2328452 -5678292,3015109 -5272337,3665074 -6739146))
32708;POLYGON((5254100 -5011576,4794682 -5571754,4160576 -4449137,4630956 -4036730,5254100 -5011576))
32709;POLYGON((6276004 -3432635,5989777 -3941575,5393233 -3220330,5694616 -2819607,6276004 -3432635))
32710;POLYGON((6861223 -2012760,6707695 -2468138,6159271 -2039682,6330245 -1662539,6861223 -2012760))
32711;POLYGON((7115136 -753326,7061718 -1155515,6566779 -937817,6638527 -591383,7115136 -753326))
32712;POLYGON((7121911 350692,7142684 -551,6702798 67673,6700236 379823,7121911 350692))
32713;POLYGON((6947931 1308573,7022549 1004823,6636617 968821,6579412 1245670,6947931 1308573))
32714;POLYGON((6644807 2132149,6757538 1871753,6422695 1764499,6326158 2006795,6644807 2132149))
32715;POLYGON((6252020 2834495,6390902 2613023,6103227 2458209,5979094 2667837,6252020 2834495))
32716;POLYGON((5799208 3428941,5955329 3241970,5710381 3056353,5567486 3235851,5799208 3428941))
32717;POLYGON((5308134 3928372,5475005 3771691,5268223 3566909,5113082 3719110,5308134 3928372))
32718;POLYGON((4794354 4344743,4967389 4214491,4794369 3998454,4631666 4126224,4794354 4344743))
32719;POLYGON((4268610 4688783,4444686 4581533,4301370 4359472,4134371 4465529,4268610 4688783))
32720;POLYGON((3737988 4969843,3915088 4882636,3797875 4657881,3628764 4744688,3737988 4969843))
32721;POLYGON((3206851 5195838,3383773 5126194,3289575 4900752,3119730 4970445,3206851 5195838))
32722;POLYGON((2677585 5373279,2853715 5319181,2779974 5094144,2610184 5148507,2677585 5373279))
32723;POLYGON((2151178 5507338,2326312 5467206,2270988 5243050,2101627 5283507,2151178 5507338))
32724;POLYGON((1627664 5601938,1801874 5574595,1763426 5351389,1594581 5379015,1627664 5601938))
32725;POLYGON((1106456 5659844,1279990 5644493,1257343 5422045,1088914 5437577,1106456 5659844))
32726;POLYGON((586592 5682747,759800 5678940,752320 5456907,584102 5460761,586592 5682747))
32727;POLYGON((66926 5671314,240199 5678940,247679 5456907,79417 5449186,66926 5671314))
32728;POLYGON((-453714 5625212,-279990 5644493,-257343 5422045,-425892 5402544,-453714 5625212))
32729;POLYGON((-976371 5543096,-801874 5574595,-763426 5351389,-932440 5319585,-976371 5543096))
32730;POLYGON((-1501781 5422568,-1326312 5467206,-1270988 5243050,-1440513 5198094,-1501781 5422568))
32731;POLYGON((-2030149 5260098,-1853715 5319181,-1779974 5094144,-1949840 5034847,-2030149 5260098))
32732;POLYGON((-2560847 5050943,-2383773 5126194,-2289575 4900752,-2459288 4825570,-2560847 5050943))
32733;POLYGON((-3092014 4789047,-2915088 4882636,-2797875 4657881,-2966470 4564912,-3092014 4789047))
32734;POLYGON((-3620020 4466969,-3444686 4581533,-3301370 4359472,-3467227 4246465,-3620020 4466969))
32735;POLYGON((-4138780 4075834,-3967389 4214491,-3794369 3998454,-3954977 3862853,-4138780 4075834))
32736;POLYGON((-4638887 3605362,-4475005 3771691,-4268223 3566909,-4419885 3405930,-4638887 3605362))
32737;POLYGON((-5106532 3043981,-4955329 3241970,-4710381 3056353,-4847850 2867118,-5106532 3043981))
32738;POLYGON((-5522195 2379074,-5390902 2613023,-5103227 2458209,-5219274 2237950,-5522195 2379074))
32739;POLYGON((-5859064 1597390,-5757538 1871753,-5422695 1764499,-5507587 1510850,-5859064 1597390))
32740;POLYGON((-6081176 685677,-6022549 1004823,-5636617 968821,-5677507 680216,-6081176 685677))
32741;POLYGON((-6141241 -368440,-6142684 -551,-5702798 67673,-5683015 -256124,-6141241 -368440))
32742;POLYGON((-5978114 -1575261,-6061718 -1155515,-5566779 -937817,-5465011 -1295038,-5978114 -1575261))
32743;POLYGON((-5513917 -2941443,-5707695 -2468138,-5159271 -2039682,-4948632 -2425685,-5513917 -2941443))
32744;POLYGON((-4650746 -4468013,-4989777 -3941575,-4393233 -3220330,-4040208 -3626544,-4650746 -4468013))
32745;POLYGON((-3266973 -6147886,-3794682 -5571754,-3160576 -4449137,-2623826 -4861763,-3266973 -6147886))
32746;POLYGON((-1213087 -7962820,-1982685 -7344527,-1328452 -5678292,-557493 -6076740,-1213087 -7962820))
32747;POLYGON((1692927 -9879744,616850 -9232216,1264874 -6837824,2331154 -7192854,1692927 -9879744))
32748;POLYGON((5670727 -11846369,4210432 -11189474,4814617 -7829698,6249589 -8101229,5670727 -11846369))
32749;POLYGON((10983263 -13786018,9045917 -13148379,9554529 -8520884,11445622 -8655435,10983263 -13786018))
32750;POLYGON((17942994 -15591566,15418536 -15012687,15762469 -8735280,18213141 -8663005,17942994 -15591566))
32751;POLYGON((26918680 -17118431,23677491 -16651144,23766495 -8244381,26898387 -7875655,26918680 -17118431))
32752;POLYGON((38342788 -18176488,34233150 -17889773,33951509 -6756557,37906785 -5978078,38342788 -18176488))
32753;POLYGON((52719522 -18520842,47564874 -18503037,46766476 -3904841,51710360 -2575197,52719522 -18520842))
32754;POLYGON((70633528 -17841330,64229485 -18203777,62732244 766942,68855766 2822284,70633528 -17841330))
32755;POLYGON((92759273 -15750662,84870423 -16631819,82449986 7819822,89972941 10814148,92759273 -15750662))
32756;POLYGON((119871152 -11771084,110227608 -13341142,106610297 17937241,115784423 22128902,119871152 -11771084))
32757;POLYGON((-100201227 -14660491,-109227608 -13341142,-105610297 17937241,-97016642 14176460,-100201227 -14660491))
32758;POLYGON((-76504720 -17322831,-83870423 -16631819,-81449986 7819822,-74419834 5164833,-76504720 -17322831))
32759;POLYGON((-57266462 -18425518,-63229485 -18203777,-61732244 766942,-56024873 -1024838,-57266462 -18425518))
32760;POLYGON((-41779834 -18384439,-46564874 -18503037,-45766476 -3904841,-41172022 -5033117,-41779834 -18384439))
