32601;POLYGON((2237534 11711956,2294823 11786209,2541081 11714715,2470897 11661763,2237534 11711956))
32602;POLYGON((2118296 11511109,2150127 11574976,2364041 11561375,2325234 11512970,2118296 11511109))
32603;POLYGON((2061057 11332297,2074473 11390183,2271995 11417720,2255798 11370216,2061057 11332297))
32604;POLYGON((2047162 11164908,2047986 11219947,2240246 11274124,2239448 11225123,2047162 11164908))
32605;POLYGON((2061317 11001639,2054301 11055939,2248560 11124436,2257306 11072530,2061317 11001639))
32606;POLYGON((2091157 10837831,2080122 10892690,2280587 10965243,2294200 10909791,2091157 10837831))
32607;POLYGON((2126853 10670898,2114817 10726979,2323339 10795241,2338152 10736182,2126853 10670898))
32608;POLYGON((2160757 10499838,2150048 10557326,2366712 10614700,2379922 10552395,2160757 10499838))
32609;POLYGON((2187078 10324827,2179437 10383554,2403053 10425021,2412586 10360122,2187078 10324827))
32610;POLYGON((2201593 10146879,2198270 10206433,2426776 10228369,2431167 10161715,2201593 10146879))
32611;POLYGON((2201392 9967569,2203227 10027377,2434014 10027376,2432305 9959906,2201392 9967569))
32612;POLYGON((2184645 9788813,2192140 9848210,2422317 9824907,2413957 9757595,2184645 9788813))
32613;POLYGON((2150408 9612691,2163791 9670974,2390380 9623878,2375146 9557682,2150408 9612691))
32614;POLYGON((2098440 9441316,2117723 9497785,2337809 9427120,2315737 9362948,2098440 9441316))
32615;POLYGON((2029060 9276735,2054083 9330719,2264919 9237286,2236242 9175971,2029060 9276735))
32616;POLYGON((1943011 9120863,1973486 9171742,2172565 9056785,2137662 8999070,1943011 9120863))
32617;POLYGON((1841360 8975436,1876901 9022652,2061996 8887752,2021350 8834282,1841360 8975436))
32618;POLYGON((1725404 8841986,1765558 8885052,1934738 8732027,1888902 8683353,1725404 8841986))
32619;POLYGON((1596600 8721838,1640868 8760337,1792498 8591164,1742067 8547740,1596600 8721838))
32620;POLYGON((1456511 8616107,1504362 8649688,1637091 8466442,1582685 8428640,1456511 8616107))
32621;POLYGON((1306758 8525708,1357647 8554089,1470384 8358892,1412629 8327004,1306758 8525708))
32622;POLYGON((1148996 8451375,1202370 8474329,1294259 8269322,1233782 8243572,1148996 8451375))
32623;POLYGON((984890 8393673,1040194 8411030,1110587 8198345,1048006 8178899,984890 8393673))
32624;POLYGON((816103 8353019,872783 8364656,921215 8146407,857140 8133383,816103 8353019))
32625;POLYGON((644293 8329692,701797 8335530,727964 8113816,662996 8107286,644293 8329692))
32626;POLYGON((471110 8323850,528889 8323850,532632 8100752,467367 8100752,471110 8323850))
32627;POLYGON((298202 8335530,355706 8329692,337003 8107286,272035 8113816,298202 8335530))
32628;POLYGON((127216 8364656,183896 8353019,142859 8133383,78784 8146407,127216 8364656))
32629;POLYGON((-40194 8411030,15109 8393673,-48006 8178899,-110587 8198345,-40194 8411030))
32630;POLYGON((-202370 8474329,-148996 8451375,-233782 8243572,-294259 8269322,-202370 8474329))
32631;POLYGON((-357647 8554089,-306758 8525708,-412629 8327004,-470384 8358892,-357647 8554089))
32632;POLYGON((-504362 8649688,-456511 8616107,-582685 8428640,-637091 8466442,-504362 8649688))
32633;POLYGON((-640868 8760337,-596600 8721838,-742067 8547740,-792498 8591164,-640868 8760337))
32634;POLYGON((-765558 8885052,-725404 8841986,-888902 8683353,-934738 8732027,-765558 8885052))
32635;POLYGON((-876901 9022652,-841360 8975436,-1021350 8834282,-1061996 8887752,-876901 9022652))
32636;POLYGON((-973486 9171742,-943011 9120863,-1137662 8999070,-1172565 9056785,-973486 9171742))
32637;POLYGON((-1054083 9330719,-1029060 9276735,-1236242 9175971,-1264919 9237286,-1054083 9330719))
32638;POLYGON((-1117723 9497785,-1098440 9441316,-1315737 9362948,-1337809 9427120,-1117723 9497785))
32639;POLYGON((-1163791 9670974,-1150408 9612691,-1375146 9557682,-1390380 9623878,-1163791 9670974))
32640;POLYGON((-1192140 9848210,-1184645 9788813,-1413957 9757595,-1422317 9824907,-1192140 9848210))
32641;POLYGON((-1203227 10027377,-1201392 9967569,-1432305 9959906,-1434014 10027376,-1203227 10027377))
32642;POLYGON((-1198270 10206433,-1201593 10146879,-1431167 10161715,-1426776 10228369,-1198270 10206433))
32643;POLYGON((-1179437 10383554,-1187078 10324827,-1412586 10360122,-1403053 10425021,-1179437 10383554))
32644;POLYGON((-1150048 10557326,-1160757 10499838,-1379922 10552395,-1366712 10614700,-1150048 10557326))
32645;POLYGON((-1114817 10726979,-1126853 10670898,-1338152 10736182,-1323339 10795241,-1114817 10726979))
32646;POLYGON((-1080122 10892690,-1091157 10837831,-1294200 10909791,-1280587 10965243,-1080122 10892690))
32647;POLYGON((-1054301 11055939,-1061317 11001639,-1257306 11072530,-1248560 11124436,-1054301 11055939))
32648;POLYGON((-1047986 11219947,-1047162 11164908,-1239448 11225123,-1240246 11274124,-1047986 11219947))
32649;POLYGON((-1074473 11390183,-1061057 11332297,-1255798 11370216,-1271995 11417720,-1074473 11390183))
32650;POLYGON((-1150127 11574976,-1118296 11511109,-1325234 11512970,-1364041 11561375,-1150127 11574976))
32651;POLYGON((-1294823 11786209,-1237534 11711956,-1470897 11661763,-1541081 11714715,-1294823 11786209))
32652;POLYGON((-1532437 12040133,-1441255 11949538,-1720806 11829008,-1832902 11891697,-1532437 12040133))
32653;POLYGON((-1891365 12358296,-1756287 12243525,-2108519 12032087,-2275067 12111597,-1891365 12358296))
32654;POLYGON((-2405099 12768593,-2214358 12619572,-2673857 12294437,-2909658 12400131,-2405099 12768593))
32655;POLYGON((-3112842 13306471,-2852696 13110465,-3463691 12646771,-3786077 12790740,-3112842 13306471))
32656;POLYGON((4714678 13757419,-3714678 13757419,-4532778 13128468,5532778 13128468,4714678 13757419))
32657;POLYGON((3852696 13110465,4112842 13306471,4786077 12790740,4463691 12646771,3852696 13110465))
32658;POLYGON((3214358 12619572,3405099 12768593,3909658 12400131,3673857 12294437,3214358 12619572))
32659;POLYGON((2756287 12243525,2891365 12358296,3275067 12111597,3108519 12032087,2756287 12243525))
32660;POLYGON((2441255 11949538,2532437 12040133,2832902 11891697,2720806 11829008,2441255 11949538))
