32601;POLYGON((8595452 106087114,7466507 115046037,18424316 126534379,18724356 116378336,8595452 106087114))
32602;POLYGON((11240060 83062908,10473101 90140031,19111207 98347146,19209657 90367344,11240060 83062908))
32603;POLYGON((12952542 64938008,12472116 70498777,19243159 76241143,19187878 70008188,12952542 64938008))
32604;POLYGON((13934194 50744967,13677201 55091491,18955190 59006212,18785724 54166076,13934194 50744967))
32605;POLYGON((14352366 39687345,14266517 43067768,18358471 45646717,18107128 41909468,14352366 39687345))
32606;POLYGON((14344825 31113825,14387231 33730592,17543448 35349110,17236265 32479000,14344825 31113825))
32607;POLYGON((14023729 24495480,14159620 26512584,16582670 27453434,16240308 25260201,14023729 24495480))
32608;POLYGON((13479227 19405910,13680791 20955208,15533369 21428393,15171910 19759701,13479227 19405910))
32609;POLYGON((12782712 15503994,13028049 16690683,14439783 16849700,14071449 15584585,12782712 15503994))
32610;POLYGON((11989740 12519004,12261924 13426334,13335231 13381365,12969032 12424608,11989740 12519004))
32611;POLYGON((11142629 10237846,11428876 10931150,12243976 10759652,11886276 10036975,11142629 10237846))
32612;POLYGON((10272763 8494209,10563696 9024324,11182862 8779428,10837881 8233425,10272763 8494209))
32613;POLYGON((9402619 7159409,9691622 7565551,10162755 7282631,9833008 6869360,9402619 7159409))
32614;POLYGON((8547525 6134737,8830185 6446895,9189794 6148632,8876468 5834778,8547525 6134737))
32615;POLYGON((7717176 5345123,7990802 5586035,8266466 5286246,7969738 5046789,7717176 5345123))
32616;POLYGON((6916930 4733939,7180148 4920710,7392513 4627192,7111826 4443512,6916930 4733939))
32617;POLYGON((6148885 4258803,6401299 4404201,6565700 4120793,6299978 3979154,6148885 4258803))
32618;POLYGON((5412772 3888219,5654686 4001710,5782427 3729755,5530257 3620099,5412772 3888219))
32619;POLYGON((4706671 3598932,4938872 3687490,5038230 3426831,4798000 3341845,4706671 3598932))
32620;POLYGON((4027580 3373879,4251159 3442608,4328158 3192249,4098163 3126649,4027580 3373879))
32621;POLYGON((3371836 3200625,3588067 3253235,3647060 3011752,3425572 2961747,3371836 3200625))
32622;POLYGON((2735425 3070193,2945669 3109351,2989773 2875139,2775090 2838038,2735425 3070193))
32623;POLYGON((2114184 2976221,2319837 3003799,2351240 2775206,2141712 2749135,2114184 2976221))
32624;POLYGON((1503930 2914349,1706385 2931606,1726565 2706992,1520598 2690702,1503930 2914349))
32625;POLYGON((900512 2881819,1101146 2889515,1111018 2667271,907067 2660012,900512 2881819))
32626;POLYGON((299819 2877215,500000 2875683,500000 2654226,296550 2655671,299819 2877215))
32627;POLYGON((-302235 2900341,-101146 2889515,-111018 2667271,-315472 2677484,-302235 2900341))
32628;POLYGON((-909751 2952196,-706385 2931606,-726565 2706992,-933545 2726436,-909751 2952196))
32629;POLYGON((-1526866 3035070,-1319837 3003799,-1351240 2775206,-1562306 2804788,-1526866 3035070))
32630;POLYGON((-2157755 3152751,-1945669 3109351,-1989773 2875139,-2206538 2916298,-2157755 3152751))
32631;POLYGON((-2806598 3310877,-2588067 3253235,-2647060 3011752,-2871194 3066608,-2806598 3310877))
32632;POLYGON((-3477477 3517474,-3251159 3442608,-3328158 3192249,-3561373 3263825,-3477477 3517474))
32633;POLYGON((-4174201 3783710,-3938872 3687490,-4038230 3426831,-4282253 3519366,-4174201 3783710))
32634;POLYGON((-4900033 4124954,-4654686 4001710,-4782427 3729755,-5038943 3849141,-4900033 4124954))
32635;POLYGON((-5657310 4562195,-5401299 4404201,-5565700 4120793,-5836267 4275168,-5657310 4562195))
32636;POLYGON((-6446922 5123920,-6180148 4920710,-6392513 4627192,-6678449 4827724,-6446922 5123920))
32637;POLYGON((-7267650 5848547,-6990802 5586035,-7266466 5286246,-7568695 5548152,-7267650 5848547))
32638;POLYGON((-8115334 6787532,-7830185 6446895,-8189794 6148632,-8508658 6492478,-8115334 6787532))
32639;POLYGON((-8981858 8009274,-8691622 7565551,-9162755 7282631,-9497771 7735971,-8981858 8009274))
32640;POLYGON((-9853926 9603959,-9563696 9024324,-10182862 8779428,-10532439 9378838,-9853926 9603959))
32641;POLYGON((-10711631 11689496,-10428876 10931150,-11243976 10759652,-11605075 11553221,-10711631 11689496))
32642;POLYGON((-11526767 14418714,-11261924 13426334,-12335231 13381365,-12702968 14431711,-11526767 14418714))
32643;POLYGON((-12260902 17987996,-12028049 16690683,-13439783 16849700,-13806972 18237596,-12260902 17987996))
32644;POLYGON((-12863169 22647540,-12680791 20955208,-14533369 21428393,-14889998 23257067,-12863169 22647540))
32645;POLYGON((-13267760 28713458,-13159620 26512584,-15582670 27453434,-15915302 29853637,-13267760 28713458))
32646;POLYGON((-13391124 36581929,-13387231 33730592,-16543448 35349110,-16834561 38485046,-13391124 36581929))
32647;POLYGON((-13128821 46745632,-13266517 43067768,-17358471 45646717,-17585706 49722915,-13128821 46745632))
32648;POLYGON((-12352044 59812707,-12677201 55091491,-17955190 59006212,-18090519 64275459,-12352044 59812707))
32649;POLYGON((-10903767 76528507,-11472116 70498777,-18243159 76241143,-18251978 83013566,-10903767 76528507))
32650;POLYGON((-8594520 97800395,-9473101 90140031,-18111207 98347146,-17951322 107000577,-8594520 97800395))
32651;POLYGON((-5197760 124725883,-6466507 115046037,-17424316 126534379,-17044841 137526088,-5197760 124725883))
32652;POLYGON((-444821 158624403,-2198300 146458486,-16020219 162264225,-15360378 176144171,-444821 158624403))
32653;POLYGON((5980558 201073022,3631281 185864343,-13705691 207290635,-12693510 224716349,5980558 201073022))
32654;POLYGON((14448174 253946411,11373500 235034359,-10252528 263706514,-8803425 285459746,14448174 253946411))
32655;POLYGON((25387761 319461421,21437371 296066076,-5393200 333995534,-3408458 361000799,25387761 319461421))
32656;POLYGON((-28667379 344547560,34296383 371431653,1183843 421089792,2220554 389989791,-28667379 344547560))
32657;POLYGON((-16796962 274259868,-20437371 296066076,6393200 333995534,8187489 308853308,-16796962 274259868))
32658;POLYGON((-7556257 217437197,-10373500 235034359,11252528 263706514,12545752 243491059,-7556257 217437197))
32659;POLYGON((-494044 171737887,-2631281 185864343,14705691 207290635,15591680 191127207,-494044 171737887))
32660;POLYGON((4778717 135178394,3198300 146458486,17020219 162264225,17579189 149414446,4778717 135178394))
