32701;POLYGON((102083965 -388923933,107279846 -422512481,71131341 -409511149,68478514 -377238816,102083965 -388923933))
32702;POLYGON((87973381 -301848081,92441977 -328736816,63456323 -319366397,61080970 -293490721,87973381 -301848081))
32703;POLYGON((75851281 -232420801,79688008 -253812720,56587327 -247226226,54463481 -226604279,75851281 -232420801))
32704;POLYGON((65453429 -177416273,68742814 -194325693,50448380 -189845910,48551983 -173513339,65453429 -177416273))
32705;POLYGON((56546220 -134124504,59362911 -147401872,44969136 -144492477,43277936 -131640090,56546220 -134124504))
32706;POLYGON((48923777 -100282087,51333490 -110636219,40084574 -108876930,38578031 -98829703,48923777 -100282087))
32707;POLYGON((42405243 -74010273,44465642 -82028216,35734711 -81093545,34393902 -73291874,42405243 -74010273))
32708;POLYGON((36832278 -53759829,38593789 -59924523,31864327 -59565730,30671858 -53548743,36832278 -53759829))
32709;POLYGON((32066727 -38262154,33573294 -42968058,28422696 -42997926,27362612 -38388724,32066727 -38262154))
32710;POLYGON((27988474 -26486147,29278258 -30053014,25363329 -30333098,24421030 -26825741,27988474 -26486147))
32711;POLYGON((24493465 -17600360,25599481 -20285288,22643717 -20715348,21805879 -18063452,24493465 -17600360))
32712;POLYGON((21491887 -10939965,22442597 -12947905,20225100 -13457201,19479592 -11464006,21491887 -10939965))
32713;POLYGON((18906508 -5978106,19726353 -7470947,18072222 -8011168,17408034 -6520933,18906508 -5978106))
32714;POLYGON((16671155 -2301214,17381052 -3405597,16153115 -3945170,15560281 -2835777,16671155 -2301214))
32715;POLYGON((14729343 412102,15347124 -401878,14438870 -921451,13908398 -98091,14729343 412102))
32716;POLYGON((13033021 2408968,13573838 1810281,12903431 1321367,12427234 1931543,13033021 2408968))
32717;POLYGON((11541452 3877303,12018136 3437026,11523388 2983449,11094216 3435816,11541452 3877303))
32718;POLYGON((10220203 4958371,10643589 4633919,10277776 4216419,9889150 4552604,10220203 4958371))
32719;POLYGON((9040243 5757116,9419458 5516987,9147879 5133863,8794026 5384810,9040243 5757116))
32720;POLYGON((7977144 6350581,8319866 6171746,8117042 5819923,7792839 6008382,7977144 6350581))
32721;POLYGON((7010371 6794673,7323052 6660489,7170488 6336252,6871394 6478769,7010371 6794673))
32722;POLYGON((6122662 7129516,6410729 7028081,6295136 6727552,6017136 6836043,6122662 7129516))
32723;POLYGON((5299477 7383621,5567503 7306506,5479425 7025928,5218974 7108903,5299477 7383621))
32724;POLYGON((4528523 7577075,4780384 7518360,4713142 7254249,4467106 7317738,4528523 7577075))
32725;POLYGON((3799338 7723927,4038341 7679480,3987252 7428688,3752852 7476933,3799338 7723927))
32726;POLYGON((3102930 7833932,3331929 7800892,3293733 7560601,3068493 7596568,3102930 7833932))
32727;POLYGON((2431461 7913795,2652958 7890207,2625413 7657895,2407101 7683625,2431461 7913795))
32728;POLYGON((1777969 7968022,1994203 7952588,1975803 7725975,1762382 7742835,1777969 7968022))
32729;POLYGON((1136122 7999495,1349149 7991410,1338944 7768395,1128517 7777234,1136122 7999495))
32730;POLYGON((500000 8009814,711760 8008672,709243 7787269,500000 7788518,500000 8009814))
32731;POLYGON((-136122 7999495,76269 8005238,81316 7783514,-128517 7777234,-136122 7999495))
32732;POLYGON((-777969 7968022,-563025 7980938,-550165 7756949,-762382 7742835,-777969 7968022))
32733;POLYGON((-1431461 7913795,-1211956 7934547,-1190638 7706275,-1407101 7683625,-1431461 7913795))
32734;POLYGON((-2102930 7833932,-1876696 7863641,-1845799 7628933,-2068493 7596568,-2102930 7833932))
32735;POLYGON((-2799338 7723927,-2563968 7764306,-2521768 7520808,-2752852 7476933,-2799338 7723927))
32736;POLYGON((-3528523 7577075,-3281292 7630648,-3225241 7375745,-3467106 7317738,-3528523 7577075))
32737;POLYGON((-4299477 7383621,-4037240 7454046,-3963658 7184813,-4218974 7108903,-4299477 7383621))
32738;POLYGON((-5122662 7129516,-4841747 7222049,-4745358 6935223,-5017136 6836043,-5122662 7129516))
32739;POLYGON((-6010371 6794673,-5706453 6916814,-5579752 6608810,-5871394 6478769,-6010371 6794673))
32740;POLYGON((-6977144 6350581,-6645097 6512947,-6477482 6179946,-6792839 6008382,-6977144 6350581))
32741;POLYGON((-8040243 5757116,-7673980 5974607,-7450596 5612744,-7794026 5384810,-8040243 5757116))
32742;POLYGON((-9220203 4958371,-8812478 5251681,-8512722 4857389,-8889150 4552604,-9220203 4958371))
32743;POLYGON((-10541452 3877303,-10083648 4274847,-9679243 3845416,-10094216 3435816,-10541452 3877303))
32744;POLYGON((-12033021 2408968,-11514902 2949311,-10967479 2483713,-11427234 1931543,-12033021 2408968))
32745;POLYGON((-13729343 412102,-13138777 1146962,-12396874 647061,-12908398 -98091,-13729343 412102))
32746;POLYGON((-15671155 -2301214,-14993804 -1303286,-13989187 -1831077,-14560281 -2835777,-15671155 -2301214))
32747;POLYGON((-17906508 -5978106,-17125474 -4627284,-15768688 -5169746,-16408034 -6520933,-17906508 -5978106))
32748;POLYGON((-20491887 -10939965,-19587331 -9119823,-17762360 -9653967,-18479592 -11464006,-20491887 -10939965))
32749;POLYGON((-23493465 -17600360,-22442171 -15161566,-20000108 -15650796,-20805879 -18063452,-23493465 -17600360))
32750;POLYGON((-26988474 -26486147,-25763378 -23239049,-22514971 -23628273,-23421030 -26825741,-26988474 -26486147))
32751;POLYGON((-31066727 -38262154,-29636393 -33968130,-25343347 -34177637,-26362612 -38388724,-31066727 -38262154))
32752;POLYGON((-35832278 -53759829,-34160331 -48121273,-28525221 -48039141,-29671858 -53548743,-35832278 -53759829))
32753;POLYGON((-41405243 -74010273,-39449741 -66659068,-32104400 -66131872,-33393902 -73291874,-41405243 -74010273))
32754;POLYGON((-47923777 -100282087,-45636535 -90766428,-36128758 -89587973,-37578031 -98829703,-47923777 -100282087))
32755;POLYGON((-55546220 -134124504,-52872075 -121893906,-40650489 -119791694,-42277936 -131640090,-55546220 -134124504))
32756;POLYGON((-64453429 -177416273,-61329443 -161804603,-45726371 -158423704,-47551983 -173513339,-64453429 -177416273))
32757;POLYGON((-74851281 -232420801,-71205884 -212627174,-51418034 -207511155,-53463481 -226604279,-74851281 -232420801))
32758;POLYGON((-86973381 -301848081,-82725450 -276915427,-57792242 -269483952,-60080970 -293490721,-86973381 -301848081))
32759;POLYGON((-101083965 -388923933,-96141831 -357715072,-64921185 -347237758,-67478514 -377238816,-101083965 -388923933))
32760;POLYGON((-117481009 -497467145,-111741395 -458638159,-72882776 -444204244,-75736003 -481475849,-117481009 -497467145))
