32701;POLYGON((2457907 -1157765,2497006 -1132817,2481444 -1516255,2432547 -1484285,2457907 -1157765))
32702;POLYGON((2398782 -1194577,2409927 -1188533,2363790 -1417858,2341887 -1382859,2398782 -1194577))
32703;POLYGON((2404667 -1177124,2397072 -1188701,2318405 -1308252,2315154 -1268342,2404667 -1177124))
32704;POLYGON((2451533 -1110202,2432634 -1137662,2321870 -1182799,2330487 -1137051,2451533 -1110202))
32705;POLYGON((2520195 -999644,2495891 -1040955,2355227 -1039495,2370280 -987711,2520195 -999644))
32706;POLYGON((2595636 -851898,2570510 -904866,2403383 -878329,2420603 -820856,2595636 -851898))
32707;POLYGON((2666391 -673684,2643905 -736057,2454562 -700756,2470673 -638325,2666391 -673684))
32708;POLYGON((2723996 -471718,2706670 -541272,2499810 -509247,2512378 -442841,2723996 -471718))
32709;POLYGON((2762490 -252498,2752061 -327101,2532555 -306926,2539848 -237678,2762490 -252498))
32710;POLYGON((2777973 -22150,2775536 -99810,2548208 -97272,2549076 -26382,2777973 -22150))
32711;POLYGON((2768217 213687,2774352 134790,2543813 116105,2537577 187440,2768217 213687))
32712;POLYGON((2732324 449934,2747202 371429,2517733 329649,2504094 400276,2732324 449934))
32713;POLYGON((2670433 682103,2693909 605419,2469385 539980,2448341 608829,2670433 682103))
32714;POLYGON((2583461 906308,2615156 832673,2399004 743985,2370781 810089,2583461 906308))
32715;POLYGON((2472895 1119253,2512262 1049703,2307446 938875,2272436 1001381,2472895 1119253))
32716;POLYGON((2340611 1318196,2386991 1253585,2196018 1122212,2154733 1180386,2340611 1318196))
32717;POLYGON((2188733 1500906,2241398 1441924,2066342 1291910,2019374 1345136,2188733 1500906))
32718;POLYGON((2019518 1665607,2077707 1612800,1920247 1446231,1868234 1494000,2019518 1665607))
32719;POLYGON((1835272 1810922,1898215 1764708,1759677 1583755,1703282 1625660,1835272 1810922))
32720;POLYGON((1638288 1935807,1705225 1896501,1586630 1703349,1526523 1739072,1638288 1935807))
32721;POLYGON((1430808 2039498,1500999 2007327,1403113 1804137,1339957 1833433,1430808 2039498))
32722;POLYGON((1215000 2121451,1287731 2096575,1211108 1885454,1145558 1908146,1215000 2121451))
32723;POLYGON((992954 2181295,1067536 2163821,1012561 1946820,945256 1962780,992954 2181295))
32724;POLYGON((766689 2218794,842457 2208788,809380 1987901,740946 1997048,766689 2218794))
32725;POLYGON((538169 2233813,614473 2231309,603433 2008491,534489 2010781,538169 2233813))
32726;POLYGON((309329 2226302,385526 2231309,396566 2008491,327724 2003913,309329 2226302))
32727;POLYGON((82096 2196286,157542 2208788,190619 1987901,122493 1976476,82096 2196286))
32728;POLYGON((-141577 2143870,-67536 2163821,-12561 1946820,-79352 1928605,-141577 2143870))
32729;POLYGON((-359693 2069253,-287731 2096575,-211108 1885454,-275932 1860545,-359693 2069253))
32730;POLYGON((-570186 1972757,-500999 2007327,-403113 1804137,-465326 1772676,-570186 1972757))
32731;POLYGON((-770914 1854863,-705225 1896501,-586630 1703349,-645575 1665536,-770914 1854863))
32732;POLYGON((-959659 1716257,-898215 1764708,-759677 1583755,-814686 1539855,-959659 1716257))
32733;POLYGON((-1134141 1557883,-1077707 1612800,-920247 1446231,-970651 1396594,-1134141 1557883))
32734;POLYGON((-1292052 1380999,-1241398 1441924,-1066342 1291910,-1111485 1236974,-1292052 1380999))
32735;POLYGON((-1431112 1187243,-1386991 1253585,-1196018 1122212,-1235273 1062519,-1431112 1187243))
32736;POLYGON((-1549141 978687,-1512262 1049703,-1307446 938875,-1340246 875082,-1549141 978687))
32737;POLYGON((-1644166 757897,-1615156 832673,-1399004 743985,-1424871 676865,-1644166 757897))
32738;POLYGON((-1714551 527981,-1693909 605419,-1469385 539980,-1487975 470425,-1714551 527981))
32739;POLYGON((-1759168 292625,-1747202 371429,-1517733 329649,-1528890 258663,-1759168 292625))
32740;POLYGON((-1777594 56115,-1774352 134790,-1543813 116105,-1547631 44788,-1777594 56115))
32741;POLYGON((-1770348 -176663,-1775536 -99810,-1548208 -97272,-1545102 -167749,-1770348 -176663))
32742;POLYGON((-1739182 -400250,-1752061 -327101,-1532555 -306926,-1523349 -375357,-1739182 -400250))
32743;POLYGON((-1687395 -608674,-1706670 -541272,-1499810 -509247,-1485836 -574449,-1687395 -608674))
32744;POLYGON((-1620216 -795545,-1643905 -736057,-1454562 -700756,-1437772 -761634,-1620216 -795545))
32745;POLYGON((-1545222 -954198,-1570510 -904866,-1403383 -878329,-1386477 -933971,-1545222 -954198))
32746;POLYGON((-1472820 -1077888,-1495891 -1040955,-1355227 -1039495,-1341792 -1089282,-1472820 -1077888))
32747;POLYGON((-1416776 -1160042,-1432634 -1137662,-1321870 -1182799,-1316543 -1226548,-1416776 -1160042))
32748;POLYGON((-1394814 -1194578,-1397072 -1188701,-1318405 -1308252,-1327047 -1346380,-1394814 -1194578))
32749;POLYGON((-1429270 -1176304,-1409927 -1188533,-1363790 -1417858,-1393680 -1451584,-1429270 -1176304))
32750;POLYGON((-1547814 -1101389,-1497006 -1132817,-1481444 -1516255,-1541493 -1547835,-1547814 -1101389))
32751;POLYGON((-1784241 -967942,-1689970 -1018945,-1699908 -1611455,-1800892 -1644455,-1784241 -967942))
32752;POLYGON((-2179331 -776681,-2027172 -846684,-2053565 -1715709,-2208373 -1755323,-2179331 -776681))
32753;POLYGON((-2781790 -531717,-2554566 -618919,-2583414 -1846503,-2807328 -1899915,-2781790 -531717))
32754;POLYGON((-3649261 -241461,-3326700 -342519,-3337921 -2027696,-3648912 -2104495,-3649261 -241461))
32755;POLYGON((-4849422 80334,-4407777 -29332,-4373930 -2290817,-4792976 -2403463,-4849422 80334))
32756;POLYGON((5008696 -136846,5407777 -29332,5373930 -2290817,4993433 -2191702,5008696 -136846))
32757;POLYGON((4038376 -439439,4326700 -342519,4337921 -2027696,4058130 -1959926,4038376 -439439))
32758;POLYGON((3354457 -700676,3554566 -618919,3583414 -1846503,3384392 -1798628,3354457 -700676))
32759;POLYGON((2896075 -910487,3027172 -846684,3053565 -1715709,2918272 -1678992,2896075 -910487))
32760;POLYGON((2611664 -1063435,2689970 -1018945,2699908 -1611455,2613892 -1579418,2611664 -1063435))
