32701;POLYGON((-908748 3570342,-1313079 4315729,89367 2809597,341750 2265078,-908748 3570342))
32702;POLYGON((185735 1800656,-159769 2318860,820118 1353205,1045640 977201,185735 1800656))
32703;POLYGON((1111613 611194,820976 951812,1468505 365307,1665616 122220,1111613 611194))
32704;POLYGON((1881079 -128791,1641203 74973,2030861 -254612,2198952 -394305,1881079 -128791))
32705;POLYGON((2506610 -526131,2313318 -426033,2506163 -589731,2645393 -650342,2506610 -526131))
32706;POLYGON((3000738 -667381,2849859 -644144,2895535 -708379,3006676 -709774,3000738 -667381))
32707;POLYGON((3375857 -622025,3263287 -654204,3201797 -666243,3286097 -624516,3375857 -622025))
32708;POLYGON((3644053 -445274,3565806 -515894,3429071 -508304,3488131 -436373,3644053 -445274))
32709;POLYGON((3816968 -180497,3769220 -276282,3582428 -270546,3618096 -178667,3816968 -180497))
32710;POLYGON((3905682 138681,3884808 27974,3667586 18562,3681865 122342,3905682 138681))
32711;POLYGON((3920623 486581,3923225 368730,3690647 336783,3685617 446237,3920623 486581))
32712;POLYGON((3871502 843927,3894425 724729,3657878 666988,3635631 777375,3871502 843927))
32713;POLYGON((3767264 1196555,3807615 1080235,3575522 996213,3538109 1103992,3767264 1196555))
32714;POLYGON((3616063 1534324,3671211 1423875,3449657 1314840,3399045 1417427,3616063 1534324))
32715;POLYGON((3425253 1850209,3492836 1747675,3286076 1615913,3224117 1711477,3425253 1850209))
32716;POLYGON((3201396 2139558,3279314 2046266,3090202 1894556,3018612 1981849,3201396 2139558))
32717;POLYGON((2950290 2399482,3036692 2316231,2867035 2147496,2787378 2225712,2950290 2399482))
32718;POLYGON((2677002 2628368,2770278 2555581,2621114 2372662,2534802 2441320,2677002 2628368))
32719;POLYGON((2385927 2825490,2484683 2763330,2356514 2568862,2264802 2627711,2385927 2825490))
32720;POLYGON((2080840 2990700,2183882 2939168,2076855 2735516,1980852 2784463,2080840 2990700))
32721;POLYGON((1764978 3124193,1871283 3083199,1785330 2872449,1686013 2911496,1764978 3124193))
32722;POLYGON((1441116 3226331,1549804 3195744,1484750 2979726,1382983 3008924,1441116 3226331))
32723;POLYGON((1111654 3297504,1221961 3277198,1177605 3057523,1074157 3076939,1111654 3297504))
32724;POLYGON((778711 3338046,889956 3327920,866129 3106036,761700 3115728,778711 3338046))
32725;POLYGON((444223 3348167,555776 3348167,552375 3125416,447624 3125416,444223 3348167))
32726;POLYGON((110043 3327920,221288 3338046,238299 3115728,133870 3106036,110043 3327920))
32727;POLYGON((-221961 3277198,-111654 3297504,-74157 3076939,-177605 3057523,-221961 3277198))
32728;POLYGON((-549804 3195744,-441116 3226331,-382983 3008924,-484750 2979726,-549804 3195744))
32729;POLYGON((-871283 3083199,-764978 3124193,-686013 2911496,-785330 2872449,-871283 3083199))
32730;POLYGON((-1183882 2939168,-1080840 2990700,-980852 2784463,-1076855 2735516,-1183882 2939168))
32731;POLYGON((-1484683 2763330,-1385927 2825490,-1264802 2627711,-1356514 2568862,-1484683 2763330))
32732;POLYGON((-1770278 2555581,-1677002 2628368,-1534802 2441320,-1621114 2372662,-1770278 2555581))
32733;POLYGON((-2036692 2316231,-1950290 2399482,-1787378 2225712,-1867035 2147496,-2036692 2316231))
32734;POLYGON((-2279314 2046266,-2201396 2139558,-2018612 1981849,-2090202 1894556,-2279314 2046266))
32735;POLYGON((-2492836 1747675,-2425253 1850209,-2224117 1711477,-2286076 1615913,-2492836 1747675))
32736;POLYGON((-2671211 1423875,-2616063 1534324,-2399045 1417427,-2449657 1314840,-2671211 1423875))
32737;POLYGON((-2807615 1080235,-2767264 1196555,-2538109 1103992,-2575522 996213,-2807615 1080235))
32738;POLYGON((-2894425 724729,-2871502 843927,-2635631 777375,-2657878 666988,-2894425 724729))
32739;POLYGON((-2923225 368730,-2920623 486581,-2685617 446237,-2690647 336783,-2923225 368730))
32740;POLYGON((-2884808 27974,-2905682 138681,-2681865 122342,-2667586 18562,-2884808 27974))
32741;POLYGON((-2769220 -276282,-2816968 -180497,-2618096 -178667,-2582428 -270546,-2769220 -276282))
32742;POLYGON((-2565806 -515894,-2644053 -445274,-2488131 -436373,-2429071 -508304,-2565806 -515894))
32743;POLYGON((-2263287 -654204,-2375857 -622025,-2286097 -624516,-2201797 -666243,-2263287 -654204))
32744;POLYGON((-1849859 -644144,-2000738 -667381,-2006676 -709774,-1895535 -708379,-1849859 -644144))
32745;POLYGON((-1313318 -426033,-1506610 -526131,-1645393 -650342,-1506163 -589731,-1313318 -426033))
32746;POLYGON((-641203 74973,-881079 -128791,-1198952 -394305,-1030861 -254612,-641203 74973))
32747;POLYGON((179023 951812,-111613 611194,-665616 122220,-468505 365307,179023 951812))
32748;POLYGON((1159769 2318860,814264 1800656,-45640 977201,179881 1353205,1159769 2318860))
32749;POLYGON((2313079 4315729,1908748 3570342,658249 2265078,910632 2809597,2313079 4315729))
32750;POLYGON((3650368 7111577,3183494 6079052,1440314 4099462,1716876 4855140,3650368 7111577))
32751;POLYGON((5182117 10909946,4649329 9518293,2291212 6616160,2587927 7633770,5182117 10909946))
32752;POLYGON((6917541 15954199,6315930 14117510,3197344 9976554,3508609 11316217,6917541 15954199))
32753;POLYGON((8864215 22533583,8191463 20149942,4140135 14371376,4458522 16103899,8864215 22533583))
32754;POLYGON((11027666 30989990,10282185 27939138,5095258 20024886,5411235 22233260,11027666 30989990))
32755;POLYGON((-11592013 37866198,12592013 37866198,6031787 27199504,-5031787 27199504,-11592013 37866198))
32756;POLYGON((-9282185 27939138,-10027666 30989990,-4411235 22233260,-4095258 20024886,-9282185 27939138))
32757;POLYGON((-7191463 20149942,-7864215 22533583,-3458522 16103899,-3140135 14371376,-7191463 20149942))
32758;POLYGON((-5315930 14117510,-5917541 15954199,-2508609 11316217,-2197344 9976554,-5315930 14117510))
32759;POLYGON((-3649329 9518293,-4182117 10909946,-1587927 7633770,-1291212 6616160,-3649329 9518293))
32760;POLYGON((-2183494 6079052,-2650368 7111577,-716876 4855140,-440314 4099462,-2183494 6079052))
