32601;POLYGON((-4522002 60477450,-6537755 64906938,-593948 75489187,1000623 69965906,-4522002 60477450))
32602;POLYGON((450337 48940869,-1040529 52513347,3720982 60098748,4868781 55702417,450337 48940869))
32603;POLYGON((4060057 39656750,2990055 42528409,6790080 47864696,7582043 44379790,4060057 39656750))
32604;POLYGON((6585021 32209086,5848715 34510271,8870753 38178983,9382858 35427192,6585021 32209086))
32605;POLYGON((8256841 26251877,7781783 28090802,10177478 30539512,10472651 28374203,8256841 26251877))
32606;POLYGON((9266883 21498877,8993409 22964900,10887350 24534191,11017201 22835526,9266883 21498877))
32607;POLYGON((9771729 17714566,9651194 18881067,11145128 19826923,11151528 18497595,9771729 17714566))
32608;POLYGON((9898107 14706251,9891301 15633147,11067808 16145377,10984310 15106903,9898107 14706251))
32609;POLYGON((9747342 12317186,9823059 13053118,10748735 13270376,10601848 12459885,9747342 12317186))
32610;POLYGON((9399315 10420607,9533083 11004830,10261291 11026733,10071617 10394215,9399315 10420607))
32611;POLYGON((8916002 8914606,9088953 9378613,9662172 9275408,9445412 8781363,8916002 8914606))
32612;POLYGON((8344581 7717743,8542456 8086650,8994283 7906829,8762122 7520280,8344581 7717743))
32613;POLYGON((7720158 6765320,7932444 7059038,8289276 6835255,8050154 6532077,7720158 6765320))
32614;POLYGON((7068123 6006243,7287305 6240462,7569752 5994057,7329528 5755590,7068123 6006243))
32615;POLYGON((6406178 5400391,6627098 5587409,6851154 5331807,6613670 5143714,6406178 5400391))
32616;POLYGON((5746050 4916445,5965368 5065843,6143372 4809066,5910929 4660398,5746050 4916445))
32617;POLYGON((5094918 4530101,5310669 4649295,5452082 4395774,5225832 4278219,5094918 4530101))
32618;POLYGON((4456589 4222611,4667817 4317311,4779851 4069153,4560118 3976440,4456589 4222611))
32619;POLYGON((3832443 3979621,4038907 4054185,4127022 3812054,3913554 3739482,3832443 3979621))
32620;POLYGON((3222170 3790245,3424124 3847965,3492417 3611652,3284575 3555731,3222170 3790245))
32621;POLYGON((2624334 3646337,2822353 3689662,2873855 3458461,2670762 3416631,2624334 3646337))
32622;POLYGON((2036785 3541943,2231645 3572641,2268546 3345573,2069186 3316008,2036785 3541943))
32623;POLYGON((1456947 3472886,1649540 3492173,1673355 3268119,1476637 3249575,1456947 3472886))
32624;POLYGON((882010 3436476,1073291 3445097,1084969 3222869,889768 3214588,882010 3436476))
32625;POLYGON((309049 3431318,500000 3429601,500000 3207985,305179 3209634,309049 3431318))
32626;POLYGON((-264900 3457217,-73291 3445097,-84969 3222869,-280550 3234514,-264900 3457217))
32627;POLYGON((-842784 3515159,-649540 3492173,-673355 3268119,-870830 3290230,-842784 3515159))
32628;POLYGON((-1427462 3607388,-1231645 3572641,-1268546 3345573,-1469032 3379062,-1427462 3607388))
32629;POLYGON((-2021604 3737558,-1822353 3689662,-1873855 3458461,-2078422 3504752,-2021604 3737558))
32630;POLYGON((-2627530 3910991,-2424124 3847965,-2492417 3611652,-2702046 3672798,-2627530 3910991))
32631;POLYGON((-3246951 4135049,-3038907 4054185,-3127022 3812054,-3342524 3890898,-3246951 4135049))
32632;POLYGON((-3880609 4419632,-3667817 4317311,-3779851 4069153,-4001751 4169555,-3880609 4419632))
32633;POLYGON((-4527759 4777847,-4310669 4649295,-4452082 4395774,-4680468 4522913,-4527759 4777847))
32634;POLYGON((-5185498 5226860,-4965368 5065843,-5143372 4809066,-5377674 4969836,-5185498 5226860))
32635;POLYGON((-5847889 5788976,-5627098 5587409,-5851154 5331807,-6089875 5535324,-5847889 5788976))
32636;POLYGON((-6504866 6492996,-6287305 6240462,-6569752 5994057,-6810124 6252308,-6504866 6492996))
32637;POLYGON((-7140896 7375885,-6932444 7059038,-7289276 6835255,-7526843 7163906,-7140896 7375885))
32638;POLYGON((-7733360 8484810,-7542456 8086650,-7994283 7906829,-8222394 8326223,-7733360 8484810))
32639;POLYGON((-8250636 9879613,-8088953 9378613,-8662172 9275408,-8871384 9811785,-8250636 9879613))
32640;POLYGON((-8649853 11635771,-8533083 11004830,-9261291 11026733,-9438671 11713711,-8649853 11635771))
32641;POLYGON((-8874296 13847915,-8823059 13053118,-9748735 13270376,-9877051 14150721,-8874296 13847915))
32642;POLYGON((-8850420 16633991,-8891301 15633147,-10067808 16145377,-10124608 17273107,-8850420 16633991))
32643;POLYGON((-8484470 20140134,-8651194 18881067,-10145128 19826923,-10101688 21269784,-8484470 20140134))
32644;POLYGON((-7658654 24546337,-7993409 22964900,-9887350 24534191,-9707494 26376562,-7658654 24546337))
32645;POLYGON((-6226865 30073017,-6781783 28090802,-9177478 30539512,-8816254 32885770,-6226865 30073017))
32646;POLYGON((-4009911 36988568,-4848715 34510271,-7870753 38178983,-7272961 41157395,-4009911 36988568))
32647;POLYGON((-790236 45617995,-1990055 42528409,-5790080 47864696,-4888644 51631882,-790236 45617995))
32648;POLYGON((3693903 56352749,2040529 52513347,-2720982 60098748,-1435159 64844770,3693903 56352749))
32649;POLYGON((9754829 69661866,7537755 64906938,1593948 75489187,3360535 81443335,9754829 69661866))
32650;POLYGON((17762419 86104529,14851501 80236827,7461127 94768103,9822636 102205428,17762419 86104529))
32651;POLYGON((28151711 106344177,24394200 99130032,15242604 118812034,18333309 128060698,28151711 106344177))
32652;POLYGON((41431147 131164289,36648871 122328157,25363262 148664881,29340083 160114395,41431147 131164289))
32653;POLYGON((58191501 161485977,52177807 150704363,38318613 185563558,43363854 199673970,58191501 161485977))
32654;POLYGON((79115489 198387518,71631966 185282243,54683219 230966575,61007516 248278688,79115489 198387518))
32655;POLYGON((-86147929 212361898,95761066 227256737,75119759 286585779,-66810321 266793781,-86147929 212361898))
32656;POLYGON((-63666979 172997216,-70631966 185282243,-53683219 230966575,-47810555 214787223,-63666979 172997216))
32657;POLYGON((-45599437 140610416,-51177807 150704363,-37318613 185563558,-32651453 172395991,-45599437 140610416))
32658;POLYGON((-31229672 114066131,-35648871 122328157,-24363262 148664881,-20700756 137996416,-31229672 114066131))
32659;POLYGON((-19937368 92393131,-23394200 99130032,-14242604 118812034,-11411227 110207219,-19937368 92393131))
32660;POLYGON((-11187664 74764108,-13851501 80236827,-6461127 94768103,-4311801 87858850,-11187664 74764108))
