32601;POLYGON((655632 10159735,649981 10165209,812393 10341852,822290 10329727,655632 10159735))
32602;POLYGON((671445 10142264,666371 10148257,841372 10304811,850506 10292014,671445 10142264))
32603;POLYGON((685411 10123338,680971 10129799,867847 10265740,876011 10252269,685411 10123338))
32604;POLYGON((697374 10103126,693618 10109995,891227 10224678,898244 10210573,697374 10103126))
32605;POLYGON((707198 10081824,704169 10089033,911013 10181785,916736 10167123,707198 10081824))
32606;POLYGON((714769 10059644,712502 10067121,926796 10137321,931109 10122207,714769 10059644))
32607;POLYGON((720001 10036817,718521 10044483,938255 10091624,941070 10076184,720001 10036817))
32608;POLYGON((722831 10013581,722157 10021357,945152 10045090,946408 10029469,722831 10013581))
32609;POLYGON((723226 9990186,723366 9997987,947330 9998162,946990 9982512,723226 9990186))
32610;POLYGON((721178 9966884,722131 9974626,944704 9951309,942758 9935792,721178 9966884))
32611;POLYGON((716709 9943928,718465 9951526,937264 9905017,933722 9889797,716709 9943928))
32612;POLYGON((709866 9921567,712407 9928939,925065 9859780,919961 9845019,709866 9921567))
32613;POLYGON((700725 9900046,704022 9907111,908227 9816083,901612 9801942,700725 9900046))
32614;POLYGON((689384 9879600,693401 9886282,886926 9774401,878872 9761034,689384 9879600))
32615;POLYGON((675969 9860454,680663 9866679,861393 9735187,851989 9722740,675969 9860454))
32616;POLYGON((660628 9842816,665946 9848516,831910 9698870,821259 9687476,660628 9842816))
32617;POLYGON((643527 9826880,649412 9831992,798801 9665842,787022 9655627,643527 9826880))
32618;POLYGON((624856 9812819,631242 9817287,762433 9636463,749653 9627537,624856 9812819))
32619;POLYGON((604820 9800787,611637 9804563,723204 9611049,709565 9603508,604820 9800787))
32620;POLYGON((583636 9790915,590811 9793958,681545 9589875,667197 9583799,583636 9790915))
32621;POLYGON((561538 9783310,568991 9785587,637913 9573166,623012 9568622,561538 9783310))
32622;POLYGON((538767 9778056,546417 9779543,592782 9561103,577490 9558138,538767 9778056))
32623;POLYGON((515573 9775210,523336 9775889,546644 9553813,531127 9552459,515573 9775210))
32624;POLYGON((492208 9774803,500000 9774667,500000 9551375,484426 9551646,492208 9774803))
32625;POLYGON((468929 9776838,476663 9775889,453355 9553813,437895 9555707,468929 9776838))
32626;POLYGON((445989 9781295,453582 9779543,407217 9561103,392037 9564599,445989 9781295))
32627;POLYGON((423639 9788123,431008 9785587,362086 9573166,347352 9578228,423639 9788123))
32628;POLYGON((402124 9797250,409188 9793958,318454 9589875,304325 9596447,402124 9797250))
32629;POLYGON((381680 9808576,388362 9804563,276795 9611049,263427 9619062,381680 9808576))
32630;POLYGON((362530 9821976,368757 9817287,237566 9636463,225105 9645830,362530 9821976))
32631;POLYGON((344885 9837306,350587 9831992,201198 9665842,189780 9676463,344885 9837306))
32632;POLYGON((328937 9854397,334053 9848516,168089 9698870,157842 9710629,328937 9854397))
32633;POLYGON((314863 9873063,319336 9866679,138606 9735187,129641 9747957,314863 9873063))
32634;POLYGON((302816 9893100,306598 9886282,113073 9774401,105490 9788042,302816 9893100))
32635;POLYGON((292929 9914288,295977 9907111,91772 9816083,85654 9830448,292929 9914288))
32636;POLYGON((285310 9936396,287592 9928939,74934 9859780,70345 9874712,285310 9936396))
32637;POLYGON((280043 9959181,281534 9951526,62735 9905017,59722 9920355,280043 9959181))
32638;POLYGON((277185 9982396,277868 9974626,55295 9951309,53884 9966888,277185 9982396))
32639;POLYGON((276765 10005788,276633 9997987,52669 9998162,52864 10013820,276765 10005788))
32640;POLYGON((278786 10029105,277842 10021357,54847 10045090,56628 10060668,278786 10029105))
32641;POLYGON((283222 10052096,281478 10044483,61744 10091624,65067 10106970,283222 10052096))
32642;POLYGON((290022 10074517,287497 10067121,73203 10137321,77998 10152298,290022 10074517))
32643;POLYGON((299106 10096137,295830 10089033,88986 10181785,95155 10196272,299106 10096137))
32644;POLYGON((310370 10116734,306381 10109995,108772 10224678,116189 10238579,310370 10116734))
32645;POLYGON((323685 10136109,319028 10129799,132152 10265740,140660 10278990,323685 10136109))
32646;POLYGON((338901 10154082,333628 10148257,158627 10304811,168041 10317382,338901 10154082))
32647;POLYGON((355848 10170500,350018 10165209,187606 10341852,197706 10353762,355848 10170500))
32648;POLYGON((374338 10185239,368015 10180519,218399 10376971,228932 10388293,374338 10185239))
32649;POLYGON((394173 10198210,387424 10194086,250216 10410452,260898 10421327,394173 10198210))
32650;POLYGON((415143 10209361,408040 10205847,282165 10442787,292675 10453430,415143 10209361))
32651;POLYGON((437035 10218683,429648 10215778,313249 10474710,323231 10485426,437035 10218683))
32652;POLYGON((459639 10226213,452038 10223898,342364 10507236,351424 10518433,459639 10226213))
32653;POLYGON((482749 10232037,475001 10230278,368293 10541702,376002 10553905,482749 10232037))
32654;POLYGON((509468 10233622,498341 10235039,389710 10579815,616840 10566583,509468 10233622))
32655;POLYGON((532703 10228338,524998 10230278,631706 10541702,639916 10529900,532703 10228338))
32656;POLYGON((555498 10221389,547961 10223898,657635 10507236,667049 10496252,555498 10221389))
32657;POLYGON((577651 10212671,570351 10215778,686750 10474710,696949 10464058,577651 10212671))
32658;POLYGON((598952 10202130,591959 10205847,717834 10442787,728439 10432096,598952 10202130))
32659;POLYGON((619189 10189762,612575 10194086,749783 10410452,760450 10399448,619189 10189762))
32660;POLYGON((638150 10175605,631984 10180519,781600 10376971,792019 10365464,638150 10175605))
