32601;POLYGON((1261814 9350861,1045640 9022798,185735 8199343,512501 8653308,1261814 9350861))
32602;POLYGON((1853080 10083396,1665616 9877779,1111613 9388805,1384868 9679678,1853080 10083396))
32603;POLYGON((2357372 10505171,2198952 10394305,1881079 10128791,2104963 10294651,2357372 10505171))
32604;POLYGON((2775149 10689207,2645393 10650342,2506610 10526131,2685303 10597915,2775149 10689207))
32605;POLYGON((3108712 10695176,3006676 10709774,3000738 10667381,3138397 10670001,3108712 10695176))
32606;POLYGON((3361792 10571428,3286097 10624516,3375857 10622025,3476551 10575344,3361792 10571428))
32607;POLYGON((3539179 10356771,3488131 10436373,3644053 10445274,3711719 10364954,3539179 10356771))
32608;POLYGON((3646406 10082024,3618096 10178667,3816968 10180497,3855366 10078733,3646406 10082024))
32609;POLYGON((3689474 9771373,3681865 9877657,3905682 9861318,3918364 9747472,3689474 9771373))
32610;POLYGON((3674617 9443535,3685617 9553762,3920623 9513418,3910910 9394559,3674617 9443535))
32611;POLYGON((3608104 9112764,3635631 9222624,3871502 9156072,3842461 9037431,3608104 9112764))
32612;POLYGON((3496082 8789713,3538109 8896007,3767264 8803444,3721703 8688800,3496082 8789713))
32613;POLYGON((3344451 8482155,3399045 8582572,3616063 8465675,3556521 8357676,3344451 8482155))
32614;POLYGON((3158764 8195602,3224117 8288522,3425253 8149790,3354004 8050218,3158764 8195602))
32615;POLYGON((2944167 7933812,3018612 8018150,3201396 7860441,3120457 7770429,2944167 7933812))
32616;POLYGON((2705355 7699218,2787378 7774287,2950290 7600517,2861428 7520722,2705355 7699218))
32617;POLYGON((2446557 7493273,2534802 7558679,2677002 7371631,2581755 7302377,2446557 7493273))
32618;POLYGON((2171543 7316735,2264802 7372288,2385927 7174509,2285618 7115898,2171543 7316735))
32619;POLYGON((1883642 7169893,1980852 7215536,2080840 7009299,1976604 6961293,1883642 7169893))
32620;POLYGON((1585790 7052747,1686013 7088503,1764978 6875806,1657788 6838296,1585790 7052747))
32621;POLYGON((1280574 6965145,1382983 6991075,1441116 6773668,1331808 6746522,1280574 6965145))
32622;POLYGON((970306 6906891,1074157 6923060,1111654 6702495,1000961 6685590,970306 6906891))
32623;POLYGON((657091 6877812,761700 6884271,778711 6661953,667294 6655205,657091 6877812))
32624;POLYGON((342908 6877812,447624 6874583,444223 6651832,332705 6655205,342908 6877812))
32625;POLYGON((29693 6906891,133870 6893963,110043 6672079,-961 6685590,29693 6906891))
32626;POLYGON((-280574 6965145,-177605 6942476,-221961 6722801,-331808 6746522,-280574 6965145))
32627;POLYGON((-585790 7052747,-484750 7020273,-549804 6804255,-657788 6838296,-585790 7052747))
32628;POLYGON((-883642 7169893,-785330 7127550,-871283 6916800,-976604 6961293,-883642 7169893))
32629;POLYGON((-1171543 7316735,-1076855 7264483,-1183882 7060831,-1285618 7115898,-1171543 7316735))
32630;POLYGON((-1446557 7493273,-1356514 7431137,-1484683 7236669,-1581755 7302377,-1446557 7493273))
32631;POLYGON((-1705355 7699218,-1621114 7627337,-1770278 7444418,-1861428 7520722,-1705355 7699218))
32632;POLYGON((-1944167 7933812,-1867035 7852503,-2036692 7683768,-2120457 7770429,-1944167 7933812))
32633;POLYGON((-2158764 8195602,-2090202 8105443,-2279314 7953733,-2354004 8050218,-2158764 8195602))
32634;POLYGON((-2344451 8482155,-2286076 8384086,-2492836 8252324,-2556521 8357676,-2344451 8482155))
32635;POLYGON((-2496082 8789713,-2449657 8685159,-2671211 8576124,-2721703 8688800,-2496082 8789713))
32636;POLYGON((-2608104 9112764,-2575522 9003786,-2807615 8919764,-2842461 9037431,-2608104 9112764))
32637;POLYGON((-2674617 9443535,-2657878 9333011,-2894425 9275270,-2910910 9394559,-2674617 9443535))
32638;POLYGON((-2689474 9771373,-2690647 9663216,-2923225 9631269,-2918364 9747472,-2689474 9771373))
32639;POLYGON((-2646406 10082024,-2667586 9981437,-2884808 9972025,-2855366 10078733,-2646406 10082024))
32640;POLYGON((-2539179 10356771,-2582428 10270546,-2769220 10276282,-2711719 10364954,-2539179 10356771))
32641;POLYGON((-2361792 10571428,-2429071 10508304,-2565806 10515894,-2476551 10575344,-2361792 10571428))
32642;POLYGON((-2108712 10695176,-2201797 10666243,-2263287 10654204,-2138397 10670001,-2108712 10695176))
32643;POLYGON((-1775149 10689207,-1895535 10708379,-1849859 10644144,-1685303 10597915,-1775149 10689207))
32644;POLYGON((-1357372 10505171,-1506163 10589731,-1313318 10426033,-1104963 10294651,-1357372 10505171))
32645;POLYGON((-853080 10083396,-1030861 10254612,-641203 9925026,-384868 9679678,-853080 10083396))
32646;POLYGON((-261814 9350861,-468505 9634692,179023 9048187,487498 8653308,-261814 9350861))
32647;POLYGON((414581 8218900,179881 8646794,1159769 7681139,1524452 7093198,414581 8218900))
32648;POLYGON((1171435 6580612,910632 7190402,2313079 5684270,2737860 4850390,1171435 6580612))
32649;POLYGON((2000676 4307947,1716876 5144859,3650368 2888422,4138860 1744833,2000676 4307947))
32650;POLYGON((2890199 1248446,2587927 2366229,5182117 -909946,5737550 -2439654,2890199 1248446))
32651;POLYGON((3823172 -2778395,3508609 -1316217,6917541 -5954199,7542641 -7961025,3823172 -2778395))
32652;POLYGON((4777277 -7985169,4458522 -6103899,8864215 -12533583,9561073 -15125287,4777277 -7985169))
32653;POLYGON((5723885 -14621033,5411235 -12233260,11027666 -20989990,11797594 -24293508,5723885 -14621033))
32654;POLYGON((-4723885 -14621033,-5031787 -17199504,-11592013 -27866198,-10797594 -24293508,-4723885 -14621033))
32655;POLYGON((-3777277 -7985169,-4095258 -10024886,-9282185 -17939138,-8561073 -15125287,-3777277 -7985169))
32656;POLYGON((-2823172 -2778395,-3140135 -4371376,-7191463 -10149942,-6542641 -7961025,-2823172 -2778395))
32657;POLYGON((-1890199 1248446,-2197344 23445,-5315930 -4117510,-4737550 -2439654,-1890199 1248446))
32658;POLYGON((-1000676 4307947,-1291212 3383839,-3649329 481706,-3138860 1744833,-1000676 4307947))
32659;POLYGON((-171435 6580612,-440314 5900537,-2183494 3920947,-1737860 4850390,-171435 6580612))
32660;POLYGON((585418 8218900,341750 7734921,-908748 6429657,-524452 7093198,585418 8218900))
