32601;POLYGON((-962087 7673815,-1500831 7027408,-2846086 6452236,-2138540 7211438,-962087 7673815))
32602;POLYGON((445593 9144049,9548 8725345,-871418 8444941,-306793 8935632,445593 9144049))
32603;POLYGON((1572383 10043988,1225599 9797890,696399 9701662,1139387 9990160,1572383 10043988))
32604;POLYGON((2455727 10516849,2186187 10399087,1918469 10407494,2258416 10546785,2455727 10516849))
32605;POLYGON((3129045 10676949,2926035 10652316,2848104 10709822,3101192 10741779,3129045 10676949))
32606;POLYGON((3622053 10614546,3476060 10655358,3531641 10724679,3711896 10681987,3622053 10614546))
32607;POLYGON((3961080 10400032,3863685 10484798,4009183 10542256,4128707 10450077,3961080 10400032))
32608;POLYGON((4169354 10087545,4113142 10199824,4315286 10231644,4384474 10109038,4169354 10087545))
32609;POLYGON((4267279 9718056,4245747 9845483,4479582 9844890,4507320 9706029,4267279 9718056))
32610;POLYGON((4272686 9321996,4280161 9455455,4527355 9420429,4521195 9275612,4272686 9321996))
32611;POLYGON((4201080 8921457,4232638 9054389,4480058 8985970,4446382 8842479,4201080 8921457))
32612;POLYGON((4065858 8532030,4117254 8659862,4355787 8560899,4299956 8423699,4065858 8532030))
32613;POLYGON((3878525 8164324,3946121 8283991,4169707 8158253,4096193 8030565,3878525 8164324))
32614;POLYGON((3648891 7825202,3729595 7934766,3934440 7786326,3846947 7670091,3648891 7825202))
32615;POLYGON((3385259 7518777,3476458 7617120,3660412 7449956,3561981 7346204,3385259 7518777))
32616;POLYGON((3094599 7247207,3194108 7333785,3356165 7151549,3249274 7060682,3094599 7247207))
32617;POLYGON((2782716 7011313,2888720 7085969,3028637 6891865,2915287 6813882,2782716 7011313))
32618;POLYGON((2454408 6811060,2565410 6873877,2683415 6670627,2565209 6605285,2454408 6811060))
32619;POLYGON((2113614 6645914,2228387 6697106,2324964 6486969,2203175 6433909,2113614 6645914))
32620;POLYGON((1763558 6515113,1881098 6554948,1956825 6339768,1832462 6298602,1763558 6515113))
32621;POLYGON((1406889 6417861,1526369 6446597,1581807 6227877,1455673 6198246,1406889 6417861))
32622;POLYGON((1045809 6353456,1166537 6371311,1202154 6150287,1074899 6131905,1045809 6353456))
32623;POLYGON((682209 6321388,803582 6328506,819703 6106230,691875 6098907,682209 6321388))
32624;POLYGON((317790 6321388,439253 6317830,436032 6095248,308124 6098907,317790 6321388))
32625;POLYGON((-45809 6353456,75196 6339192,52602 6117225,-74899 6131905,-45809 6353456))
32626;POLYGON((-406889 6417861,-286920 6392772,-329100 6172392,-455673 6198246,-406889 6417861))
32627;POLYGON((-763558 6515113,-645286 6479006,-707429 6261317,-832462 6298602,-763558 6515113))
32628;POLYGON((-1113614 6645914,-997816 6598538,-1080427 6384857,-1203175 6433909,-1113614 6645914))
32629;POLYGON((-1454408 6811060,-1342025 6752145,-1445682 6544080,-1565209 6605285,-1454408 6811060))
32630;POLYGON((-1782716 7011313,-1674894 6940621,-1800159 6740147,-1915287 6813882,-1782716 7011313))
32631;POLYGON((-2094599 7247207,-1992740 7164599,-2140029 6974125,-2249274 7060682,-2094599 7247207))
32632;POLYGON((-2385259 7518777,-2291066 7424318,-2460480 7246727,-2561981 7346204,-2385259 7518777))
32633;POLYGON((-2648891 7825202,-2564422 7719287,-2755499 7557940,-2846947 7670091,-2648891 7825202))
32634;POLYGON((-2878525 8164324,-2806241 8047856,-3017642 7906531,-3096193 8030565,-2878525 8164324))
32635;POLYGON((-3065858 8532030,-3008687 8406643,-3237774 8289383,-3299956 8423699,-3065858 8532030))
32636;POLYGON((-3201080 8921457,-3162469 8789800,-3404771 8700630,-3446382 8842479,-3201080 8921457))
32637;POLYGON((-3272686 9321996,-3256672 9188093,-3505206 9130556,-3521195 9275612,-3272686 9321996))
32638;POLYGON((-3267279 9718056,-3278549 9587745,-3522980 9564203,-3507320 9706029,-3267279 9718056))
32639;POLYGON((-3169354 10087545,-3213325 9969018,-3438929 9979650,-3384474 10109038,-3169354 10087545))
32640;POLYGON((-2961080 10400032,-3043969 10304489,-3230376 10345902,-3128707 10450077,-2961080 10400032))
32641;POLYGON((-2622053 10614546,-2750963 10556967,-2870650 10620332,-2711896 10681987,-2622053 10614546))
32642;POLYGON((-2129045 10676949,-2312048 10677023,-2328544 10745624,-2101192 10741779,-2129045 10676949))
32643;POLYGON((-1455727 10516849,-1701962 10600058,-1567723 10646136,-1258416 10546785,-1455727 10516849))
32644;POLYGON((-572383 10043988,-892150 10242871,-546087 10223626,-139387 9990160,-572383 10043988))
32645;POLYGON((554406 9144049,149535 9499670,784940 9352263,1306793 8935632,554406 9144049))
32646;POLYGON((1962087 7673815,1459162 8237452,2481177 7872844,3138540 7211438,1962087 7673815))
32647;POLYGON((3692488 5455625,3077057 6290698,4606511 5586129,5422626 4603352,3692488 5455625))
32648;POLYGON((5792188 2271049,5048172 3455322,7233801 2245223,8235116 846719,5792188 2271049))
32649;POLYGON((8312919 -2146282,7422477 -518212,10445853 -2453098,11662358 -4382587,8312919 -2146282))
32650;POLYGON((11311978 -8118777,10255364 -5932674,14336462 -8878224,15802056 -11478404,11311978 -8118777))
32651;POLYGON((14852678 -16033971,13608093 -13152815,19011540 -17476768,20764426 -20915779,14852678 -16033971))
32652;POLYGON((19004819 -26354717,17548244 -22615180,24590322 -28785000,26673427 -33263876,19004819 -26354717))
32653;POLYGON((23845183 -39630523,22150217 -34839056,31206660 -43442723,33668085 -49200363,23845183 -39630523))
32654;POLYGON((-22845183 -39630523,-24625919 -44821486,-35267268 -55444677,-32668085 -49200363,-22845183 -39630523))
32655;POLYGON((-18004819 -26354717,-19537802 -30421778,-27877025 -38140439,-25673427 -33263876,-18004819 -26354717))
32656;POLYGON((-13852678 -16033971,-15165144 -19181699,-21622369 -24677312,-19764426 -20915779,-13852678 -16033971))
32657;POLYGON((-10311978 -8118777,-11428720 -10520116,-16358945 -14337983,-14802056 -11478404,-10311978 -8118777))
32658;POLYGON((-7312919 -2146282,-8256459 -3946613,-11957921 -6518799,-10662358 -4382587,-7312919 -2146282))
32659;POLYGON((-4792188 2271049,-5582940 950263,-8304644 -714842,-7235116 846719,-4792188 2271049))
32660;POLYGON((-2692488 5455625,-3348910 4513570,-5297369 3493447,-4422626 4603352,-2692488 5455625))
