32701;POLYGON((-3332279 -22610919,-4992856 -24428626,-6882797 -18496037,-5135822 -17300366,-3332279 -22610919))
32702;POLYGON((743754 -17725354,-474875 -19263785,-2114221 -15034157,-817743 -13963131,743754 -17725354))
32703;POLYGON((3677310 -13600119,2810744 -14897524,1396593 -11943149,2332735 -10993055,3677310 -13600119))
32704;POLYGON((5707315 -10129180,5118058 -11219489,3904660 -9209204,4555617 -8373856,5707315 -10129180))
32705;POLYGON((7031374 -7218770,6657789 -8131939,5621975 -6811925,6049861 -6083456,7031374 -7218770))
32706;POLYGON((7811406 -4786395,7603159 -5548730,6723263 -4726558,6978950 -4096078,7811406 -4786395))
32707;POLYGON((8178733 -2759858,8095158 -3394338,7351171 -2925826,7475903 -2383945,8178733 -2759858))
32708;POLYGON((8238657 -1076341,8247283 -1602919,7620947 -1381399,7647790 -918646,8238657 -1076341))
32709;POLYGON((8074536 318488,8149782 -117408,7624628 -65044,7579758 327810,8074536 318488))
32710;POLYGON((7751408 1471324,7873425 1111342,7434763 1050497,7338613 1382209,7751408 1471324))
32711;POLYGON((7319173 2422015,7472831 2125377,7107702 1990876,6975965 2269556,7319173 2422015))
32712;POLYGON((6815379 3204327,6989377 2960409,6686480 2779699,6530987 3012712,6815379 3204327))
32713;POLYGON((6267624 3846645,6453735 3646543,6203324 3438268,6032795 3632179,6267624 3846645))
32714;POLYGON((5695616 4372635,5888034 4208945,5681803 3985458,5502498 4146013,5695616 4372635))
32715;POLYGON((5112912 4801843,5307706 4668472,5138664 4437700,4954921 4569845,5112912 4801843))
32716;POLYGON((4528367 5150255,4723029 5042239,4585367 4809059,4400059 4916977,4528367 5150255))
32717;POLYGON((3947320 5430792,4140398 5344136,4029357 5111362,3844259 5198526,3947320 5430792))
32718;POLYGON((3372547 5653759,3563351 5585293,3475099 5354367,3291183 5423605,3372547 5653759))
32719;POLYGON((2805012 5827227,2993383 5774487,2924897 5545963,2742567 5599521,2805012 5827227))
32720;POLYGON((2244440 5957373,2430579 5918493,2379538 5692356,2198807 5731963,2244440 5957373))
32721;POLYGON((1689739 6048746,1874078 6022375,1838775 5798259,1659398 5825183,1689739 6048746))
32722;POLYGON((1139307 6104490,1322423 6089726,1301693 5867054,1123261 5882149,1139307 6104490))
32723;POLYGON((591253 6126500,773798 6122843,766962 5900919,588977 5904660,591253 6126500))
32724;POLYGON((43542 6115516,226201 6122843,233037 5900919,54962 5893424,43542 6115516))
32725;POLYGON((-505876 6071168,-322423 6089726,-301693 5867054,-480387 5848088,-505876 6071168))
32726;POLYGON((-1058958 5991956,-874078 6022375,-838775 5798259,-1018565 5767222,-1058958 5991956))
32727;POLYGON((-1617422 5875167,-1430579 5918493,-1379538 5692356,-1560784 5648261,-1617422 5875167))
32728;POLYGON((-2182557 5716740,-1993383 5774487,-1924897 5545963,-2107773 5487394,-2182557 5716740))
32729;POLYGON((-2754953 5511070,-2563351 5585293,-2475099 5354367,-2659478 5279431,-2754953 5511070))
32730;POLYGON((-3334114 5250750,-3140398 5344136,-3029357 5111362,-3214668 5017624,-3334114 5250750))
32731;POLYGON((-3917942 4926261,-3723029 5042239,-3585367 4809059,-3770398 4693486,-3917942 4926261))
32732;POLYGON((-4502048 4525600,-4307706 4668472,-4138664 4437700,-4321312 4296587,-4502048 4525600))
32733;POLYGON((-5078868 4033856,-4888034 4208945,-4681803 3985458,-4858750 3814373,-5078868 4033856))
32734;POLYGON((-5636561 3432728,-5453735 3646543,-5203324 3438268,-5369646 3232002,-5636561 3432728))
32735;POLYGON((-6157647 2699988,-5989377 2960409,-5686480 2779699,-5835163 2532234,-6157647 2699988))
32736;POLYGON((-6617369 1808896,-6472831 2125377,-6107702 1990876,-6229065 1695377,-6617369 1808896))
32737;POLYGON((-6981747 727554,-6873425 1111342,-6434763 1050497,-6515778 699341,-6981747 727554))
32738;POLYGON((-7205288 -581776,-7149782 -117408,-6624628 -65044,-6648126 -480198,-7205288 -581776))
32739;POLYGON((-7228332 -2163422,-7247283 -1602919,-6620947 -1381399,-6564698 -1869485,-7228332 -2163422))
32740;POLYGON((-6974010 -4069076,-7095158 -3394338,-6351171 -2925826,-6186836 -3496185,-6974010 -4069076))
32741;POLYGON((-6344764 -6358632,-6603159 -5548730,-5723263 -4726558,-5415203 -5388673,-6344764 -6358632))
32742;POLYGON((-5218428 -9101058,-5657789 -8131939,-4621975 -6811925,-4125905 -7575071,-5218428 -9101058))
32743;POLYGON((-3443821 -12375313,-4118058 -11219489,-2904660 -9209204,-2166148 -10081995,-3443821 -12375313))
32744;POLYGON((-835833 -16271295,-1810744 -14897524,-396593 -11943149,650611 -12932970,-835833 -16271295))
32745;POLYGON((2830026 -20890835,1474875 -19263785,3114221 -15034157,4550045 -16146466,2830026 -20890835))
32746;POLYGON((7823651 -26348720,5992856 -24428626,7882797 -18496037,9802877 -19733522,7823651 -26348720))
32747;POLYGON((14466947 -32773747,12046992 -30516052,14213478 -22333320,16731403 -23694891,14466947 -32773747))
32748;POLYGON((23141072 -40309806,19997849 -37664802,22466862 -26538061,25716619 -28017670,23141072 -40309806))
32749;POLYGON((34294329 -49116985,30270428 -46029440,33067352 -31086099,37205986 -32671352,34294329 -49116985))
32750;POLYGON((48450730 -59372710,43362509 -55781486,46511362 -35932693,51721865 -37603257,48450730 -59372710))
32751;POLYGON((66219282 -71272886,59853693 -67110556,63376219 -41007502,69870655 -42733266,66219282 -71272886))
32752;POLYGON((88304001 -85033067,80415166 -80225523,84329772 -46208826,92352639 -47947817,88304001 -85033067))
32753;POLYGON((115514701 -100889637,105820228 -95355697,110140744 -51397071,119972601 -53093083,115514701 -100889637))
32754;POLYGON((-95761425 -90073363,-104820228 -95355697,-109140744 -51397071,-99945439 -49679503,-95761425 -90073363))
32755;POLYGON((-72063575 -75641713,-79415166 -80225523,-83329772 -46208826,-75845697 -44468754,-72063575 -75641713))
32756;POLYGON((-52939519 -63146490,-58853693 -67110556,-62376219 -41007502,-56335254 -39296106,-52939519 -63146490))
32757;POLYGON((-37651214 -52365328,-42362509 -55781486,-45511362 -35932693,-40680208 -34287744,-37651214 -52365328))
32758;POLYGON((-25559132 -43095902,-29270428 -46029440,-32067352 -31086099,-28243999 -29534228,-25559132 -43095902))
32759;POLYGON((-16111997 -35154757,-18997849 -37664802,-21466862 -26538061,-18477303 -25096764,-16111997 -35154757))
32760;POLYGON((-8837255 -28376151,-11046992 -30516052,-13213478 -22333320,-10908662 -21012709,-8837255 -28376151))
