32701;POLYGON((2315314 -1247686,2316154 -1288527,2152232 -1283642,2148867 -1230325,2315314 -1247686))
32702;POLYGON((2335839 -1113419,2325806 -1160177,2152866 -1123580,2159131 -1069802,2335839 -1113419))
32703;POLYGON((2378263 -961082,2362582 -1013850,2177731 -960787,2189190 -905365,2378263 -961082))
32704;POLYGON((2429215 -791458,2411977 -849817,2214485 -792406,2227637 -734811,2429215 -791458))
32705;POLYGON((2478389 -606560,2462720 -669728,2253451 -617374,2265592 -557568,2478389 -606560))
32706;POLYGON((2518074 -409226,2506282 -476187,2287222 -435962,2296329 -374262,2518074 -409226))
32707;POLYGON((2542737 -202790,2536449 -272396,2310320 -249386,2314938 -186354,2542737 -202790))
32708;POLYGON((2548646 9176,2548927 -61870,2318876 -59501,2318024 4149,2548646 9176))
32709;POLYGON((2533541 223073,2540999 151778,2310353 131459,2303439 194937,2533541 223073))
32710;POLYGON((2496344 435418,2511224 365015,2283304 321081,2270049 383566,2496344 435418))
32711;POLYGON((2436908 642955,2459168 574499,2237154 506915,2217530 567605,2436908 642955))
32712;POLYGON((2355800 842730,2385185 777170,2172019 686596,2146188 744736,2355800 842730))
32713;POLYGON((2254120 1032126,2290214 970294,2088545 857919,2056816 912816,2254120 1032126))
32714;POLYGON((2133350 1208882,2175625 1151493,1987774 1018884,1950563 1069926,2133350 1208882))
32715;POLYGON((1995227 1371089,2043082 1318741,1871036 1167732,1828835 1214386,1995227 1371089))
32716;POLYGON((1841647 1517170,1894437 1470352,1739859 1302947,1693208 1344762,1841647 1517170))
32717;POLYGON((1674588 1645854,1731648 1604959,1595897 1423255,1545366 1459858,1674588 1645854))
32718;POLYGON((1496056 1756140,1556717 1721474,1440877 1527611,1387050 1558701,1496056 1756140))
32719;POLYGON((1308049 1847263,1371648 1819057,1276559 1615178,1220026 1640519,1308049 1847263))
32720;POLYGON((1112532 1918655,1178419 1897078,1104712 1685307,1046061 1704721,1112532 1918655))
32721;POLYGON((911432 1969911,978969 1955082,927096 1737514,866910 1750871,911432 1969911))
32722;POLYGON((706636 2000766,775197 1992759,745456 1771458,684314 1778675,706636 2000766))
32723;POLYGON((500000 2011067,568969 2009922,561523 1786929,500000 1787961,500000 2011067))
32724;POLYGON((293363 2000766,362128 2006488,377017 1783833,315685 1778675,293363 2000766))
32725;POLYGON((88567 1969911,156514 1982473,193657 1762188,133089 1750871,88567 1969911))
32726;POLYGON((-112532 1918655,-46025 1937993,13165 1722127,-46061 1704721,-112532 1918655))
32727;POLYGON((-308049 1847263,-243615 1873276,-162722 1663902,-220026 1640519,-308049 1847263))
32728;POLYGON((-496056 1756140,-434342 1788676,-332256 1587898,-387050 1558701,-496056 1756140))
32729;POLYGON((-674588 1645854,-616253 1684702,-493671 1494654,-545366 1459858,-674588 1645854))
32730;POLYGON((-841647 1517170,-787359 1562052,-645200 1384877,-693208 1344762,-841647 1517170))
32731;POLYGON((-995227 1371089,-945655 1421643,-785089 1259473,-828835 1214386,-995227 1371089))
32732;POLYGON((-1133350 1208882,-1089146 1264652,-911632 1119561,-950563 1069926,-1133350 1208882))
32733;POLYGON((-1254120 1032126,-1215903 1092551,-1023209 966493,-1056816 912816,-1254120 1032126))
32734;POLYGON((-1355800 842730,-1324126 907134,-1118350 801868,-1146188 744736,-1355800 842730))
32735;POLYGON((-1436908 642955,-1412235 710546,-1195810 627526,-1217530 567605,-1436908 642955))
32736;POLYGON((-1496344 435418,-1478988 505283,-1254665 445540,-1270049 383566,-1496344 435418))
32737;POLYGON((-1533541 223073,-1523621 294193,-1294430 258174,-1303439 194937,-1533541 223073))
32738;POLYGON((-1548646 9176,-1546021 80436,-1315201 67833,-1318024 4149,-1548646 9176))
32739;POLYGON((-1542737 -202790,-1546930 -132570,-1317821 -123031,-1314938 -186354,-1542737 -202790))
32740;POLYGON((-1518074 -409226,-1528183 -341252,-1304076 -312047,-1296329 -374262,-1518074 -409226))
32741;POLYGON((-1478389 -606560,-1492986 -542007,-1276916 -497082,-1265592 -557568,-1478389 -606560))
32742;POLYGON((-1429215 -791458,-1446234 -731396,-1240716 -676463,-1227637 -734811,-1429215 -791458))
32743;POLYGON((-1378263 -961082,-1394867 -906383,-1201561 -849251,-1189190 -905365,-1378263 -961082))
32744;POLYGON((-1335839 -1113419,-1348276 -1064640,-1167571 -1015573,-1159131 -1069802,-1335839 -1113419))
32745;POLYGON((-1315314 -1247686,-1318756 -1204922,-1149268 -1177034,-1148867 -1230325,-1315314 -1247686))
32746;POLYGON((-1333640 -1364816,-1322003 -1327531,-1159975 -1337209,-1172752 -1391287,-1333640 -1364816))
32747;POLYGON((-1411927 -1468045,-1377676 -1434866,-1216260 -1502219,-1248543 -1559805,-1411927 -1468045))
32748;POLYGON((-1576071 -1563599,-1510001 -1532070,-1338428 -1681414,-1397904 -1746477,-1576071 -1563599))
32749;POLYGON((-1857440 -1661493,-1748442 -1627800,-1551049 -1888164,-1646957 -1966206,-1857440 -1661493))
32750;POLYGON((-2293621 -1776461,-2128426 -1735106,-1883545 -2140767,-2026877 -2239159,-2293621 -1776461))
32751;POLYGON((-2929240 -1929025,-2692137 -1872453,-2370816 -2463493,-2574541 -2591852,-2929240 -1929025))
32752;POLYGON((-3816831 -2146707,-3489374 -2064884,-3053931 -2887766,-3333233 -3058384,-3816831 -2146707))
32753;POLYGON((-5017793 -2465404,-4578469 -2345342,-3980855 -3453505,-4353393 -3681830,-5017793 -2465404))
32754;POLYGON((4816831 -2146707,5179027 -2239672,4641522 -3246349,4333233 -3058384,4816831 -2146707))
32755;POLYGON((3929240 -1929025,4194266 -1992764,3801655 -2732785,3574541 -2591852,3929240 -1929025))
32756;POLYGON((3293621 -1776461,3480912 -1821936,3188795 -2346348,3026877 -2239159,3293621 -1776461))
32757;POLYGON((2857440 -1661493,2983581 -1697035,2757359 -2050109,2646957 -1966206,2857440 -1661493))
32758;POLYGON((2576071 -1563599,2655115 -1595349,2468415 -1815169,2397904 -1746477,2576071 -1563599))
32759;POLYGON((2411927 -1468045,2455673 -1500341,2288963 -1619373,2248543 -1559805,2411927 -1468045))
32760;POLYGON((2333640 -1364816,2351899 -1400531,2191264 -1446176,2172752 -1391287,2333640 -1364816))
