32601;POLYGON((755982 10220829,748561 10229972,929000 10395066,939643 10378481,755982 10220829))
32602;POLYGON((776592 10192134,770009 10201904,960109 10344712,969858 10327515,776592 10192134))
32603;POLYGON((794479 10161678,788837 10172013,988223 10292479,996780 10274642,794479 10161678))
32604;POLYGON((809369 10129683,804754 10140504,1012503 10238352,1019622 10219913,809369 10129683))
32605;POLYGON((821036 10096417,817517 10107629,1032264 10182496,1037750 10163543,821036 10096417))
32606;POLYGON((829304 10062185,826934 10073683,1046966 10125218,1050668 10105879,829304 10062185))
32607;POLYGON((834043 10027324,832861 10038993,1056202 10066935,1058014 10047368,834043 10027324))
32608;POLYGON((835174 9992188,835201 10003908,1059691 10008145,1059545 9988529,835174 9992188))
32609;POLYGON((832665 9957146,833906 9968794,1057267 9949400,1055131 9929930,832665 9957146))
32610;POLYGON((826531 9922571,828976 9934021,1048866 9891291,1044741 9872166,826531 9922571))
32611;POLYGON((816828 9888836,820453 9899965,1034525 9834421,1028443 9815844,816828 9888836))
32612;POLYGON((803660 9856308,808427 9866994,1014366 9779396,1006387 9761567,803660 9856308))
32613;POLYGON((787168 9825341,793025 9835468,988594 9726810,978802 9709922,787168 9825341))
32614;POLYGON((767533 9796273,774415 9805731,957485 9677232,945986 9661469,767533 9796273))
32615;POLYGON((744971 9769421,752802 9778107,921380 9631202,908303 9616734,744971 9769421))
32616;POLYGON((719729 9745079,728424 9752897,880680 9589217,866168 9576201,719729 9745079))
32617;POLYGON((692086 9723511,701549 9730377,835834 9551731,820049 9540306,692086 9723511))
32618;POLYGON((662345 9704952,672472 9710791,787339 9519144,770454 9509432,662345 9704952))
32619;POLYGON((630831 9689603,641512 9694352,735726 9491805,717926 9483910,630831 9689603))
32620;POLYGON((597891 9677630,609008 9681237,681560 9470004,663039 9464009,597891 9677630))
32621;POLYGON((563883 9669163,575315 9671589,625431 9453970,606390 9449938,563883 9669163))
32622;POLYGON((529179 9664292,540801 9665512,567947 9443872,548592 9441846,529179 9664292))
32623;POLYGON((494157 9663071,505842 9663071,509730 9439817,490269 9439817,494157 9663071))
32624;POLYGON((459198 9665512,470820 9664292,451407 9441846,432052 9443872,459198 9665512))
32625;POLYGON((424684 9671589,436116 9669163,393609 9449938,374568 9453970,424684 9671589))
32626;POLYGON((390991 9681237,402108 9677630,336960 9464009,318439 9470004,390991 9681237))
32627;POLYGON((358487 9694352,369168 9689603,282073 9483910,264273 9491805,358487 9694352))
32628;POLYGON((327527 9710791,337654 9704952,229545 9509432,212660 9519144,327527 9710791))
32629;POLYGON((298450 9730377,307913 9723511,179950 9540306,164165 9551731,298450 9730377))
32630;POLYGON((271575 9752897,280270 9745079,133831 9576201,119319 9589217,271575 9752897))
32631;POLYGON((247197 9778107,255028 9769421,91696 9616734,78619 9631202,247197 9778107))
32632;POLYGON((225584 9805731,232466 9796273,54013 9661469,42514 9677232,225584 9805731))
32633;POLYGON((206974 9835468,212831 9825341,21197 9709922,11405 9726810,206974 9835468))
32634;POLYGON((191572 9866994,196339 9856308,-6387 9761567,-14366 9779396,191572 9866994))
32635;POLYGON((179546 9899965,183171 9888836,-28443 9815844,-34525 9834421,179546 9899965))
32636;POLYGON((171023 9934021,173468 9922571,-44741 9872166,-48866 9891291,171023 9934021))
32637;POLYGON((166093 9968794,167334 9957146,-55131 9929930,-57267 9949400,166093 9968794))
32638;POLYGON((164798 10003908,164825 9992188,-59545 9988529,-59691 10008145,164798 10003908))
32639;POLYGON((167138 10038993,165956 10027324,-58014 10047368,-56202 10066935,167138 10038993))
32640;POLYGON((173065 10073683,170695 10062185,-50668 10105879,-46966 10125218,173065 10073683))
32641;POLYGON((182482 10107629,178963 10096417,-37750 10163543,-32264 10182496,182482 10107629))
32642;POLYGON((195245 10140504,190630 10129683,-19622 10219913,-12503 10238352,195245 10140504))
32643;POLYGON((211162 10172013,205520 10161678,3219 10274642,11776 10292479,211162 10172013))
32644;POLYGON((229990 10201904,223407 10192134,30141 10327515,39890 10344712,229990 10201904))
32645;POLYGON((251438 10229972,244017 10220829,60356 10378481,70999 10395066,251438 10229972))
32646;POLYGON((275170 10256078,267028 10247600,92912 10427699,104095 10443780,275170 10256078))
32647;POLYGON((300801 10280153,292072 10272354,126685 10475584,137992 10491364,300801 10280153))
32648;POLYGON((327906 10302219,318736 10295082,160363 10522855,171312 10538652,327906 10302219))
32649;POLYGON((356017 10322394,346565 10315867,192431 10570599,202471 10586867,356017 10322394))
32650;POLYGON((384628 10340913,375068 10334904,221165 10620334,229670 10637689,384628 10340913))
32651;POLYGON((413199 10358141,403714 10352513,244608 10674085,250874 10693327,413199 10358141))
32652;POLYGON((441162 10374593,431945 10369157,260562 10734463,263799 10756609,441162 10374593))
32653;POLYGON((540826 10385457,459173 10385457,266572 10804758,733427 10804758,540826 10385457))
32654;POLYGON((568054 10369157,558837 10374593,736200 10756609,739437 10734463,568054 10369157))
32655;POLYGON((596285 10352513,586800 10358141,749125 10693327,755391 10674085,596285 10352513))
32656;POLYGON((624931 10334904,615371 10340913,770329 10637689,778834 10620334,624931 10334904))
32657;POLYGON((653434 10315867,643982 10322394,797528 10586867,807568 10570599,653434 10315867))
32658;POLYGON((681263 10295082,672093 10302219,828687 10538652,839636 10522855,681263 10295082))
32659;POLYGON((707927 10272354,699198 10280153,862007 10491364,873314 10475584,707927 10272354))
32660;POLYGON((732971 10247600,724829 10256078,895904 10443780,907087 10427699,732971 10247600))
