32601;POLYGON((63787207 34620693,68154110 38185285,71423150 28186284,66767197 25544641,63787207 34620693))
32602;POLYGON((52386487 25724413,55921687 28414632,58390956 20947073,54631007 18954874,52386487 25724413))
32603;POLYGON((43172111 19047164,46027128 21060247,47876332 15502291,44848176 14012795,43172111 19047164))
32604;POLYGON((35738466 14077985,38040710 15571600,39413678 11442389,36979346 10338328,35738466 14077985))
32605;POLYGON((29745951 10410873,31601848 11509886,32612635 8441039,30656984 7629577,29745951 10410873))
32606;POLYGON((24912191 7726363,26410014 8528675,27148168 6240705,25575794 5649083,24912191 7726363))
32607;POLYGON((21004095 5775691,22216523 6357246,22751604 4640220,21484057 4212025,21004095 5775691))
32608;POLYGON((17830722 4367301,18817127 4786339,19202563 3484167,18175839 3176161,17830722 4367301))
32609;POLYGON((15236897 3355434,16045393 3656078,16321724 2653874,15484040 2433321,15236897 3355434))
32610;POLYGON((13097544 2630570,13766802 2845820,13964392 2059856,13274210 1902290,13097544 2630570))
32611;POLYGON((11312685 2111509,11873524 2265714,12014816 1635517,11439099 1522904,11312685 2111509))
32612;POLYGON((9803061 1738875,10279845 1849749,10381189 1331981,9893889 1251215,9803061 1738875))
32613;POLYGON((8506327 1469867,8918172 1550115,8991310 1113887,8572052 1055581,8506327 1469867))
32614;POLYGON((7373788 1274069,7735589 1332672,7788834 956023,7421793 913549,7373788 1274069))
32615;POLYGON((6367607 1130165,6690923 1173389,6730077 840665,6403025 809410,6367607 1130165))
32616;POLYGON((5458475 1023406,5752256 1055566,5781318 755523,5484829 732315,5458475 1023406))
32617;POLYGON((4623658 943700,4894855 967739,4916551 692178,4643342 674860,4623658 943700))
32618;POLYGON((3845412 884206,4099472 902113,4115644 644919,3860041 632034,3845412 884206))
32619;POLYGON((3109698 840321,3350957 853430,3362840 609902,3120350 600479,3109698 840321))
32620;POLYGON((2405159 808979,2637157 818174,2645571 584565,2412545 577960,2405159 808979))
32621;POLYGON((1722316 788182,1948047 794032,1953522 567226,1726892 563025,1722316 788182))
32622;POLYGON((1052941 776694,1275042 779540,1277901 556821,1054970 554778,1052941 776694))
32623;POLYGON((389543 773866,610456 773866,610859 552748,389140 552748,389543 773866))
32624;POLYGON((-275042 779540,-52941 776694,-54970 554778,-277901 556821,-275042 779540))
32625;POLYGON((-948047 794032,-722316 788182,-726892 563025,-953522 567226,-948047 794032))
32626;POLYGON((-1637157 818174,-1405159 808979,-1412545 577960,-1645571 584565,-1637157 818174))
32627;POLYGON((-2350957 853430,-2109698 840321,-2120350 600479,-2362840 609902,-2350957 853430))
32628;POLYGON((-3099472 902113,-2845412 884206,-2860041 632034,-3115644 644919,-3099472 902113))
32629;POLYGON((-3894855 967739,-3623658 943700,-3643342 674860,-3916551 692178,-3894855 967739))
32630;POLYGON((-4752256 1055566,-4458475 1023406,-4484829 732315,-4781318 755523,-4752256 1055566))
32631;POLYGON((-5690923 1173389,-5367607 1130165,-5403025 809410,-5730077 840665,-5690923 1173389))
32632;POLYGON((-6735589 1332672,-6373788 1274069,-6421793 913549,-6788834 956023,-6735589 1332672))
32633;POLYGON((-7918172 1550115,-7506327 1469867,-7572052 1055581,-7991310 1113887,-7918172 1550115))
32634;POLYGON((-9279845 1849749,-8803061 1738875,-8893889 1251215,-9381189 1331981,-9279845 1849749))
32635;POLYGON((-10873524 2265714,-10312685 2111509,-10439099 1522904,-11014816 1635517,-10873524 2265714))
32636;POLYGON((-12766802 2845820,-12097544 2630570,-12274210 1902290,-12964392 2059856,-12766802 2845820))
32637;POLYGON((-15045393 3656078,-14236897 3355434,-14484040 2433321,-15321724 2653874,-15045393 3656078))
32638;POLYGON((-17817127 4786339,-16830722 4367301,-17175839 3176161,-18202563 3484167,-17817127 4786339))
32639;POLYGON((-21216523 6357246,-20004095 5775691,-20484057 4212025,-21751604 4640220,-21216523 6357246))
32640;POLYGON((-25410014 8528675,-23912191 7726363,-24575794 5649083,-26148168 6240705,-25410014 8528675))
32641;POLYGON((-30601848 11509886,-28745951 10410873,-29656984 7629577,-31612635 8441039,-30601848 11509886))
32642;POLYGON((-37040710 15571600,-34738466 14077985,-35979346 10338328,-38413678 11442389,-37040710 15571600))
32643;POLYGON((-45027128 21060247,-42172111 19047164,-43848176 14012795,-46876332 15502291,-45027128 21060247))
32644;POLYGON((-54921687 28414632,-51386487 25724413,-53631007 18954874,-57390956 20947073,-54921687 28414632))
32645;POLYGON((-67154110 38185285,-62787207 34620693,-65767197 25544641,-70423150 28186284,-67154110 38185285))
32646;POLYGON((-82233240 51056785,-76855573 46373224,-80778492 34256224,-86524645 37729337,-82233240 51056785))
32647;POLYGON((-100757980 67873332,-94159193 61769943,-99280613 45676050,-106345248 50204583,-100757980 67873332))
32648;POLYGON((-123429229 89667904,-115363576 81777430,-121995921 60523664,-130645869 66381050,-123429229 89667904))
32649;POLYGON((-151062855 117695299,-141244761 107572618,-149767194 79675384,-160312693 87193090,-151062855 117695299))
32650;POLYGON((-184603759 153469416,-172703005 140578620,-183572588 104191015,-196372532 113768180,-184603759 153469416))
32651;POLYGON((-225141072 198805108,-210777604 182505022,-224541809 135343909,-240009423 147458146,-225141072 198805108))
32652;POLYGON((-273924525 255865000,-256662861 235393004,-273973560 174654617,-292582505 189874079,-273924525 255865000))
32653;POLYGON((312725270 301665660,-311725270 301665660,-333354308 223928426,334354308 223928426,312725270 301665660))
32654;POLYGON((257662861 235393004,274924525 255865000,293582505 189874079,274973560 174654617,257662861 235393004))
32655;POLYGON((211777604 182505022,226141072 198805108,241009423 147458146,225541809 135343909,211777604 182505022))
32656;POLYGON((173703005 140578620,185603759 153469416,197372532 113768180,184572588 104191015,173703005 140578620))
32657;POLYGON((142244761 107572618,152062855 117695299,161312693 87193090,150767194 79675384,142244761 107572618))
32658;POLYGON((116363576 81777430,124429229 89667904,131645869 66381050,122995921 60523664,116363576 81777430))
32659;POLYGON((95159193 61769943,101757980 67873332,107345248 50204583,100280613 45676050,95159193 61769943))
32660;POLYGON((77855573 46373224,83233240 51056785,87524645 37729337,81778492 34256224,77855573 46373224))
