32701;POLYGON((2047941 -1137566,2047155 -1192359,1821985 -1072700,1825655 -1020444,2047941 -1137566))
32702;POLYGON((2065496 -974467,2057568 -1028790,1838631 -917931,1847250 -867329,2065496 -974467))
32703;POLYGON((2096931 -810270,2085540 -865301,1867209 -766748,1878001 -716560,2096931 -810270))
32704;POLYGON((2132806 -642682,2120847 -698996,1899993 -615999,1910762 -565522,2132806 -642682))
32705;POLYGON((2165803 -470925,2155498 -528639,1930906 -464017,1939953 -412963,2165803 -470925))
32706;POLYGON((2190411 -295336,2183415 -354235,1955291 -310269,1961342 -258660,2190411 -295336))
32707;POLYGON((2202643 -117040,2200132 -176679,1969698 -155059,1971837 -103139,2202643 -117040))
32708;POLYGON((2199785 62316,2202537 2529,1971697 715,1969312 52550,2199785 62316))
32709;POLYGON((2180168 240780,2188635 181519,1959709 155763,1952435 207024,2180168 240780))
32710;POLYGON((2142976 416257,2157347 358228,1932858 308559,1920539 358709,2142976 416257))
32711;POLYGON((2088071 586639,2108325 530539,1890844 457467,1873486 505954,2088071 586639))
32712;POLYGON((2015850 749896,2041805 696389,1833828 600839,1811571 647120,2015850 749896))
32713;POLYGON((1927120 904143,1958468 853838,1762335 737078,1735420 780645,1927120 904143))
32714;POLYGON((1822990 1047675,1859333 1001118,1677175 864695,1645923 905079,1822990 1047675))
32715;POLYGON((1704788 1178994,1745663 1136662,1579371 982333,1544161 1019117,1704788 1178994))
32716;POLYGON((1573993 1296811,1618895 1259110,1470106 1088793,1431358 1121611,1573993 1296811))
32717;POLYGON((1432178 1400045,1480574 1367313,1350672 1183035,1308837 1211577,1432178 1400045))
32718;POLYGON((1280975 1487813,1332318 1460322,1222444 1264180,1177992 1288189,1280975 1487813))
32719;POLYGON((1122040 1559409,1175775 1537377,1086843 1331508,1040255 1350777,1122040 1559409))
32720;POLYGON((957039 1614295,1012611 1597883,945323 1384445,897089 1398814,957039 1614295))
32721;POLYGON((787633 1652077,844489 1641402,799356 1422558,749967 1431912,787633 1652077))
32722;POLYGON((615480 1672497,673068 1667631,650420 1445544,600372 1449811,615480 1672497))
32723;POLYGON((442229 1675419,500000 1676393,500000 1453226,449786 1452372,442229 1675419))
32724;POLYGON((269526 1660822,326931 1667631,349579 1445544,299695 1439576,269526 1660822))
32725;POLYGON((99021 1628805,155510 1641402,200643 1422558,151584 1411522,99021 1628805))
32726;POLYGON((-67632 1579583,-12611 1597883,54676 1384445,6935 1368428,-67632 1579583))
32727;POLYGON((-228774 1513505,-175775 1537377,-86843 1331508,-132773 1310639,-228774 1513505))
32728;POLYGON((-382739 1431058,-332318 1460322,-222444 1264180,-266077 1238635,-382739 1431058))
32729;POLYGON((-527866 1332890,-480574 1367313,-350672 1183035,-391530 1153036,-527866 1332890))
32730;POLYGON((-662512 1219824,-618895 1259110,-470106 1088793,-507723 1054616,-662512 1219824))
32731;POLYGON((-785082 1092873,-745663 1136662,-579371 982333,-613307 944306,-785082 1092873))
32732;POLYGON((-894059 953256,-859333 1001118,-677175 864695,-707021 823200,-894059 953256))
32733;POLYGON((-988059 802401,-958468 853838,-762335 737078,-787730 692552,-988059 802401))
32734;POLYGON((-1065889 641946,-1041805 696389,-833828 600839,-854474 553764,-1065889 641946))
32735;POLYGON((-1126632 473720,-1108325 530539,-890844 457467,-906532 408365,-1126632 473720))
32736;POLYGON((-1169743 299709,-1157347 358228,-932858 308559,-943489 257977,-1169743 299709))
32737;POLYGON((-1195164 122005,-1188635 181519,-959709 155763,-965326 104251,-1195164 122005))
32738;POLYGON((-1203469 -57280,-1202537 2529,-971697 715,-972523 -51198,-1203469 -57280))
32739;POLYGON((-1196021 -236132,-1200132 -176679,-969698 -155059,-966174 -206912,-1196021 -236132))
32740;POLYGON((-1175163 -412779,-1183415 -354235,-955291 -310269,-948124 -361710,-1175163 -412779))
32741;POLYGON((-1144431 -585896,-1155498 -528639,-930906 -464017,-921124 -514867,-1144431 -585896))
32742;POLYGON((-1108798 -754849,-1120847 -698996,-899993 -615999,-889004 -666330,-1108798 -754849))
32743;POLYGON((-1074946 -920006,-1085540 -865301,-867209 -766748,-856871 -816973,-1074946 -920006))
32744;POLYGON((-1051570 -1083104,-1057568 -1028790,-838631 -917931,-831323 -968916,-1051570 -1083104))
32745;POLYGON((-1049721 -1247701,-1047155 -1192359,-821985 -1072700,-820693 -1125897,-1049721 -1247701))
32746;POLYGON((-1083177 -1419698,-1067127 -1361064,-826908 -1236110,-835318 -1293708,-1083177 -1419698))
32747;POLYGON((-1168856 -1607965,-1133307 -1542711,-865230 -1415606,-887824 -1480714,-1168856 -1607965))
32748;POLYGON((-1327265 -1825054,-1264953 -1748538,-951283 -1621590,-993455 -1698442,-1327265 -1825054))
32749;POLYGON((-1582995 -2088031,-1485237 -1994006,-1102245 -1868071,-1170413 -1962263,-1582995 -2088031))
32750;POLYGON((-1965252 -2419423,-1821765 -2299710,-1338501 -2173408,-1440242 -2292170,-1965252 -2419423))
32751;POLYGON((-2508435 -2848300,-2307138 -2692410,-1684046 -2561159,-1828235 -2713662,-2508435 -2848300))
32752;POLYGON((-3252762 -3411491,-2979562 -3206204,-2166915 -3061036,-2363872 -3258732,-3252762 -3411491))
32753;POLYGON((4553442 -3636721,-3883504 -3883846,-2819645 -3709978,3580986 -3474488,4553442 -3636721))
32754;POLYGON((3732028 -3019039,3979562 -3206204,3166915 -3061036,2988790 -2879833,3732028 -3019039))
32755;POLYGON((3126572 -2549904,3307138 -2692410,2684046 -2561159,2555078 -2421056,3126572 -2549904))
32756;POLYGON((2694770 -2189603,2821765 -2299710,2338501 -2173408,2248869 -2063752,2694770 -2189603))
32757;POLYGON((2400353 -1906624,2485237 -1994006,2102245 -1868071,2043524 -1780376,2400353 -1906624))
32758;POLYGON((2212452 -1676384,2264953 -1748538,1951283 -1621590,1916297 -1549203,2212452 -1676384))
32759;POLYGON((2105000 -1480109,2133307 -1542711,1865230 -1415606,1847915 -1353412,2105000 -1480109))
32760;POLYGON((2056184 -1303840,2067127 -1361064,1826908 -1236110,1822189 -1180275,2056184 -1303840))
