32601;POLYGON((2047941 11137566,2047155 11192359,2239336 11249721,2240502 11200311,2047941 11137566))
32602;POLYGON((2065496 10974467,2057568 11028790,2252640 11098622,2262494 11046152,2065496 10974467))
32603;POLYGON((2096931 10810270,2085540 10865301,2287273 10937669,2301316 10881607,2096931 10810270))
32604;POLYGON((2132806 10642682,2120847 10698996,2330760 10765857,2345479 10706222,2132806 10642682))
32605;POLYGON((2165803 10470925,2155498 10528639,2373432 10583671,2386155 10520881,2165803 10470925))
32606;POLYGON((2190411 10295336,2183415 10354235,2408007 10392663,2416770 10327410,2190411 10295336))
32607;POLYGON((2202643 10117040,2200132 10176679,2429209 10195096,2432638 10128239,2202643 10117040))
32608;POLYGON((2199785 9937683,2202537 9997470,2433428 9993655,2430638 9926143,2199785 9937683))
32609;POLYGON((2180168 9759219,2188635 9818480,2418421 9791224,2408922 9724032,2180168 9759219))
32610;POLYGON((2142976 9583742,2157347 9641771,2383050 9590714,2366668 9524794,2142976 9583742))
32611;POLYGON((2088071 9413360,2108325 9469460,2327054 9394932,2303861 9331180,2088071 9413360))
32612;POLYGON((2015850 9250103,2041805 9303610,2250848 9206493,2221104 9145729,2015850 9250103))
32613;POLYGON((1927120 9095856,1958468 9146161,2155363 9027764,2119467 8970713,1927120 9095856))
32614;POLYGON((1822990 8952324,1859333 8998881,2041901 8860828,2000350 8808122,1822990 8952324))
32615;POLYGON((1704788 8821005,1745663 8863337,1912024 8707480,1865379 8659651,1704788 8821005))
32616;POLYGON((1573993 8703188,1618895 8740889,1767461 8569225,1716324 8526715,1573993 8703188))
32617;POLYGON((1432178 8599954,1480574 8632686,1610040 8447300,1555032 8410465,1432178 8599954))
32618;POLYGON((1280975 8512186,1332318 8539677,1441633 8342697,1383381 8311817,1280975 8512186))
32619;POLYGON((1122040 8440590,1175775 8462622,1264121 8256187,1203250 8231478,1122040 8440590))
32620;POLYGON((957039 8385704,1012611 8402116,1079371 8188356,1016499 8169974,957039 8385704))
32621;POLYGON((787633 8347922,844489 8358597,889227 8139626,824962 8127679,787633 8347922))
32622;POLYGON((615480 8327502,673068 8332368,695505 8110279,630446 8104836,615480 8327502))
32623;POLYGON((442229 8324580,500000 8323606,500000 8100479,434743 8101569,442229 8324580))
32624;POLYGON((269526 8339177,326931 8332368,304494 8110279,239634 8117895,269526 8339177))
32625;POLYGON((99021 8371194,155510 8358597,110772 8139626,46904 8153727,99021 8371194))
32626;POLYGON((-67632 8420416,-12611 8402116,-79371 8188356,-141644 8208862,-67632 8420416))
32627;POLYGON((-228774 8486494,-175775 8462622,-264121 8256187,-324188 8282974,-228774 8486494))
32628;POLYGON((-382739 8568941,-332318 8539677,-441633 8342697,-498873 8375588,-382739 8568941))
32629;POLYGON((-527866 8667109,-480574 8632686,-610040 8447300,-663828 8486061,-527866 8667109))
32630;POLYGON((-662512 8780175,-618895 8740889,-767461 8569225,-817169 8613551,-662512 8780175))
32631;POLYGON((-785082 8907126,-745663 8863337,-912024 8707480,-957036 8756988,-785082 8907126))
32632;POLYGON((-894059 9046743,-859333 8998881,-1041901 8860828,-1081627 8915046,-894059 9046743))
32633;POLYGON((-988059 9197598,-958468 9146161,-1155363 9027764,-1189260 9086127,-988059 9197598))
32634;POLYGON((-1065889 9358053,-1041805 9303610,-1250848 9206493,-1278447 9268338,-1065889 9358053))
32635;POLYGON((-1126632 9526279,-1108325 9469460,-1327054 9394932,-1347997 9459501,-1126632 9526279))
32636;POLYGON((-1169743 9700290,-1157347 9641771,-1383050 9590714,-1397135 9657161,-1169743 9700290))
32637;POLYGON((-1195164 9877994,-1188635 9818480,-1418421 9791224,-1425650 9858630,-1195164 9877994))
32638;POLYGON((-1203469 10057280,-1202537 9997470,-1433428 9993655,-1434072 10061056,-1203469 10057280))
32639;POLYGON((-1196021 10236132,-1200132 10176679,-1429209 10195096,-1423881 10261521,-1196021 10236132))
32640;POLYGON((-1175163 10412779,-1183415 10354235,-1408007 10392663,-1397745 10457184,-1175163 10412779))
32641;POLYGON((-1144431 10585896,-1155498 10528639,-1373432 10583671,-1359792 10645474,-1144431 10585896))
32642;POLYGON((-1108798 10754849,-1120847 10698996,-1330760 10765857,-1315930 10824330,-1108798 10754849))
32643;POLYGON((-1074946 10920006,-1085540 10865301,-1287273 10937669,-1274191 10992513,-1074946 10920006))
32644;POLYGON((-1051570 11083104,-1057568 11028790,-1252640 11098622,-1245130 11149981,-1051570 11083104))
32645;POLYGON((-1049721 11247701,-1047155 11192359,-1239336 11249721,-1242260 11298351,-1049721 11247701))
32646;POLYGON((-1083177 11419698,-1067127 11361064,-1263115 11393988,-1282541 11441446,-1083177 11419698))
32647;POLYGON((-1168856 11607965,-1133307 11542711,-1343525 11537069,-1386908 11585941,-1168856 11607965))
32648;POLYGON((-1327265 11825054,-1264953 11748538,-1504476 11687954,-1580862 11742121,-1327265 11825054))
32649;POLYGON((-1582995 12088031,-1485237 11994006,-1774861 11859814,-1895104 11924759,-1582995 12088031))
32650;POLYGON((-1965252 12419423,-1821765 12299710,-2189232 12070964,-2366230 12154120,-1965252 12419423))
32651;POLYGON((-2508435 12848300,-2307138 12692410,-2788530 12345962,-3037485 12457115,-2508435 12848300))
32652;POLYGON((-3252762 13411491,-2979562 13206204,-3620877 12716866,-3959573 12868608,-3252762 13411491))
32653;POLYGON((4553442 13636721,-3883504 13883846,-4742434 13224646,5332623 13037235,4553442 13636721))
32654;POLYGON((3732028 13019039,3979562 13206204,4620877 12716866,4314242 12580246,3732028 13019039))
32655;POLYGON((3126572 12549904,3307138 12692410,3788530 12345962,3565403 12245392,3126572 12549904))
32656;POLYGON((2694770 12189603,2821765 12299710,3189232 12070964,3032723 11994841,2694770 12189603))
32657;POLYGON((2400353 11906624,2485237 11994006,2774861 11859814,2670565 11799183,2400353 11906624))
32658;POLYGON((2212452 11676384,2264953 11748538,2504476 11687954,2440202 11636075,2212452 11676384))
32659;POLYGON((2105000 11480109,2133307 11542711,2343525 11537069,2309049 11489030,2105000 11480109))
32660;POLYGON((2056184 11303840,2067127 11361064,2263115 11393988,2249946 11346371,2056184 11303840))
