32701;POLYGON((2424282 -1149501,2410206 -1169258,2315314 -1247686,2318756 -1204922,2424282 -1149501))
32702;POLYGON((2484168 -1059984,2461917 -1094637,2335839 -1113419,2348276 -1064640,2484168 -1059984))
32703;POLYGON((2557861 -930002,2532648 -977422,2378263 -961082,2394867 -906383,2557861 -930002))
32704;POLYGON((2632192 -766177,2608016 -824129,2429215 -791458,2446234 -731396,2632192 -766177))
32705;POLYGON((2697263 -575257,2677094 -641494,2478389 -606560,2492986 -542007,2697263 -575257))
32706;POLYGON((2745919 -363872,2731867 -436209,2518074 -409226,2528183 -341252,2745919 -363872))
32707;POLYGON((2773282 -138350,2766747 -214721,2542737 -202790,2546930 -132570,2773282 -138350))
32708;POLYGON((2776333 95413,2778138 16918,2548646 9176,2546021 80436,2776333 95413))
32709;POLYGON((2753550 332054,2764057 253162,2533541 223073,2523621 294193,2753550 332054))
32710;POLYGON((2704587 566785,2723798 489025,2496344 435418,2478988 505283,2704587 566785))
32711;POLYGON((2630000 795420,2657645 720120,2436908 642955,2412235 710546,2630000 795420))
32712;POLYGON((2531017 1014372,2566625 942662,2355800 842730,2324126 907134,2531017 1014372))
32713;POLYGON((2409339 1220626,2452301 1153449,2254120 1032126,2215903 1092551,2409339 1220626))
32714;POLYGON((2266982 1411701,2316599 1349828,2133350 1208882,2089146 1264652,2266982 1411701))
32715;POLYGON((2106149 1585602,2161672 1529648,1995227 1371089,1945655 1421643,2106149 1585602))
32716;POLYGON((1929130 1740760,1989792 1691205,1841647 1517170,1787359 1562052,1929130 1740760))
32717;POLYGON((1738231 1875972,1803264 1833179,1674588 1645854,1616253 1684702,1738231 1875972))
32718;POLYGON((1535723 1990341,1604378 1954578,1496056 1756140,1434342 1788676,1535723 1990341))
32719;POLYGON((1323813 2083219,1395361 2054679,1308049 1847263,1243615 1873276,1323813 2083219))
32720;POLYGON((1104629 2154154,1178370 2132968,1112532 1918655,1046025 1937993,1104629 2154154))
32721;POLYGON((880225 2202849,955482 2189102,911432 1969911,843485 1982473,880225 2202849))
32722;POLYGON((652590 2229119,728706 2222861,706636 2000766,637871 2006488,652590 2229119))
32723;POLYGON((423669 2232874,500000 2234126,500000 2011067,431030 2009922,423669 2232874))
32724;POLYGON((195390 2214103,271293 2222861,293363 2000766,224802 1992759,195390 2214103))
32725;POLYGON((-30308 2172868,44517 2189102,88567 1969911,21030 1955082,-30308 2172868))
32726;POLYGON((-251457 2109320,-178370 2132968,-112532 1918655,-178419 1897078,-251457 2109320))
32727;POLYGON((-466024 2023714,-395361 2054679,-308049 1847263,-371648 1819057,-466024 2023714))
32728;POLYGON((-671907 1916447,-604378 1954578,-496056 1756140,-556717 1721474,-671907 1916447))
32729;POLYGON((-866926 1788097,-803264 1833179,-674588 1645854,-731648 1604959,-866926 1788097))
32730;POLYGON((-1048826 1639470,-989792 1691205,-841647 1517170,-894437 1470352,-1048826 1639470))
32731;POLYGON((-1215312 1471662,-1161672 1529648,-995227 1371089,-1043082 1318741,-1215312 1471662))
32732;POLYGON((-1364079 1286112,-1316599 1349828,-1133350 1208882,-1175625 1151493,-1364079 1286112))
32733;POLYGON((-1492885 1084667,-1452301 1153449,-1254120 1032126,-1290214 970294,-1492885 1084667))
32734;POLYGON((-1599641 869641,-1566625 942662,-1355800 842730,-1385185 777170,-1599641 869641))
32735;POLYGON((-1682523 643864,-1657645 720120,-1436908 642955,-1459168 574499,-1682523 643864))
32736;POLYGON((-1740126 410729,-1723798 489025,-1496344 435418,-1511224 365015,-1740126 410729))
32737;POLYGON((-1771648 174222,-1764057 253162,-1533541 223073,-1540999 151778,-1771648 174222))
32738;POLYGON((-1777103 -61068,-1778138 16918,-1548646 9176,-1548927 -61870,-1777103 -61068))
32739;POLYGON((-1757590 -289968,-1766747 -214721,-1542737 -202790,-1536449 -272396,-1757590 -289968))
32740;POLYGON((-1715589 -506749,-1731867 -436209,-1518074 -409226,-1506282 -476187,-1715589 -506749))
32741;POLYGON((-1655316 -705216,-1677094 -641494,-1478389 -606560,-1462720 -669728,-1655316 -705216))
32742;POLYGON((-1583118 -878821,-1608016 -824129,-1429215 -791458,-1411977 -849817,-1583118 -878821))
32743;POLYGON((-1507922 -1020832,-1532648 -977422,-1378263 -961082,-1362582 -1013850,-1507922 -1020832))
32744;POLYGON((-1441745 -1124553,-1461917 -1094637,-1335839 -1113419,-1325806 -1160177,-1441745 -1124553))
32745;POLYGON((-1400255 -1183613,-1410206 -1169258,-1315314 -1247686,-1316154 -1288527,-1400255 -1183613))
32746;POLYGON((-1403395 -1192320,-1395962 -1195323,-1333640 -1364816,-1351899 -1400531,-1403395 -1192320))
32747;POLYGON((-1476073 -1146097,-1442356 -1167829,-1411927 -1468045,-1455673 -1500341,-1476073 -1146097))
32748;POLYGON((-1648918 -1042007,-1578023 -1083229,-1576071 -1563599,-1655115 -1595349,-1648918 -1042007))
32749;POLYGON((-1959106 -879371,-1837859 -940015,-1857440 -1661493,-1983581 -1697035,-1959106 -879371))
32750;POLYGON((-2451258 -660498,-2263900 -739414,-2293621 -1776461,-2480912 -1821936,-2451258 -660498))
32751;POLYGON((-3178418 -391529,-2906267 -486187,-2929240 -1929025,-3194266 -1992764,-3178418 -391529))
32752;POLYGON((-4203102 -83407,-3824199 -189559,-3816831 -2146707,-4179027 -2239672,-4203102 -83407))
32753;POLYGON((5623091 25282,-5087157 135718,-5017793 -2465404,5578469 -2345342,5623091 25282))
32754;POLYGON((4483539 -292473,4824199 -189559,4816831 -2146707,4489374 -2064884,4483539 -292473))
32755;POLYGON((3664651 -575977,3906267 -486187,3929240 -1929025,3692137 -1872453,3664651 -575977))
32756;POLYGON((3100502 -812446,3263900 -739414,3293621 -1776461,3128426 -1735106,3100502 -812446))
32757;POLYGON((2735012 -994255,2837859 -940015,2857440 -1661493,2748442 -1627800,2735012 -994255))
32758;POLYGON((2520865 -1117917,2578023 -1083229,2576071 -1563599,2510001 -1532070,2520865 -1117917))
32759;POLYGON((2418507 -1183200,2442356 -1167829,2411927 -1468045,2377676 -1434866,2418507 -1183200))
32760;POLYGON((2395222 -1192364,2395962 -1195323,2333640 -1364816,2322003 -1327531,2395222 -1192364))
