32601;POLYGON((-1365010 27108570,-2767859 28471693,-732324 33383576,559883 31481575,-1365010 27108570))
32602;POLYGON((2051836 23395482,1035103 24572717,2754385 28014084,3675743 26436211,2051836 23395482))
32603;POLYGON((4473788 20200126,3763087 21211346,5210135 23563510,5838983 22258055,4473788 20200126))
32604;POLYGON((6113102 17464755,5642126 18328870,6855874 19884359,7256915 18807035,6113102 17464755))
32605;POLYGON((7144491 15134941,6858840 15869691,7873548 16850471,8099717 15963501,7144491 15134941))
32606;POLYGON((7710380 13160058,7565863 13781874,8411525 14354380,8505676 13625679,7710380 13160058))
32607;POLYGON((7925633 11493597,7886754 12017510,8589480 12304945,8585898 11707388,7925633 11493597))
32608;POLYGON((7881788 10093329,7920385 10532936,8502768 10625233,8428521 10135998,7881788 10093329))
32609;POLYGON((7650814 8921353,7744857 9288809,8226327 9250618,8102464 8850602,7650814 8921353))
32610;POLYGON((7288441 7944031,7420970 8250081,7818120 8127098,7660727 7800396,7288441 7944031))
32611;POLYGON((6837065 7131842,6995266 7385882,7322167 7209795,7143284 6943244,6837065 7131842))
32612;POLYGON((6328276 6459174,6502679 6669322,6771172 6461637,6579586 6244407,6328276 6459174))
32613;POLYGON((5785031 5904059,5968822 6077250,6188789 5852191,5990717 5675434,5785031 5904059))
32614;POLYGON((5223498 5447882,5411940 5589968,5591555 5356647,5391216 5213187,5223498 5447882))
32615;POLYGON((4654601 5075067,4844553 5190922,4990508 4954934,4790598 4838998,4654601 5075067))
32616;POLYGON((4085300 4772760,4274813 4866386,4392529 4630953,4194614 4537939,4085300 4772760))
32617;POLYGON((3519622 4530514,3707625 4605144,3801433 4371921,3606259 4298208,3519622 4530514))
32618;POLYGON((2959486 4339991,3145530 4398188,3218835 4167819,3026572 4110599,2959486 4339991))
32619;POLYGON((2405337 4194698,2589405 4238436,2644822 4010928,2455252 3968071,2405337 4194698))
32620;POLYGON((1856630 4089738,2038990 4120485,2078461 3895451,1891114 3865399,1856630 4089738))
32621;POLYGON((1312181 4021622,1493282 4040396,1518166 3817215,1332415 3798895,1312181 4021622))
32622;POLYGON((770421 3988111,950816 3995527,961960 3773444,777091 3766214,770421 3988111))
32623;POLYGON((229578 3988111,409870 3984410,407650 3762606,222908 3766214,229578 3988111))
32624;POLYGON((-312181 4021622,-131380 4006684,-147040 3784324,-332415 3798895,-312181 4021622))
32625;POLYGON((-856630 4089738,-674745 4063074,-704373 3839354,-891114 3865399,-856630 4089738))
32626;POLYGON((-1405337 4194698,-1221878 4155429,-1266485 3929630,-1455252 3968071,-1405337 4194698))
32627;POLYGON((-1959486 4339991,-1774114 4286807,-1835247 4058373,-2026572 4110599,-1959486 4339991))
32628;POLYGON((-2519622 4530514,-2332247 4461615,-2412059 4230269,-2606259 4298208,-2519622 4530514))
32629;POLYGON((-3085300 4772760,-2896207 4685790,-2997563 4451718,-3194614 4537939,-3085300 4772760))
32630;POLYGON((-3654601 5075067,-3464629 4967027,-3591226 4731161,-3790598 4838998,-3654601 5075067))
32631;POLYGON((-4223498 5447882,-4034269 5315036,-4190783 5079481,-4391216 5213187,-4223498 5447882))
32632;POLYGON((-4785031 5904059,-4599251 5741835,-4791505 5510500,-4990717 5675434,-4785031 5904059))
32633;POLYGON((-5328276 6459174,-5150101 6262059,-5385256 6041564,-5579586 6244407,-5328276 6459174))
32634;POLYGON((-5837065 7131842,-5672556 6893274,-5959329 6694232,-6143284 6943244,-5837065 7131842))
32635;POLYGON((-6288441 7944031,-6146112 7656296,-6495009 7495085,-6660727 7800396,-6288441 7944031))
32636;POLYGON((-6650814 8921353,-6542281 8575491,-6965856 8476648,-7102464 8850602,-6650814 8921353))
32637;POLYGON((-6881788 10093329,-6822532 9679052,-7335663 9678458,-7428521 10135998,-6881788 10093329))
32638;POLYGON((-6925633 11493597,-6935884 10999224,-7556074 11148280,-7585898 11707388,-6925633 11493597))
32639;POLYGON((-6710380 13160058,-6816128 12572476,-7563823 12943481,-7505676 13625679,-6710380 13160058))
32640;POLYGON((-6144491 15134941,-6378646 14439594,-7277572 15132593,-7099717 15963501,-6144491 15134941))
32641;POLYGON((-5113102 17464755,-5516795 16645670,-6594314 17797063,-6256915 18807035,-5113102 17464755))
32642;POLYGON((-3473788 20200126,-4097838 19239988,-5385324 21033226,-4838983 22258055,-3473788 20200126))
32643;POLYGON((-1051836 23395482,-1958382 22275751,-3491607 24954503,-2675743 26436211,-1051836 23395482))
32644;POLYGON((2365010 27108570,1100698 25809666,-718846 29693860,440116 31481575,2365010 27108570))
32645;POLYGON((7032365 31399772,5319883 29901326,3168207 35406536,4758832 37557467,7032365 31399772))
32646;POLYGON((13255580 36331211,10987198 34612387,8451915 42273068,10579945 44853586,13255580 36331211))
32647;POLYGON((21396759 41965598,18445012 40005510,15468531 50502641,18259290 53589467,21396759 41965598))
32648;POLYGON((31882391 48364805,28097463 46143021,24615614 60336778,28216622 64018298,31882391 48364805))
32649;POLYGON((45211665 55588133,40418540 53085294,36360105 72053405,40943919 76431108,45211665 55588133))
32650;POLYGON((61965473 63690239,55960858 60888783,51247082 85971309,57014376 91161371,61965473 63690239))
32651;POLYGON((82816143 72718690,75365137 69603717,69909240 102455028,77092129 108590038,82816143 72718690))
32652;POLYGON((108537921 82711116,99370439 79271381,93077114 121920190,101942726 129151036,108537921 82711116))
32653;POLYGON((-107537921 82711116,-117344209 86260811,-110435209 136784148,-100942726 129151036,-107537921 82711116))
32654;POLYGON((-81816143 72718690,-89807453 75940879,-83804407 115072600,-76092129 108590038,-81816143 72718690))
32655;POLYGON((-60965473 63690239,-67424457 66594703,-62226092 96650821,-56014376 91161371,-60965473 63690239))
32656;POLYGON((-44211665 55588133,-49384541 58188673,-44898447 81065917,-39943919 76431108,-44211665 55588133))
32657;POLYGON((-30882391 48364805,-34982607 50678196,-31124736 67919911,-27216622 64018298,-30882391 48364805))
32658;POLYGON((-20396759 41965598,-23608403 44010687,-20302565 56864088,-17259290 53589467,-20396759 41965598))
32659;POLYGON((-12255580 36331211,-14736540 38128147,-11913920 47593801,-9579945 44853586,-12255580 36331211))
32660;POLYGON((-6032365 31399772,-7917253 32969350,-5515927 39843734,-3758832 37557467,-6032365 31399772))
