32601;POLYGON((60374385 22016570,64560028 24313088,66508702 14903849,62147876 13492209,60374385 22016570))
32602;POLYGON((49474684 16303636,52849934 18028110,54314642 11041154,50803856 9981686,49474684 16303636))
32603;POLYGON((40699048 12037640,43414549 13321397,44505933 8150000,41686569 7361762,40699048 12037640))
32604;POLYGON((33645290 8879442,35827192 9826949,36633379 6004821,34372677 5423442,33645290 8879442))
32605;POLYGON((27978135 6560957,29731343 7254506,30321854 4426775,28509481 4001558,27978135 6560957))
32606;POLYGON((23420102 4872406,24831215 5376154,25260328 3275466,23805267 2966898,23420102 4872406))
32607;POLYGON((19743286 3651413,20883234 4014822,21192863 2441853,20020621 2219484,19743286 3651413))
32608;POLYGON((16761988 2773746,17688403 3034498,17910530 1842209,16960641 1682847,16761988 2773746))
32609;POLYGON((14326160 2145522,15085471 2331964,15244197 1413020,14467998 1299227,14326160 2145522))
32610;POLYGON((12315590 1696718,12944880 1829893,13058128 1106726,12416799 1025567,12315590 1696718))
32611;POLYGON((10634799 1375823,11163434 1471132,11244343 888198,10707190 830210,10634799 1375823))
32612;POLYGON((9208593 1145478,9659634 1214033,9717701 731853,9260662 690213,9208593 1145478))
32613;POLYGON((7978223 978980,8369640 1028683,8411628 619331,8015989 589193,7978223 978980))
32614;POLYGON((6898093 857516,7243803 893905,7274460 537648,6925763 515618,6898093 857516))
32615;POLYGON((5932991 768011,6243730 794918,6266343 477750,5953463 461484,5932991 768011))
32616;POLYGON((5055762 701492,5339812 721536,5356630 433407,5071014 421305,5055762 701492))
32617;POLYGON((4245408 651860,4509187 666814,4521732 400379,4256774 391359,4245408 651860))
32618;POLYGON((3485532 615009,3734077 626064,3743371 375806,3493907 369143,3485532 615009))
32619;POLYGON((2763108 588196,3000452 596145,3007176 357777,2769084 352988,2763108 588196))
32620;POLYGON((2067500 569612,2296972 574974,2301574 345025,2071464 341796,2067500 569612))
32621;POLYGON((1389705 558104,1614165 561204,1616926 336734,1391894 334868,1389705 558104))
32622;POLYGON((721753 553001,943774 554016,944855 332406,722292 331796,721753 553001))
32623;POLYGON((56225 554016,278246 553001,277707 331796,55144 332406,56225 554016))
32624;POLYGON((-614165 561204,-389705 558104,-391894 334868,-616926 336734,-614165 561204))
32625;POLYGON((-1296972 574974,-1067500 569612,-1071464 341796,-1301574 345025,-1296972 574974))
32626;POLYGON((-2000452 596145,-1763108 588196,-1769084 352988,-2007176 357777,-2000452 596145))
32627;POLYGON((-2734077 626064,-2485532 615009,-2493907 369143,-2743371 375806,-2734077 626064))
32628;POLYGON((-3509187 666814,-3245408 651860,-3256774 391359,-3521732 400379,-3509187 666814))
32629;POLYGON((-4339812 721536,-4055762 701492,-4071014 421305,-4356630 433407,-4339812 721536))
32630;POLYGON((-5243730 794918,-4932991 768011,-4953463 461484,-5266343 477750,-5243730 794918))
32631;POLYGON((-6243803 893905,-5898093 857516,-5925763 515618,-6274460 537648,-6243803 893905))
32632;POLYGON((-7369640 1028683,-6978223 978980,-7015989 589193,-7411628 619331,-7369640 1028683))
32633;POLYGON((-8659634 1214033,-8208593 1145478,-8260662 690213,-8717701 731853,-8659634 1214033))
32634;POLYGON((-10163434 1471132,-9634799 1375823,-9707190 830210,-10244343 888198,-10163434 1471132))
32635;POLYGON((-11944880 1829893,-11315590 1696718,-11416799 1025567,-12058128 1106726,-11944880 1829893))
32636;POLYGON((-14085471 2331964,-13326160 2145522,-13467998 1299227,-14244197 1413020,-14085471 2331964))
32637;POLYGON((-16688403 3034498,-15761988 2773746,-15960641 1682847,-16910530 1842209,-16688403 3034498))
32638;POLYGON((-19883234 4014822,-18743286 3651413,-19020621 2219484,-20192863 2441853,-19883234 4014822))
32639;POLYGON((-23831215 5376154,-22420102 4872406,-22805267 2966898,-24260328 3275466,-23831215 5376154))
32640;POLYGON((-28731343 7254506,-26978135 6560957,-27509481 4001558,-29321854 4426775,-28731343 7254506))
32641;POLYGON((-34827192 9826949,-32645290 8879442,-33372677 5423442,-35633379 6004821,-34827192 9826949))
32642;POLYGON((-42414549 13321397,-39699048 12037640,-40686569 7361762,-43505933 8150000,-42414549 13321397))
32643;POLYGON((-51849934 18028110,-48474684 16303636,-49803856 9981686,-53314642 11041154,-51849934 18028110))
32644;POLYGON((-63560028 24313088,-59374385 22016570,-61147876 13492209,-65508702 14903849,-63560028 24313088))
32645;POLYGON((-78052068 32633587,-72877319 29601416,-75223243 18155274,-80622371 20019943,-78052068 32633587))
32646;POLYGON((-95925266 43555943,-89550707 39586017,-92627570 24296291,-99287050 26738595,-95925266 43555943))
32647;POLYGON((-117883280 57775951,-110061937 52620585,-114064276 32316171,-122244477 35488844,-117883280 57775951))
32648;POLYGON((-144747814 76142031,-135191783 69499909,-140356575 42705037,-150361113 46793908,-144747814 76142031))
32649;POLYGON((-177473372 99681414,-165848769 91188507,-172462670 56057756,-184643751 61287354,-177473372 99681414))
32650;POLYGON((-217163223 129629623,-203084725 118848984,-211492214 73091439,-226256413 79731300,-217163223 129629623))
32651;POLYGON((-265086638 167463511,-248111594 153873847,-258724094 94665095,-276538584 103036811,-265086638 167463511))
32652;POLYGON((-322697429 214938129,-302319530 197921071,-315625582 121801579,-337024830 132286662,-322697429 214938129))
32653;POLYGON((303319530 197921071,323697429 214938129,338024830 132286662,316625582 121801579,303319530 197921071))
32654;POLYGON((249111594 153873847,266086638 167463511,277538584 103036811,259724094 94665095,249111594 153873847))
32655;POLYGON((204084725 118848984,218163223 129629623,227256413 79731300,212492214 73091439,204084725 118848984))
32656;POLYGON((166848769 91188507,178473372 99681414,185643751 61287354,173462670 56057756,166848769 91188507))
32657;POLYGON((136191783 69499909,145747814 76142031,151361113 46793908,141356575 42705037,136191783 69499909))
32658;POLYGON((111061937 52620585,118883280 57775951,123244477 35488844,115064276 32316171,111061937 52620585))
32659;POLYGON((90550707 39586017,96925266 43555943,100287050 26738595,93627570 24296291,90550707 39586017))
32660;POLYGON((73877319 29601416,79052068 32633587,81622371 20019943,76223243 18155274,73877319 29601416))
