32601;POLYGON((21778838 323891102,21000112 350506995,52146536 377358119,50741860 348292887,21778838 323891102))
32602;POLYGON((23454070 254762288,22997849 276131599,47994488 296197910,46653520 272917313,23454070 254762288))
32603;POLYGON((24296779 199466582,24096748 216525215,44040633 231312997,42769896 212777360,24296779 199466582))
32604;POLYGON((24485555 155493669,24485449 169031088,40302186 179753062,39105927 165086347,24485555 155493669))
32605;POLYGON((24171103 120733534,24323581 131412041,36789867 139036544,35670380 127504712,24171103 120733534))
32606;POLYGON((23479443 93422670,23745055 101794681,33508847 107088009,32466779 98079639,23479443 93422670))
32607;POLYGON((22514862 72096007,22861087 78619464,30459628 82182139,29494247 75191133,22514862 72096007))
32608;POLYGON((21362628 55544119,21762999 60596195,27638834 62893814,26748279 57504039,21362628 55544119))
32609;POLYGON((20091481 42775313,20524776 46664532,25039932 48053852,24221439 43925559,20091481 42775313))
32610;POLYGON((18755898 32982205,19205412 35959106,22653882 36709925,21903982 33567803,18755898 32982205))
32611;POLYGON((17398156 25512393,17851034 27778875,20469716 28092250,19784417 25714971,17398156 25512393))
32612;POLYGON((16050197 19842888,16496832 21560337,18475058 21583613,17849999 19794741,16050197 19842888))
32613;POLYGON((14735294 15557938,15168796 16854261,16656570 16693360,16087164 15353493,14735294 15557938))
32614;POLYGON((13469551 12329938,13885263 13305604,15000356 13034958,14481906 12034986,13469551 12329938))
32615;POLYGON((12263221 9903106,12658301 10636298,13492295 10306791,13020094 9562147,12263221 9903106))
32616;POLYGON((11121875 8079637,11494921 8630609,12118327 8275842,11687745 7721653,11121875 8079637))
32617;POLYGON((10047409 6708058,10398140 7122789,10864693 6763943,10471245 6350968,10047409 6708058))
32618;POLYGON((9038917 5673535,9367898 5986758,9718122 5636317,9357519 5327583,9038917 5673535))
32619;POLYGON((8093433 4889870,8401842 5127566,8665979 4792104,8334171 4560146,8093433 4889870))
32620;POLYGON((7206546 4292996,7495980 4474410,7696372 4156632,7389572 3981266,7206546 4292996))
32621;POLYGON((6372907 3835733,6645227 3974991,6798218 3675194,6512918 3541730,6372907 3835733))
32622;POLYGON((5586632 3483627,5843836 3591017,5961281 3308094,5694259 3205942,5586632 3483627))
32623;POLYGON((4841610 3211714,5085746 3294672,5176173 3026782,4924486 2948363,4841610 3211714))
32624;POLYGON((4131736 3002020,4364827 3065887,4434334 2810875,4195303 2750806,4131736 3002020))
32625;POLYGON((3451055 2841693,3675063 2890277,3727978 2645921,3499170 2600403,3451055 2841693))
32626;POLYGON((2793859 2721618,3010656 2757611,3050028 2521749,2829223 2488125,2793859 2721618))
32627;POLYGON((2154717 2635432,2366083 2660698,2394019 2431277,2179185 2407723,2154717 2635432))
32628;POLYGON((1528464 2578833,1736092 2594608,1754004 2369692,1543250 2355006,1528464 2578833))
32629;POLYGON((910159 2549120,1115676 2556147,1124426 2333894,915968 2327357,910159 2549120))
32630;POLYGON((295007 2544918,500000 2543519,500000 2322147,292110 2323448,295007 2544918))
32631;POLYGON((-321718 2566034,-115676 2556147,-124426 2333894,-333456 2343094,-321718 2566034))
32632;POLYGON((-944782 2613441,-736092 2594608,-754004 2369692,-965915 2387233,-944782 2613441))
32633;POLYGON((-1579066 2689374,-1366083 2660698,-1394019 2431277,-1610627 2458026,-1579066 2689374))
32634;POLYGON((-2229655 2797558,-2010656 2757611,-2050028 2521749,-2273266 2559099,-2229655 2797558))
32635;POLYGON((-2901886 2943609,-2675063 2890277,-2727978 2645921,-2959938 2695946,-2901886 2943609))
32636;POLYGON((-3601378 3135628,-3364827 3065887,-3434334 2810875,-3677302 2876570,-3601378 3135628))
32637;POLYGON((-4334011 3385090,-4085746 3294672,-4176173 3026782,-4432662 3112420,-4334011 3385090))
32638;POLYGON((-5105852 3708081,-4843836 3591017,-4961281 3308094,-5234055 3419712,-5105852 3708081))
32639;POLYGON((-5923033 4126991,-5645227 3974991,-5798218 3675194,-6090313 3821271,-5923033 4126991))
32640;POLYGON((-6791543 4672791,-6495980 4474410,-6696372 4156632,-7011105 4348991,-6791543 4672791))
32641;POLYGON((-7716948 5388004,-7401842 5127566,-7665979 4792104,-8006952 5047092,-7716948 5388004))
32642;POLYGON((-8704025 6330544,-8367898 5986758,-8718122 5636317,-9089211 5976328,-8704025 6330544))
32643;POLYGON((-9756283 7578575,-9398140 7122789,-9864693 6763943,-10270031 7219337,-9756283 7578575))
32644;POLYGON((-10875392 9236575,-10494921 8630609,-11118327 8275842,-11562275 8887348,-10875392 9236575))
32645;POLYGON((-12060478 11442816,-11658301 10636298,-12492295 10306791,-12979392 11128455,-12060478 11442816))
32646;POLYGON((-13307303 14378465,-12885263 13305604,-14000356 13034958,-14535268 14137727,-13307303 14378465))
32647;POLYGON((-14607294 18278556,-14168796 16854261,-15656570 16693360,-16244008 18169402,-14607294 18278556))
32648;POLYGON((-15946437 23445066,-15496832 21560337,-17475058 21583613,-18119696 23551452,-15946437 23445066))
32649;POLYGON((-17304006 30262386,-16851034 27778875,-19469716 28092250,-20176080 30702829,-17304006 30262386))
32650;POLYGON((-18651126 39215456,-18205412 35959106,-21653882 36709925,-22426225 40153713,-18651126 39215456))
32651;POLYGON((-19949162 50910873,-19524776 46664532,-24039932 48053852,-24882091 52569095,-19949162 50910873))
32652;POLYGON((-21147922 66101294,-20762999 60596195,-26638834 62893814,-27554064 68776072,-21147922 66101294))
32653;POLYGON((-22183663 85713472,-21861087 78619464,-29459628 82182139,-30450415 89795216,-22183663 85713472))
32654;POLYGON((-22976892 110880273,-22745055 101794681,-32508847 107088009,-33576702 116876433,-22976892 110880273))
32655;POLYGON((-23429950 142977047,-23323581 131412041,-35789867 139036544,-36935091 151539720,-23429950 142977047))
32656;POLYGON((-23424379 183662750,-23485449 169031088,-39302186 179753062,-40523616 195621266,-23424379 183662750))
32657;POLYGON((-22818045 234926207,-23096748 216525215,-43040633 231312997,-44335357 251325336,-22818045 234926207))
32658;POLYGON((-21442025 299137954,-21997849 276131599,-46994488 296197910,-48357540 321282449,-21442025 299137954))
32659;POLYGON((-19097236 379108083,-20000112 350506995,-51146536 377358119,-52570556 408614302,-19097236 379108083))
32660;POLYGON((19061155 409823594,-16882346 442789845,-55472027 478282424,55012796 442205180,19061155 409823594))
