32701;POLYGON((882927 -950421,887444 -985521,631706 -541702,639916 -529900,882927 -950421))
32702;POLYGON((880527 -856666,879620 -886202,657635 -507236,667049 -496252,880527 -856666))
32703;POLYGON((891789 -776152,886746 -801807,686750 -474710,696949 -464058,891789 -776152))
32704;POLYGON((913159 -704537,905114 -727647,717834 -442787,728439 -432096,913159 -704537))
32705;POLYGON((941517 -638426,931463 -660026,749783 -410452,760450 -399448,941517 -638426))
32706;POLYGON((974148 -575232,962948 -596103,781600 -376971,792019 -365464,974148 -575232))
32707;POLYGON((1008702 -513053,997101 -533759,812393 -341852,822290 -329727,1008702 -513053))
32708;POLYGON((1043171 -450568,1031802 -471491,841372 -304811,850506 -292014,1043171 -450568))
32709;POLYGON((1075852 -386932,1065250 -408307,867847 -265740,876011 -252269,1075852 -386932))
32710;POLYGON((1105328 -321700,1095935 -343635,891227 -224678,898244 -210573,1105328 -321700))
32711;POLYGON((1130438 -254745,1122615 -277251,911013 -181785,916736 -167123,1130438 -254745))
32712;POLYGON((1150255 -186196,1144286 -209206,926796 -137321,931109 -122207,1150255 -186196))
32713;POLYGON((1164067 -116383,1160166 -139768,938255 -91624,941070 -76184,1164067 -116383))
32714;POLYGON((1171350 -45783,1169673 -69369,945152 -45090,946408 -29469,1171350 -45783))
32715;POLYGON((1171758 25016,1172401 1434,947330 1837,946990 17487,1171758 25016))
32716;POLYGON((1165099 95357,1168110 72004,944704 48690,942758 64207,1165099 95357))
32717;POLYGON((1151321 164537,1156703 141651,937264 94982,933722 110202,1151321 164537))
32718;POLYGON((1130499 231836,1138213 209656,925065 140219,919961 154980,1130499 231836))
32719;POLYGON((1102819 296536,1112792 275301,908227 183916,901612 198057,1102819 296536))
32720;POLYGON((1068564 357940,1080692 337880,886926 225598,878872 238965,1068564 357940))
32721;POLYGON((1028108 415384,1042256 396715,861393 264812,851989 277259,1028108 415384))
32722;POLYGON((981897 468247,997910 451171,831910 301129,821259 312523,981897 468247))
32723;POLYGON((930447 515961,948145 500661,798801 334157,787022 344372,930447 515961))
32724;POLYGON((874329 558018,893517 544656,762433 363536,749653 372462,874329 558018))
32725;POLYGON((814163 593972,834628 582690,723204 388950,709565 396491,814163 593972))
32726;POLYGON((750607 623446,772127 614362,681545 410124,667197 416200,750607 623446))
32727;POLYGON((684355 646135,706695 639342,637913 426833,623012 431377,684355 646135))
32728;POLYGON((616122 661801,639041 657371,592782 438896,577490 441861,616122 661801))
32729;POLYGON((546643 670286,569895 668263,546644 446186,531127 447540,546643 670286))
32730;POLYGON((476664 671501,500000 671906,500000 448624,484426 448353,476664 671501))
32731;POLYGON((406935 665433,430104 668263,453355 446186,437895 444292,406935 665433))
32732;POLYGON((338205 652146,360958 657371,407217 438896,392037 435400,338205 652146))
32733;POLYGON((271211 631776,293304 639342,362086 426833,347352 421771,271211 631776))
32734;POLYGON((206678 604533,227872 614362,318454 410124,304325 403552,206678 604533))
32735;POLYGON((145307 570700,165371 582690,276795 388950,263427 380937,145307 570700))
32736;POLYGON((87769 530632,106482 544656,237566 363536,225105 354169,87769 530632))
32737;POLYGON((34697 484750,51854 500661,201198 334157,189780 323536,34697 484750))
32738;POLYGON((-13319 433543,2089 451171,168089 301129,157842 289370,-13319 433543))
32739;POLYGON((-55747 377559,-42256 396715,138606 264812,129641 252042,-55747 377559))
32740;POLYGON((-92114 317404,-80692 337880,113073 225598,105490 211957,-92114 317404))
32741;POLYGON((-122022 253726,-112792 275301,91772 183916,85654 169551,-122022 253726))
32742;POLYGON((-145156 187215,-138213 209656,74934 140219,70345 125287,-145156 187215))
32743;POLYGON((-161296 118582,-156703 141651,62735 94982,59722 79644,-161296 118582))
32744;POLYGON((-170329 48548,-168110 72004,55295 48690,53884 33111,-170329 48548))
32745;POLYGON((-172263 -22174,-172401 1434,52669 1837,52864 -13820,-172263 -22174))
32746;POLYGON((-167240 -92910,-169673 -69369,54847 -45090,56628 -60668,-167240 -92910))
32747;POLYGON((-155556 -163045,-160166 -139768,61744 -91624,65067 -106970,-155556 -163045))
32748;POLYGON((-137671 -232060,-144286 -209206,73203 -137321,77998 -152298,-137671 -232060))
32749;POLYGON((-114233 -299571,-122615 -277251,88986 -181785,95155 -196272,-114233 -299571))
32750;POLYGON((-86096 -365378,-95935 -343635,108772 -224678,116189 -238579,-86096 -365378))
32751;POLYGON((-54338 -429513,-65250 -408307,132152 -265740,140660 -278990,-54338 -429513))
32752;POLYGON((-20291 -492310,-31802 -471491,158627 -304811,168041 -317382,-20291 -492310))
32753;POLYGON((14441 -554469,2898 -533759,187606 -341852,197706 -353762,14441 -554469))
32754;POLYGON((47957 -617144,37051 -596103,218399 -376971,228932 -388293,47957 -617144))
32755;POLYGON((78022 -682032,68536 -660026,250216 -410452,260898 -421327,78022 -682032))
32756;POLYGON((102047 -751477,94885 -727647,282165 -442787,292675 -453430,102047 -751477))
32757;POLYGON((117051 -828592,113253 -801807,313249 -474710,323231 -485426,117051 -828592))
32758;POLYGON((119629 -917387,120379 -886202,342364 -507236,351424 -518433,119629 -917387))
32759;POLYGON((105915 -1022917,112555 -985521,368293 -541702,376002 -553905,105915 -1022917))
32760;POLYGON((903014 -1062858,85589 -1105607,389710 -579815,616840 -566583,903014 -1062858))
