32701;POLYGON((22756142 -37473309,23385935 -41866833,18585706 -39722915,18358471 -35646717,22756142 -37473309))
32702;POLYGON((20912010 -26417087,21518466 -29776655,17834561 -28485046,17543448 -25349110,20912010 -26417087))
32703;POLYGON((19149001 -17994748,19726803 -20548810,16915302 -19853637,16582670 -17453434,19149001 -17994748))
32704;POLYGON((17479049 -11614001,18024848 -13545414,15889998 -13257067,15533369 -11428393,17479049 -11614001))
32705;POLYGON((15908907 -6803376,16420963 -8257256,14806972 -8237596,14439783 -6849700,15908907 -6803376))
32706;POLYGON((14441138 -3190897,14919007 -4281367,13702968 -4431711,13335231 -3381365,14441138 -3190897))
32707;POLYGON((13074987 -485799,13519240 -1301770,12605075 -1553221,12243976 -759652,13074987 -485799))
32708;POLYGON((11807140 1536993,12219122 926939,11532439 621161,11182862 1220571,11807140 1536993))
32709;POLYGON((10632388 3049967,11014010 2593463,10497771 2264028,10162755 2717368,10632388 3049967))
32710;POLYGON((9544187 4183945,9897748 3841418,9508658 3507521,9189794 3851367,9544187 4183945))
32711;POLYGON((8535131 5037120,8863169 4778978,8568695 4451847,8266466 4713753,8535131 5037120))
32712;POLYGON((7597343 5682436,7902516 5486774,7678449 5172275,7392513 5372807,7597343 5682436))
32713;POLYGON((6722781 6173545,7007771 6024308,6836267 5724831,6565700 5879206,6722781 6173545))
32714;POLYGON((5903484 6549542,6170925 6435067,6038943 6150858,5782427 6270244,5903484 6549542))
32715;POLYGON((5131746 6838684,5384169 6750565,5282253 6480633,5038230 6573168,5131746 6838684))
32716;POLYGON((4400230 7061243,4640035 6993462,4561373 6736174,4328158 6807750,4400230 7061243))
32717;POLYGON((3702042 7231669,3931475 7179949,3871194 6933391,3647060 6988247,3702042 7231669))
32718;POLYGON((3030745 7360187,3251902 7321510,3206538 7083701,2989773 7124860,3030745 7360187))
32719;POLYGON((2380345 7453946,2595176 7426214,2562306 7195211,2351240 7224793,2380345 7453946))
32720;POLYGON((1745240 7517825,1955574 7499626,1933545 7273563,1726565 7293007,1745240 7517825))
32721;POLYGON((1120145 7554978,1327714 7545428,1315472 7322515,1111018 7332728,1120145 7554978))
32722;POLYGON((500000 7567173,706472 7565822,703449 7344328,500000 7345773,500000 7567173))
32723;POLYGON((-120145 7554978,86873 7561764,92932 7339987,-111018 7332728,-120145 7554978))
32724;POLYGON((-745240 7517825,-536016 7533066,-520598 7309297,-726565 7293007,-745240 7517825))
32725;POLYGON((-1380345 7453946,-1167210 7478372,-1141712 7250864,-1351240 7224793,-1380345 7453946))
32726;POLYGON((-2030745 7360187,-1811907 7395021,-1775090 7161961,-1989773 7124860,-2030745 7360187))
32727;POLYGON((-2702042 7231669,-2475593 7278758,-2425572 7038252,-2647060 6988247,-2702042 7231669))
32728;POLYGON((-3400230 7061243,-3164125 7123265,-3098163 6873350,-3328158 6807750,-3400230 7061243))
32729;POLYGON((-4131746 6838684,-3883788 6919452,-3798000 6658154,-4038230 6573168,-4131746 6838684))
32730;POLYGON((-4903484 6549542,-4641324 6654431,-4530257 6379900,-4782427 6270244,-4903484 6549542))
32731;POLYGON((-5722781 6173545,-5443929 6310079,-5299978 6020845,-5565700 5879206,-5722781 6173545))
32732;POLYGON((-6597343 5682436,-6299193 5861083,-6111826 5556487,-6392513 5372807,-6597343 5682436))
32733;POLYGON((-7535131 5037120,-7215013 5272325,-6969738 4953210,-7266466 4713753,-7535131 5037120))
32734;POLYGON((-8544187 4183945,-8199424 4495479,-7876468 4165221,-8189794 3851367,-8544187 4183945))
32735;POLYGON((-9632388 3049967,-9260389 3464628,-8833008 3130639,-9162755 2717368,-9632388 3049967))
32736;POLYGON((-10807140 1536993,-10405513 2090741,-9837881 1766574,-10182862 1220571,-10807140 1536993))
32737;POLYGON((-12074987 -485799,-11641673 254789,-10886276 -36975,-11243976 -759652,-12074987 -485799))
32738;POLYGON((-13441138 -3190897,-12974582 -2200708,-11969032 -2424608,-12335231 -3381365,-13441138 -3190897))
32739;POLYGON((-14908907 -6803376,-14408253 -5481959,-13071449 -5584585,-13439783 -6849700,-14908907 -6803376))
32740;POLYGON((-16479049 -11614001,-15944374 -9856230,-14171910 -9759701,-14533369 -11428393,-16479049 -11614001))
32741;POLYGON((-18149001 -17994748,-17581580 -15666538,-15240308 -15260201,-15582670 -17453434,-18149001 -17994748))
32742;POLYGON((-19912010 -26417087,-19314619 -23348978,-16236265 -22479000,-16543448 -25349110,-19912010 -26417087))
32743;POLYGON((-21756142 -37473309,-21133400 -33452992,-17107128 -31909468,-17358471 -35646717,-21756142 -37473309))
32744;POLYGON((-23663174 -51901256,-23021928 -46664936,-17785724 -44166076,-17955190 -49006212,-23663174 -51901256))
32745;POLYGON((-25607352 -70612795,-24957106 -63835257,-18187878 -60008188,-18243159 -66241143,-25607352 -70612795))
32746;POLYGON((-27554017 -94726418,-26907403 -86009679,-18209657 -80367344,-18111207 -88347146,-27554017 -94726418))
32747;POLYGON((-29458089 -125604345,-28831392 -114464762,-17724356 -106378336,-17424316 -116534379,-29458089 -125604345))
32748;POLYGON((-31262399 -164894553,-30676127 -150748241,-16579189 -139414446,-16020219 -152264225,-31262399 -164894553))
32749;POLYGON((-32895871 -214578148,-32375381 -196724565,-14591680 -181127207,-13705691 -197290635,-32895871 -214578148))
32750;POLYGON((-34271542 -277022527,-33847715 -254626088,-11545752 -233491059,-10252528 -253706514,-34271542 -277022527))
32751;POLYGON((-35284410 -355040798,-34994391 -327110336,-7187489 -298853308,-5393200 -323995534,-35284410 -355040798))
32752;POLYGON((-35809113 -451957924,-35697103 -417323870,-1220554 -379989791,1183843 -411089792,-35809113 -451957924))
32753;POLYGON((36284410 -355040798,36520376 -385066324,4408458 -351000799,6393200 -323995534,36284410 -355040798))
32754;POLYGON((35271542 -277022527,35655225 -301145194,9803425 -275459746,11252528 -253706514,35271542 -277022527))
32755;POLYGON((33895871 -214578148,34387865 -233845933,13693510 -214716349,14705691 -197290635,33895871 -214578148))
32756;POLYGON((32262399 -164894553,32829819 -180192513,16360378 -166144171,17020219 -152264225,32262399 -164894553))
32757;POLYGON((30458089 -125604345,31073816 -137675890,18044841 -127526088,18424316 -116534379,30458089 -125604345))
32758;POLYGON((28554017 -94726418,29195998 -104192401,18951322 -97000577,19111207 -88347146,28554017 -94726418))
32759;POLYGON((26607352 -70612795,27257961 -77988565,19251978 -73013566,19243159 -66241143,26607352 -70612795))
32760;POLYGON((24663174 -51901256,25308621 -57611834,19090519 -54275459,18955190 -49006212,24663174 -51901256))
