32701;POLYGON((36746903 -36999298,38703375 -41670039,33573294 -42968058,32066727 -38262154,36746903 -36999298))
32702;POLYGON((31524936 -25335037,33164070 -28863948,29278258 -30053014,27988474 -26486147,31524936 -25335037))
32703;POLYGON((27146809 -16564068,28521742 -19210800,25599481 -20285288,24493465 -17600360,27146809 -16564068))
32704;POLYGON((23469356 -10015577,24625222 -11986818,22442597 -12947905,21491887 -10939965,23469356 -10015577))
32705;POLYGON((20371376 -5158789,21346316 -6617537,19726353 -7470947,18906508 -5978106,20371376 -5158789))
32706;POLYGON((17750787 -1577803,18576867 -2651327,17381052 -3405597,16671155 -2301214,17750787 -1577803))
32707;POLYGON((15522045 1049916,16226091 263289,15347124 -401878,14729343 412102,15522045 1049916))
32708;POLYGON((13613837 2971787,14218172 2396929,13573838 1810281,13033021 2408968,13613837 2971787))
32709;POLYGON((11967008 4375428,12490117 3955607,12018136 3437026,11541452 3877303,11967008 4375428))
32710;POLYGON((10532716 5401423,10989839 5094312,10643589 4633919,10220203 4958371,10532716 5401423))
32711;POLYGON((9270806 6153821,9674455 5928232,9419458 5516987,9040243 5757116,9270806 6153821))
32712;POLYGON((8148381 6708671,8508795 6541911,8319866 6171746,7977144 6350581,8148381 6708671))
32713;POLYGON((7138550 7120882,7464096 6996636,7323052 6660489,7010371 6794673,7138550 7120882))
32714;POLYGON((6219353 7429632,6516863 7336306,6410729 7028081,6122662 7129516,6219353 7429632))
32715;POLYGON((5372830 7662579,5647898 7592017,5567503 7306506,5299477 7383621,5372830 7662579))
32716;POLYGON((4584232 7839068,4841461 7785583,4780384 7518360,4528523 7577075,4584232 7839068))
32717;POLYGON((3841356 7972526,4084567 7932180,4038341 7679480,3799338 7723927,3841356 7972526))
32718;POLYGON((3133976 8072204,3366389 8042292,3331929 7800892,3102930 7833932,3133976 8072204))
32719;POLYGON((2453380 8144414,2677757 8123100,2652958 7890207,2431461 7913795,2453380 8144414))
32720;POLYGON((1791976 8193372,2010745 8179444,1994203 7952588,1777969 7968022,1791976 8193372))
32721;POLYGON((1142953 8221760,1358315 8214469,1349149 7991410,1136122 7999495,1142953 8221760))
32722;POLYGON((500000 8231064,714020 8230034,711760 8008672,500000 8009814,500000 8231064))
32723;POLYGON((-142953 8221760,71736 8226939,76269 8005238,-136122 7999495,-142953 8221760))
32724;POLYGON((-791976 8193372,-574578 8205025,-563025 7980938,-777969 7968022,-791976 8193372))
32725;POLYGON((-1453380 8144414,-1231129 8163157,-1211956 7934547,-1431461 7913795,-1453380 8144414))
32726;POLYGON((-2133976 8072204,-1904529 8099081,-1876696 7863641,-2102930 7833932,-2133976 8072204))
32727;POLYGON((-2841356 7972526,-2602075 8009143,-2563968 7764306,-2799338 7723927,-2841356 7972526))
32728;POLYGON((-3584232 7839068,-3332068 7887807,-3281292 7630648,-3528523 7577075,-3584232 7839068))
32729;POLYGON((-4372830 7662579,-4104177 7726917,-4037240 7454046,-4299477 7383621,-4372830 7662579))
32730;POLYGON((-5219353 7429632,-4929891 7514604,-4841747 7222049,-5122662 7129516,-5219353 7429632))
32731;POLYGON((-6138550 7120882,-5823042 7233726,-5706453 6916814,-6010371 6794673,-6138550 7120882))
32732;POLYGON((-7148381 6708671,-6800437 6859710,-6645097 6512947,-6977144 6350581,-7148381 6708671))
32733;POLYGON((-8270806 6153821,-7882607 6357631,-7673980 5974607,-8040243 5757116,-8270806 6153821))
32734;POLYGON((-9532716 5401423,-9094687 5678363,-8812478 5251681,-9220203 4958371,-9532716 5401423))
32735;POLYGON((-10967008 4375428,-10467442 4753587,-10083648 4274847,-10541452 3877303,-10967008 4375428))
32736;POLYGON((-12613837 2971787,-12038460 3489448,-11514902 2949311,-12033021 2408968,-12613837 2971787))
32737;POLYGON((-14522045 1049916,-13853513 1758605,-13138777 1146962,-13729343 412102,-14522045 1049916))
32738;POLYGON((-16750787 -1577803,-15968127 -609583,-14993804 -1303286,-15671155 -2301214,-16750787 -1577803))
32739;POLYGON((-19371376 -5158789,-18449345 -3841032,-17125474 -4627284,-17906508 -5978106,-19371376 -5158789))
32740;POLYGON((-22469356 -10015577,-21377719 -8231361,-19587331 -9119823,-20491887 -10939965,-22469356 -10015577))
32741;POLYGON((-26146809 -16564068,-24849547 -14163130,-22442171 -15161566,-23493465 -17600360,-26146809 -16564068))
32742;POLYGON((-30524936 -25335037,-28979355 -22126214,-25763378 -23239049,-26988474 -26486147,-30524936 -25335037))
32743;POLYGON((-35746903 -36999298,-33902653 -32741710,-29636393 -33968130,-31066727 -38262154,-35746903 -36999298))
32744;POLYGON((-41980978 -52396926,-39778975 -46789757,-34160331 -48121273,-35832278 -53759829,-41980978 -52396926))
32745;POLYGON((-49423975 -72570966,-46795216 -65241704,-39449741 -66659068,-41405243 -74010273,-49423975 -72570966))
32746;POLYGON((-58305015 -98806067,-55169292 -89297049,-45636535 -90766428,-47923777 -100282087,-58305015 -98806067))
32747;POLYGON((-68889628 -132672521,-65154117 -120425623,-52872075 -121893906,-55546220 -134124504,-68889628 -132672521))
32748;POLYGON((-81484198 -176076197,-77041943 -160415504,-61329443 -161804603,-64453429 -177416273,-81484198 -176076197))
32749;POLYGON((-96440779 -231314871,-91169041 -211427154,-71205884 -212627174,-74851281 -232420801,-96440779 -231314871))
32750;POLYGON((-114162294 -301141507,-107920777 -276054326,-82725450 -276915427,-86973381 -301848081,-114162294 -301141507))
32751;POLYGON((-135108124 -388835030,-127737065 -357392276,-96141831 -357715072,-101083965 -388923933,-135108124 -388835030))
32752;POLYGON((-159800110 -498279175,-151118234 -459113851,-111741395 -458638159,-117481009 -497467145,-159800110 -498279175))
32753;POLYGON((136108124 -388835030,143894855 -422688831,107279846 -422512481,102083965 -388923933,136108124 -388835030))
32754;POLYGON((115162294 -301141507,121761555 -328208929,92441977 -328736816,87973381 -301848081,115162294 -301141507))
32755;POLYGON((97440779 -231314871,103019268 -252819153,79688008 -253812720,75851281 -232420801,97440779 -231314871))
32756;POLYGON((82484198 -176076197,87188481 -193048152,68742814 -194325693,65453429 -177416273,82484198 -176076197))
32757;POLYGON((69889628 -132672521,73848092 -145975893,59362911 -147401872,56546220 -134124504,69889628 -132672521))
32758;POLYGON((59305015 -98806067,62629689 -109160257,51333490 -110636219,48923777 -100282087,59305015 -98806067))
32759;POLYGON((50423975 -72570966,53212217 -80571333,44465642 -82028216,42405243 -74010273,50423975 -72570966))
32760;POLYGON((42980978 -52396926,45317041 -58532824,38593789 -59924523,36832278 -53759829,42980978 -52396926))
