32701;POLYGON((2754385 -18014084,1718846 -19693860,-100698 -15809666,1035103 -14572717,2754385 -18014084))
32702;POLYGON((5210135 -13563510,4491607 -14954503,2958382 -12275751,3763087 -11211346,5210135 -13563510))
32703;POLYGON((6855874 -9884359,6385324 -11033226,5097838 -9239988,5642126 -8328870,6855874 -9884359))
32704;POLYGON((7873548 -6850471,7594314 -7797063,6516795 -6645670,6858840 -5869691,7873548 -6850471))
32705;POLYGON((8411525 -4354380,8277572 -5132593,7378646 -4439594,7565863 -3781874,8411525 -4354380))
32706;POLYGON((8589480 -2304945,8563823 -2943481,7816128 -2572476,7886754 -2017510,8589480 -2304945))
32707;POLYGON((8502768 -625233,8556074 -1148280,7935884 -999224,7920385 -532936,8502768 -625233))
32708;POLYGON((8226327 749381,8335663 321541,7822532 320947,7744857 711190,8226327 749381))
32709;POLYGON((7818120 1872901,7965856 1523351,7542281 1424508,7420970 1749918,7818120 1872901))
32710;POLYGON((7322167 2790204,7495009 2504914,7146112 2343703,6995266 2614117,7322167 2790204))
32711;POLYGON((6771172 3538362,6959329 3305767,6672556 3106725,6502679 3330677,6771172 3538362))
32712;POLYGON((6188789 4147808,6385256 3958435,6150101 3737940,5968822 3922749,6188789 4147808))
32713;POLYGON((5591555 4643352,5791505 4489499,5599251 4258164,5411940 4410031,5591555 4643352))
32714;POLYGON((4990508 5045065,5190783 4920518,5034269 4684963,4844553 4809077,4990508 5045065))
32715;POLYGON((4392529 5369046,4591226 5268838,4464629 5032972,4274813 5133613,4392529 5369046))
32716;POLYGON((3801433 5628078,3997563 5548281,3896207 5314209,3707625 5394855,3801433 5628078))
32717;POLYGON((3218835 5832180,3412059 5769730,3332247 5538384,3145530 5601811,3218835 5832180))
32718;POLYGON((2644822 5989071,2835247 5941626,2774114 5713192,2589405 5761563,2644822 5989071))
32719;POLYGON((2078461 6104548,2266485 6070369,2221878 5844570,2038990 5879514,2078461 6104548))
32720;POLYGON((1518166 6182784,1704373 6160645,1674745 5936925,1493282 5959603,1518166 6182784))
32721;POLYGON((961960 6226555,1147040 6215675,1131380 5993315,950816 6004472,961960 6226555))
32722;POLYGON((407650 6237393,592349 6237393,590129 6015589,409870 6015589,407650 6237393))
32723;POLYGON((-147040 6215675,38039 6226555,49183 6004472,-131380 5993315,-147040 6215675))
32724;POLYGON((-704373 6160645,-518166 6182784,-493282 5959603,-674745 5936925,-704373 6160645))
32725;POLYGON((-1266485 6070369,-1078461 6104548,-1038990 5879514,-1221878 5844570,-1266485 6070369))
32726;POLYGON((-1835247 5941626,-1644822 5989071,-1589405 5761563,-1774114 5713192,-1835247 5941626))
32727;POLYGON((-2412059 5769730,-2218835 5832180,-2145530 5601811,-2332247 5538384,-2412059 5769730))
32728;POLYGON((-2997563 5548281,-2801433 5628078,-2707625 5394855,-2896207 5314209,-2997563 5548281))
32729;POLYGON((-3591226 5268838,-3392529 5369046,-3274813 5133613,-3464629 5032972,-3591226 5268838))
32730;POLYGON((-4190783 4920518,-3990508 5045065,-3844553 4809077,-4034269 4684963,-4190783 4920518))
32731;POLYGON((-4791505 4489499,-4591555 4643352,-4411940 4410031,-4599251 4258164,-4791505 4489499))
32732;POLYGON((-5385256 3958435,-5188789 4147808,-4968822 3922749,-5150101 3737940,-5385256 3958435))
32733;POLYGON((-5959329 3305767,-5771172 3538362,-5502679 3330677,-5672556 3106725,-5959329 3305767))
32734;POLYGON((-6495009 2504914,-6322167 2790204,-5995266 2614117,-6146112 2343703,-6495009 2504914))
32735;POLYGON((-6965856 1523351,-6818120 1872901,-6420970 1749918,-6542281 1424508,-6965856 1523351))
32736;POLYGON((-7335663 321541,-7226327 749381,-6744857 711190,-6822532 320947,-7335663 321541))
32737;POLYGON((-7556074 -1148280,-7502768 -625233,-6920385 -532936,-6935884 -999224,-7556074 -1148280))
32738;POLYGON((-7563823 -2943481,-7589480 -2304945,-6886754 -2017510,-6816128 -2572476,-7563823 -2943481))
32739;POLYGON((-7277572 -5132593,-7411525 -4354380,-6565863 -3781874,-6378646 -4439594,-7277572 -5132593))
32740;POLYGON((-6594314 -7797063,-6873548 -6850471,-5858840 -5869691,-5516795 -6645670,-6594314 -7797063))
32741;POLYGON((-5385324 -11033226,-5855874 -9884359,-4642126 -8328870,-4097838 -9239988,-5385324 -11033226))
32742;POLYGON((-3491607 -14954503,-4210135 -13563510,-2763087 -11211346,-1958382 -12275751,-3491607 -14954503))
32743;POLYGON((-718846 -19693860,-1754385 -18014084,-35103 -14572717,1100698 -15809666,-718846 -19693860))
32744;POLYGON((3168207 -25406536,1732324 -23383576,3767859 -18471693,5319883 -19901326,3168207 -25406536))
32745;POLYGON((8451915 -32273068,6515927 -29843734,8917253 -22969350,10987198 -24612387,8451915 -32273068))
32746;POLYGON((15468531 -40502641,12913920 -37593801,15736540 -28128147,18445012 -30005510,15468531 -40502641))
32747;POLYGON((24615614 -50336778,21302565 -46864088,24608403 -34010687,28097463 -36143021,24615614 -50336778))
32748;POLYGON((36360105 -62053405,32124736 -57919911,35982607 -40678196,40418540 -43085294,36360105 -62053405))
32749;POLYGON((51247082 -75971309,45898447 -71065917,50384541 -48188673,55960858 -50888783,51247082 -75971309))
32750;POLYGON((69909240 -92455028,63226092 -86650821,68424457 -56594703,75365137 -59603717,69909240 -92455028))
32751;POLYGON((93077114 -111920190,84804407 -105072600,90807453 -65940879,99370439 -69271381,93077114 -111920190))
32752;POLYGON((-110435209 -126784148,111435209 -126784148,118344209 -76260811,-117344209 -76260811,-110435209 -126784148))
32753;POLYGON((-83804407 -105072600,-92077114 -111920190,-98370439 -69271381,-89807453 -65940879,-83804407 -105072600))
32754;POLYGON((-62226092 -86650821,-68909240 -92455028,-74365137 -59603717,-67424457 -56594703,-62226092 -86650821))
32755;POLYGON((-44898447 -71065917,-50247082 -75971309,-54960858 -50888783,-49384541 -48188673,-44898447 -71065917))
32756;POLYGON((-31124736 -57919911,-35360105 -62053405,-39418540 -43085294,-34982607 -40678196,-31124736 -57919911))
32757;POLYGON((-20302565 -46864088,-23615614 -50336778,-27097463 -36143021,-23608403 -34010687,-20302565 -46864088))
32758;POLYGON((-11913920 -37593801,-14468531 -40502641,-17445012 -30005510,-14736540 -28128147,-11913920 -37593801))
32759;POLYGON((-5515927 -29843734,-7451915 -32273068,-9987198 -24612387,-7917253 -22969350,-5515927 -29843734))
32760;POLYGON((-732324 -23383576,-2168207 -25406536,-4319883 -19901326,-2767859 -18471693,-732324 -23383576))
