32601;POLYGON((2480113 10756525,2391540 10701209,2180909 10414434,2318804 10523929,2480113 10756525))
32602;POLYGON((2726357 10825184,2647863 10817162,2573215 10671157,2689521 10712977,2726357 10825184))
32603;POLYGON((2937051 10774701,2871176 10802821,2900024 10742296,2994179 10733147,2937051 10774701))
32604;POLYGON((3106526 10634811,3054855 10689754,3160364 10674798,3232486 10628324,3106526 10634811))
32605;POLYGON((3231622 10430234,3194961 10504273,3355149 10506903,3405884 10434152,3231622 10430234))
32606;POLYGON((3311196 10181346,3289730 10268134,3486749 10269479,3517149 10179307,3311196 10181346))
32607;POLYGON((3345686 9904783,3339118 9999156,3558630 9987182,3570034 9886608,3345686 9904783))
32608;POLYGON((3336736 9613980,3344405 9711784,3575025 9679480,3568968 9573997,3336736 9613980))
32609;POLYGON((3286871 9319648,3307856 9417588,3540667 9361537,3518796 9255379,3286871 9319648))
32610;POLYGON((3199220 9030206,3232425 9125706,3460554 9044981,3424559 8941354,3199220 9030206))
32611;POLYGON((3077282 8752161,3121512 8843244,3339759 8738560,3291322 8639842,3077282 8752161))
32612;POLYGON((2924740 8490437,2978757 8575617,3183280 8448711,3124029 8356617,2924740 8490437))
32613;POLYGON((2745312 8248671,2807882 8326863,2995921 8180033,2927396 8095761,2745312 8248671))
32614;POLYGON((2542633 8029469,2612558 8099904,2782203 7935698,2705840 7860048,2542633 8029469))
32615;POLYGON((2320176 7834626,2396320 7896784,2546311 7717784,2463424 7651255,2320176 7834626))
32616;POLYGON((2081195 7665320,2162500 7718866,2292065 7527558,2203842 7470433,2081195 7665320))
32617;POLYGON((1828704 7522267,1914194 7567005,2022904 7365705,1930412 7318119,1828704 7522267))
32618;POLYGON((1565467 7405862,1654246 7441688,1741910 7232520,1646100 7194508,1565467 7405862))
32619;POLYGON((1294012 7316285,1385262 7343158,1451832 7128049,1353553 7099595,1294012 7316285))
32620;POLYGON((1016665 7253592,1109632 7271502,1155133 7052214,1055153 7033278,1016665 7253592))
32621;POLYGON((735590 7217779,829567 7226731,854048 7004893,753073 6995436,735590 7217779))
32622;POLYGON((452844 7208827,547155 7208827,550651 6985983,449348 6985983,452844 7208827))
32623;POLYGON((170432 7226731,264409 7217779,246926 6995436,145951 7004893,170432 7226731))
32624;POLYGON((-109632 7271502,-16665 7253592,-55153 7033278,-155133 7052214,-109632 7271502))
32625;POLYGON((-385262 7343158,-294012 7316285,-353553 7099595,-451832 7128049,-385262 7343158))
32626;POLYGON((-654246 7441688,-565467 7405862,-646100 7194508,-741910 7232520,-654246 7441688))
32627;POLYGON((-914194 7567005,-828704 7522267,-930412 7318119,-1022904 7365705,-914194 7567005))
32628;POLYGON((-1162500 7718866,-1081195 7665320,-1203842 7470433,-1292065 7527558,-1162500 7718866))
32629;POLYGON((-1396320 7896784,-1320176 7834626,-1463424 7651255,-1546311 7717784,-1396320 7896784))
32630;POLYGON((-1612558 8099904,-1542633 8029469,-1705840 7860048,-1782203 7935698,-1612558 8099904))
32631;POLYGON((-1807882 8326863,-1745312 8248671,-1927396 8095761,-1995921 8180033,-1807882 8326863))
32632;POLYGON((-1978757 8575617,-1924740 8490437,-2124029 8356617,-2183280 8448711,-1978757 8575617))
32633;POLYGON((-2121512 8843244,-2077282 8752161,-2291322 8639842,-2339759 8738560,-2121512 8843244))
32634;POLYGON((-2232425 9125706,-2199220 9030206,-2424559 8941354,-2460554 9044981,-2232425 9125706))
32635;POLYGON((-2307856 9417588,-2286871 9319648,-2518796 9255379,-2540667 9361537,-2307856 9417588))
32636;POLYGON((-2344405 9711784,-2336736 9613980,-2568968 9573997,-2575025 9679480,-2344405 9711784))
32637;POLYGON((-2339118 9999156,-2345686 9904783,-2570034 9886608,-2558630 9987182,-2339118 9999156))
32638;POLYGON((-2289730 10268134,-2311196 10181346,-2517149 10179307,-2486749 10269479,-2289730 10268134))
32639;POLYGON((-2194961 10504273,-2231622 10430234,-2405884 10434152,-2355149 10506903,-2194961 10504273))
32640;POLYGON((-2054855 10689754,-2106526 10634811,-2232486 10628324,-2160364 10674798,-2054855 10689754))
32641;POLYGON((-1871176 10802821,-1937051 10774701,-1994179 10733147,-1900024 10742296,-1871176 10802821))
32642;POLYGON((-1647863 10817162,-1726357 10825184,-1689521 10712977,-1573215 10671157,-1647863 10817162))
32643;POLYGON((-1391540 10701209,-1480113 10756525,-1318804 10523929,-1180909 10414434,-1391540 10701209))
32644;POLYGON((-1112088 10417371,-1207045 10533231,-884515 10112429,-726434 9914972,-1112088 10417371))
32645;POLYGON((-823292 9921177,-919563 10113226,-391848 9413581,-216011 9103702,-823292 9921177))
32646;POLYGON((-543545 9160337,-634440 9446935,150722 8349326,340652 7897731,-543545 9160337))
32647;POLYGON((-296638 8073705,-373576 8476288,730804 6826376,929708 6198191,-296638 8073705))
32648;POLYGON((-112616 6590139,-164830 7133605,1331387 4733903,1532436 3887853,-112616 6590139))
32649;POLYGON((-28717 4627248,-42934 5340392,1930071 1940971,2124459 828455,-28717 4627248))
32650;POLYGON((-90396 2090034,-50484 3006013,2498227 -1706328,2674870 -3142253,-90396 2090034))
32651;POLYGON((-352431 -1130609,-239024 26238,3000085 -6388031,3145303 -8213779,-352431 -1130609))
32652;POLYGON((1670206 -3718335,-670206 -3718335,3391736 -12313799,-2391736 -12313799,1670206 -3718335))
32653;POLYGON((1239024 26238,1352431 -1130609,-2145303 -8213779,-2000085 -6388031,1239024 26238))
32654;POLYGON((1050484 3006013,1090396 2090034,-1674870 -3142253,-1498227 -1706328,1050484 3006013))
32655;POLYGON((1042934 5340392,1028717 4627248,-1124459 828455,-930071 1940971,1042934 5340392))
32656;POLYGON((1164830 7133605,1112616 6590139,-532436 3887853,-331387 4733903,1164830 7133605))
32657;POLYGON((1373576 8476288,1296638 8073705,70291 6198191,269195 6826376,1373576 8476288))
32658;POLYGON((1634440 9446935,1543545 9160337,659347 7897731,849277 8349326,1634440 9446935))
32659;POLYGON((1919563 10113226,1823292 9921177,1216011 9103702,1391848 9413581,1919563 10113226))
32660;POLYGON((2207045 10533231,2112088 10417371,1726434 9914972,1884515 10112429,2207045 10533231))
