32601;POLYGON((5352564 30547312,4523143 32621407,7298917 36370203,7929385 33842294,5352564 30547312))
32602;POLYGON((7267942 25143960,6717296 26817631,8935987 29336600,9325831 27333195,7267942 25143960))
32603;POLYGON((8475161 20790157,8140581 22137730,9909649 23767272,10114834 22183788,8475161 20790157))
32604;POLYGON((9138987 17288924,8969252 18371955,10377004 19368453,10443055 18119550,9138987 17288924))
32605;POLYGON((9393063 14477665,9346788 15346874,10465383 15900902,10428900 14917374,9393063 14477665))
32606;POLYGON((9344513 12222856,9388672 12919821,10276732 13170998,10166746 12397080,9344513 12222856))
32607;POLYGON((9078064 10415433,9186669 10974049,9891536 11023042,9730724 10414089,9078064 10415433))
32608;POLYGON((8659707 8966779,8812635 9414536,9372319 9332637,9178073 8853138,8659707 8966779))
32609;POLYGON((8139933 7805289,8321893 8164357,8766727 8001045,8552104 7622938,8139933 7805289))
32610;POLYGON((7556559 6873417,7756194 7161580,8110242 6950398,7884783 6651652,7556559 6873417))
32611;POLYGON((6937184 6125175,7146293 6356615,7428533 6119683,7198972 5883107,6937184 6125175))
32612;POLYGON((6301294 5524014,6514167 5709982,6739481 5461388,6510352 5273653,6301294 5524014))
32613;POLYGON((5662052 5041058,5874906 5190422,6054895 4938740,5829042 4789571,5662052 5041058))
32614;POLYGON((5027785 4653628,5238300 4773340,5381956 4523446,5160956 4404968,5027785 4653628))
32615;POLYGON((4403215 4344036,4610153 4439503,4724400 4193862,4508905 4100078,4403215 4344036))
32616;POLYGON((3790448 4098593,3993345 4173985,4083478 3933540,3873488 3859916,3790448 4098593))
32617;POLYGON((3189754 3906817,3388684 3965314,3458709 3730076,3253783 3673214,3189754 3906817))
32618;POLYGON((2600157 3760801,2795553 3804786,2848458 3574218,2647873 3531612,2600157 3760801))
32619;POLYGON((2019883 3654727,2212404 3685932,2250361 3459187,2053222 3429036,2019883 3654727))
32620;POLYGON((1446664 3584489,1637106 3604111,1661624 3380175,1466939 3361248,1446664 3584489))
32621;POLYGON((877956 3547434,1067189 3556208,1079218 3333984,885948 3325528,877956 3547434))
32622;POLYGON((311072 3542183,500000 3540435,500000 3318785,307084 3320469,311072 3542183))
32623;POLYGON((-256725 3568543,-67189 3556208,-79218 3333984,-272843 3345873,-256725 3568543))
32624;POLYGON((-828148 3627491,-637106 3604111,-661624 3380175,-857014 3402738,-828148 3627491))
32625;POLYGON((-1405801 3721240,-1212404 3685932,-1250361 3459187,-1448542 3493328,-1405801 3721240))
32626;POLYGON((-1992063 3853387,-1795553 3804786,-1848458 3574218,-2050396 3621345,-1992063 3853387))
32627;POLYGON((-2588903 4029143,-2388684 3965314,-2458709 3730076,-2665253 3792208,-2588903 4029143))
32628;POLYGON((-3197603 4255671,-2993345 4173985,-3083478 3933540,-3295271 4013457,-3197603 4255671))
32629;POLYGON((-3818368 4542532,-3610153 4439503,-3724400 4193862,-3941757 4295308,-3818368 4542532))
32630;POLYGON((-4449780 4902266,-4238300 4773340,-4381956 4523446,-4604685 4651405,-4449780 4902266))
32631;POLYGON((-5088088 5351129,-4874906 5190422,-5054895 4938740,-5282069 5099784,-5088088 5351129))
32632;POLYGON((-5726291 5910014,-5514167 5709982,-5739481 5461388,-5969144 5664126,-5726291 5910014))
32633;POLYGON((-6352990 6605581,-6146293 6356615,-6428533 6119683,-6657328 6375329,-6352990 6605581))
32634;POLYGON((-6950990 7471639,-6756194 7161580,-7110242 6950398,-7332962 7273471,-6950990 7471639))
32635;POLYGON((-7495615 8550814,-7321893 8164357,-7766727 8001045,-7975774 8410230,-7495615 8550814))
32636;POLYGON((-7952707 9896541,-7812635 9414536,-8372319 9332637,-8557067 9851833,-7952707 9896541))
32637;POLYGON((-8276296 11575434,-8186669 10974049,-8891536 11023042,-9037580 11682623,-8276296 11575434))
32638;POLYGON((-8405897 13670082,-8388672 12919821,-9276732 13170998,-9365027 14009319,-8405897 13670082))
32639;POLYGON((-8263413 16282319,-8346788 15346874,-9465383 15900902,-9471262 16966079,-8263413 16282319))
32640;POLYGON((-7749620 19537033,-7969252 18371955,-9377004 19368453,-9269053 20720456,-7749620 19537033))
32641;POLYGON((-6740202 23586574,-7140581 22137730,-8909649 23767272,-8648453 25480365,-6740202 23586574))
32642;POLYGON((-5081310 28615826,-5717296 26817631,-7935987 29336600,-7472715 31502170,-5081310 28615826))
32643;POLYGON((-2584617 34848012,-3523143 32621407,-6298917 36370203,-5573761 39100019,-2584617 34848012))
32644;POLYGON((978158 42551303,-343800 39801459,-3806702 45226612,-2747141 48656551,978158 42551303))
32645;POLYGON((5881287 52046316,4078964 48660033,-227600 56340820,1253510 60635123,5881287 52046316))
32646;POLYGON((12451646 63714581,10053722 59557350,4716047 70237590,6722564 75593678,12451646 63714581))
32647;POLYGON((21075956 78008046,17946402 72920759,11354276 87546523,14009052 94200435,21075956 78008046))
32648;POLYGON((32208654 95459736,28187953 89255003,20076550 109019025,23523916 117251528,32208654 95459736))
32649;POLYGON((46380438 116695641,41282662 109153682,31339411 135547357,35747870 145690780,46380438 116695641))
32650;POLYGON((64207503 142447930,57817154 133312016,45674780 168185911,51239916 180631773,64207503 142447930))
32651;POLYGON((86401507 173569598,78470114 162541006,63698899 208174916,70646511 223382389,86401507 173569598))
32652;POLYGON((-93908018 185303515,104022744 197783093,86121973 256966731,-77110828 239625463,-93908018 185303515))
32653;POLYGON((-70082194 152179315,-77470114 162541006,-62698899 208174916,-56239202 193943551,-70082194 152179315))
32654;POLYGON((-50883571 124738429,-56817154 133312016,-44674780 168185911,-39518732 156555023,-50883571 124738429))
32655;POLYGON((-35566328 102084066,-40282662 109153682,-30339411 135547357,-26271648 126081321,-35566328 102084066))
32656;POLYGON((-23483593 83445483,-27187953 89255003,-19076550 109019025,-15910852 101346950,-23483593 83445483))
32657;POLYGON((-14077230 68162835,-16946402 72920759,-10354276 87546523,-7930510 81354072,-14077230 68162835))
32658;POLYGON((-6868366 55673493,-9053722 59557350,-3716047 70237590,-1897328 65259630,-6868366 55673493))
32659;POLYGON((-1448613 45499726,-3078964 48660033,1227600 56340820,2557526 52354829,-1448613 45499726))
32660;POLYGON((2528016 37237643,1343800 39801459,4806702 45226612,5745876 42046803,2528016 37237643))
