32601;POLYGON((650761 10892677,3447 10661252,-361485 11400519,380156 11576130,650761 10892677))
32602;POLYGON((2252514 11258559,1771563 11185157,1659381 11762108,2206064 11785018,2252514 11258559))
32603;POLYGON((3418152 11251190,3072661 11286825,3134412 11718159,3523704 11637971,3418152 11251190))
32604;POLYGON((4230391 10993847,3994380 11101107,4169935 11404882,4433222 11259164,4230391 10993847))
32605;POLYGON((4758473 10579602,4610244 10730428,4854575 10924823,5017884 10741467,4758473 10579602))
32606;POLYGON((5059966 10077322,4981522 10251117,5261645 10353563,5346393 10152775,5059966 10077322))
32607;POLYGON((5182379 9536728,5158909 9718769,5451314 9745372,5474975 9541347,5182379 9536728))
32608;POLYGON((5164614 8992632,5184024 9172741,5472532 9137936,5449234 8940249,5164614 8992632))
32609;POLYGON((5038257 8468434,5090758 8639891,5364755 8556275,5305809 8371025,5038257 8468434))
32610;POLYGON((4828719 7978984,4906462 8137635,5159465 8015945,5073827 7846674,4828719 7978984))
32611;POLYGON((4556241 7532885,4652996 7676436,4881502 7525613,4776183 7374048,4556241 7532885))
32612;POLYGON((4236777 7134324,4347654 7261774,4550230 7089106,4430646 6955733,4236777 7134324))
32613;POLYGON((3882750 6784492,4003957 6895703,4180542 6707000,4050816 6591508,3882750 6784492))
32614;POLYGON((3503710 6482675,3632347 6578042,3783721 6377832,3646940 6279443,3503710 6482675))
32615;POLYGON((3106894 6227059,3240775 6307269,3368168 6099001,3226603 6016713,3106894 6227059))
32616;POLYGON((2697702 6015317,2835205 6081174,2940019 5867412,2795303 5800167,2697702 6015317))
32617;POLYGON((2280093 5845023,2420036 5897328,2503654 5679930,2356932 5626728,2280093 5845023))
32618;POLYGON((1856923 5713923,1998458 5753394,2062120 5533672,1914171 5493644,1856923 5713923))
32619;POLYGON((1430226 5620112,1572751 5647338,1617472 5426200,1468814 5398650,1430226 5620112))
32620;POLYGON((1001451 5562149,1144535 5577555,1171063 5355621,1022031 5340054,1001451 5562149))
32621;POLYGON((571666 5539109,714984 5542944,723775 5320655,574595 5316784,571666 5539109))
32622;POLYGON((141743 5550619,285015 5542944,276224 5320655,127071 5328407,141743 5550619))
32623;POLYGON((-287473 5596865,-144535 5577555,-171063 5355621,-320000 5375140,-287473 5596865))
32624;POLYGON((-715001 5678591,-572751 5647338,-617472 5426200,-765939 5457843,-715001 5678591))
32625;POLYGON((-1139540 5797071,-998458 5753394,-1062120 5533672,-1209729 5578005,-1139540 5797071))
32626;POLYGON((-1559274 5954064,-1420036 5897328,-1503654 5679930,-1649811 5737709,-1559274 5954064))
32627;POLYGON((-1971650 6151724,-1835205 6081174,-1940019 5867412,-2083833 5939556,-1971650 6151724))
32628;POLYGON((-2373112 6392445,-2240775 6307269,-2368168 6099001,-2508347 6186538,-2373112 6392445))
32629;POLYGON((-2758782 6678625,-2632347 6578042,-2783721 6377832,-2918439 6481818,-2758782 6678625))
32630;POLYGON((-3122083 7012304,-3003957 6895703,-3180542 6707000,-3307278 6828384,-3122083 7012304))
32631;POLYGON((-3454295 7394641,-3347654 7261774,-3550230 7089106,-3665576 7228540,-3454295 7394641))
32632;POLYGON((-3744018 7825185,-3652996 7676436,-3881502 7525613,-3980935 7683185,-3744018 7825185))
32633;POLYGON((-3976557 8300889,-3906462 8137635,-4159465 8015945,-4237074 8190810,-3976557 8300889))
32634;POLYGON((-4133190 8814804,-4090758 8639891,-4364755 8556275,-4412922 8746174,-4133190 8814804))
32635;POLYGON((-4190334 9354392,-4184024 9172741,-4472532 9137936,-4481563 9338564,-4190334 9354392))
32636;POLYGON((-4118583 9899391,-4158909 9718769,-4451314 9745372,-4409014 9949585,-4118583 9899391))
32637;POLYGON((-3881609 10419152,-3981522 10251117,-4261645 10353563,-4152834 10550384,-3881609 10419152))
32638;POLYGON((-3434925 10869353,-3610244 10730428,-3854575 10924823,-3660533 11098219,-3434925 10869353))
32639;POLYGON((-2724486 11188029,-2994380 11101107,-3169935 11404882,-2867787 11532288,-2724486 11188029))
32640;POLYGON((-1685134 11290793,-2072661 11286825,-2134412 11718159,-1696431 11768698,-1685134 11290793))
32641;POLYGON((-238855 11065167,-771563 11185157,-659381 11762108,-52218 11694478,-238855 11065167))
32642;POLYGON((1707139 10363899,996552 10661252,1361485 11400519,2177661 11160518,1707139 10363899))
32643;POLYGON((4262532 8997167,3335489 9540418,4054882 10455676,5127323 9973300,4262532 8997167))
32644;POLYGON((7556230 6723538,6367474 7599512,7570785 8699215,8955203 7885307,7556230 6723538))
32645;POLYGON((11738904 3239563,10235626 4557003,12085657 5841571,13847356 4583963,11738904 3239563))
32646;POLYGON((16985761 -1832129,15106652 61582,17805951 1519861,20021060 -321038,16985761 -1832129))
32647;POLYGON((23499560 -8956385,21173776 -6320827,24971913 -4715943,27728729 -7312165,23499560 -8956385))
32648;POLYGON((31513867 -18700845,28659919 -15121780,33861716 -13418705,37262155 -16980386,31513867 -18700845))
32649;POLYGON((41296574 -31753221,37821121 -26986921,44795930 -25261829,48957090 -30043602,41296574 -31753221))
32650;POLYGON((53153688 -48940651,48950248 -42694625,58142335 -41059174,63198189 -47367313,53153688 -48940651))
32651;POLYGON((67433403 -71251320,62380961 -63176846,74321110 -61787320,80424309 -69987725,67433403 -71251320))
32652;POLYGON((-56625923 -55754405,-61380961 -63176846,-73321110 -61787320,-67585219 -54262361,-56625923 -55754405))
32653;POLYGON((-44002169 -36977649,-47950248 -42694625,-57142335 -41059174,-52400712 -35297361,-44002169 -36977649))
32654;POLYGON((-33563991 -22646311,-36821121 -26986921,-43795930 -25261829,-39902359 -20918077,-33563991 -22646311))
32655;POLYGON((-24991785 -11882090,-27659919 -15121780,-32861716 -13418705,-29688046 -10204799,-24991785 -11882090))
32656;POLYGON((-18005389 -3953059,-20173776 -6320827,-23971913 -4715943,-21406286 -2392839,-18005389 -3953059))
32657;POLYGON((-12360198 1746428,-14106652 61582,-16805951 1519861,-14751160 3148927,-12360198 1746428))
32658;POLYGON((-7843560 5713688,-9235626 4557003,-11085657 5841571,-9457617 6937220,-7843560 5713688))
32659;POLYGON((-4271431 8353658,-5367474 7599512,-6570785 8699215,-5297117 9391371,-4271431 8353658))
32660;POLYGON((-1485279 9993029,-2335489 9540418,-3054882 10455676,-2073613 10848375,-1485279 9993029))
