32601;POLYGON((2179697 10363019,1910888 10205310,1546625 10116266,1893629 10310309,2179697 10363019))
32602;POLYGON((2861541 10628584,2654103 10571137,2501823 10571140,2765976 10646485,2861541 10628584))
32603;POLYGON((3375248 10651354,3221279 10665915,3221333 10705998,3415132 10696867,3375248 10651354))
32604;POLYGON((3742992 10503669,3635352 10568065,3741033 10615589,3875399 10548618,3742992 10503669))
32605;POLYGON((3984753 10241839,3917017 10338891,4092239 10373332,4176680 10268957,3984753 10241839))
32606;POLYGON((4118453 9909074,4084868 10025671,4302175 10035281,4344930 9908924,4118453 9909074))
32607;POLYGON((4160078 9537991,4155522 9664299,4394396 9643490,4402570 9506566,4160078 9537991))
32608;POLYGON((4123810 9152738,4143749 9281532,4389181 9228871,4368869 9089633,4123810 9152738))
32609;POLYGON((4022154 8770776,4062599 8896882,4303893 8813582,4260293 8677825,4022154 8770776))
32610;POLYGON((3866060 8404366,3923525 8524193,4153314 8413010,4090832 8284649,3866060 8404366))
32611;POLYGON((3665048 8061788,3736511 8172953,3949942 8037402,3872287 7918945,3665048 8061788))
32612;POLYGON((3427332 7748342,3510192 7849357,3704276 7693177,3614547 7586104,3427332 7748342))
32613;POLYGON((3159939 7467148,3251978 7557173,3425065 7383990,3325830 7289053,3159939 7467148))
32614;POLYGON((2868835 7219788,2968176 7298432,3119542 7111560,3012912 7029019,2868835 7219788))
32615;POLYGON((2559040 7006796,2664107 7073972,2793637 6876316,2681336 6806117,2559040 7006796))
32616;POLYGON((2234751 6828054,2344229 6883854,2452177 6677891,2335598 6619800,2234751 6828054))
32617;POLYGON((1899458 6683075,2012255 6727688,2099061 6515485,1979326 6469188,1899458 6683075))
32618;POLYGON((1556065 6571220,1671271 6604865,1737429 6388134,1615447 6353308,1556065 6571220))
32619;POLYGON((1207008 6491858,1323856 6514737,1369824 6294900,1246332 6271261,1207008 6491858))
32620;POLYGON((854370 6444468,972196 6456737,998331 6234998,873950 6222336,854370 6444468))
32621;POLYGON((500000 6428710,618207 6430460,624726 6207884,500000 6206079,500000 6428710))
32622;POLYGON((145629 6444468,263647 6435711,250604 6213301,126049 6222336,145629 6444468))
32623;POLYGON((-207008 6491858,-89765 6472530,-122479 6251301,-246332 6271261,-207008 6491858))
32624;POLYGON((-556065 6571220,-440233 6541185,-492886 6322240,-615447 6353308,-556065 6571220))
32625;POLYGON((-899458 6683075,-785765 6642142,-858751 6426750,-979326 6469188,-899458 6683075))
32626;POLYGON((-1234751 6828054,-1124055 6776006,-1217853 6565677,-1335598 6619800,-1234751 6828054))
32627;POLYGON((-1559040 7006796,-1452368 6943429,-1567468 6739986,-1681336 6806117,-1559040 7006796))
32628;POLYGON((-1868835 7219788,-1767424 7144967,-1904218 6950610,-2012912 7029019,-1868835 7219788))
32629;POLYGON((-2159939 7467148,-2065273 7380892,-2223916 7198239,-2325830 7289053,-2159939 7467148))
32630;POLYGON((-2427332 7748342,-2341183 7650922,-2521387 7483021,-2614547 7586104,-2427332 7748342))
32631;POLYGON((-2665048 8061788,-2589517 7953876,-2790291 7804159,-2872287 7918945,-2665048 8061788))
32632;POLYGON((-2866060 8404366,-2803616 8287210,-3022912 8159369,-3090832 8284649,-2866060 8404366))
32633;POLYGON((-3022154 8770776,-2975673 8646431,-3209946 8544176,-3260293 8677825,-3022154 8770776))
32634;POLYGON((-3123810 9152738,-3096619 9024352,-3340257 8951016,-3368869 9089633,-3123810 9152738))
32635;POLYGON((-3160078 9537991,-3155992 9410163,-3400618 9368089,-3402570 9506566,-3160078 9537991))
32636;POLYGON((-3118453 9909074,-3141822 9788289,-3375420 9777948,-3344930 9908924,-3118453 9909074))
32637;POLYGON((-2984753 10241839,-3040499 10136992,-3246368 10155758,-3176680 10268957,-2984753 10241839))
32638;POLYGON((-2742992 10503669,-2836651 10426697,-2992132 10467178,-2875399 10548618,-2742992 10503669))
32639;POLYGON((-2375248 10651354,-2513017 10617984,-2587979 10665830,-2415132 10696867,-2375248 10651354))
32640;POLYGON((-1861541 10628584,-2050317 10659214,-2005371 10690274,-1765976 10646485,-1861541 10628584))
32641;POLYGON((-1179697 10363019,-1427124 10483743,-1211523 10460451,-893629 10310309,-1179697 10363019))
32642;POLYGON((-305219 9762868,-619727 10006676,-168932 9873513,241099 9576857,-305219 9762868))
32643;POLYGON((788848 8712955,397991 9121104,1165140 8798989,1682815 8305246,788848 8712955))
32644;POLYGON((2132055 7070187,1654703 7693782,2839224 7073194,3482104 6319341,2132055 7070187))
32645;POLYGON((3756680 4658390,3181761 5560178,4908231 4492832,5696151 3401066,3756680 4658390))
32646;POLYGON((5697872 1262438,5013342 2518849,7434105 807691,8389393 -717218,5697872 1262438))
32647;POLYGON((7993791 -3378379,7186586 -1674933,10486508 -4287637,11634226 -6361343,7993791 -3378379))
32648;POLYGON((10685752 -9577821,9741742 -7316363,14143561 -11163108,15511764 -13925052,10685752 -9577821))
32649;POLYGON((13818370 -17711054,12722308 -14759150,18492633 -20263726,20112643 -23880917,13818370 -17711054))
32650;POLYGON((17439709 -28223985,16175181 -24424521,23631184 -32121306,25537884 -36792527,17439709 -28223985))
32651;POLYGON((21601429 -41643636,20150805 -36811240,29667665 -47367569,31899811 -53328071,21601429 -41643636))
32652;POLYGON((-16439709 -28223985,-17764249 -32345656,-26548559 -41865425,-24537884 -36792527,-16439709 -28223985))
32653;POLYGON((-12818370 -17711054,-13968705 -20926702,-20824156 -27825664,-19112643 -23880917,-12818370 -17711054))
32654;POLYGON((-9685752 -9577821,-10678695 -12053563,-15960253 -16952044,-14511764 -13925052,-9685752 -9577821))
32655;POLYGON((-6993791 -3378379,-7844972 -5254502,-11852167 -8647689,-10634226 -6361343,-6993791 -3378379))
32656;POLYGON((-4697872 1262438,-5421790 -131856,-8405897 -2411108,-7389393 -717218,-4697872 1262438))
32657;POLYGON((-2756680 4658390,-3366749 3647625,-5537250 2176443,-4696151 3401066,-2756680 4658390))
32658;POLYGON((-1132055 7070187,-1640653 6361464,-3171010 5462298,-2482104 6319341,-1132055 7070187))
32659;POLYGON((211151 8712955,-207365 8239204,-1240166 7732480,-682815 8305246,211151 8712955))
32660;POLYGON((1305219 9762868,966333 9469316,314807 9220694,758900 9576857,1305219 9762868))
