32701;POLYGON((2179697 -363019,1910888 -205310,2211052 -364447,2411818 -479802,2179697 -363019))
32702;POLYGON((2861541 -628584,2654103 -571137,2769320 -624059,2926980 -658484,2861541 -628584))
32703;POLYGON((3375248 -651354,3221279 -665915,3202409 -664274,3321084 -640041,3375248 -651354))
32704;POLYGON((3742992 -503669,3635352 -568065,3522581 -547112,3606279 -481886,3742992 -503669))
32705;POLYGON((3984753 -241839,3917017 -338891,3741714 -321582,3794288 -229205,3984753 -241839))
32706;POLYGON((4118453 90925,4084868 -25671,3871182 -25936,3896292 82884,4118453 90925))
32707;POLYGON((4160078 462008,4155522 335700,3921750 310380,3922835 427491,4160078 462008))
32708;POLYGON((4123810 847261,4143749 718467,3903493 665064,3883748 784369,4123810 847261))
32709;POLYGON((4022154 1229223,4062599 1103117,3825745 1021547,3788109 1138585,4022154 1229223))
32710;POLYGON((3866060 1595633,3923525 1475806,3697056 1367800,3644203 1479392,3866060 1595633))
32711;POLYGON((3665048 1938211,3736511 1827046,3525181 1695341,3459517 1799304,3665048 1938211))
32712;POLYGON((3427332 2251657,3510192 2150642,3317075 1998416,3240745 2093317,3427332 2251657))
32713;POLYGON((3159939 2532851,3251978 2442826,3078916 2273324,2993809 2358286,3159939 2532851))
32714;POLYGON((2868835 2780211,2968176 2701567,2816129 2517867,2723896 2592415,2868835 2780211))
32715;POLYGON((2559040 2993203,2664107 2926027,2533438 2730919,2435507 2794854,2559040 2993203))
32716;POLYGON((2234751 3171945,2344229 3116145,2234921 2912077,2132517 2965376,2234751 3171945))
32717;POLYGON((1899458 3316924,2012255 3272311,1924073 3061391,1818247 3104133,1899458 3316924))
32718;POLYGON((1556065 3428779,1671271 3395134,1603889 3179156,1495543 3211468,1556065 3428779))
32719;POLYGON((1207008 3508141,1323856 3485262,1276947 3265765,1166860 3287777,1207008 3508141))
32720;POLYGON((854370 3555531,972196 3543262,945493 3321588,834359 3333406,854370 3555531))
32721;POLYGON((500000 3571289,618207 3569539,611544 3346902,500000 3348588,500000 3571289))
32722;POLYGON((145629 3555531,263647 3564288,276979 3341842,165640 3333406,145629 3555531))
32723;POLYGON((-207008 3508141,-89765 3527469,-56351 3306381,-166860 3287777,-207008 3508141))
32724;POLYGON((-556065 3428779,-440233 3458814,-386534 3240333,-495543 3211468,-556065 3428779))
32725;POLYGON((-899458 3316924,-785765 3357857,-711488 3143383,-818247 3104133,-899458 3316924))
32726;POLYGON((-1234751 3171945,-1124055 3223993,-1028864 3015143,-1132517 2965376,-1234751 3171945))
32727;POLYGON((-1559040 2993203,-1452368 3056570,-1335958 2855239,-1435507 2794854,-1559040 2993203))
32728;POLYGON((-1868835 2780211,-1767424 2855032,-1629616 2663437,-1723896 2592415,-1868835 2780211))
32729;POLYGON((-2159939 2532851,-2065273 2619107,-1906155 2439814,-1993809 2358286,-2159939 2532851))
32730;POLYGON((-2427332 2251657,-2341183 2349077,-2161292 2184979,-2240745 2093317,-2427332 2251657))
32731;POLYGON((-2665048 1938211,-2589517 2046123,-2390072 1900374,-2459517 1799304,-2665048 1938211))
32732;POLYGON((-2866060 1595633,-2803616 1712789,-2586825 1588643,-2644203 1479392,-2866060 1595633))
32733;POLYGON((-3022154 1229223,-2975673 1353568,-2745117 1254106,-2788109 1138585,-3022154 1229223))
32734;POLYGON((-3123810 847261,-3096619 975647,-2857727 903344,-2883748 784369,-3123810 847261))
32735;POLYGON((-3160078 462008,-3155992 589836,-2916634 545922,-2922835 427491,-3160078 462008))
32736;POLYGON((-3118453 90925,-3141822 211710,-2913024 195262,-2896292 82884,-3118453 90925))
32737;POLYGON((-2984753 -241839,-3040499 -136992,-2837311 -130296,-2794288 -229205,-2984753 -241839))
32738;POLYGON((-2742992 -503669,-2836651 -426697,-2679183 -406240,-2606279 -481886,-2742992 -503669))
32739;POLYGON((-2375248 -651354,-2513017 -617984,-2427661 -600385,-2321084 -640041,-2375248 -651354))
32740;POLYGON((-1861541 -628584,-2050317 -659214,-2071192 -671126,-1926980 -658484,-1861541 -628584))
32741;POLYGON((-1179697 -363019,-1427124 -483743,-1597753 -565385,-1411818 -479802,-1179697 -363019))
32742;POLYGON((-305219 237131,-619727 -6676,-994991 -216239,-763169 -31871,-305219 237131))
32743;POLYGON((788848 1287044,397991 878895,-250385 459810,31503 775010,788848 1287044))
32744;POLYGON((2132055 2929812,1654703 2306217,648566 1565974,984646 2051393,2132055 2929812))
32745;POLYGON((3756680 5341609,3181761 4439821,1714122 3228741,2108383 3932399,3756680 5341609))
32746;POLYGON((5697872 8737561,5013342 7481150,2958046 5601926,3414252 6581942,5697872 8737561))
32747;POLYGON((7993791 13378379,7186586 11674933,4391326 8871238,4912913 10197471,7993791 13378379))
32748;POLYGON((10685752 19577821,9741742 17316363,6023853 13259410,6613815 15015309,10685752 19577821))
32749;POLYGON((13818370 27711054,12722308 24759150,7864073 19031949,8524836 21316605,13818370 27711054))
32750;POLYGON((17439709 38223985,16175181 34424521,9918589 26503534,10651874 29433979,17439709 38223985))
32751;POLYGON((21601429 51643636,20150805 46811240,12191741 36045141,12998409 39758881,21601429 51643636))
32752;POLYGON((-16439709 38223985,-17764249 42345656,-10409570 32609155,-9651874 29433979,-16439709 38223985))
32753;POLYGON((-12818370 27711054,-13968705 30926702,-8209620 23802565,-7524836 21316605,-12818370 27711054))
32754;POLYGON((-9685752 19577821,-10678695 22053563,-6227140 16935613,-5613815 15015309,-9685752 19577821))
32755;POLYGON((-6993791 13378379,-7844972 15254502,-4456984 11656926,-3912913 10197471,-6993791 13378379))
32756;POLYGON((-4697872 8737561,-5421790 10131856,-2891889 7668971,-2414252 6581942,-4697872 8737561))
32757;POLYGON((-2756680 5341609,-3366749 6352374,-1522888 4721175,-1108383 3932399,-2756680 5341609))
32758;POLYGON((-1132055 2929812,-1640653 3638535,-339686 2603756,15353 2051393,-1132055 2929812))
32759;POLYGON((211151 1287044,-207365 1760795,668997 1142175,968496 775010,211151 1287044))
32760;POLYGON((1305219 237131,966333 530683,1515122 192209,1763169 -31871,1305219 237131))
