32601;POLYGON((18530165 31591495,18981038 34437161,22276154 35102731,21537310 32102135,18530165 31591495))
32602;POLYGON((17172090 24454900,17624514 26619655,20124464 26875704,19449515 24607654,17172090 24454900))
32603;POLYGON((15828235 19042424,16273094 20681614,18160112 20667800,17544652 18962547,15828235 19042424))
32604;POLYGON((14520580 14954255,14951387 16190820,16369646 16007183,15809060 14730814,14520580 14954255))
32605;POLYGON((13264167 11875821,13676595 12806180,14739106 12522726,14228690 11570594,13264167 11875821))
32606;POLYGON((12068392 9561902,12459863 10260967,13254364 9925306,12789418 9216441,12068392 9561902))
32607;POLYGON((10938147 7823167,11307467 8348577,11901397 7991935,11477311 7464331,10938147 7823167))
32608;POLYGON((9874803 6514875,10221851 6910540,10666512 6552418,10278830 6159096,9874803 6514875))
32609;POLYGON((8877065 5527476,9202523 5826512,9536538 5478237,9181009 5183985,8877065 5527476))
32610;POLYGON((7941685 4778878,8246812 5006013,8498956 4673391,8171571 4452099,7941685 4778878))
32611;POLYGON((7064063 4208159,7350510 4381683,7542005 4066930,7239023 3899442,7064063 4208159))
32612;POLYGON((6238736 3770522,6508395 3903843,6654742 3606962,6372704 3479359,6238736 3770522))
32613;POLYGON((5459762 3433300,5714647 3536166,5827072 3255889,5562802 3158151,5459762 3433300))
32614;POLYGON((4721020 3172846,4963176 3252299,5049748 2986709,4800349 2911673,4721020 3172846))
32615;POLYGON((4016419 2972157,4247863 3033246,4314344 2780164,4077179 2722749,4016419 2972157))
32616;POLYGON((3340042 2819086,3562720 2865411,3613196 2622618,3385870 2579241,3340042 2819086))
32617;POLYGON((2686225 2705039,2901995 2739134,2939336 2504484,2719663 2472647,2686225 2705039))
32618;POLYGON((2049583 2624035,2260209 2647648,2286394 2419109,2072368 2397103,2049583 2624035))
32619;POLYGON((1424992 2572066,1632157 2586343,1648495 2361997,1438246 2348707,1424992 2572066))
32620;POLYGON((807542 2546667,1012862 2552278,1020138 2330295,811893 2325075,807542 2546667))
32621;POLYGON((192457 2546667,397514 2543869,396067 2322472,188106 2325075,192457 2546667))
32622;POLYGON((-424992 2572066,-218620 2560730,-228858 2338158,-438246 2348707,-424992 2572066))
32623;POLYGON((-1049583 2624035,-840293 2603636,-859802 2378100,-1072368 2397103,-1049583 2624035))
32624;POLYGON((-1686225 2705039,-1472360 2674600,-1502088 2444243,-1719663 2472647,-1686225 2705039))
32625;POLYGON((-2340042 2819086,-2119868 2777077,-2161328 2539944,-2385870 2579241,-2340042 2819086))
32626;POLYGON((-3016419 2972157,-2788109 2916330,-2843549 2670350,-3077179 2722749,-3016419 2972157))
32627;POLYGON((-3721020 3172846,-3482657 3099995,-3555309 2842991,-3800349 2911673,-3721020 3172846))
32628;POLYGON((-4459762 3433300,-4209348 3338909,-4303799 3068658,-4562802 3158151,-4459762 3433300))
32629;POLYGON((-5238736 3770522,-4974229 3648285,-5096928 3362664,-5372704 3479359,-5238736 3770522))
32630;POLYGON((-6064063 4208159,-5783430 4049323,-5943394 3746578,-6239023 3899442,-6064063 4208159))
32631;POLYGON((-6941685 4778878,-6642983 4571375,-6852723 4250579,-7171571 4452099,-6941685 4778878))
32632;POLYGON((-7877065 5527476,-7558548 5254801,-7835293 4916570,-8181009 5183985,-7877065 5527476))
32633;POLYGON((-8874803 6514875,-8535061 6154640,-8902327 5802211,-9278830 6159096,-8874803 6514875))
32634;POLYGON((-9938147 7823167,-9576282 7345296,-10065845 6986067,-10477311 7464331,-9938147 7823167))
32635;POLYGON((-11068392 9561902,-10684231 8926381,-11338598 8574070,-11789418 9216441,-11068392 9561902))
32636;POLYGON((-12264167 11875821,-11858514 11029951,-12733949 10707522,-13228690 11570594,-12264167 11875821))
32637;POLYGON((-13520580 14954255,-13095514 13829315,-14265722 13572876,-14809060 14730814,-13520580 14954255))
32638;POLYGON((-14828235 19042424,-14387455 17549681,-15948003 17413564,-16544652 18962547,-14828235 19042424))
32639;POLYGON((-16172090 24454900,-15721315 22480862,-17794897 22544148,-18449515 24607654,-16172090 24454900))
32640;POLYGON((-17530165 31591495,-17077579 28992331,-19820235 29367096,-20537310 32102135,-17530165 31591495))
32641;POLYGON((-18872076 40955874,-18428838 37550887,-22037221 38392507,-22820947 41996902,-18872076 40955874))
32642;POLYGON((-20157392 53177189,-19738205 48741249,-24458030 50261112,-25312160 54981966,-20157392 53177189))
32643;POLYGON((-21333806 69035064,-20957545 63289888,-27093346 65770927,-28021020 71914374,-21333806 69035064))
32644;POLYGON((-22335108 89488268,-22025523 82092428,-29951834 85907915,-30955391 93850302,-22335108 89488268))
32645;POLYGON((-23078952 115707430,-22865430 106244978,-33039547 111881065,-34120313 122081703,-23078952 115707430))
32646;POLYGON((-23464401 149112180,-23382814 137079755,-36359268 145162311,-37517318 158177922,-23464401 149112180))
32647;POLYGON((-23369256 191413093,-23462875 176205375,-39909773 187531698,-41143673 204032724,-23369256 191413093))
32648;POLYGON((-22647144 244658857,-22967635 225552245,-43685029 241128284,-44991546 261917204,-22647144 244658857))
32649;POLYGON((-21124353 311289081,-21732863 287423429,-47673302 308507224,-49047096 334539041,-21124353 311289081))
32650;POLYGON((-18596431 394193185,-19564748 364551476,-51856196 392703539,-53289473 425108614,-18596431 394193185))
32651;POLYGON((19596431 394193185,18490205 426016572,55740369 459923207,54289473 425108614,19596431 394193185))
32652;POLYGON((22124353 311289081,21404445 336958708,51441714 362560318,50047096 334539041,22124353 311289081))
32653;POLYGON((23647144 244658857,23237941 265248937,47321196 284339478,45991546 261917204,23647144 244658857))
32654;POLYGON((24369256 191413093,24206199 207833694,43402235 221866795,42143673 204032724,24369256 191413093))
32655;POLYGON((24464401 149112180,24492787 162130291,39700893 172274721,38517318 158177922,24464401 149112180))
32656;POLYGON((24078952 115707430,24252826 125965892,36226900 133153545,35120313 122081703,24078952 115707430))
32657;POLYGON((23335108 89488268,23616240 97522726,32984593 102489909,31955391 93850302,23335108 89488268))
32658;POLYGON((22333806 69035064,22690742 75289094,29973774 78611832,29021020 71914374,22333806 69035064))
32659;POLYGON((21157392 53177189,21564593 58015721,27190491 60139781,26312160 54981966,21157392 53177189))
32660;POLYGON((19872076 40955874,20309123 44677063,24627751 45943294,23820947 41996902,19872076 40955874))
