32701;POLYGON((1940016 -1778798,1363630 -1734246,1511901 -1131344,2018289 -1227332,1940016 -1778798))
32702;POLYGON((3334921 -1681503,2921733 -1747410,2884339 -1293041,3250477 -1272698,3334921 -1681503))
32703;POLYGON((4306251 -1334112,4023906 -1471079,3863825 -1147316,4116467 -1049818,4306251 -1334112))
32704;POLYGON((4939919 -834244,4761550 -1012915,4526100 -801530,4687617 -656355,4939919 -834244))
32705;POLYGON((5306903 -253563,5210374 -452575,4934356 -335963,5023322 -164833,5306903 -253563))
32706;POLYGON((5465374 356732,5432596 152472,5140940 190666,5172665 372147,5465374 356732))
32707;POLYGON((5462586 961319,5478913 762071,5188887 736575,5175887 917554,5462586 961319))
32708;POLYGON((5336566 1536956,5390251 1349328,5113289 1273052,5065711 1446299,5336566 1536956))
32709;POLYGON((5117600 2069402,5199324 1897307,4942510 1781294,4868502 1942282,5117600 2069402))
32710;POLYGON((4829540 2550923,4931994 2396346,4699259 2249830,4605301 2395996,4829540 2550923))
32711;POLYGON((4490938 2978335,4608463 2841935,4401532 2672467,4292718 2802629,4490938 2978335))
32712;POLYGON((4116031 3351476,4244307 3233048,4063427 3046671,3943718 3160572,4116031 3351476))
32713;POLYGON((3715572 3672054,3851354 3570880,3695856 3372322,3568288 3470287,3715572 3672054))
32714;POLYGON((3297547 3942791,3438443 3857893,3307148 3650768,3174016 3733450,3297547 3942791))
32715;POLYGON((2867765 4166815,3012047 4097135,2903568 3884142,2766577 3952334,2867765 4166815))
32716;POLYGON((2430358 4347236,2576809 4291758,2489749 4074862,2350146 4129372,2430358 4347236))
32717;POLYGON((1988184 4486874,2135971 4444703,2069060 4225296,1927743 4266862,1988184 4486874))
32718;POLYGON((1543165 4588082,1691732 4558493,1643914 4337541,1501520 4366774,1543165 4588082))
32719;POLYGON((1096557 4652653,1245545 4635115,1216025 4413279,1073009 4430633,1096557 4652653))
32720;POLYGON((649187 4681764,798356 4675954,786627 4453699,643329 4459452,649187 4681764))
32721;POLYGON((201643 4675954,350812 4681764,356670 4459452,213372 4453699,201643 4675954))
32722;POLYGON((-245545 4635115,-96557 4652653,-73009 4430633,-216025 4413279,-245545 4635115))
32723;POLYGON((-691732 4558493,-543165 4588082,-501520 4366774,-643914 4337541,-691732 4558493))
32724;POLYGON((-1135971 4444703,-988184 4486874,-927743 4266862,-1069060 4225296,-1135971 4444703))
32725;POLYGON((-1576809 4291758,-1430358 4347236,-1350146 4129372,-1489749 4074862,-1576809 4291758))
32726;POLYGON((-2012047 4097135,-1867765 4166815,-1766577 3952334,-1903568 3884142,-2012047 4097135))
32727;POLYGON((-2438443 3857893,-2297547 3942791,-2174016 3733450,-2307148 3650768,-2438443 3857893))
32728;POLYGON((-2851354 3570880,-2715572 3672054,-2568288 3470287,-2695856 3372322,-2851354 3570880))
32729;POLYGON((-3244307 3233048,-3116031 3351476,-2943718 3160572,-3063427 3046671,-3244307 3233048))
32730;POLYGON((-3608463 2841935,-3490938 2978335,-3292718 2802629,-3401532 2672467,-3608463 2841935))
32731;POLYGON((-3931994 2396346,-3829540 2550923,-3605301 2395996,-3699259 2249830,-3931994 2396346))
32732;POLYGON((-4199324 1897307,-4117600 2069402,-3868502 1942282,-3942510 1781294,-4199324 1897307))
32733;POLYGON((-4390251 1349328,-4336566 1536956,-4065711 1446299,-4113289 1273052,-4390251 1349328))
32734;POLYGON((-4478913 762071,-4462586 961319,-4175887 917554,-4188887 736575,-4478913 762071))
32735;POLYGON((-4432596 152472,-4465374 356732,-4172665 372147,-4140940 190666,-4432596 152472))
32736;POLYGON((-4210374 -452575,-4306903 -253563,-4023322 -164833,-3934356 -335963,-4210374 -452575))
32737;POLYGON((-3761550 -1012915,-3939919 -834244,-3687617 -656355,-3526100 -801530,-3761550 -1012915))
32738;POLYGON((-3023906 -1471079,-3306251 -1334112,-3116467 -1049818,-2863825 -1147316,-3023906 -1471079))
32739;POLYGON((-1921733 -1747410,-2334921 -1681503,-2250477 -1272698,-1884339 -1293041,-1921733 -1747410))
32740;POLYGON((-363630 -1734246,-940016 -1778798,-1018289 -1227332,-511901 -1131344,-363630 -1734246))
32741;POLYGON((1759935 -1289037,981664 -1495914,665244 -784755,1343674 -521277,1759935 -1289037))
32742;POLYGON((4579327 -226296,3553224 -662648,2901083 222518,3789099 719293,4579327 -226296))
32743;POLYGON((8248706 1691764,6920545 940228,5808218 2008904,6949904 2822513,8248706 1691764))
32744;POLYGON((12949281 4766046,11255441 3591283,9526104 4845452,10972946 6080712,12949281 4766046))
32745;POLYGON((18892864 9372948,16759110 7640267,14217320 9070985,16029142 10858047,18892864 9372948))
32746;POLYGON((26325728 15978494,23665887 13521649,20070457 15104811,22316438 17603768,26325728 15978494))
32747;POLYGON((35532791 25154350,32247324 21769976,27303255 23461138,30063029 26867241,35532791 25154350))
32748;POLYGON((46842147 37595888,42816600 33037244,36165985 34765357,39530830 39314878,46842147 37595888))
32749;POLYGON((60629941 54142472,55733276 48112422,46945106 49772337,51019222 55749142,60629941 54142472))
32750;POLYGON((77325613 75800143,71408422 67943316,59967193 69386888,64869070 77129774,77325613 75800143))
32751;POLYGON((-70408422 67943316,-76325613 75800143,-63869070 77129774,-58967193 69386888,-70408422 67943316))
32752;POLYGON((-54733276 48112422,-59629941 54142472,-50019222 55749142,-45945106 49772337,-54733276 48112422))
32753;POLYGON((-41816600 33037244,-45842147 37595888,-38530830 39314878,-35165985 34765357,-41816600 33037244))
32754;POLYGON((-31247324 21769976,-34532791 25154350,-29063029 26867241,-26303255 23461138,-31247324 21769976))
32755;POLYGON((-22665887 13521649,-25325728 15978494,-21316438 17603768,-19070457 15104811,-22665887 13521649))
32756;POLYGON((-15759110 7640267,-17892864 9372948,-15029142 10858047,-13217320 9070985,-15759110 7640267))
32757;POLYGON((-10255441 3591283,-11949281 4766046,-9972946 6080712,-8526104 4845452,-10255441 3591283))
32758;POLYGON((-5920545 940228,-7248706 1691764,-5949904 2822513,-4808218 2008904,-5920545 940228))
32759;POLYGON((-2553224 -662648,-3579327 -226296,-2789099 719293,-1901083 222518,-2553224 -662648))
32760;POLYGON((18335 -1495914,-759935 -1289037,-343674 -521277,334755 -784755,18335 -1495914))
