32701;POLYGON((2567723 -646136,2258416 -546785,2455727 -516849,2701962 -600058,2567723 -646136))
32702;POLYGON((3328544 -745624,3101192 -741779,3129045 -676949,3312048 -677023,3328544 -745624))
32703;POLYGON((3870650 -620332,3711896 -681987,3622053 -614546,3750963 -556967,3870650 -620332))
32704;POLYGON((4230376 -345902,4128707 -450077,3961080 -400032,4043969 -304489,4230376 -345902))
32705;POLYGON((4438929 20349,4384474 -109038,4169354 -87545,4213325 30981,4438929 20349))
32706;POLYGON((4522980 435796,4507320 293970,4267279 281943,4278549 412254,4522980 435796))
32707;POLYGON((4505206 869443,4521195 724387,4272686 678003,4256672 811906,4505206 869443))
32708;POLYGON((4404771 1299369,4446382 1157520,4201080 1078542,4162469 1210199,4404771 1299369))
32709;POLYGON((4237774 1710616,4299956 1576300,4065858 1467969,4008687 1593356,4237774 1710616))
32710;POLYGON((4017642 2093468,4096193 1969434,3878525 1835675,3806241 1952143,4017642 2093468))
32711;POLYGON((3755499 2442059,3846947 2329908,3648891 2174797,3564422 2280712,3755499 2442059))
32712;POLYGON((3460480 2753272,3561981 2653795,3385259 2481222,3291066 2575681,3460480 2753272))
32713;POLYGON((3140029 3025874,3249274 2939317,3094599 2752792,2992740 2835400,3140029 3025874))
32714;POLYGON((2800159 3259852,2915287 3186117,2782716 2988686,2674894 3059378,2800159 3259852))
32715;POLYGON((2445682 3455919,2565209 3394714,2454408 3188939,2342025 3247854,2445682 3455919))
32716;POLYGON((2080427 3615142,2203175 3566090,2113614 3354085,1997816 3401461,2080427 3615142))
32717;POLYGON((1707429 3738682,1832462 3701397,1763558 3484886,1645286 3520993,1707429 3738682))
32718;POLYGON((1329100 3827607,1455673 3801753,1406889 3582138,1286920 3607227,1329100 3827607))
32719;POLYGON((947397 3882774,1074899 3868094,1045809 3646543,924803 3660807,947397 3882774))
32720;POLYGON((563967 3904751,691875 3901092,682209 3678611,560746 3682169,563967 3904751))
32721;POLYGON((180296 3893769,308124 3901092,317790 3678611,196417 3671493,180296 3893769))
32722;POLYGON((-202154 3849712,-74899 3868094,-45809 3646543,-166537 3628688,-202154 3849712))
32723;POLYGON((-581807 3772122,-455673 3801753,-406889 3582138,-526369 3553402,-581807 3772122))
32724;POLYGON((-956825 3660231,-832462 3701397,-763558 3484886,-881098 3445051,-956825 3660231))
32725;POLYGON((-1324964 3513030,-1203175 3566090,-1113614 3354085,-1228387 3302893,-1324964 3513030))
32726;POLYGON((-1683415 3329372,-1565209 3394714,-1454408 3188939,-1565410 3126122,-1683415 3329372))
32727;POLYGON((-2028637 3108134,-1915287 3186117,-1782716 2988686,-1888720 2914030,-2028637 3108134))
32728;POLYGON((-2356165 2848450,-2249274 2939317,-2094599 2752792,-2194108 2666214,-2356165 2848450))
32729;POLYGON((-2660412 2550043,-2561981 2653795,-2385259 2481222,-2476458 2382879,-2660412 2550043))
32730;POLYGON((-2934440 2213673,-2846947 2329908,-2648891 2174797,-2729595 2065233,-2934440 2213673))
32731;POLYGON((-3169707 1841746,-3096193 1969434,-2878525 1835675,-2946121 1716008,-3169707 1841746))
32732;POLYGON((-3355787 1439100,-3299956 1576300,-3065858 1467969,-3117254 1340137,-3355787 1439100))
32733;POLYGON((-3480058 1014029,-3446382 1157520,-3201080 1078542,-3232638 945610,-3480058 1014029))
32734;POLYGON((-3527355 579570,-3521195 724387,-3272686 678003,-3280161 544544,-3527355 579570))
32735;POLYGON((-3479582 155109,-3507320 293970,-3267279 281943,-3245747 154516,-3479582 155109))
32736;POLYGON((-3315286 -231644,-3384474 -109038,-3169354 -87545,-3113142 -199824,-3315286 -231644))
32737;POLYGON((-3009183 -542256,-3128707 -450077,-2961080 -400032,-2863685 -484798,-3009183 -542256))
32738;POLYGON((-2531641 -724679,-2711896 -681987,-2622053 -614546,-2476060 -655358,-2531641 -724679))
32739;POLYGON((-1848104 -709822,-2101192 -741779,-2129045 -676949,-1926035 -652316,-1848104 -709822))
32740;POLYGON((-918469 -407494,-1258416 -546785,-1455727 -516849,-1186187 -399087,-918469 -407494))
32741;POLYGON((303600 298337,-139387 9839,-572383 -43988,-225599 202109,303600 298337))
32742;POLYGON((1871418 1555058,1306793 1064367,554406 855950,990451 1274654,1871418 1555058))
32743;POLYGON((3846086 3547763,3138540 2788561,1962087 2326184,2500831 2972591,3846086 3547763))
32744;POLYGON((6297369 6506552,5422626 5396647,3692488 4544374,4348910 5486429,6297369 6506552))
32745;POLYGON((9304644 10714842,8235116 9153280,5792188 7728950,6582940 9049736,9304644 10714842))
32746;POLYGON((12957921 16518799,11662358 14382587,8312919 12146282,9256459 13946613,12957921 16518799))
32747;POLYGON((17358945 24337983,15802056 21478404,11311978 18118777,12428720 20520116,17358945 24337983))
32748;POLYGON((22622369 34677312,20764426 30915779,14852678 26033971,16165144 29181699,22622369 34677312))
32749;POLYGON((28877025 48140439,26673427 43263876,19004819 36354717,20537802 40421778,28877025 48140439))
32750;POLYGON((36267268 65444677,33668085 59200363,23845183 49630523,25625919 54821486,36267268 65444677))
32751;POLYGON((-30206660 53442723,-32668085 59200363,-22845183 49630523,-21150217 44839056,-30206660 53442723))
32752;POLYGON((-23590322 38785000,-25673427 43263876,-18004819 36354717,-16548244 32615180,-23590322 38785000))
32753;POLYGON((-18011540 27476768,-19764426 30915779,-13852678 26033971,-12608093 23152815,-18011540 27476768))
32754;POLYGON((-13336462 18878224,-14802056 21478404,-10311978 18118777,-9255364 15932674,-13336462 18878224))
32755;POLYGON((-9445853 12453098,-10662358 14382587,-7312919 12146282,-6422477 10518212,-9445853 12453098))
32756;POLYGON((-6233801 7754776,-7235116 9153280,-4792188 7728950,-4048172 6544677,-6233801 7754776))
32757;POLYGON((-3606511 4413870,-4422626 5396647,-2692488 4544374,-2077057 3709301,-3606511 4413870))
32758;POLYGON((-1481177 2127155,-2138540 2788561,-962087 2326184,-459162 1762547,-1481177 2127155))
32759;POLYGON((215059 647736,-306793 1064367,445593 855950,850464 500329,215059 647736))
32760;POLYGON((1546087 -223626,1139387 9839,1572383 -43988,1892150 -242871,1546087 -223626))
