32701;POLYGON((2330760 -765857,2315930 -824330,2108798 -754849,2120847 -698996,2330760 -765857))
32702;POLYGON((2373432 -583671,2359792 -645474,2144431 -585896,2155498 -528639,2373432 -583671))
32703;POLYGON((2408007 -392663,2397745 -457184,2175163 -412779,2183415 -354235,2408007 -392663))
32704;POLYGON((2429209 -195096,2423881 -261521,2196021 -236132,2200132 -176679,2429209 -195096))
32705;POLYGON((2433428 6344,2434072 -61056,2203469 -57280,2202537 2529,2433428 6344))
32706;POLYGON((2418421 208775,2425650 141369,2195164 122005,2188635 181519,2418421 208775))
32707;POLYGON((2383050 409285,2397135 342838,2169743 299709,2157347 358228,2383050 409285))
32708;POLYGON((2327054 605067,2347997 540498,2126632 473720,2108325 530539,2327054 605067))
32709;POLYGON((2250848 793506,2278447 731661,2065889 641946,2041805 696389,2250848 793506))
32710;POLYGON((2155363 972235,2189260 913872,1988059 802401,1958468 853838,2155363 972235))
32711;POLYGON((2041901 1139171,2081627 1084953,1894059 953256,1859333 1001118,2041901 1139171))
32712;POLYGON((1912024 1292519,1957036 1243011,1785082 1092873,1745663 1136662,1912024 1292519))
32713;POLYGON((1767461 1430774,1817169 1386448,1662512 1219824,1618895 1259110,1767461 1430774))
32714;POLYGON((1610040 1552699,1663828 1513938,1527866 1332890,1480574 1367313,1610040 1552699))
32715;POLYGON((1441633 1657302,1498873 1624411,1382739 1431058,1332318 1460322,1441633 1657302))
32716;POLYGON((1264121 1743812,1324188 1717025,1228774 1513505,1175775 1537377,1264121 1743812))
32717;POLYGON((1079371 1811643,1141644 1791137,1067632 1579583,1012611 1597883,1079371 1811643))
32718;POLYGON((889227 1860373,953095 1846272,900978 1628805,844489 1641402,889227 1860373))
32719;POLYGON((695505 1889720,760365 1882104,730473 1660822,673068 1667631,695505 1889720))
32720;POLYGON((500000 1899520,565256 1898430,557770 1675419,500000 1676393,500000 1899520))
32721;POLYGON((304494 1889720,369553 1895163,384519 1672497,326931 1667631,304494 1889720))
32722;POLYGON((110772 1860373,175037 1872320,212366 1652077,155510 1641402,110772 1860373))
32723;POLYGON((-79371 1811643,-16499 1830025,42960 1614295,-12611 1597883,-79371 1811643))
32724;POLYGON((-264121 1743812,-203250 1768521,-122040 1559409,-175775 1537377,-264121 1743812))
32725;POLYGON((-441633 1657302,-383381 1688182,-280975 1487813,-332318 1460322,-441633 1657302))
32726;POLYGON((-610040 1552699,-555032 1589534,-432178 1400045,-480574 1367313,-610040 1552699))
32727;POLYGON((-767461 1430774,-716324 1473284,-573993 1296811,-618895 1259110,-767461 1430774))
32728;POLYGON((-912024 1292519,-865379 1340348,-704788 1178994,-745663 1136662,-912024 1292519))
32729;POLYGON((-1041901 1139171,-1000350 1191877,-822990 1047675,-859333 1001118,-1041901 1139171))
32730;POLYGON((-1155363 972235,-1119467 1029286,-927120 904143,-958468 853838,-1155363 972235))
32731;POLYGON((-1250848 793506,-1221104 854270,-1015850 749896,-1041805 696389,-1250848 793506))
32732;POLYGON((-1327054 605067,-1303861 668819,-1088071 586639,-1108325 530539,-1327054 605067))
32733;POLYGON((-1383050 409285,-1366668 475205,-1142976 416257,-1157347 358228,-1383050 409285))
32734;POLYGON((-1418421 208775,-1408922 275967,-1180168 240780,-1188635 181519,-1418421 208775))
32735;POLYGON((-1433428 6344,-1430638 73856,-1199785 62316,-1202537 2529,-1433428 6344))
32736;POLYGON((-1429209 -195096,-1432638 -128239,-1202643 -117040,-1200132 -176679,-1429209 -195096))
32737;POLYGON((-1408007 -392663,-1416770 -327410,-1190411 -295336,-1183415 -354235,-1408007 -392663))
32738;POLYGON((-1373432 -583671,-1386155 -520881,-1165803 -470925,-1155498 -528639,-1373432 -583671))
32739;POLYGON((-1330760 -765857,-1345479 -706222,-1132806 -642682,-1120847 -698996,-1330760 -765857))
32740;POLYGON((-1287273 -937669,-1301316 -881607,-1096931 -810270,-1085540 -865301,-1287273 -937669))
32741;POLYGON((-1252640 -1098622,-1262494 -1046152,-1065496 -974467,-1057568 -1028790,-1252640 -1098622))
32742;POLYGON((-1239336 -1249721,-1240502 -1200311,-1047941 -1137566,-1047155 -1192359,-1239336 -1249721))
32743;POLYGON((-1263115 -1393988,-1249946 -1346371,-1056184 -1303840,-1067127 -1361064,-1263115 -1393988))
32744;POLYGON((-1343525 -1537069,-1309049 -1489030,-1105000 -1480109,-1133307 -1542711,-1343525 -1537069))
32745;POLYGON((-1504476 -1687954,-1440202 -1636075,-1212452 -1676384,-1264953 -1748538,-1504476 -1687954))
32746;POLYGON((-1774861 -1859814,-1670565 -1799183,-1400353 -1906624,-1485237 -1994006,-1774861 -1859814))
32747;POLYGON((-2189232 -2070964,-2032723 -1994841,-1694770 -2189603,-1821765 -2299710,-2189232 -2070964))
32748;POLYGON((-2788530 -2345962,-2565403 -2245392,-2126572 -2549904,-2307138 -2692410,-2788530 -2345962))
32749;POLYGON((-3620877 -2716866,-3314242 -2580246,-2732028 -3019039,-2979562 -3206204,-3620877 -2716866))
32750;POLYGON((-4742434 -3224646,-4332623 -3037235,-3553442 -3636721,-3883504 -3883846,-4742434 -3224646))
32751;POLYGON((4620877 -2716866,4959573 -2868608,4252762 -3411491,3979562 -3206204,4620877 -2716866))
32752;POLYGON((3788530 -2345962,4037485 -2457115,3508435 -2848300,3307138 -2692410,3788530 -2345962))
32753;POLYGON((3189232 -2070964,3366230 -2154120,2965252 -2419423,2821765 -2299710,3189232 -2070964))
32754;POLYGON((2774861 -1859814,2895104 -1924759,2582995 -2088031,2485237 -1994006,2774861 -1859814))
32755;POLYGON((2504476 -1687954,2580862 -1742121,2327265 -1825054,2264953 -1748538,2504476 -1687954))
32756;POLYGON((2343525 -1537069,2386908 -1585941,2168856 -1607965,2133307 -1542711,2343525 -1537069))
32757;POLYGON((2263115 -1393988,2282541 -1441446,2083177 -1419698,2067127 -1361064,2263115 -1393988))
32758;POLYGON((2239336 -1249721,2242260 -1298351,2049721 -1247701,2047155 -1192359,2239336 -1249721))
32759;POLYGON((2252640 -1098622,2245130 -1149981,2051570 -1083104,2057568 -1028790,2252640 -1098622))
32760;POLYGON((2287273 -937669,2274191 -992513,2074946 -920006,2085540 -865301,2287273 -937669))
