32701;POLYGON((32912537 -4302755,34981908 -5812739,33224233 -8960620,31324326 -7167596,32912537 -4302755))
32702;POLYGON((27517558 -600156,29189973 -1709062,27896660 -4085003,26351964 -2765790,27517558 -600156))
32703;POLYGON((23152538 2105634,24506769 1297401,23562305 -506063,22303340 457505,23152538 2105634))
32704;POLYGON((19609708 4069177,20710498 3483999,20025395 2102697,18994925 2802049,19609708 4069177))
32705;POLYGON((16719153 5485803,17619307 5064367,17125032 3992990,16276251 4498054,16719153 5485803))
32706;POLYGON((14343013 6503592,15085253 6201134,14729956 5356614,14024878 5720224,14343013 6503592))
32707;POLYGON((12370335 7233379,12988948 7016548,12733902 6337911,12141936 6599480,12370335 7233379))
32708;POLYGON((10712548 7757010,11234826 7601300,11051495 7044109,10548188 7232642,10712548 7757010))
32709;POLYGON((9299502 8134094,9747003 8021747,9614649 7553787,9180595 7690342,9299502 8134094))
32710;POLYGON((8076046 8407429,8465678 8325758,8369442 7923746,7989337 8023397,8076046 8407429))
32711;POLYGON((6999087 8607314,7344038 8547383,7273419 8194476,6935252 8267869,6999087 8607314))
32712;POLYGON((6035099 8754917,6345617 8710513,6293294 8394459,5987662 8449017,6035099 8754917))
32713;POLYGON((5158035 8864844,5442086 8831694,5403010 8543487,5122546 8584332,5158035 8864844))
32714;POLYGON((4347596 8947070,4611401 8922268,4582127 8655169,4321027 8685797,4347596 8947070))
32715;POLYGON((3587823 9008352,3836294 8989935,3814488 8738781,3568129 8761564,3587823 9008352))
32716;POLYGON((2865961 9053229,3103054 9039881,3087149 8800595,2851772 8817128,2865961 9053229))
32717;POLYGON((2171560 9084714,2400549 9075569,2389507 8844813,2161976 8856150,2171560 9084714))
32718;POLYGON((1495762 9104749,1719460 9099258,1712615 8874186,1490218 8880999,1495762 9104749))
32719;POLYGON((830743 9114496,1051673 9112345,1048636 8890422,828928 8893091,830743 9114496))
32720;POLYGON((169256 9114496,389795 9115568,390399 8894421,171071 8893091,169256 9114496))
32721;POLYGON((-495762 9104749,-273257 9109103,-268980 8886400,-490218 8880999,-495762 9104749))
32722;POLYGON((-1171560 9084714,-944630 9092593,-936441 8865921,-1161976 8856150,-1171560 9084714))
32723;POLYGON((-1865961 9053229,-1631907 9065098,-1619334 8831834,-1851772 8817128,-1865961 9053229))
32724;POLYGON((-2587823 9008352,-2343546 9024959,-2325812 8782118,-2568129 8761564,-2587823 9008352))
32725;POLYGON((-3347596 8947070,-3089395 8969562,-3065306 8713592,-3321027 8685797,-3347596 8947070))
32726;POLYGON((-4158035 8864844,-3881351 8894942,-3849116 8621446,-4122546 8584332,-4158035 8864844))
32727;POLYGON((-5035099 8754917,-4734192 8795173,-4691151 8498528,-4987662 8449017,-5035099 8754917))
32728;POLYGON((-5999087 8607314,-5666627 8661489,-5608863 8334289,-5935252 8267869,-5999087 8607314))
32729;POLYGON((-7076046 8407429,-6702613 8481013,-6624405 8113293,-6989337 8023397,-7076046 8407429))
32730;POLYGON((-8299502 8134094,-7872969 8235016,-7766047 7813168,-8180595 7690342,-8299502 8134094))
32731;POLYGON((-9712548 7757010,-9217341 7896574,-9069901 7401841,-9548188 7232642,-9712548 7757010))
32732;POLYGON((-11370335 7233379,-10786560 7427485,-10581970 6833918,-11141936 6599480,-11370335 7233379))
32733;POLYGON((-13343013 6503592,-12645419 6774287,-12360576 6046011,-13024878 5720224,-13343013 6503592))
32734;POLYGON((-15719153 5485803,-14875936 5863228,-14479198 4950827,-15276251 4498054,-15719153 5485803))
32735;POLYGON((-18609708 4069177,-17581130 4593973,-17029752 3429796,-17994925 2802049,-18609708 4069177))
32736;POLYGON((-22152538 2105634,-20889352 2831879,-20126350 1324005,-21303340 457505,-22152538 2105634))
32737;POLYGON((-26517558 -600156,-24959219 398595,-23909588 -1576817,-25351964 -2765790,-26517558 -600156))
32738;POLYGON((-31912537 -4302755,-29985196 -2939235,-28551379 -5547533,-30324326 -7167596,-31912537 -4302755))
32739;POLYGON((-38589604 -9330171,-36203858 -7483408,-34260385 -10943335,-36442649 -13133858,-38589604 -9330171))
32740;POLYGON((-46852491 -16100566,-43900883 -13620012,-41288068 -18218311,-43974126 -21156287,-46852491 -16100566))
32741;POLYGON((-57064564 -25141769,-53418818 -21837968,-49935420 -27947149,-53237871 -31855191,-57064564 -25141769))
32742;POLYGON((-69657682 -37113857,-65165652 -32750559,-60560384 -40850341,-64612586 -46005917,-69657682 -37113857))
32743;POLYGON((-85141923 -52835158,-79624254 -47120248,-73586016 -57823239,-78544978 -64569282,-85141923 -52835158))
32744;POLYGON((-104116223 -73311984,-97362701 -65887138,-89509422 -79969350,-95558965 -88726369,-104116223 -73311984))
32745;POLYGON((-127279977 -99772460,-119045551 -90201390,-108911509 -108638279,-116265697 -119918108,-127279977 -99772460))
32746;POLYGON((-155445622 -133704793,-145446101 -121459974,-132467583 -145468728,-141374452 -159890061,-155445622 -133704793))
32747;POLYGON((-189552278 -176900393,-177459660 -161348128,-160958828 -192437000,-171704418 -210742860,-189552278 -176900393))
32748;POLYGON((-230680457 -231502206,-216117908 -211885908,-195284709 -251911459,-208197409 -274988755,-230680457 -231502206))
32749;POLYGON((-280067902 -300058705,-262604344 -275480247,-236476338 -326713426,-251931558 -355614769,-280067902 -300058705))
32750;POLYGON((281067902 -300058705,299604460 -326518205,269326552 -386723456,252931558 -355614769,281067902 -300058705))
32751;POLYGON((231680457 -231502206,247159269 -252665200,222913441 -299881587,209197409 -274988755,231680457 -231502206))
32752;POLYGON((190552278 -176900393,203423772 -193716684,184133668 -230532941,172704418 -210742860,190552278 -176900393))
32753;POLYGON((156445622 -133704793,167104093 -146975977,151860448 -175516996,142374452 -159890061,156445622 -133704793))
32754;POLYGON((128279977 -99772460,137069126 -110171246,125108094 -132170600,117265697 -119918108,128279977 -99772460))
32755;POLYGON((105116223 -73311984,112334312 -81399545,103018006 -98262514,96558965 -88726369,105116223 -73311984))
32756;POLYGON((86141923 -52835158,92046551 -59076638,84845623 -71934716,79544978 -64569282,86141923 -52835158))
32757;POLYGON((70657682 -37113857,75470218 -41892191,69948339 -51649978,65612586 -46005917,70657682 -37113857))
32758;POLYGON((58064564 -25141769,61974228 -28769925,57774315 -36145247,54237871 -31855191,58064564 -25141769))
32759;POLYGON((47852491 -16100566,51020112 -18832348,47852169 -24390378,44974126 -21156287,47852491 -16100566))
32760;POLYGON((39589604 -9330171,42151062 -11369699,39781505 -15551789,37442649 -13133858,39589604 -9330171))
