32701;POLYGON((20225100 -13457201,21000108 -15650796,18581580 -15666538,18024848 -13545414,20225100 -13457201))
32702;POLYGON((18072222 -8011168,18762360 -9653967,16944374 -9856230,16420963 -8257256,18072222 -8011168))
32703;POLYGON((16153115 -3945170,16768688 -5169746,15408253 -5481959,14919007 -4281367,16153115 -3945170))
32704;POLYGON((14438870 -921451,14989187 -1831077,13974582 -2200708,13519240 -1301770,14438870 -921451))
32705;POLYGON((12903431 1321367,13396874 647061,12641673 254789,12219122 926939,12903431 1321367))
32706;POLYGON((11523388 2983449,11967479 2483713,11405513 2090741,11014010 2593463,11523388 2983449))
32707;POLYGON((10277776 4216419,10679243 3845416,10260389 3464628,9897748 3841418,10277776 4216419))
32708;POLYGON((9147879 5133863,9512722 4857389,9199424 4495479,8863169 4778978,9147879 5133863))
32709;POLYGON((8117042 5819923,8450596 5612744,8215013 5272325,7902516 5486774,8117042 5819923))
32710;POLYGON((7170488 6336252,7477482 6179946,7299193 5861083,7007771 6024308,7170488 6336252))
32711;POLYGON((6295136 6727552,6579752 6608810,6443929 6310079,6170925 6435067,6295136 6727552))
32712;POLYGON((5479425 7025928,5745358 6935223,5641324 6654431,5384169 6750565,5479425 7025928))
32713;POLYGON((4713142 7254249,4963658 7184813,4883788 6919452,4640035 6993462,4713142 7254249))
32714;POLYGON((3987252 7428688,4225241 7375745,4164125 7123265,3931475 7179949,3987252 7428688))
32715;POLYGON((3293733 7560601,3521768 7520808,3475593 7278758,3251902 7321510,3293733 7560601))
32716;POLYGON((2625413 7657895,2845799 7628933,2811907 7395021,2595176 7426214,2625413 7657895))
32717;POLYGON((1975803 7725975,2190638 7706275,2167210 7478372,1955574 7499626,1975803 7725975))
32718;POLYGON((1338944 7768395,1550165 7756949,1536016 7533066,1327714 7545428,1338944 7768395))
32719;POLYGON((709243 7787269,918683 7783514,913126 7561764,706472 7565822,709243 7787269))
32720;POLYGON((81316 7783514,290756 7787269,293527 7565822,86873 7561764,81316 7783514))
32721;POLYGON((-550165 7756949,-338944 7768395,-327714 7545428,-536016 7533066,-550165 7756949))
32722;POLYGON((-1190638 7706275,-975803 7725975,-955574 7499626,-1167210 7478372,-1190638 7706275))
32723;POLYGON((-1845799 7628933,-1625413 7657895,-1595176 7426214,-1811907 7395021,-1845799 7628933))
32724;POLYGON((-2521768 7520808,-2293733 7560601,-2251902 7321510,-2475593 7278758,-2521768 7520808))
32725;POLYGON((-3225241 7375745,-2987252 7428688,-2931475 7179949,-3164125 7123265,-3225241 7375745))
32726;POLYGON((-3963658 7184813,-3713142 7254249,-3640035 6993462,-3883788 6919452,-3963658 7184813))
32727;POLYGON((-4745358 6935223,-4479425 7025928,-4384169 6750565,-4641324 6654431,-4745358 6935223))
32728;POLYGON((-5579752 6608810,-5295136 6727552,-5170925 6435067,-5443929 6310079,-5579752 6608810))
32729;POLYGON((-6477482 6179946,-6170488 6336252,-6007771 6024308,-6299193 5861083,-6477482 6179946))
32730;POLYGON((-7450596 5612744,-7117042 5819923,-6902516 5486774,-7215013 5272325,-7450596 5612744))
32731;POLYGON((-8512722 4857389,-8147879 5133863,-7863169 4778978,-8199424 4495479,-8512722 4857389))
32732;POLYGON((-9679243 3845416,-9277776 4216419,-8897748 3841418,-9260389 3464628,-9679243 3845416))
32733;POLYGON((-10967479 2483713,-10523388 2983449,-10014010 2593463,-10405513 2090741,-10967479 2483713))
32734;POLYGON((-12396874 647061,-11903431 1321367,-11219122 926939,-11641673 254789,-12396874 647061))
32735;POLYGON((-13989187 -1831077,-13438870 -921451,-12519240 -1301770,-12974582 -2200708,-13989187 -1831077))
32736;POLYGON((-15768688 -5169746,-15153115 -3945170,-13919007 -4281367,-14408253 -5481959,-15768688 -5169746))
32737;POLYGON((-17762360 -9653967,-17072222 -8011168,-15420963 -8257256,-15944374 -9856230,-17762360 -9653967))
32738;POLYGON((-20000108 -15650796,-19225100 -13457201,-17024848 -13545414,-17581580 -15666538,-20000108 -15650796))
32739;POLYGON((-22514971 -23628273,-21643717 -20715348,-18726803 -20548810,-19314619 -23348978,-22514971 -23628273))
32740;POLYGON((-25343347 -34177637,-24363329 -30333098,-20518466 -29776655,-21133400 -33452992,-25343347 -34177637))
32741;POLYGON((-28525221 -48039141,-27422696 -42997926,-22385935 -41866833,-23021928 -46664936,-28525221 -48039141))
32742;POLYGON((-32104400 -66131872,-30864327 -59565730,-24308621 -57611834,-24957106 -63835257,-32104400 -66131872))
32743;POLYGON((-36128758 -89587973,-34734711 -81093545,-26257961 -77988565,-26907403 -86009679,-36128758 -89587973))
32744;POLYGON((-40650489 -119791694,-39084574 -108876930,-28195998 -104192401,-28831392 -114464762,-40650489 -119791694))
32745;POLYGON((-45726371 -158423704,-43969136 -144492477,-30073816 -137675890,-30676127 -150748241,-45726371 -158423704))
32746;POLYGON((-51418034 -207511155,-49448380 -189845910,-31829819 -180192513,-32375381 -196724565,-51418034 -207511155))
32747;POLYGON((-57792242 -269483952,-55587327 -247226226,-33387865 -233845933,-33847715 -254626088,-57792242 -269483952))
32748;POLYGON((-64921185 -347237758,-62456323 -319366397,-34655225 -301145194,-34994391 -327110336,-64921185 -347237758))
32749;POLYGON((-72882776 -444204244,-70131341 -409511149,-35520376 -385066324,-35697103 -417323870,-72882776 -444204244))
32750;POLYGON((71131341 -409511149,73882776 -444204244,36697103 -417323870,36520376 -385066324,71131341 -409511149))
32751;POLYGON((63456323 -319366397,65921185 -347237758,35994391 -327110336,35655225 -301145194,63456323 -319366397))
32752;POLYGON((56587327 -247226226,58792242 -269483952,34847715 -254626088,34387865 -233845933,56587327 -247226226))
32753;POLYGON((50448380 -189845910,52418034 -207511155,33375381 -196724565,32829819 -180192513,50448380 -189845910))
32754;POLYGON((44969136 -144492477,46726371 -158423704,31676127 -150748241,31073816 -137675890,44969136 -144492477))
32755;POLYGON((40084574 -108876930,41650489 -119791694,29831392 -114464762,29195998 -104192401,40084574 -108876930))
32756;POLYGON((35734711 -81093545,37128758 -89587973,27907403 -86009679,27257961 -77988565,35734711 -81093545))
32757;POLYGON((31864327 -59565730,33104400 -66131872,25957106 -63835257,25308621 -57611834,31864327 -59565730))
32758;POLYGON((28422696 -42997926,29525221 -48039141,24021928 -46664936,23385935 -41866833,28422696 -42997926))
32759;POLYGON((25363329 -30333098,26343347 -34177637,22133400 -33452992,21518466 -29776655,25363329 -30333098))
32760;POLYGON((22643717 -20715348,23514971 -23628273,20314619 -23348978,19726803 -20548810,22643717 -20715348))
