32601;POLYGON((2478389 10606560,2462720 10669728,2655316 10705216,2677094 10641494,2478389 10606560))
32602;POLYGON((2518074 10409226,2506282 10476187,2715589 10506749,2731867 10436209,2518074 10409226))
32603;POLYGON((2542737 10202790,2536449 10272396,2757590 10289968,2766747 10214721,2542737 10202790))
32604;POLYGON((2548646 9990823,2548927 10061870,2777103 10061068,2778138 9983081,2548646 9990823))
32605;POLYGON((2533541 9776926,2540999 9848221,2771648 9825777,2764057 9746837,2533541 9776926))
32606;POLYGON((2496344 9564581,2511224 9634984,2740126 9589270,2723798 9510974,2496344 9564581))
32607;POLYGON((2436908 9357044,2459168 9425500,2682523 9356135,2657645 9279879,2436908 9357044))
32608;POLYGON((2355800 9157269,2385185 9222829,2599641 9130358,2566625 9057337,2355800 9157269))
32609;POLYGON((2254120 8967873,2290214 9029705,2492885 8915332,2452301 8846550,2254120 8967873))
32610;POLYGON((2133350 8791117,2175625 8848506,2364079 8713887,2316599 8650171,2133350 8791117))
32611;POLYGON((1995227 8628910,2043082 8681258,2215312 8528337,2161672 8470351,1995227 8628910))
32612;POLYGON((1841647 8482829,1894437 8529647,2048826 8360529,1989792 8308794,1841647 8482829))
32613;POLYGON((1674588 8354145,1731648 8395040,1866926 8211902,1803264 8166820,1674588 8354145))
32614;POLYGON((1496056 8243859,1556717 8278525,1671907 8083552,1604378 8045421,1496056 8243859))
32615;POLYGON((1308049 8152736,1371648 8180942,1466024 7976285,1395361 7945320,1308049 8152736))
32616;POLYGON((1112532 8081344,1178419 8102921,1251457 7890679,1178370 7867031,1112532 8081344))
32617;POLYGON((911432 8030088,978969 8044917,1030308 7827131,955482 7810897,911432 8030088))
32618;POLYGON((706636 7999233,775197 8007240,804609 7785896,728706 7777138,706636 7999233))
32619;POLYGON((500000 7988932,568969 7990077,576330 7767125,500000 7765873,500000 7988932))
32620;POLYGON((293363 7999233,362128 7993511,347409 7770880,271293 7777138,293363 7999233))
32621;POLYGON((88567 8030088,156514 8017526,119774 7797150,44517 7810897,88567 8030088))
32622;POLYGON((-112532 8081344,-46025 8062006,-104629 7845845,-178370 7867031,-112532 8081344))
32623;POLYGON((-308049 8152736,-243615 8126723,-323813 7916780,-395361 7945320,-308049 8152736))
32624;POLYGON((-496056 8243859,-434342 8211323,-535723 8009658,-604378 8045421,-496056 8243859))
32625;POLYGON((-674588 8354145,-616253 8315297,-738231 8124027,-803264 8166820,-674588 8354145))
32626;POLYGON((-841647 8482829,-787359 8437947,-929130 8259239,-989792 8308794,-841647 8482829))
32627;POLYGON((-995227 8628910,-945655 8578356,-1106149 8414397,-1161672 8470351,-995227 8628910))
32628;POLYGON((-1133350 8791117,-1089146 8735347,-1266982 8588298,-1316599 8650171,-1133350 8791117))
32629;POLYGON((-1254120 8967873,-1215903 8907448,-1409339 8779373,-1452301 8846550,-1254120 8967873))
32630;POLYGON((-1355800 9157269,-1324126 9092865,-1531017 8985627,-1566625 9057337,-1355800 9157269))
32631;POLYGON((-1436908 9357044,-1412235 9289453,-1630000 9204579,-1657645 9279879,-1436908 9357044))
32632;POLYGON((-1496344 9564581,-1478988 9494716,-1704587 9433214,-1723798 9510974,-1496344 9564581))
32633;POLYGON((-1533541 9776926,-1523621 9705806,-1753550 9667945,-1764057 9746837,-1533541 9776926))
32634;POLYGON((-1548646 9990823,-1546021 9919563,-1776333 9904586,-1778138 9983081,-1548646 9990823))
32635;POLYGON((-1542737 10202790,-1546930 10132570,-1773282 10138350,-1766747 10214721,-1542737 10202790))
32636;POLYGON((-1518074 10409226,-1528183 10341252,-1745919 10363872,-1731867 10436209,-1518074 10409226))
32637;POLYGON((-1478389 10606560,-1492986 10542007,-1697263 10575257,-1677094 10641494,-1478389 10606560))
32638;POLYGON((-1429215 10791458,-1446234 10731396,-1632192 10766177,-1608016 10824129,-1429215 10791458))
32639;POLYGON((-1378263 10961082,-1394867 10906383,-1557861 10930002,-1532648 10977422,-1378263 10961082))
32640;POLYGON((-1335839 11113419,-1348276 11064640,-1484168 11059984,-1461917 11094637,-1335839 11113419))
32641;POLYGON((-1315314 11247686,-1318756 11204922,-1424282 11149501,-1410206 11169258,-1315314 11247686))
32642;POLYGON((-1333640 11364816,-1322003 11327531,-1395222 11192364,-1395962 11195323,-1333640 11364816))
32643;POLYGON((-1411927 11468045,-1377676 11434866,-1418507 11183200,-1442356 11167829,-1411927 11468045))
32644;POLYGON((-1576071 11563599,-1510001 11532070,-1520865 11117917,-1578023 11083229,-1576071 11563599))
32645;POLYGON((-1857440 11661493,-1748442 11627800,-1735012 10994255,-1837859 10940015,-1857440 11661493))
32646;POLYGON((-2293621 11776461,-2128426 11735106,-2100502 10812446,-2263900 10739414,-2293621 11776461))
32647;POLYGON((-2929240 11929025,-2692137 11872453,-2664651 10575977,-2906267 10486187,-2929240 11929025))
32648;POLYGON((-3816831 12146707,-3489374 12064884,-3483539 10292473,-3824199 10189559,-3816831 12146707))
32649;POLYGON((-5017793 12465404,-4578469 12345342,-4623091 9974717,-5087157 9864281,-5017793 12465404))
32650;POLYGON((4816831 12146707,5179027 12239672,5203102 10083407,4824199 10189559,4816831 12146707))
32651;POLYGON((3929240 11929025,4194266 11992764,4178418 10391529,3906267 10486187,3929240 11929025))
32652;POLYGON((3293621 11776461,3480912 11821936,3451258 10660498,3263900 10739414,3293621 11776461))
32653;POLYGON((2857440 11661493,2983581 11697035,2959106 10879371,2837859 10940015,2857440 11661493))
32654;POLYGON((2576071 11563599,2655115 11595349,2648918 11042007,2578023 11083229,2576071 11563599))
32655;POLYGON((2411927 11468045,2455673 11500341,2476073 11146097,2442356 11167829,2411927 11468045))
32656;POLYGON((2333640 11364816,2351899 11400531,2403395 11192320,2395962 11195323,2333640 11364816))
32657;POLYGON((2315314 11247686,2316154 11288527,2400255 11183613,2410206 11169258,2315314 11247686))
32658;POLYGON((2335839 11113419,2325806 11160177,2441745 11124553,2461917 11094637,2335839 11113419))
32659;POLYGON((2378263 10961082,2362582 11013850,2507922 11020832,2532648 10977422,2378263 10961082))
32660;POLYGON((2429215 10791458,2411977 10849817,2583118 10878821,2608016 10824129,2429215 10791458))
