32701;POLYGON((3564485 2253921,3829606 2633094,4483539 -292473,4178418 -391529,3564485 2253921))
32702;POLYGON((2954764 1269392,3129538 1572966,3664651 -575977,3451258 -660498,2954764 1269392))
32703;POLYGON((2574271 495628,2679222 731603,3100502 -812446,2959106 -879371,2574271 495628))
32704;POLYGON((2368024 -90985,2420423 85186,2735012 -994255,2648918 -1042007,2368024 -90985))
32705;POLYGON((2290050 -513270,2304289 -389399,2520865 -1117917,2476073 -1146097,2290050 -513270))
32706;POLYGON((2302316 -792997,2290252 -714299,2418507 -1183200,2403395 -1192320,2302316 -792997))
32707;POLYGON((2373753 -950703,2345025 -910481,2395222 -1192364,2400255 -1183613,2373753 -950703))
32708;POLYGON((2479356 -1005545,2441678 -997571,2424282 -1149501,2441745 -1124553,2479356 -1005545))
32709;POLYGON((2599365 -975203,2558789 -993753,2484168 -1059984,2507922 -1020832,2599365 -975203))
32710;POLYGON((2718514 -875827,2679672 -915690,2557861 -930002,2583118 -878821,2718514 -875827))
32711;POLYGON((2825356 -722011,2791678 -778495,2632192 -766177,2655316 -705216,2825356 -722011))
32712;POLYGON((2911653 -526808,2885563 -595731,2697263 -575257,2715589 -506749,2911653 -526808))
32713;POLYGON((2971826 -301758,2954921 -379439,2745919 -363872,2757590 -289968,2971826 -301758))
32714;POLYGON((3002477 -56952,2995674 -140184,2773282 -138350,2777103 -61068,3002477 -56952))
32715;POLYGON((3001952 198895,3005632 112869,2776333 95413,2771648 174222,3001952 198895))
32716;POLYGON((2969972 458358,2984098 371878,2753550 332054,2740126 410729,2969972 458358))
32717;POLYGON((2907309 715195,2931524 630214,2704587 566785,2682523 643864,2907309 715195))
32718;POLYGON((2815508 964239,2849226 882368,2630000 795420,2599641 869641,2815508 964239))
32719;POLYGON((2696653 1201290,2739132 1123829,2531017 1014372,2492885 1084667,2696653 1201290))
32720;POLYGON((2553181 1422993,2603580 1350973,2409339 1220626,2364079 1286112,2553181 1422993))
32721;POLYGON((2387722 1626730,2445152 1560949,2266982 1411701,2215312 1471662,2387722 1626730))
32722;POLYGON((2202983 1810502,2266538 1751564,2106149 1585602,2048826 1639470,2202983 1810502))
32723;POLYGON((2001657 1972830,2070445 1921177,1929130 1740760,1866926 1788097,2001657 1972830))
32724;POLYGON((1786361 2112651,1859521 2068596,1738231 1875972,1671907 1916447,1786361 2112651))
32725;POLYGON((1559599 2229229,1636311 2192987,1535723 1990341,1466024 2023714,1559599 2229229))
32726;POLYGON((1323748 2322078,1403234 2293787,1323813 2083219,1251457 2109320,1323748 2322078))
32727;POLYGON((1081055 2390893,1162579 2370639,1104629 2154154,1030308 2172868,1081055 2390893))
32728;POLYGON((833655 2435493,916517 2423324,880225 2202849,804609 2214103,833655 2435493))
32729;POLYGON((583597 2455782,667121 2451724,652590 2229119,576330 2232874,583597 2455782))
32730;POLYGON((332878 2451724,416402 2455782,423669 2232874,347409 2229119,332878 2451724))
32731;POLYGON((83482 2423324,166344 2435493,195390 2214103,119774 2202849,83482 2423324))
32732;POLYGON((-162579 2370639,-81055 2390893,-30308 2172868,-104629 2154154,-162579 2370639))
32733;POLYGON((-403234 2293787,-323748 2322078,-251457 2109320,-323813 2083219,-403234 2293787))
32734;POLYGON((-636311 2192987,-559599 2229229,-466024 2023714,-535723 1990341,-636311 2192987))
32735;POLYGON((-859521 2068596,-786361 2112651,-671907 1916447,-738231 1875972,-859521 2068596))
32736;POLYGON((-1070445 1921177,-1001657 1972830,-866926 1788097,-929130 1740760,-1070445 1921177))
32737;POLYGON((-1266538 1751564,-1202983 1810502,-1048826 1639470,-1106149 1585602,-1266538 1751564))
32738;POLYGON((-1445152 1560949,-1387722 1626730,-1215312 1471662,-1266982 1411701,-1445152 1560949))
32739;POLYGON((-1603580 1350973,-1553181 1422993,-1364079 1286112,-1409339 1220626,-1603580 1350973))
32740;POLYGON((-1739132 1123829,-1696653 1201290,-1492885 1084667,-1531017 1014372,-1739132 1123829))
32741;POLYGON((-1849226 882368,-1815508 964239,-1599641 869641,-1630000 795420,-1849226 882368))
32742;POLYGON((-1931524 630214,-1907309 715195,-1682523 643864,-1704587 566785,-1931524 630214))
32743;POLYGON((-1984098 371878,-1969972 458358,-1740126 410729,-1753550 332054,-1984098 371878))
32744;POLYGON((-2005632 112869,-2001952 198895,-1771648 174222,-1776333 95413,-2005632 112869))
32745;POLYGON((-1995674 -140184,-2002477 -56952,-1777103 -61068,-1773282 -138350,-1995674 -140184))
32746;POLYGON((-1954921 -379439,-1971826 -301758,-1757590 -289968,-1745919 -363872,-1954921 -379439))
32747;POLYGON((-1885563 -595731,-1911653 -526808,-1715589 -506749,-1697263 -575257,-1885563 -595731))
32748;POLYGON((-1791678 -778495,-1825356 -722011,-1655316 -705216,-1632192 -766177,-1791678 -778495))
32749;POLYGON((-1679672 -915690,-1718514 -875827,-1583118 -878821,-1557861 -930002,-1679672 -915690))
32750;POLYGON((-1558789 -993753,-1599365 -975203,-1507922 -1020832,-1484168 -1059984,-1558789 -993753))
32751;POLYGON((-1441678 -997571,-1479356 -1005545,-1441745 -1124553,-1424282 -1149501,-1441678 -997571))
32752;POLYGON((-1345025 -910481,-1373753 -950703,-1400255 -1183613,-1395222 -1192364,-1345025 -910481))
32753;POLYGON((-1290252 -714299,-1302316 -792997,-1403395 -1192320,-1418507 -1183200,-1290252 -714299))
32754;POLYGON((-1304289 -389399,-1290050 -513270,-1476073 -1146097,-1520865 -1117917,-1304289 -389399))
32755;POLYGON((-1420423 85186,-1368024 -90985,-1648918 -1042007,-1735012 -994255,-1420423 85186))
32756;POLYGON((-1679222 731603,-1574271 495628,-1959106 -879371,-2100502 -812446,-1679222 731603))
32757;POLYGON((-2129538 1572966,-1954764 1269392,-2451258 -660498,-2664651 -575977,-2129538 1572966))
32758;POLYGON((-2829606 2633094,-2564485 2253921,-3178418 -391529,-3483539 -292473,-2829606 2633094))
32759;POLYGON((-3848216 3936178,-3468567 3473324,-4203102 -83407,-4623091 25282,-3848216 3936178))
32760;POLYGON((4468567 3473324,4848216 3936178,5623091 25282,5203102 -83407,4468567 3473324))
