32601;POLYGON((515794 10107835,511537 10108420,572706 10366426,582081 10360921,515794 10107835))
32602;POLYGON((528193 10105259,524124 10106253,601046 10349660,610591 10343862,528193 10105259))
32603;POLYGON((539993 10101483,536130 10102872,629706 10331841,639234 10325587,539993 10101483))
32604;POLYGON((551134 10096559,547498 10098325,658132 10312531,667464 10305708,551134 10096559))
32605;POLYGON((561549 10090546,558163 10092667,685801 10291432,694770 10283969,561549 10090546))
32606;POLYGON((571167 10083514,568054 10085966,712225 10268370,720678 10260232,571167 10083514))
32607;POLYGON((579914 10075542,577099 10078298,736958 10243276,744754 10234462,579914 10075542))
32608;POLYGON((587720 10066719,585227 10069748,759593 10216176,766608 10206713,587720 10066719))
32609;POLYGON((594518 10057143,592368 10060412,779770 10187175,785894 10177114,594518 10057143))
32610;POLYGON((600247 10046919,598459 10050392,797175 10156446,802314 10145858,600247 10046919))
32611;POLYGON((604855 10036158,603446 10039798,811543 10124219,815618 10113191,604855 10036158))
32612;POLYGON((608299 10024980,607282 10028745,822654 10090770,825604 10079401,608299 10024980))
32613;POLYGON((610545 10013506,609931 10017356,830341 10056410,832120 10044812,610545 10013506))
32614;POLYGON((611574 10001862,611367 10005755,834483 10021477,835063 10009768,611574 10001862))
32615;POLYGON((611376 9990176,611578 9994068,835009 9986332,834375 9974632,611376 9990176))
32616;POLYGON((609954 9978575,610563 9982425,831894 9951341,830049 9939777,609954 9978575))
32617;POLYGON((607327 9967187,608335 9970952,825159 9916880,822120 9905576,607327 9967187))
32618;POLYGON((603522 9956136,604918 9959775,814871 9883321,810670 9872399,603522 9956136))
32619;POLYGON((598582 9945544,600352 9949017,801138 9851029,795819 9840607,598582 9945544))
32620;POLYGON((592562 9935527,594685 9938795,784109 9820355,777731 9810549,592562 9935527))
32621;POLYGON((585528 9926193,587981 9929222,763970 9791635,756603 9782551,585528 9926193))
32622;POLYGON((577557 9917647,580313 9920402,740943 9765182,732668 9756919,577557 9917647))
32623;POLYGON((568737 9909980,571766 9912433,715281 9741285,706189 9733933,568737 9909980))
32624;POLYGON((559163 9903278,562432 9905400,687266 9720203,677458 9713842,559163 9903278))
32625;POLYGON((548942 9897613,552414 9899382,657206 9702166,646788 9696865,548942 9897613))
32626;POLYGON((538184 9893047,541822 9894444,625431 9687369,614517 9683186,538184 9893047))
32627;POLYGON((527009 9889631,530773 9890640,592287 9675972,580997 9672952,527009 9889631))
32628;POLYGON((515537 9887402,519386 9888011,558137 9668099,546594 9666273,515537 9887402))
32629;POLYGON((503896 9886383,507787 9886587,523353 9663834,511684 9663223,503896 9886383))
32630;POLYGON((492212 9886587,496103 9886383,488315 9663223,476646 9663834,492212 9886587))
32631;POLYGON((480613 9888011,484462 9887402,453405 9666273,441862 9668099,480613 9888011))
32632;POLYGON((469226 9890640,472990 9889631,419002 9672952,407712 9675972,469226 9890640))
32633;POLYGON((458177 9894444,461815 9893047,385482 9683186,374568 9687369,458177 9894444))
32634;POLYGON((447585 9899382,451057 9897613,353211 9696865,342793 9702166,447585 9899382))
32635;POLYGON((437567 9905400,440836 9903278,322541 9713842,312733 9720203,437567 9905400))
32636;POLYGON((428233 9912433,431262 9909980,293810 9733933,284718 9741285,428233 9912433))
32637;POLYGON((419686 9920402,422442 9917647,267331 9756919,259056 9765182,419686 9920402))
32638;POLYGON((412018 9929222,414471 9926193,243396 9782551,236029 9791635,412018 9929222))
32639;POLYGON((405314 9938795,407437 9935527,222268 9810549,215890 9820355,405314 9938795))
32640;POLYGON((399647 9949017,401417 9945544,204180 9840607,198861 9851029,399647 9949017))
32641;POLYGON((395081 9959775,396477 9956136,189329 9872399,185128 9883321,395081 9959775))
32642;POLYGON((391664 9970952,392672 9967187,177879 9905576,174840 9916880,391664 9970952))
32643;POLYGON((389436 9982425,390045 9978575,169950 9939777,168105 9951341,389436 9982425))
32644;POLYGON((388421 9994068,388623 9990176,165624 9974632,164990 9986332,388421 9994068))
32645;POLYGON((388632 10005755,388425 10001862,164936 10009768,165516 10021477,388632 10005755))
32646;POLYGON((390068 10017356,389454 10013506,167879 10044812,169658 10056410,390068 10017356))
32647;POLYGON((392717 10028745,391700 10024980,174395 10079401,177345 10090770,392717 10028745))
32648;POLYGON((396553 10039798,395144 10036158,184381 10113191,188456 10124219,396553 10039798))
32649;POLYGON((401540 10050392,399752 10046919,197685 10145858,202824 10156446,401540 10050392))
32650;POLYGON((407631 10060412,405481 10057143,214105 10177114,220229 10187175,407631 10060412))
32651;POLYGON((414772 10069748,412279 10066719,233391 10206713,240406 10216176,414772 10069748))
32652;POLYGON((422900 10078298,420085 10075542,255245 10234462,263041 10243276,422900 10078298))
32653;POLYGON((431945 10085966,428832 10083514,279321 10260232,287774 10268370,431945 10085966))
32654;POLYGON((441836 10092667,438450 10090546,305229 10283969,314198 10291432,441836 10092667))
32655;POLYGON((452501 10098325,448865 10096559,332535 10305708,341867 10312531,452501 10098325))
32656;POLYGON((463869 10102872,460006 10101483,360765 10325587,370293 10331841,463869 10102872))
32657;POLYGON((475875 10106253,471806 10105259,389408 10343862,398953 10349660,475875 10106253))
32658;POLYGON((488462 10108420,484205 10107835,417918 10360921,427293 10366426,488462 10108420))
32659;POLYGON((501587 10109335,497154 10109171,445722 10377304,454730 10382732,501587 10109335))
32660;POLYGON((502845 10109171,498412 10109335,545269 10382732,554277 10377304,502845 10109171))
