32601;POLYGON((607282 10028745,606134 10032473,819324 10102037,822654 10090770,607282 10028745))
32602;POLYGON((609931 10017356,609182 10021182,828168 10067944,830341 10056410,609931 10017356))
32603;POLYGON((611367 10005755,611024 10009638,833502 10033163,834483 10021477,611367 10005755))
32604;POLYGON((611578 9994068,611644 9997965,835238 9998048,835009 9986332,611578 9994068))
32605;POLYGON((610563 9982425,611037 9986293,833336 9962964,831894 9951341,610563 9982425))
32606;POLYGON((608335 9970952,609211 9974749,827803 9928285,825159 9916880,608335 9970952))
32607;POLYGON((604918 9959775,606187 9963460,818689 9894385,814871 9883321,604918 9959775))
32608;POLYGON((600352 9949017,601999 9952549,806090 9861630,801138 9851029,600352 9949017))
32609;POLYGON((594685 9938795,596693 9942136,790141 9830379,784109 9820355,594685 9938795))
32610;POLYGON((587981 9929222,590327 9932334,771015 9800972,763970 9791635,587981 9929222))
32611;POLYGON((580313 9920402,582971 9923252,748924 9773730,740943 9765182,580313 9920402))
32612;POLYGON((571766 9912433,574707 9914989,724111 9748950,715281 9741285,571766 9912433))
32613;POLYGON((562432 9905400,565624 9907635,696847 9726903,687266 9720203,562432 9905400))
32614;POLYGON((552414 9899382,555823 9901271,667434 9707827,657206 9702166,552414 9899382))
32615;POLYGON((541822 9894444,545410 9895966,636192 9691931,625431 9687369,541822 9894444))
32616;POLYGON((530773 9890640,534500 9891779,603465 9679385,592287 9675972,530773 9890640))
32617;POLYGON((519386 9888011,523212 9888755,569609 9670326,558137 9668099,519386 9888011))
32618;POLYGON((507787 9886587,511669 9886927,534995 9664851,523353 9663834,507787 9886587))
32619;POLYGON((496103 9886383,500000 9886315,500000 9663020,488315 9663223,496103 9886383))
32620;POLYGON((484462 9887402,488330 9886927,465004 9664851,453405 9666273,484462 9887402))
32621;POLYGON((472990 9889631,476787 9888755,430390 9670326,419002 9672952,472990 9889631))
32622;POLYGON((461815 9893047,465499 9891779,396534 9679385,385482 9683186,461815 9893047))
32623;POLYGON((451057 9897613,454589 9895966,363807 9691931,353211 9696865,451057 9897613))
32624;POLYGON((440836 9903278,444176 9901271,332565 9707827,322541 9713842,440836 9903278))
32625;POLYGON((431262 9909980,434375 9907635,303152 9726903,293810 9733933,431262 9909980))
32626;POLYGON((422442 9917647,425292 9914989,275888 9748950,267331 9756919,422442 9917647))
32627;POLYGON((414471 9926193,417028 9923252,251075 9773730,243396 9782551,414471 9926193))
32628;POLYGON((407437 9935527,409672 9932334,228984 9800972,222268 9810549,407437 9935527))
32629;POLYGON((401417 9945544,403306 9942136,209858 9830379,204180 9840607,401417 9945544))
32630;POLYGON((396477 9956136,398000 9952549,193909 9861630,189329 9872399,396477 9956136))
32631;POLYGON((392672 9967187,393812 9963460,181310 9894385,177879 9905576,392672 9967187))
32632;POLYGON((390045 9978575,390788 9974749,172196 9928285,169950 9939777,390045 9978575))
32633;POLYGON((388623 9990176,388962 9986293,166663 9962964,165624 9974632,388623 9990176))
32634;POLYGON((388425 10001862,388355 9997965,164761 9998048,164936 10009768,388425 10001862))
32635;POLYGON((389454 10013506,388975 10009638,166497 10033163,167879 10044812,389454 10013506))
32636;POLYGON((391700 10024980,390817 10021182,171831 10067944,174395 10079401,391700 10024980))
32637;POLYGON((395144 10036158,393865 10032473,180675 10102037,184381 10113191,395144 10036158))
32638;POLYGON((399752 10046919,398089 10043386,192893 10135112,197685 10145858,399752 10046919))
32639;POLYGON((405481 10057143,403450 10053801,208300 10166868,214105 10177114,405481 10057143))
32640;POLYGON((412279 10066719,409898 10063605,226661 10197044,233391 10206713,412279 10066719))
32641;POLYGON((420085 10075542,417375 10072691,247695 10225427,255245 10234462,420085 10075542))
32642;POLYGON((428832 10083514,425816 10080956,271071 10251867,279321 10260232,428832 10083514))
32643;POLYGON((438450 10090546,435152 10088311,296415 10276282,305229 10283969,438450 10090546))
32644;POLYGON((448865 10096559,445309 10094672,323306 10298677,332535 10305708,448865 10096559))
32645;POLYGON((460006 10101483,456216 10099967,351283 10319154,360765 10325587,460006 10101483))
32646;POLYGON((471806 10105259,467803 10104131,379847 10337927,389408 10343862,471806 10105259))
32647;POLYGON((484205 10107835,480009 10107112,408464 10355340,417918 10360921,484205 10107835))
32648;POLYGON((497154 10109171,492779 10108866,436569 10371878,445722 10377304,497154 10109171))
32649;POLYGON((498412 10109335,506076 10109356,463571 10388193,545269 10382732,498412 10109335))
32650;POLYGON((511537 10108420,507220 10108866,563430 10371878,572706 10366426,511537 10108420))
32651;POLYGON((524124 10106253,519990 10107112,591535 10355340,601046 10349660,524124 10106253))
32652;POLYGON((536130 10102872,532196 10104131,620152 10337927,629706 10331841,536130 10102872))
32653;POLYGON((547498 10098325,543783 10099967,648716 10319154,658132 10312531,547498 10098325))
32654;POLYGON((558163 10092667,554690 10094672,676693 10298677,685801 10291432,558163 10092667))
32655;POLYGON((568054 10085966,564847 10088311,703584 10276282,712225 10268370,568054 10085966))
32656;POLYGON((577099 10078298,574183 10080956,728928 10251867,736958 10243276,577099 10078298))
32657;POLYGON((585227 10069748,582624 10072691,752304 10225427,759593 10216176,585227 10069748))
32658;POLYGON((592368 10060412,590101 10063605,773338 10197044,779770 10187175,592368 10060412))
32659;POLYGON((598459 10050392,596549 10053801,791699 10166868,797175 10156446,598459 10050392))
32660;POLYGON((603446 10039798,601910 10043386,807106 10135112,811543 10124219,603446 10039798))
