32701;POLYGON((4145243 -888583,3924150 -981493,3808139 -799401,3998138 -726765,4145243 -888583))
32702;POLYGON((4641513 -514666,4501944 -652541,4305940 -531425,4426879 -413651,4641513 -514666))
32703;POLYGON((4926458 -47998,4852126 -210478,4610028 -148517,4674873 -4793,4926458 -47998))
32704;POLYGON((5043223 462048,5020651 289624,4757133 297226,4776750 452905,5043223 462048))
32705;POLYGON((5027334 980607,5045456 808470,4777978 768112,4761417 925813,5027334 980607))
32706;POLYGON((4907813 1483953,4957614 1318954,4698096 1237653,4652842 1390569,4907813 1483953))
32707;POLYGON((4708170 1956751,4782369 1803217,4538554 1687939,4470751 1831621,4708170 1956751))
32708;POLYGON((4447273 2389837,4540047 2250256,4316602 2107487,4231254 2239226,4447273 2389837))
32709;POLYGON((4140120 2778445,4246857 2654008,4046252 2489513,3947400 2607846,4140120 2778445))
32710;POLYGON((3798499 3120825,3915589 3011853,3738785 2830565,3629660 2934890,3798499 3120825))
32711;POLYGON((3431570 3417185,3556219 3323444,3403194 3129455,3286355 3219733,3431570 3417185))
32712;POLYGON((3046358 3668895,3176434 3589839,3046577 3386449,2924030 3462979,3046358 3668895))
32713;POLYGON((2648179 3877906,2782077 3812849,2674479 3602651,2547777 3665909,2648179 3877906))
32714;POLYGON((2240998 4046344,2377527 3994577,2291184 3779568,2161523 3830088,2240998 4046344))
32715;POLYGON((1827733 4176224,1966019 4137101,1899978 3918793,1768271 3957085,1827733 4176224))
32716;POLYGON((1410521 4269275,1549924 4242260,1503372 4021789,1370317 4048287,1410521 4269275))
32717;POLYGON((990931 4326816,1130978 4311519,1103301 4089752,969448 4104777,990931 4326816))
32718;POLYGON((570168 4349699,710488 4345890,701305 4123518,567109 4127261,570168 4349699))
32719;POLYGON((149244 4338267,289511 4345890,298694 4123518,164565 4116027,149244 4338267))
32720;POLYGON((-270856 4292349,-130978 4311519,-103301 4089752,-236941 4070931,-270856 4292349))
32721;POLYGON((-689014 4211259,-549924 4242260,-503372 4021789,-636045 3991402,-689014 4211259))
32722;POLYGON((-1103800 4093829,-966019 4137101,-899978 3918793,-1031091 3876478,-1103800 4093829))
32723;POLYGON((-1513289 3938456,-1377527 3994577,-1291184 3779568,-1419972 3724861,-1513289 3938456))
32724;POLYGON((-1914852 3743205,-1782077 3812849,-1674479 3602651,-1799944 3535027,-1914852 3743205))
32725;POLYGON((-2304903 3505961,-2176434 3589839,-2046577 3386449,-2167415 3305383,-2304903 3505961))
32726;POLYGON((-2678615 3224675,-2556219 3323444,-2403194 3129455,-2517709 3034516,-2678615 3224675))
32727;POLYGON((-3029575 2897730,-2915589 3011853,-2738785 2830565,-2844801 2721543,-3029575 2897730))
32728;POLYGON((-3349386 2524452,-3246857 2654008,-3046252 2489513,-3140999 2366609,-3349386 2524452))
32729;POLYGON((-3627197 2105837,-3540047 2250256,-3316602 2107487,-3396594 1971552,-3627197 2105837))
32730;POLYGON((-3849149 1645507,-3782369 1803217,-3538554 1687939,-3599449 1540804,-3849149 1645507))
32731;POLYGON((-3997743 1150986,-3957614 1318954,-3698096 1237653,-3734531 1082545,-3997743 1150986))
32732;POLYGON((-4051109 635327,-4045456 808470,-3777978 768112,-3783384 610191,-4051109 635327))
32733;POLYGON((-3982167 119182,-4020651 289624,-3757133 297226,-3723529 144248,-3982167 119182))
32734;POLYGON((-3757675 -366638,-3852126 -210478,-3610028 -148517,-3527790 -285377,-3757675 -366638))
32735;POLYGON((-3337161 -778012,-3501944 -652541,-3305940 -531425,-3163534 -636578,-3337161 -778012))
32736;POLYGON((-2671714 -1053690,-2924150 -981493,-2808139 -799401,-2591834 -851640,-2671714 -1053690))
32737;POLYGON((-1702645 -1110723,-2063473 -1122177,-2072986 -882125,-1766528 -853197,-1702645 -1110723))
32738;POLYGON((-359986 -839039,-853880 -974221,-1048927 -686509,-633187 -539427,-359986 -839039))
32739;POLYGON((1439152 -95057,783017 -405987,324604 -91356,872026 221576,1439152 -95057))
32740;POLYGON((3792409 1305752,2939729 752507,2118407 1058878,2823609 1598360,3792409 1305752))
32741;POLYGON((6814156 3597493,5724817 2717806,4414835 2961313,5308082 3803694,6814156 3597493))
32742;POLYGON((10637685 7073762,9265012 5762488,7309245 5862961,8425483 7103275,10637685 7073762))
32743;POLYGON((15417573 12098990,13707520 10226019,10911575 10070249,12290980 11825674,15417573 12098990))
32744;POLYGON((21332259 19121341,19222529 16527116,15348047 15959852,17036626 18373632,21332259 19121341))
32745;POLYGON((28586831 28687299,26005919 25177761,20763012 23990950,22813250 27236820,28586831 28687299))
32746;POLYGON((37416026 41458097,34282197 36798991,27320940 34719041,29792497 39006198,37416026 41458097))
32747;POLYGON((48087464 58228125,44307648 52138636,35208557 48811434,38169012 54390095,48087464 58228125))
32748;POLYGON((60905124 79945477,56373731 72091134,44637139 67064546,48162793 74232144,60905124 79945477))
32749;POLYGON((-51105420 64865866,-55373731 72091134,-43637139 67064546,-40308935 60462831,-51105420 64865866))
32750;POLYGON((-39754249 46560300,-43307648 52138636,-34208557 48811434,-31419098 43693856,-39754249 46560300))
32751;POLYGON((-30342431 32551837,-33282197 36798991,-26320940 34719041,-23996924 30804635,-30342431 32551837))
32752;POLYGON((-22590622 21997246,-25005919 25177761,-19763012 23990950,-17839586 21043828,-22590622 21997246))
32753;POLYGON((-16253495 14193057,-18222529 16527116,-14348047 15959852,-12768024 13783225,-16253495 14193057))
32754;POLYGON((-11116424 8556456,-12707520 10226019,-9911575 10070249,-8624704 8501071,-11116424 8556456))
32755;POLYGON((-6992407 4608213,-8265012 5762488,-6309245 5862961,-5271531 4767142,-6992407 4608213))
32756;POLYGON((-3719210 1957502,-4724817 2717806,-3414835 2961313,-2587910 2229469,-3719210 1957502))
32757;POLYGON((-1156719 288447,-1939729 752507,-1118407 1058878,-468946 602565,-1156719 288447))
32758;POLYGON((815493 -651715,216982 -405987,675395 -91356,1176215 -342953,815493 -651715))
32759;POLYGON((2300412 -1063020,1853880 -974221,2048927 -686509,2425921 -789480,2300412 -1063020))
32760;POLYGON((3385635 -1101815,3063473 -1122177,3072986 -882125,3347417 -880357,3385635 -1101815))
