32701;POLYGON((3809293 -522577,3688586 -587712,3580304 -555038,3675579 -490534,3809293 -522577))
32702;POLYGON((4080222 -253199,4004287 -353501,3829700 -328553,3889627 -234091,4080222 -253199))
32703;POLYGON((4230938 92195,4192826 -28982,3977800 -24823,4007033 87686,4230938 92195))
32704;POLYGON((4280526 478205,4274158 346797,4038152 323477,4040934 445039,4280526 478205))
32705;POLYGON((4245626 878820,4265713 744941,4023073 691807,4003240 815755,4245626 878820))
32706;POLYGON((4140660 1275409,4182628 1144559,3943677 1062107,3904670 1183615,4140660 1275409))
32707;POLYGON((3978055 1655041,4037970 1530987,3809908 1421417,3754793 1537094,3978055 1655041))
32708;POLYGON((3768444 2009120,3842949 1894321,3630598 1760732,3562079 1868286,3768444 2009120))
32709;POLYGON((3520860 2332269,3607110 2228217,3413516 2074055,3333960 2172019,3520860 2332269))
32710;POLYGON((3242919 2621440,3338522 2528940,3165441 2357632,3076899 2445143,3242919 2621440))
32711;POLYGON((2940989 2875212,3043951 2794593,2892231 2609334,2796466 2685954,2940989 2875212))
32712;POLYGON((2620351 3093243,2729023 3024527,2598907 2828164,2497420 2893746,2620351 3093243))
32713;POLYGON((2285355 3275856,2398381 3218883,2289737 3013880,2183800 3068455,2285355 3275856))
32714;POLYGON((1939566 3423728,2055836 3378248,1968329 3166694,1859014 3210395,1939566 3423728))
32715;POLYGON((1585903 3537658,1704508 3503403,1637728 3287053,1525942 3320050,1585903 3537658))
32716;POLYGON((1226776 3618410,1346961 3595137,1300515 3375471,1187034 3397930,1226776 3618410))
32717;POLYGON((864215 3666597,985337 3654123,958914 3432417,844417 3444468,864215 3666597))
32718;POLYGON((500000 3682614,621485 3680835,614893 3458228,500000 3459947,500000 3682614))
32719;POLYGON((135784 3666597,257088 3675498,270278 3453070,155582 3444468,135784 3666597))
32720;POLYGON((-226776 3618410,-106212 3638066,-73143 3416908,-187034 3397930,-226776 3618410))
32721;POLYGON((-585903 3537658,-466695 3568228,-413511 3349517,-525942 3320050,-585903 3537658))
32722;POLYGON((-939566 3423728,-822425 3465436,-748782 3250508,-859014 3210395,-939566 3423728))
32723;POLYGON((-1285355 3275856,-1171135 3328968,-1076626 3119387,-1183800 3068455,-1285355 3275856))
32724;POLYGON((-1620351 3093243,-1510090 3158020,-1394319 2955648,-1497420 2893746,-1620351 3093243))
32725;POLYGON((-1940989 2875212,-1835955 2951854,-1698639 2758900,-1796466 2685954,-1940989 2875212))
32726;POLYGON((-2242919 2621440,-2144660 2709999,-1985768 2529055,-2076899 2445143,-2242919 2621440))
32727;POLYGON((-2520860 2332269,-2431248 2432533,-2251196 2266571,-2333960 2172019,-2520860 2332269))
32728;POLYGON((-2768444 2009120,-2689732 2120464,-2489635 1972773,-2562079 1868286,-2768444 2009120))
32729;POLYGON((-2978055 1655041,-2912930 1776229,-2694927 1650272,-2754793 1537094,-2978055 1655041))
32730;POLYGON((-3140660 1275409,-3092303 1404339,-2859972 1303494,-2904670 1183615,-3140660 1275409))
32731;POLYGON((-3245626 878820,-3217770 1012205,-2976651 939347,-3003240 815755,-3245626 878820))
32732;POLYGON((-3280526 478205,-3277525 611175,-3035770 568037,-3040934 445039,-3280526 478205))
32733;POLYGON((-3230938 92195,-3257834 217809,-3026999 204087,-3007033 87686,-3230938 92195))
32734;POLYGON((-3080222 -253199,-3142823 -144547,-2938826 -132447,-2889627 -234091,-3080222 -253199))
32735;POLYGON((-2809293 -522577,-2914246 -443872,-2758528 -414514,-2675579 -490534,-2809293 -522577))
32736;POLYGON((-2396366 -668741,-2551249 -637192,-2472139 -606311,-2350506 -642484,-2396366 -668741))
32737;POLYGON((-1816699 -629841,-2030106 -667888,-2064440 -661235,-1898772 -639221,-1816699 -629841))
32738;POLYGON((-1042307 -326041,-1323943 -462524,-1518958 -519471,-1303485 -415922,-1042307 -326041))
32739;POLYGON((-41661 344383,-402450 72860,-817975 -105187,-546520 109277,-41661 344383))
32740;POLYGON((1220628 1509553,768440 1057045,57441 676696,391454 1038677,1220628 1509553))
32741;POLYGON((2784152 3329168,2226879 2638583,1127406 1944229,1530933 2498895,2784152 3329168))
32742;POLYGON((4693068 6000429,4015461 5001467,2413153 3842667,2893511 4645300,4693068 6000429))
32743;POLYGON((6996479 9764786,6181596 8371597,3936970 6549299,4501807 7667034,6996479 9764786))
32744;POLYGON((9748846 14915553,8777912 13024093,5722109 10278889,6379372 11792684,9748846 14915553))
32745;POLYGON((13010418 21806500,11862678 19291556,7792683 15289817,8550580 17296655,13010418 21806500))
32746;POLYGON((16847690 30861478,15500256 27573340,10173540 21890944,11040495 24506299,16847690 30861478))
32747;POLYGON((21333888 42585173,19761573 38345918,12890127 30449290,13874727 33809874,21333888 42585173))
32748;POLYGON((26549482 57575066,24724625 52174432,15968324 41398563,17079260 45665373,26549482 57575066))
32749;POLYGON((-20333888 42585173,-21987182 47186467,-13900469 37453351,-12874727 33809874,-20333888 42585173))
32750;POLYGON((-15847690 30861478,-17267166 34445378,-10945704 27353739,-10040495 24506299,-15847690 30861478))
32751;POLYGON((-12010418 21806500,-13222069 24561229,-8343885 19492511,-7550580 17296655,-12010418 21806500))
32752;POLYGON((-8748846 14915553,-9776308 16999792,-6069256 13459191,-5379372 11792684,-8748846 14915553))
32753;POLYGON((-5996479 9764786,-6861199 11311525,-4096555 8907051,-3501807 7667034,-5996479 9764786))
32754;POLYGON((-3693068 6000429,-4414464 7120421,-2401162 5544867,-1893511 4645300,-3693068 6000429))
32755;POLYGON((-1784152 3329168,-2379761 4114017,-959240 3129526,-530933 2498895,-1784152 3329168))
32756;POLYGON((-220628 1509553,-706249 2034470,252153 1459401,608545 1038677,-220628 1509553))
32757;POLYGON((1041661 344383,651834 670618,1254963 368454,1546520 109277,1041661 344383))
32758;POLYGON((2042307 -326041,1735562 -149039,2070058 -278996,2303485 -415922,2042307 -326041))
32759;POLYGON((2816699 -629841,2581686 -562541,2717163 -592898,2898772 -639221,2816699 -629841))
32760;POLYGON((3396366 -668741,3222983 -679874,3214810 -661527,3350506 -642484,3396366 -668741))
