32701;POLYGON((7186836 -3496185,6978950 -4096078,6276004 -3432635,6513917 -2941443,7186836 -3496185))
32702;POLYGON((7564698 -1869485,7475903 -2383945,6861223 -2012760,6978114 -1575261,7564698 -1869485))
32703;POLYGON((7648126 -480198,7647790 -918646,7115136 -753326,7141241 -368440,7648126 -480198))
32704;POLYGON((7515778 699341,7579758 327810,7121911 350692,7081176 685677,7515778 699341))
32705;POLYGON((7229065 1695377,7338613 1382209,6947931 1308573,6859064 1597390,7229065 1695377))
32706;POLYGON((6835163 2532234,6975965 2269556,6644807 2132149,6522195 2379074,6835163 2532234))
32707;POLYGON((6369646 3232002,6530987 3012712,6252020 2834495,6106532 3043981,6369646 3232002))
32708;POLYGON((5858750 3814373,6032795 3632179,5799208 3428941,5638887 3605362,5858750 3814373))
32709;POLYGON((5321312 4296587,5502498 4146013,5308134 3928372,5138780 4075834,5321312 4296587))
32710;POLYGON((4770398 4693486,4954921 4569845,4794354 4344743,4620020 4466969,4770398 4693486))
32711;POLYGON((4214668 5017624,4400059 4916977,4268610 4688783,4092014 4789047,4214668 5017624))
32712;POLYGON((3659478 5279431,3844259 5198526,3737988 4969843,3560847 5050943,3659478 5279431))
32713;POLYGON((3107773 5487394,3291183 5423605,3206851 5195838,3030149 5260098,3107773 5487394))
32714;POLYGON((2560784 5648261,2742567 5599521,2677585 5373279,2501781 5422568,2560784 5648261))
32715;POLYGON((2018565 5767222,2198807 5731963,2151178 5507338,1976371 5543096,2018565 5767222))
32716;POLYGON((1480387 5848088,1659398 5825183,1627664 5601938,1453714 5625212,1480387 5848088))
32717;POLYGON((945037 5893424,1123261 5882149,1106456 5659844,933073 5671314,945037 5893424))
32718;POLYGON((411022 5904660,588977 5904660,586592 5682747,413407 5682747,411022 5904660))
32719;POLYGON((-123261 5882149,54962 5893424,66926 5671314,-106456 5659844,-123261 5882149))
32720;POLYGON((-659398 5825183,-480387 5848088,-453714 5625212,-627664 5601938,-659398 5825183))
32721;POLYGON((-1198807 5731963,-1018565 5767222,-976371 5543096,-1151178 5507338,-1198807 5731963))
32722;POLYGON((-1742567 5599521,-1560784 5648261,-1501781 5422568,-1677585 5373279,-1742567 5599521))
32723;POLYGON((-2291183 5423605,-2107773 5487394,-2030149 5260098,-2206851 5195838,-2291183 5423605))
32724;POLYGON((-2844259 5198526,-2659478 5279431,-2560847 5050943,-2737988 4969843,-2844259 5198526))
32725;POLYGON((-3400059 4916977,-3214668 5017624,-3092014 4789047,-3268610 4688783,-3400059 4916977))
32726;POLYGON((-3954921 4569845,-3770398 4693486,-3620020 4466969,-3794354 4344743,-3954921 4569845))
32727;POLYGON((-4502498 4146013,-4321312 4296587,-4138780 4075834,-4308134 3928372,-4502498 4146013))
32728;POLYGON((-5032795 3632179,-4858750 3814373,-4638887 3605362,-4799208 3428941,-5032795 3632179))
32729;POLYGON((-5530987 3012712,-5369646 3232002,-5106532 3043981,-5252020 2834495,-5530987 3012712))
32730;POLYGON((-5975965 2269556,-5835163 2532234,-5522195 2379074,-5644807 2132149,-5975965 2269556))
32731;POLYGON((-6338613 1382209,-6229065 1695377,-5859064 1597390,-5947931 1308573,-6338613 1382209))
32732;POLYGON((-6579758 327810,-6515778 699341,-6081176 685677,-6121911 350692,-6579758 327810))
32733;POLYGON((-6647790 -918646,-6648126 -480198,-6141241 -368440,-6115136 -753326,-6647790 -918646))
32734;POLYGON((-6475903 -2383945,-6564698 -1869485,-5978114 -1575261,-5861223 -2012760,-6475903 -2383945))
32735;POLYGON((-5978950 -4096078,-6186836 -3496185,-5513917 -2941443,-5276004 -3432635,-5978950 -4096078))
32736;POLYGON((-5049861 -6083456,-5415203 -5388673,-4650746 -4468013,-4254100 -5011576,-5049861 -6083456))
32737;POLYGON((-3555617 -8373856,-4125905 -7575071,-3266973 -6147886,-2665074 -6739146,-3555617 -8373856))
32738;POLYGON((-1332735 -10993055,-2166148 -10081995,-1213087 -7962820,-349117 -8592603,-1332735 -10993055))
32739;POLYGON((1817743 -13963131,650611 -12932970,1692927 -9879744,2887736 -10532994,1817743 -13963131))
32740;POLYGON((6135822 -17300366,4550045 -16146466,5670727 -11846369,7278920 -12500517,6135822 -17300366))
32741;POLYGON((11908662 -21012709,9802877 -19733522,10983263 -13786018,13103168 -14409064,11908662 -21012709))
32742;POLYGON((19477303 -25096764,16731403 -23694891,17942994 -15591566,20690923 -16139854,19477303 -25096764))
32743;POLYGON((29243999 -29534228,25716619 -28017670,26918680 -17118431,30431327 -17534078,29243999 -29534228))
32744;POLYGON((41680208 -34287744,37205986 -32671352,38342788 -18176488,42779834 -18384439,41680208 -34287744))
32745;POLYGON((57335254 -39296106,51721865 -37603257,52719522 -18520842,58266462 -18425518,57335254 -39296106))
32746;POLYGON((76845697 -44468754,69870655 -42733266,70633528 -17841330,77504720 -17322831,76845697 -44468754))
32747;POLYGON((100945439 -49679503,92352639 -47947817,92759273 -15750662,101201227 -14660491,100945439 -49679503))
32748;POLYGON((-118972601 -53093083,119972601 -53093083,119871152 -11771084,-118871152 -11771084,-118972601 -53093083))
32749;POLYGON((-91352639 -47947817,-99945439 -49679503,-100201227 -14660491,-91759273 -15750662,-91352639 -47947817))
32750;POLYGON((-68870655 -42733266,-75845697 -44468754,-76504720 -17322831,-69633528 -17841330,-68870655 -42733266))
32751;POLYGON((-50721865 -37603257,-56335254 -39296106,-57266462 -18425518,-51719522 -18520842,-50721865 -37603257))
32752;POLYGON((-36205986 -32671352,-40680208 -34287744,-41779834 -18384439,-37342788 -18176488,-36205986 -32671352))
32753;POLYGON((-24716619 -28017670,-28243999 -29534228,-29431327 -17534078,-25918680 -17118431,-24716619 -28017670))
32754;POLYGON((-15731403 -23694891,-18477303 -25096764,-19690923 -16139854,-16942994 -15591566,-15731403 -23694891))
32755;POLYGON((-8802877 -19733522,-10908662 -21012709,-12103168 -14409064,-9983263 -13786018,-8802877 -19733522))
32756;POLYGON((-3550045 -16146466,-5135822 -17300366,-6278920 -12500517,-4670727 -11846369,-3550045 -16146466))
32757;POLYGON((349388 -12932970,-817743 -13963131,-1887736 -10532994,-692927 -9879744,349388 -12932970))
32758;POLYGON((3166148 -10081995,2332735 -10993055,1349117 -8592603,2213087 -7962820,3166148 -10081995))
32759;POLYGON((5125905 -7575071,4555617 -8373856,3665074 -6739146,4266973 -6147886,5125905 -7575071))
32760;POLYGON((6415203 -5388673,6049861 -6083456,5254100 -5011576,5650746 -4468013,6415203 -5388673))
