32701;POLYGON((2081229 -221917,2076073 -277471,1846469 -239113,1851063 -191291,2081229 -221917))
32702;POLYGON((2087978 -54481,2087265 -110371,1856496 -95464,1857210 -47530,2087978 -54481))
32703;POLYGON((2080138 112955,2084465 57244,1854386 48167,1850773 95838,2080138 112955))
32704;POLYGON((2056467 278687,2066162 223745,1839007 190576,1830819 237538,2056467 278687))
32705;POLYGON((2016427 440881,2031601 387325,1809787 330375,1796941 376142,2016427 440881))
32706;POLYGON((1960044 597679,1980633 546125,1766619 466094,1749166 510170,1960044 597679))
32707;POLYGON((1887790 747289,1913595 698324,1709767 596255,1687865 638159,1887790 747289))
32708;POLYGON((1800477 888038,1831193 842204,1639793 719437,1613684 758714,1800477 888038))
32709;POLYGON((1699173 1018407,1734421 976191,1557493 834311,1527484 870543,1699173 1018407))
32710;POLYGON((1585132 1137055,1624478 1098884,1463840 939668,1430288 972482,1585132 1137055))
32711;POLYGON((1459741 1242824,1502710 1209063,1359943 1034435,1323240 1063506,1459741 1242824))
32712;POLYGON((1324469 1334738,1370564 1305692,1247007 1117683,1207572 1142733,1324469 1334738))
32713;POLYGON((1180842 1411995,1229550 1387914,1126309 1188627,1084579 1209425,1180842 1411995))
32714;POLYGON((1030412 1473959,1081215 1455037,999172 1246621,955595 1262983,1030412 1473959))
32715;POLYGON((874748 1520142,927121 1506525,866951 1291157,821985 1302942,874748 1520142))
32716;POLYGON((715420 1550195,768840 1541986,731022 1321855,685127 1328966,715420 1550195))
32717;POLYGON((554000 1563900,607942 1561156,592770 1338461,546411 1340838,554000 1563900))
32718;POLYGON((392057 1561156,445999 1563900,453588 1340838,407229 1338461,392057 1561156))
32719;POLYGON((231159 1541986,284579 1550195,314872 1328966,268977 1321855,231159 1541986))
32720;POLYGON((72878 1506525,125251 1520142,178014 1302942,133048 1291157,72878 1506525))
32721;POLYGON((-81215 1455037,-30412 1473959,44404 1262983,827 1246621,-81215 1455037))
32722;POLYGON((-229550 1387914,-180842 1411995,-84579 1209425,-126309 1188627,-229550 1387914))
32723;POLYGON((-370564 1305692,-324469 1334738,-207572 1142733,-247007 1117683,-370564 1305692))
32724;POLYGON((-502710 1209063,-459741 1242824,-323240 1063506,-359943 1034435,-502710 1209063))
32725;POLYGON((-624478 1098884,-585132 1137055,-430288 972482,-463840 939668,-624478 1098884))
32726;POLYGON((-734421 976191,-699173 1018407,-527484 870543,-557493 834311,-734421 976191))
32727;POLYGON((-831193 842204,-800477 888038,-613684 758714,-639793 719437,-831193 842204))
32728;POLYGON((-913595 698324,-887790 747289,-687865 638159,-709767 596255,-913595 698324))
32729;POLYGON((-980633 546125,-960044 597679,-749166 510170,-766619 466094,-980633 546125))
32730;POLYGON((-1031601 387325,-1016427 440881,-796941 376142,-809787 330375,-1031601 387325))
32731;POLYGON((-1066162 223745,-1056467 278687,-830819 237538,-839007 190576,-1066162 223745))
32732;POLYGON((-1084465 57244,-1080138 112955,-850773 95838,-854386 48167,-1084465 57244))
32733;POLYGON((-1087265 -110371,-1087978 -54481,-857210 -47530,-856496 -95464,-1087265 -110371))
32734;POLYGON((-1076073 -277471,-1081229 -221917,-851063 -191291,-846469 -239113,-1076073 -277471))
32735;POLYGON((-1053324 -442763,-1061997 -387927,-833907 -334435,-826121 -381895,-1053324 -442763))
32736;POLYGON((-1022568 -605491,-1033438 -551550,-808080 -476375,-798076 -523403,-1022568 -605491))
32737;POLYGON((-988689 -765690,-999966 -712527,-776830 -617134,-765921 -663911,-988689 -765690))
32738;POLYGON((-958145 -924493,-967484 -871588,-744476 -757573,-734367 -804619,-958145 -924493))
32739;POLYGON((-939237 -1084498,-943650 -1030796,-716578 -899667,-709435 -947941,-939237 -1084498))
32740;POLYGON((-942414 -1250212,-938158 -1193969,-700143 -1046827,-698658 -1097850,-942414 -1250212))
32741;POLYGON((-980594 -1428562,-963068 -1367163,-703836 -1204284,-711305 -1260280,-980594 -1428562))
32742;POLYGON((-1069534 -1629500,-1033147 -1559252,-738217 -1379536,-758628 -1443593,-1069534 -1629500))
32743;POLYGON((-1228222 -1866699,-1166259 -1782583,-816005 -1582857,-854124 -1659116,-1228222 -1866699))
32744;POLYGON((-1479304 -2158353,-1383781 -2053749,-952358 -1827886,-1013833 -1921757,-1479304 -2158353))
32745;POLYGON((-1849557 -2528086,-1711061 -2394454,-1165179 -2132304,-1256643 -2250705,-1849557 -2528086))
32746;POLYGON((-2370390 -3005984,-2177902 -2832509,-1475447 -2518588,-1604639 -2670222,-2370390 -3005984))
32747;POLYGON((-3078387 -3629762,-2819103 -3402947,-1907579 -3014867,-2083465 -3210532,-3078387 -3629762))
32748;POLYGON((3819103 -3402947,4078387 -3629762,3083465 -3210532,2907579 -3014867,3819103 -3402947))
32749;POLYGON((3177902 -2832509,3370390 -3005984,2604639 -2670222,2475447 -2518588,3177902 -2832509))
32750;POLYGON((2711061 -2394454,2849557 -2528086,2256643 -2250705,2165179 -2132304,2711061 -2394454))
32751;POLYGON((2383781 -2053749,2479304 -2158353,2013833 -1921757,1952358 -1827886,2383781 -2053749))
32752;POLYGON((2166259 -1782583,2228222 -1866699,1854124 -1659116,1816005 -1582857,2166259 -1782583))
32753;POLYGON((2033147 -1559252,2069534 -1629500,1758628 -1443593,1738217 -1379536,2033147 -1559252))
32754;POLYGON((1963068 -1367163,1980594 -1428562,1711305 -1260280,1703836 -1204284,1963068 -1367163))
32755;POLYGON((1938158 -1193969,1942414 -1250212,1698658 -1097850,1700143 -1046827,1938158 -1193969))
32756;POLYGON((1943650 -1030796,1939237 -1084498,1709435 -947941,1716578 -899667,1943650 -1030796))
32757;POLYGON((1967484 -871588,1958145 -924493,1734367 -804619,1744476 -757573,1967484 -871588))
32758;POLYGON((1999966 -712527,1988689 -765690,1765921 -663911,1776830 -617134,1999966 -712527))
32759;POLYGON((2033438 -551550,2022568 -605491,1798076 -523403,1808080 -476375,2033438 -551550))
32760;POLYGON((2061997 -387927,2053324 -442763,1826121 -381895,1833907 -334435,2061997 -387927))
