32601;POLYGON((2415978 12447405,2538294 12592811,3271643 12917325,3088992 12751350,2415978 12447405))
32602;POLYGON((2123549 12076555,2209508 12190315,2778301 12459853,2647686 12331744,2123549 12076555))
32603;POLYGON((1924842 11783456,1981991 11873955,2429959 12105034,2340642 12004382,1924842 11783456))
32604;POLYGON((1799415 11546488,1834216 11620375,2196018 11823938,2138835 11742546,1799415 11546488))
32605;POLYGON((1729844 11348694,1747790 11411150,2050423 11593913,2017613 11525449,1729844 11348694))
32606;POLYGON((1701400 11177040,1707119 11232017,1971169 11397579,1956214 11337264,1701400 11177040))
32607;POLYGON((1701741 11021752,1699101 11072183,1939835 11221937,1937320 11166272,1701741 11021752))
32608;POLYGON((1720640 10875746,1712831 10923725,1941166 11057583,1946637 11004114,1720640 10875746))
32609;POLYGON((1749725 10734121,1739346 10781068,1962676 10898033,1972528 10845142,1749725 10734121))
32610;POLYGON((1782246 10593732,1771381 10640525,1994300 10739133,2005655 10685865,1782246 10593732))
32611;POLYGON((1812861 10452810,1803145 10499905,2028061 10578558,2038675 10524467,1812861 10452810))
32612;POLYGON((1837442 10310652,1830129 10358183,2057782 10415380,2065950 10360406,1837442 10310652))
32613;POLYGON((1852904 10167351,1848916 10215213,2078819 10249717,2083290 10194076,1852904 10167351))
32614;POLYGON((1857044 10023576,1857026 10071494,2087821 10082430,2087728 10026531,1857044 10023576))
32615;POLYGON((1848403 9880391,1852767 9927977,2082520 9914880,2077315 9859255,1848403 9880391))
32616;POLYGON((1826144 9739106,1835106 9785903,2061542 9748738,2050936 9693983,1826144 9739106))
32617;POLYGON((1789938 9601161,1803558 9646680,2024242 9585826,2008157 9532561,1789938 9601161))
32618;POLYGON((1739874 9468039,1758082 9511786,1970561 9428001,1949086 9376839,1739874 9468039))
32619;POLYGON((1676375 9341195,1698997 9382692,1900904 9277073,1874258 9228593,1676375 9341195))
32620;POLYGON((1600126 9222008,1626908 9260805,1816032 9134737,1784533 9089474,1600126 9222008))
32621;POLYGON((1512019 9111750,1542644 9147437,1716977 9002540,1681014 8960970,1512019 9111750))
32622;POLYGON((1413099 9011562,1447204 9043774,1604966 8881853,1564983 8844393,1413099 9011562))
32623;POLYGON((1304526 8922447,1341714 8950866,1481366 8773865,1437841 8740870,1304526 8922447))
32624;POLYGON((1187546 8845262,1227394 8869618,1347636 8679582,1301070 8651348,1187546 8845262))
32625;POLYGON((1063461 8780721,1105530 8800792,1205294 8599833,1156200 8576599,1063461 8780721))
32626;POLYGON((933611 8729401,977451 8745009,1055890 8535283,1004789 8517236,933611 8729401))
32627;POLYGON((799363 8691744,844516 8702756,900989 8486442,848405 8473721,799363 8691744))
32628;POLYGON((662099 8668068,708103 8674392,742163 8453682,688620 8446380,662099 8668068))
32629;POLYGON((523208 8658567,569600 8660152,580982 8437243,527003 8435414,523208 8658567))
32630;POLYGON((384085 8663320,430399 8660152,419017 8437243,365125 8440899,384085 8663320))
32631;POLYGON((246124 8682287,291896 8674392,257836 8453682,204555 8462798,246124 8682287))
32632;POLYGON((110716 8715312,155483 8702756,99010 8486442,46863 8500951,110716 8715312))
32633;POLYGON((-20751 8762121,22548 8745009,-55890 8535283,-106380 8555076,-20751 8762121))
32634;POLYGON((-146908 8822312,-105530 8800792,-205294 8599833,-253603 8624757,-146908 8822312))
32635;POLYGON((-266404 8895355,-227394 8869618,-347636 8679582,-393246 8709432,-266404 8895355))
32636;POLYGON((-377920 8980582,-341714 8950866,-481366 8773865,-523765 8808384,-377920 8980582))
32637;POLYGON((-480192 9077183,-447204 9043774,-604966 8881853,-643660 8920726,-480192 9077183))
32638;POLYGON((-572026 9184204,-542644 9147437,-716977 9002540,-751499 9045391,-572026 9184204))
32639;POLYGON((-652335 9300550,-626908 9260805,-816032 9134737,-845955 9181129,-652335 9300550))
32640;POLYGON((-720172 9424990,-698997 9382692,-900904 9277073,-925858 9326509,-720172 9424990))
32641;POLYGON((-774775 9556179,-758082 9511786,-970561 9428001,-990258 9479931,-774775 9556179))
32642;POLYGON((-815628 9692680,-803558 9646680,-1024242 9585826,-1038503 9639656,-815628 9692680))
32643;POLYGON((-842522 9833016,-835106 9785903,-1061542 9748738,-1070330 9803852,-842522 9833016))
32644;POLYGON((-855637 9975722,-852767 9927977,-1082520 9914880,-1085978 9970661,-855637 9975722))
32645;POLYGON((-855628 10119433,-857026 10071494,-1087821 10082430,-1086318 10138297,-855628 10119433))
32646;POLYGON((-843735 10262989,-848916 10215213,-1078819 10249717,-1073003 10305174,-843735 10262989))
32647;POLYGON((-821897 10405571,-830129 10358183,-1057782 10415380,-1048639 10470072,-821897 10405571))
32648;POLYGON((-792890 10546871,-803145 10499905,-1028061 10578558,-1016985 10632351,-792890 10546871))
32649;POLYGON((-760475 10687300,-771381 10640525,-994300 10739133,-983167 10792204,-760475 10687300))
32650;POLYGON((-729568 10828238,-739346 10781068,-962676 10898033,-953931 10950981,-729568 10828238))
32651;POLYGON((-706428 10972334,-712831 10923725,-941166 11057583,-937917 11111567,-706428 10972334))
32652;POLYGON((-698861 11123859,-699101 11072183,-939835 11221937,-945958 11278832,-698861 11123859))
32653;POLYGON((-716449 11289116,-707119 11232017,-971169 11397579,-991422 11460164,-716449 11289116))
32654;POLYGON((-770798 11476922,-747790 11411150,-1050423 11593913,-1090575 11666084,-770798 11476922))
32655;POLYGON((-875810 11699156,-834216 11620375,-1196018 11823938,-1262983 11910961,-875810 11699156))
32656;POLYGON((-1047975 11971389,-981991 11873955,-1429959 12105034,-1531949 12213827,-1047975 11971389))
32657;POLYGON((-1306691 12313598,-1209508 12190315,-1778301 12459853,-1924985 12599307,-1306691 12313598))
32658;POLYGON((-1674610 12750973,-1538294 12592811,-2271643 12917325,-2474323 13098675,-1674610 12750973))
32659;POLYGON((-2178006 13314827,-1993371 13110608,-2945668 13513809,-3217467 13751040,-2178006 13314827))
32660;POLYGON((2825946 12923130,2993371 13110608,3945668 13513809,3698488 13296948,2825946 12923130))
