32701;POLYGON((2985437 -221893,2971826 -301758,2757590 -289968,2766747 -214721,2985437 -221893))
32702;POLYGON((3005804 27495,3002477 -56952,2777103 -61068,2778138 16918,3005804 27495))
32703;POLYGON((2994767 285313,3001952 198895,2771648 174222,2764057 253162,2994767 285313))
32704;POLYGON((2952431 544539,2969972 458358,2740126 410729,2723798 489025,2952431 544539))
32705;POLYGON((2879852 799302,2907309 715195,2682523 643864,2657645 720120,2879852 799302))
32706;POLYGON((2778781 1044771,2815508 964239,2599641 869641,2566625 942662,2778781 1044771))
32707;POLYGON((2651437 1277039,2696653 1201290,2492885 1084667,2452301 1153449,2651437 1277039))
32708;POLYGON((2500338 1493012,2553181 1422993,2364079 1286112,2316599 1349828,2500338 1493012))
32709;POLYGON((2328151 1690288,2387722 1626730,2215312 1471662,2161672 1529648,2328151 1690288))
32710;POLYGON((2137587 1867054,2202983 1810502,2048826 1639470,1989792 1691205,2137587 1867054))
32711;POLYGON((1931318 2021980,2001657 1972830,1866926 1788097,1803264 1833179,1931318 2021980))
32712;POLYGON((1711928 2154121,1786361 2112651,1671907 1916447,1604378 1954578,1711928 2154121))
32713;POLYGON((1481879 2262834,1559599 2229229,1466024 2023714,1395361 2054679,1481879 2262834))
32714;POLYGON((1243503 2347698,1323748 2322078,1251457 2109320,1178370 2132968,1243503 2347698))
32715;POLYGON((999009 2408456,1081055 2390893,1030308 2172868,955482 2189102,999009 2408456))
32716;POLYGON((750498 2444960,833655 2435493,804609 2214103,728706 2222861,750498 2444960))
32717;POLYGON((500000 2457135,583597 2455782,576330 2232874,500000 2234126,500000 2457135))
32718;POLYGON((249501 2444960,332878 2451724,347409 2229119,271293 2222861,249501 2444960))
32719;POLYGON((990 2408456,83482 2423324,119774 2202849,44517 2189102,990 2408456))
32720;POLYGON((-243503 2347698,-162579 2370639,-104629 2154154,-178370 2132968,-243503 2347698))
32721;POLYGON((-481879 2262834,-403234 2293787,-323813 2083219,-395361 2054679,-481879 2262834))
32722;POLYGON((-711928 2154121,-636311 2192987,-535723 1990341,-604378 1954578,-711928 2154121))
32723;POLYGON((-931318 2021980,-859521 2068596,-738231 1875972,-803264 1833179,-931318 2021980))
32724;POLYGON((-1137587 1867054,-1070445 1921177,-929130 1740760,-989792 1691205,-1137587 1867054))
32725;POLYGON((-1328151 1690288,-1266538 1751564,-1106149 1585602,-1161672 1529648,-1328151 1690288))
32726;POLYGON((-1500338 1493012,-1445152 1560949,-1266982 1411701,-1316599 1349828,-1500338 1493012))
32727;POLYGON((-1651437 1277039,-1603580 1350973,-1409339 1220626,-1452301 1153449,-1651437 1277039))
32728;POLYGON((-1778781 1044771,-1739132 1123829,-1531017 1014372,-1566625 942662,-1778781 1044771))
32729;POLYGON((-1879852 799302,-1849226 882368,-1630000 795420,-1657645 720120,-1879852 799302))
32730;POLYGON((-1952431 544539,-1931524 630214,-1704587 566785,-1723798 489025,-1952431 544539))
32731;POLYGON((-1994767 285313,-1984098 371878,-1753550 332054,-1764057 253162,-1994767 285313))
32732;POLYGON((-2005804 27495,-2005632 112869,-1776333 95413,-1778138 16918,-2005804 27495))
32733;POLYGON((-1985437 -221893,-1995674 -140184,-1773282 -138350,-1766747 -214721,-1985437 -221893))
32734;POLYGON((-1934821 -454580,-1954921 -379439,-1745919 -363872,-1731867 -436209,-1934821 -454580))
32735;POLYGON((-1856730 -660941,-1885563 -595731,-1697263 -575257,-1677094 -641494,-1856730 -660941))
32736;POLYGON((-1755963 -829927,-1791678 -778495,-1632192 -766177,-1608016 -824129,-1755963 -829927))
32737;POLYGON((-1639815 -948995,-1679672 -915690,-1557861 -930002,-1532648 -977422,-1639815 -948995))
32738;POLYGON((-1518598 -1004067,-1558789 -993753,-1484168 -1059984,-1461917 -1094637,-1518598 -1004067))
32739;POLYGON((-1406234 -979509,-1441678 -997571,-1424282 -1149501,-1410206 -1169258,-1406234 -979509))
32740;POLYGON((-1320905 -858148,-1345025 -910481,-1395222 -1192364,-1395962 -1195323,-1320905 -858148))
32741;POLYGON((-1285781 -621311,-1290252 -714299,-1418507 -1183200,-1442356 -1167829,-1285781 -621311))
32742;POLYGON((-1329812 -248907,-1304289 -389399,-1520865 -1117917,-1578023 -1083229,-1329812 -248907))
32743;POLYGON((-1488606 280442,-1420423 85186,-1735012 -994255,-1837859 -940015,-1488606 280442))
32744;POLYGON((-1805376 989232,-1679222 731603,-2100502 -812446,-2263900 -739414,-1805376 989232))
32745;POLYGON((-2331976 1900844,-2129538 1572966,-2664651 -575977,-2906267 -486187,-2331976 1900844))
32746;POLYGON((-3130024 3039262,-2829606 2633094,-3483539 -292473,-3824199 -189559,-3130024 3039262))
32747;POLYGON((-4272108 4428715,-3848216 3936178,-4623091 25282,-5087157 135718,-4272108 4428715))
32748;POLYGON((4130024 3039262,4468567 3473324,5203102 -83407,4824199 -189559,4130024 3039262))
32749;POLYGON((3331976 1900844,3564485 2253921,4178418 -391529,3906267 -486187,3331976 1900844))
32750;POLYGON((2805376 989232,2954764 1269392,3451258 -660498,3263900 -739414,2805376 989232))
32751;POLYGON((2488606 280442,2574271 495628,2959106 -879371,2837859 -940015,2488606 280442))
32752;POLYGON((2329812 -248907,2368024 -90985,2648918 -1042007,2578023 -1083229,2329812 -248907))
32753;POLYGON((2285781 -621311,2290050 -513270,2476073 -1146097,2442356 -1167829,2285781 -621311))
32754;POLYGON((2320905 -858148,2302316 -792997,2403395 -1192320,2395962 -1195323,2320905 -858148))
32755;POLYGON((2406234 -979509,2373753 -950703,2400255 -1183613,2410206 -1169258,2406234 -979509))
32756;POLYGON((2518598 -1004067,2479356 -1005545,2441745 -1124553,2461917 -1094637,2518598 -1004067))
32757;POLYGON((2639815 -948995,2599365 -975203,2507922 -1020832,2532648 -977422,2639815 -948995))
32758;POLYGON((2755963 -829927,2718514 -875827,2583118 -878821,2608016 -824129,2755963 -829927))
32759;POLYGON((2856730 -660941,2825356 -722011,2655316 -705216,2677094 -641494,2856730 -660941))
32760;POLYGON((2934821 -454580,2911653 -526808,2715589 -506749,2731867 -436209,2934821 -454580))
