32601;POLYGON((14739106 12522726,15265722 13572876,16440323 13132772,15802777 12076996,14739106 12522726))
32602;POLYGON((13254364 9925306,13733949 10707522,14605497 10258781,14043065 9478364,13254364 9925306))
32603;POLYGON((11901397 7991935,12338598 8574070,12984335 8135615,12485701 7559597,11901397 7991935))
32604;POLYGON((10666512 6552418,11065845 6986067,11544470 6568525,11099856 6143170,10666512 6552418))
32605;POLYGON((9536538 5478237,9902327 5802211,10257955 5410560,9858931 5095639,9536538 5478237))
32606;POLYGON((8498956 4673391,8835293 4916570,9100710 4552099,8740021 4317842,8498956 4673391))
32607;POLYGON((7542005 4066930,7852723 4250579,8052023 3912310,7723432 3736935,7542005 4066930))
32608;POLYGON((6654742 3606962,6943394 3746578,7094097 3432255,6792250 3300001,6654742 3606962))
32609;POLYGON((5827072 3255889,6096928 3362664,6211647 3069424,5931944 2969000,5827072 3255889))
32610;POLYGON((5049748 2986709,5303799 3068658,5391537 2793450,5130016 2716839,5049748 2986709))
32611;POLYGON((4314344 2780164,4555309 2842991,4622443 2582825,4375683 2524378,4314344 2780164))
32612;POLYGON((3613196 2622618,3843549 2670350,3894567 2422423,3659592 2378188,3613196 2622618))
32613;POLYGON((2939336 2504484,3161328 2539944,3199363 2301685,2973563 2268916,2939336 2504484))
32614;POLYGON((2286394 2419109,2502088 2444243,2529300 2213307,2310348 2190128,2286394 2419109))
32615;POLYGON((1648495 2361997,1859802 2378100,1877633 2152336,1663422 2137506,1648495 2361997))
32616;POLYGON((1020138 2330295,1228858 2338158,1238206 2115560,1026779 2108324,1020138 2330295))
32617;POLYGON((396067 2322472,603932 2322472,605254 2101126,394745 2101126,396067 2322472))
32618;POLYGON((-228858 2338158,-20138 2330295,-26779 2108324,-238206 2115560,-228858 2338158))
32619;POLYGON((-859802 2378100,-648495 2361997,-663422 2137506,-877633 2152336,-859802 2378100))
32620;POLYGON((-1502088 2444243,-1286394 2419109,-1310348 2190128,-1529300 2213307,-1502088 2444243))
32621;POLYGON((-2161328 2539944,-1939336 2504484,-1973563 2268916,-2199363 2301685,-2161328 2539944))
32622;POLYGON((-2843549 2670350,-2613196 2622618,-2659592 2378188,-2894567 2422423,-2843549 2670350))
32623;POLYGON((-3555309 2842991,-3314344 2780164,-3375683 2524378,-3622443 2582825,-3555309 2842991))
32624;POLYGON((-4303799 3068658,-4049748 2986709,-4130016 2716839,-4391537 2793450,-4303799 3068658))
32625;POLYGON((-5096928 3362664,-4827072 3255889,-4931944 2969000,-5211647 3069424,-5096928 3362664))
32626;POLYGON((-5943394 3746578,-5654742 3606962,-5792250 3300001,-6094097 3432255,-5943394 3746578))
32627;POLYGON((-6852723 4250579,-6542005 4066930,-6723432 3736935,-7052023 3912310,-6852723 4250579))
32628;POLYGON((-7835293 4916570,-7498956 4673391,-7740021 4317842,-8100710 4552099,-7835293 4916570))
32629;POLYGON((-8902327 5802211,-8536538 5478237,-8858931 5095639,-9257955 5410560,-8902327 5802211))
32630;POLYGON((-10065845 6986067,-9666512 6552418,-10099856 6143170,-10544470 6568525,-10065845 6986067))
32631;POLYGON((-11338598 8574070,-10901397 7991935,-11485701 7559597,-11984335 8135615,-11338598 8574070))
32632;POLYGON((-12733949 10707522,-12254364 9925306,-13043065 9478364,-13605497 10258781,-12733949 10707522))
32633;POLYGON((-14265722 13572876,-13739106 12522726,-14802777 12076996,-15440323 13132772,-14265722 13572876))
32634;POLYGON((-15948003 17413564,-15369646 16007183,-16800481 15588996,-17526205 17012805,-15948003 17413564))
32635;POLYGON((-17794897 22544148,-17160112 20667800,-19077292 20318159,-19906233 22229744,-17794897 22544148))
32636;POLYGON((-19820235 29367096,-19124464 26875704,-21680498 26655600,-22629926 29208114,-19820235 29367096))
32637;POLYGON((-22037221 38392507,-21276154 35102731,-24664349 35099847,-25754038 38487297,-22037221 38392507))
32638;POLYGON((-24458030 50261112,-23627751 45943294,-28090901 46280365,-29343428 50746272,-24458030 50261112))
32639;POLYGON((-27093346 65770927,-26190491 60139781,-32030945 60984868,-33472020 66832291,-27093346 65770927))
32640;POLYGON((-29951834 85907915,-28973774 78611832,-36565011 80190852,-38223827 87793905,-29951834 85907915))
32641;POLYGON((-33039547 111881065,-31984593 102489909,-41784457 105101747,-43694074 114918750,-33039547 111881065))
32642;POLYGON((-36359268 145162311,-35226900 133153545,-47792645 137188141,-49990402 149776570,-36359268 145162311))
32643;POLYGON((-39909773 187531698,-38700893 172274721,-54706211 178234537,-57234168 194267927,-39909773 187531698))
32644;POLYGON((-43685029 241128284,-42402235 221866795,-62656423 230392136,-65561837 250679093,-43685029 241128284))
32645;POLYGON((-47673302 308507224,-46321196 284339478,-71790646 296238135,-75126483 321743647,-47673302 308507224))
32646;POLYGON((-51856196 392703539,-50441714 362560318,-82273906 378842085,-86099387 410711298,-51856196 392703539))
32647;POLYGON((55740369 459923207,-54740369 459923207,-94290566 481839838,95290566 481839838,55740369 459923207))
32648;POLYGON((51441714 362560318,52856196 392703539,87099387 410711298,83273906 378842085,51441714 362560318))
32649;POLYGON((47321196 284339478,48673302 308507224,76126483 321743647,72790646 296238135,47321196 284339478))
32650;POLYGON((43402235 221866795,44685029 241128284,66561837 250679093,63656423 230392136,43402235 221866795))
32651;POLYGON((39700893 172274721,40909773 187531698,58234168 194267927,55706211 178234537,39700893 172274721))
32652;POLYGON((36226900 133153545,37359268 145162311,50990402 149776570,48792645 137188141,36226900 133153545))
32653;POLYGON((32984593 102489909,34039547 111881065,44694074 114918750,42784457 105101747,32984593 102489909))
32654;POLYGON((29973774 78611832,30951834 85907915,39223827 87793905,37565011 80190852,29973774 78611832))
32655;POLYGON((27190491 60139781,28093346 65770927,34472020 66832291,33030945 60984868,27190491 60139781))
32656;POLYGON((24627751 45943294,25458030 50261112,30343428 50746272,29090901 46280365,24627751 45943294))
32657;POLYGON((22276154 35102731,23037221 38392507,26754038 38487297,25664349 35099847,22276154 35102731))
32658;POLYGON((20124464 26875704,20820235 29367096,23629926 29208114,22680498 26655600,20124464 26875704))
32659;POLYGON((18160112 20667800,18794897 22544148,20906233 22229744,20077292 20318159,18160112 20667800))
32660;POLYGON((16369646 16007183,16948003 17413564,18526205 17012805,17800481 15588996,16369646 16007183))
