32701;POLYGON((2432638 -128239,2429209 -195096,2200132 -176679,2202643 -117040,2432638 -128239))
32702;POLYGON((2430638 73856,2433428 6344,2202537 2529,2199785 62316,2430638 73856))
32703;POLYGON((2408922 275967,2418421 208775,2188635 181519,2180168 240780,2408922 275967))
32704;POLYGON((2366668 475205,2383050 409285,2157347 358228,2142976 416257,2366668 475205))
32705;POLYGON((2303861 668819,2327054 605067,2108325 530539,2088071 586639,2303861 668819))
32706;POLYGON((2221104 854270,2250848 793506,2041805 696389,2015850 749896,2221104 854270))
32707;POLYGON((2119467 1029286,2155363 972235,1958468 853838,1927120 904143,2119467 1029286))
32708;POLYGON((2000350 1191877,2041901 1139171,1859333 1001118,1822990 1047675,2000350 1191877))
32709;POLYGON((1865379 1340348,1912024 1292519,1745663 1136662,1704788 1178994,1865379 1340348))
32710;POLYGON((1716324 1473284,1767461 1430774,1618895 1259110,1573993 1296811,1716324 1473284))
32711;POLYGON((1555032 1589534,1610040 1552699,1480574 1367313,1432178 1400045,1555032 1589534))
32712;POLYGON((1383381 1688182,1441633 1657302,1332318 1460322,1280975 1487813,1383381 1688182))
32713;POLYGON((1203250 1768521,1264121 1743812,1175775 1537377,1122040 1559409,1203250 1768521))
32714;POLYGON((1016499 1830025,1079371 1811643,1012611 1597883,957039 1614295,1016499 1830025))
32715;POLYGON((824962 1872320,889227 1860373,844489 1641402,787633 1652077,824962 1872320))
32716;POLYGON((630446 1895163,695505 1889720,673068 1667631,615480 1672497,630446 1895163))
32717;POLYGON((434743 1898430,500000 1899520,500000 1676393,442229 1675419,434743 1898430))
32718;POLYGON((239634 1882104,304494 1889720,326931 1667631,269526 1660822,239634 1882104))
32719;POLYGON((46904 1846272,110772 1860373,155510 1641402,99021 1628805,46904 1846272))
32720;POLYGON((-141644 1791137,-79371 1811643,-12611 1597883,-67632 1579583,-141644 1791137))
32721;POLYGON((-324188 1717025,-264121 1743812,-175775 1537377,-228774 1513505,-324188 1717025))
32722;POLYGON((-498873 1624411,-441633 1657302,-332318 1460322,-382739 1431058,-498873 1624411))
32723;POLYGON((-663828 1513938,-610040 1552699,-480574 1367313,-527866 1332890,-663828 1513938))
32724;POLYGON((-817169 1386448,-767461 1430774,-618895 1259110,-662512 1219824,-817169 1386448))
32725;POLYGON((-957036 1243011,-912024 1292519,-745663 1136662,-785082 1092873,-957036 1243011))
32726;POLYGON((-1081627 1084953,-1041901 1139171,-859333 1001118,-894059 953256,-1081627 1084953))
32727;POLYGON((-1189260 913872,-1155363 972235,-958468 853838,-988059 802401,-1189260 913872))
32728;POLYGON((-1278447 731661,-1250848 793506,-1041805 696389,-1065889 641946,-1278447 731661))
32729;POLYGON((-1347997 540498,-1327054 605067,-1108325 530539,-1126632 473720,-1347997 540498))
32730;POLYGON((-1397135 342838,-1383050 409285,-1157347 358228,-1169743 299709,-1397135 342838))
32731;POLYGON((-1425650 141369,-1418421 208775,-1188635 181519,-1195164 122005,-1425650 141369))
32732;POLYGON((-1434072 -61056,-1433428 6344,-1202537 2529,-1203469 -57280,-1434072 -61056))
32733;POLYGON((-1423881 -261521,-1429209 -195096,-1200132 -176679,-1196021 -236132,-1423881 -261521))
32734;POLYGON((-1397745 -457184,-1408007 -392663,-1183415 -354235,-1175163 -412779,-1397745 -457184))
32735;POLYGON((-1359792 -645474,-1373432 -583671,-1155498 -528639,-1144431 -585896,-1359792 -645474))
32736;POLYGON((-1315930 -824330,-1330760 -765857,-1120847 -698996,-1108798 -754849,-1315930 -824330))
32737;POLYGON((-1274191 -992513,-1287273 -937669,-1085540 -865301,-1074946 -920006,-1274191 -992513))
32738;POLYGON((-1245130 -1149981,-1252640 -1098622,-1057568 -1028790,-1051570 -1083104,-1245130 -1149981))
32739;POLYGON((-1242260 -1298351,-1239336 -1249721,-1047155 -1192359,-1049721 -1247701,-1242260 -1298351))
32740;POLYGON((-1282541 -1441446,-1263115 -1393988,-1067127 -1361064,-1083177 -1419698,-1282541 -1441446))
32741;POLYGON((-1386908 -1585941,-1343525 -1537069,-1133307 -1542711,-1168856 -1607965,-1386908 -1585941))
32742;POLYGON((-1580862 -1742121,-1504476 -1687954,-1264953 -1748538,-1327265 -1825054,-1580862 -1742121))
32743;POLYGON((-1895104 -1924759,-1774861 -1859814,-1485237 -1994006,-1582995 -2088031,-1895104 -1924759))
32744;POLYGON((-2366230 -2154120,-2189232 -2070964,-1821765 -2299710,-1965252 -2419423,-2366230 -2154120))
32745;POLYGON((-3037485 -2457115,-2788530 -2345962,-2307138 -2692410,-2508435 -2848300,-3037485 -2457115))
32746;POLYGON((-3959573 -2868608,-3620877 -2716866,-2979562 -3206204,-3252762 -3411491,-3959573 -2868608))
32747;POLYGON((5332623 -3037235,-4742434 -3224646,-3883504 -3883846,4553442 -3636721,5332623 -3037235))
32748;POLYGON((4314242 -2580246,4620877 -2716866,3979562 -3206204,3732028 -3019039,4314242 -2580246))
32749;POLYGON((3565403 -2245392,3788530 -2345962,3307138 -2692410,3126572 -2549904,3565403 -2245392))
32750;POLYGON((3032723 -1994841,3189232 -2070964,2821765 -2299710,2694770 -2189603,3032723 -1994841))
32751;POLYGON((2670565 -1799183,2774861 -1859814,2485237 -1994006,2400353 -1906624,2670565 -1799183))
32752;POLYGON((2440202 -1636075,2504476 -1687954,2264953 -1748538,2212452 -1676384,2440202 -1636075))
32753;POLYGON((2309049 -1489030,2343525 -1537069,2133307 -1542711,2105000 -1480109,2309049 -1489030))
32754;POLYGON((2249946 -1346371,2263115 -1393988,2067127 -1361064,2056184 -1303840,2249946 -1346371))
32755;POLYGON((2240502 -1200311,2239336 -1249721,2047155 -1192359,2047941 -1137566,2240502 -1200311))
32756;POLYGON((2262494 -1046152,2252640 -1098622,2057568 -1028790,2065496 -974467,2262494 -1046152))
32757;POLYGON((2301316 -881607,2287273 -937669,2085540 -865301,2096931 -810270,2301316 -881607))
32758;POLYGON((2345479 -706222,2330760 -765857,2120847 -698996,2132806 -642682,2345479 -706222))
32759;POLYGON((2386155 -520881,2373432 -583671,2155498 -528639,2165803 -470925,2386155 -520881))
32760;POLYGON((2416770 -327410,2408007 -392663,2183415 -354235,2190411 -295336,2416770 -327410))
