32601;POLYGON((3320044 10136774,3301093 10225156,3502770 10224961,3529905 10132612,3320044 10136774))
32602;POLYGON((3347152 9856985,3343011 9952193,3565093 9937204,3573476 9835468,3347152 9856985))
32603;POLYGON((3331188 9564916,3341146 9662951,3572691 9626847,3563882 9520988,3331188 9564916))
32604;POLYGON((3274796 9270870,3297896 9368565,3530355 9308413,3506012 9202479,3274796 9270870))
32605;POLYGON((3181180 8982923,3216307 9077810,3443110 8993007,3404926 8890053,3181180 8982923))
32606;POLYGON((3053883 8707295,3099830 8797485,3316025 8688956,3265674 8591238,3053883 8707295))
32607;POLYGON((2896603 8448675,2952131 8532756,3154072 8402359,3093171 8311498,2896603 8448675))
32608;POLYGON((2713051 8210513,2776928 8287458,2962014 8137552,2892087 8054671,2713051 8210513))
32609;POLYGON((2506840 7995265,2577878 8064351,2744320 7897502,2666781 7823344,2506840 7995265))
32610;POLYGON((2281409 7804611,2358484 7865352,2505114 7684133,2421259 7619156,2281409 7804611))
32611;POLYGON((2039974 7639641,2122042 7691729,2248153 7498600,2159148 7443059,2039974 7639641))
32612;POLYGON((1785507 7501009,1871604 7544266,1976815 7341513,1883707 7295522,1785507 7501009))
32613;POLYGON((1520730 7389067,1609976 7423402,1694125 7213115,1597847 7176698,1520730 7389067))
32614;POLYGON((1248136 7303969,1339724 7329348,1402779 7113425,1304166 7086560,1248136 7303969))
32615;POLYGON((970021 7245757,1063205 7262174,1105199 7042351,1005006 7024997,970021 7245757))
32616;POLYGON((688528 7214422,782607 7221882,803588 6999770,702513 6991891,688528 7214422))
32617;POLYGON((405698 7209946,500000 7208454,500000 6985589,398706 6987164,405698 7209946))
32618;POLYGON((123536 7232326,217392 7221882,196411 6999770,95555 7010805,123536 7232326))
32619;POLYGON((-155936 7281577,-63205 7262174,-105199 7042351,-204945 7062870,-155936 7281577))
32620;POLYGON((-430617 7357714,-339724 7329348,-402779 7113425,-500702 7143470,-430617 7357714))
32621;POLYGON((-698266 7460718,-609976 7423402,-694125 7213115,-789444 7252722,-698266 7460718))
32622;POLYGON((-956460 7590481,-871604 7544266,-976815 7341513,-1068665 7390694,-956460 7590481))
32623;POLYGON((-1202557 7746727,-1122042 7691729,-1248153 7498600,-1335563 7557305,-1202557 7746727))
32624;POLYGON((-1433668 7928917,-1358484 7865352,-1505114 7684133,-1587000 7752207,-1433668 7928917))
32625;POLYGON((-1646657 8136121,-1577878 8064351,-1744320 7897502,-1819471 7974631,-1646657 8136121))
32626;POLYGON((-1838157 8366875,-1776928 8287458,-1962014 8137552,-2029096 8223193,-1838157 8366875))
32627;POLYGON((-2004603 8619005,-1952131 8532756,-2154072 8402359,-2211631 8495653,-2004603 8619005))
32628;POLYGON((-2142309 8889418,-2099830 8797485,-2316025 8688956,-2362503 8788628,-2142309 8889418))
32629;POLYGON((-2247557 9173868,-2216307 9077810,-2443110 8993007,-2476868 9097241,-2247557 9173868))
32630;POLYGON((-2316734 9466679,-2297896 9368565,-2530355 9308413,-2549708 9414707,-2316734 9466679))
32631;POLYGON((-2346500 9760434,-2341146 9662951,-2572691 9626847,-2575949 9731837,-2346500 9760434))
32632;POLYGON((-2333998 10045615,-2343011 9952193,-2565093 9937204,-2550625 10036464,-2333998 10045615))
32633;POLYGON((-2277104 10310208,-2301093 10225156,-2502770 10224961,-2469068 10312762,-2277104 10310208))
32634;POLYGON((-2174735 10539240,-2213925 10467908,-2381388 10471424,-2327152 10540465,-2174735 10539240))
32635;POLYGON((-2027191 10714278,-2081304 10663229,-2197333 10652869,-2121572 10693954,-2027191 10714278))
32636;POLYGON((-1836567 10812851,-1904678 10790061,-1948026 10739541,-1850171 10741220,-1836567 10812851))
32637;POLYGON((-1607212 10807821,-1687591 10822897,-1632284 10694515,-1512321 10642666,-1607212 10807821))
32638;POLYGON((-1346250 10666673,-1436178 10731098,-1250733 10472397,-1109351 10349756,-1346250 10666673))
32639;POLYGON((-1064169 10350729,-1159738 10478132,-806273 10017844,-645033 9803471,-1064169 10350729))
32640;POLYGON((-775467 9814284,-871355 10020738,-304603 9263900,-126126 8932577,-775467 9814284))
32641;POLYGON((-499384 9003647,-588604 9307999,245195 8130118,437020 7651675,-499384 9003647))
32642;POLYGON((-260690 7856088,-334318 8280322,830011 6520453,1029797 5859010,-260690 7856088))
32643;POLYGON((-90560 6298679,-137435 6868313,1431991 4320913,1632599 3434040,-90560 6298679))
32644;POLYGON((-27530 4247027,-33928 4991549,2027756 1396939,2220022 234717,-27530 4247027))
32645;POLYGON((-118528 1603888,-67805 2557231,2587554 -2409502,2759985 -3905513,-118528 1603888))
32646;POLYGON((-420002 -1742347,-292213 -541284,3074327 -7283136,3212777 -9181044,-420002 -1742347))
32647;POLYGON((1578543 -3035566,-770609 -4426092,3442713 -13438921,-2336246 -11229903,1578543 -3035566))
32648;POLYGON((1192549 572554,1292213 -541284,-2074327 -7283136,-1922801 -5527409,1192549 572554))
32649;POLYGON((1038168 3436902,1067805 2557231,-1587554 -2409502,-1407077 -1031820,1038168 3436902))
32650;POLYGON((1055516 5674234,1033928 4991549,-1027756 1396939,-831554 2461328,1055516 5674234))
32651;POLYGON((1194620 7386409,1137435 6868313,-431991 4320913,-230744 5127487,1194620 7386409))
32652;POLYGON((1414266 8661943,1334318 8280322,169988 6520453,367821 7116523,1414266 8661943))
32653;POLYGON((1680936 9577439,1588604 9307999,754804 8130118,942699 8555832,1680936 9577439))
32654;POLYGON((1967825 10198891,1871355 10020738,1304603 9263900,1477699 9553146,1967825 10198891))
32655;POLYGON((2253943 10582883,2159738 10478132,1806273 10017844,1961128 10199062,2253943 10582883))
32656;POLYGON((2523294 10777671,2436178 10731098,2250733 10472397,2385103 10569307,2523294 10777671))
32657;POLYGON((2764129 10824174,2687591 10822897,2632284 10694515,2744917 10726770,2764129 10824174))
32658;POLYGON((2968273 10756869,2904678 10790061,2948026 10739541,3038485 10723299,2968273 10756869))
32659;POLYGON((3130510 10604606,3081304 10663229,3197333 10652869,3265833 10601312,3130510 10604606))
32660;POLYGON((3248051 10391337,3213925 10467908,3381388 10471424,3428652 10395208,3248051 10391337))
