32601;POLYGON((10104412 12032714,10224288 12776306,11146498 12916524,10953388 12106562,10104412 12032714))
32602;POLYGON((9645387 10127358,9812852 10712490,10532432 10679666,10307950 10052298,9645387 10127358))
32603;POLYGON((9077846 8627295,9276290 9088125,9838251 8946634,9595532 8460189,9077846 8627295))
32604;POLYGON((8443037 7444770,8660044 7808264,9099675 7602111,8848335 7224160,8443037 7444770))
32605;POLYGON((7771262 6510800,7997806 6798107,8342583 6556565,8089409 6262060,7771262 6510800))
32606;POLYGON((7084063 5771504,7313815 5999106,7584982 5741001,7334529 5510736,7084063 5771504))
32607;POLYGON((6396087 5185052,6624829 5365718,6838704 5102636,6593799 4921986,6396087 5185052))
32608;POLYGON((5716668 4719164,5941792 4862728,6110836 4601361,5872996 4459263,5716668 4719164))
32609;POLYGON((5051128 4349075,5271235 4463065,5404902 4206895,5174686 4095033,5051128 4349075))
32610;POLYGON((4401857 4055902,4616420 4146045,4721841 3896515,4499126 3808674,4401857 4055902))
32611;POLYGON((3769155 3825344,3978260 3895966,4060781 3653274,3844983 3584840,3769155 3825344))
32612;POLYGON((3151903 3646672,3356049 3701005,3419639 3464622,3209874 3412199,3151903 3646672))
32613;POLYGON((2548057 3511941,2748002 3552363,2795569 3321360,2590780 3282484,2548057 3511941))
32614;POLYGON((1955008 3415413,2151668 3443622,2185289 3216859,1984324 3189792,1955008 3415413))
32615;POLYGON((1369825 3353121,1564201 3370263,1585289 3146504,1386952 3130081,1369825 3353121))
32616;POLYGON((789409 3322575,982546 3329329,991964 3107296,795043 3100830,789409 3322575))
32617;POLYGON((210590 3322575,403549 3319206,401674 3097605,204956 3100830,210590 3322575))
32618;POLYGON((-369825 3353121,-175979 3339497,-189222 3117032,-386952 3130081,-369825 3353121))
32619;POLYGON((-955008 3415413,-759224 3390996,-784369 3166377,-984324 3189792,-955008 3415413))
32620;POLYGON((-1548057 3511941,-1349315 3475750,-1387397 3247707,-1590780 3282484,-1548057 3511941))
32621;POLYGON((-2151903 3646672,-1949251 3597203,-2001892 3364526,-2209874 3412199,-2151903 3646672))
32622;POLYGON((-2769155 3825344,-2561773 3760465,-2631304 3522068,-2844983 3584840,-2769155 3825344))
32623;POLYGON((-3401857 4055902,-3189146 3972687,-3278799 3727747,-3499126 3808674,-3401857 4055902))
32624;POLYGON((-4051128 4349075,-3832846 4243594,-3947010 3991780,-4174686 4095033,-4051128 4349075))
32625;POLYGON((-4716668 4719164,-4493110 4586196,-4637674 4328052,-4872996 4459263,-4716668 4719164))
32626;POLYGON((-5396087 5185052,-5168329 5017720,-5351134 4755265,-5593799 4921986,-5396087 5185052))
32627;POLYGON((-6084063 5771504,-5854267 5560807,-6085684 5298439,-6334529 5510736,-6084063 5771504))
32628;POLYGON((-6771262 6510800,-6543060 6245025,-6836731 5990852,-7089409 6262060,-6771262 6510800))
32629;POLYGON((-7443037 7444770,-7221994 7108769,-7595751 6876491,-7848335 7224160,-7443037 7444770))
32630;POLYGON((-8077846 8627295,-7872018 8201592,-8349023 8013113,-8595532 8460189,-8077846 8627295))
32631;POLYGON((-8645387 10127358,-8465976 9587069,-9076118 9476035,-9307950 10052298,-8645387 10127358))
32632;POLYGON((-9104412 12032714,-8966531 11346246,-9748112 11362753,-9953388 12106562,-9104412 12032714))
32633;POLYGON((-9400196 14454281,-9323756 13581784,-10325511 13798519,-10488314 14758915,-9400196 14454281))
32634;POLYGON((-9461647 17531344,-9472359 16422880,-10755861 16943025,-10855366 18182223,-9461647 17531344))
32635;POLYGON((-9198013 21437669,-9328532 20031066,-10971023 20998324,-10980507 22594655,-9198013 21437669))
32636;POLYGON((-8495173 26388653,-8786382 24607001,-10884086 26218149,-10769823 28269508,-8495173 26388653))
32637;POLYGON((-7211489 32649606,-7713934 30398359,-10385907 32918798,-10105916 35546650,-7211489 32649606))
32638;POLYGON((-5173182 40545310,-5948666 37708954,-9341238 41491763,-8843907 44845772,-5173182 40545310))
32639;POLYGON((-2169217 50470965,-3292560 46909204,-7584436 52418282,-6806991 56681619,-2169217 50470965))
32640;POLYGON((2054335 62904681,493352 58448095,-4914724 66286010,-3781545 71681424,2054335 62904681))
32641;POLYGON((7800477 78421640,5694996 72866768,-1090982 83808026,488240 90604725,7800477 78421640))
32642;POLYGON((15428040 97710101,12651807 90813891,4173955 105844370,6306233 114365814,15428040 97710101))
32643;POLYGON((25359030 121589379,21763878 113062967,11219510 133426365,14030749 144059018,25359030 121589379))
32644;POLYGON((38086603 151029993,33499722 140531736,20444113 167783924,24081480 180987075,38086603 151029993))
32645;POLYGON((54183677 187176133,48404673 174303849,32312505 210376124,36946998 226692838,54183677 187176133))
32646;POLYGON((74312231 231370638,67109947 215652992,47363632 262925270,53192839 282994572,74312231 231370638))
32647;POLYGON((-73312231 231370638,-81046112 248154786,-58469210 304475243,-52192839 282994572,-73312231 231370638))
32648;POLYGON((-53183677 187176133,-59409810 200940821,-40956379 244184298,-35946998 226692838,-53183677 187176133))
32649;POLYGON((-37086603 151029993,-42047140 162271676,-27030969 195163264,-23081480 180987075,-37086603 151029993))
32650;POLYGON((-24359030 121589379,-28264258 130732289,-16099890 155493571,-13030749 144059018,-24359030 121589379))
32651;POLYGON((-14428040 97710101,-17459624 105115159,-7649843 123544670,-5306233 114365814,-14428040 97710101))
32652;POLYGON((-6800477 78421640,-9114485 84394492,-1239038 97937479,511759 90604725,-6800477 78421640))
32653;POLYGON((-1054335 62904681,-2784036 67702920,3510501 77511511,4781545 71681424,-1054335 62904681))
32654;POLYGON((3169217 50470965,1910766 54310602,6920056 61295422,7806991 56681619,3169217 50470965))
32655;POLYGON((6173182 40545310,5290756 43606536,9260778 48480716,9843907 44845772,6173182 40545310))
32656;POLYGON((8211489 32649606,7625504 35081915,10759731 38398387,11105916 35546650,8211489 32649606))
32657;POLYGON((9495173 26388653,9139690 28315369,11605427 30498244,11769823 28269508,9495173 26388653))
32658;POLYGON((10198013 21437669,10018920 22959935,11952871 24330709,11980507 22594655,10198013 21437669))
32659;POLYGON((10461647 17531344,10415007 18731606,11928154 19530872,11855366 18182223,10461647 17531344))
32660;POLYGON((10400196 14454281,10450760 15399328,11632601 15804603,11488314 14758915,10400196 14454281))
