32701;POLYGON((19086743 4338736,20150721 3784531,19501682 2461791,18504487 3124417,19086743 4338736))
32702;POLYGON((16290710 5679725,17161825 5280884,16693919 4252410,15871510 4730633,16290710 5679725))
32703;POLYGON((13988862 6642694,14708322 6356555,14372114 5543409,13687832 5887590,13988862 6642694))
32704;POLYGON((12074273 7333114,12675103 7127967,12433755 6472279,11858114 6719903,12074273 7333114))
32705;POLYGON((10461703 7828696,10970158 7681291,10796584 7140931,10306045 7319523,10461703 7828696))
32706;POLYGON((9083726 8185902,9520519 8079432,9395081 7623880,8970984 7753375,9083726 8185902))
32707;POLYGON((7887391 8445174,8268749 8367663,8177413 7974861,7805054 8069496,7887391 8445174))
32708;POLYGON((6831363 8635082,7169932 8578109,7102800 8232093,6770647 8301903,6831363 8635082))
32709;POLYGON((5883496 8775537,6189104 8733261,6139288 8422403,5838314 8474371,5883496 8775537))
32710;POLYGON((5018813 8880256,5299098 8848670,5261860 8564398,4984990 8603333,5018813 8880256))
32711;POLYGON((4217828 8958593,4478765 8934971,4450874 8670853,4192525 8700034,4217828 8958593))
32712;POLYGON((3465187 9016873,3711508 8999378,3690778 8750461,3446490 8772110,3465187 9016873))
32713;POLYGON((2748576 9059343,2984105 9046746,2969072 8809097,2735207 8824703,2748576 9059343))
32714;POLYGON((2057857 9088809,2285778 9080303,2275473 8850682,2048977 8861227,2057857 9088809))
32715;POLYGON((1384378 9107067,1607445 9102148,1601255 8877771,1379471 8883873,1384378 9107067))
32716;POLYGON((720441 9115166,941143 9113556,938719 8891924,719233 8893922,720441 9115166))
32717;POLYGON((58856 9113556,279558 9115166,280766 8893922,61280 8891924,58856 9113556))
32718;POLYGON((-607445 9102148,-384378 9107067,-379471 8883873,-601255 8877771,-607445 9102148))
32719;POLYGON((-1285778 9080303,-1057857 9088809,-1048977 8861227,-1275473 8850682,-1285778 9080303))
32720;POLYGON((-1984105 9046746,-1748576 9059343,-1735207 8824703,-1969072 8809097,-1984105 9046746))
32721;POLYGON((-2711508 8999378,-2465187 9016873,-2446490 8772110,-2690778 8750461,-2711508 8999378))
32722;POLYGON((-3478765 8934971,-3217828 8958593,-3192525 8700034,-3450874 8670853,-3478765 8934971))
32723;POLYGON((-4299098 8848670,-4018813 8880256,-3984990 8603333,-4261860 8564398,-4299098 8848670))
32724;POLYGON((-5189104 8733261,-4883496 8775537,-4838314 8474371,-5139288 8422403,-5189104 8733261))
32725;POLYGON((-6169932 8578109,-5831363 8635082,-5770647 8301903,-6102800 8232093,-6169932 8578109))
32726;POLYGON((-7268749 8367663,-6887391 8445174,-6805054 8069496,-7177413 7974861,-7268749 8367663))
32727;POLYGON((-8520519 8079432,-8083726 8185902,-7970984 7753375,-8395081 7623880,-8520519 8079432))
32728;POLYGON((-9970158 7681291,-9461703 7828696,-9306045 7319523,-9796584 7140931,-9970158 7681291))
32729;POLYGON((-11675103 7127967,-11074273 7333114,-10858114 6719903,-11433755 6472279,-11675103 7127967))
32730;POLYGON((-13708322 6356555,-12988862 6642694,-12687832 5887590,-13372114 5543409,-13708322 6356555))
32731;POLYGON((-16161825 5280884,-15290710 5679725,-14871510 4730633,-15693919 4252410,-16161825 5280884))
32732;POLYGON((-19150721 3784531,-18086743 4338736,-17504487 3124417,-18501682 2461791,-19150721 3784531))
32733;POLYGON((-22817836 1712285,-21509995 2478497,-20704978 902291,-21922189 -11533,-22817836 1712285))
32734;POLYGON((-27338973 -1140167,-25724653 -87669,-24618449 -2155799,-26111052 -3408325,-27338973 -1140167))
32735;POLYGON((-32928825 -5038577,-30931747 -3603532,-29422541 -6336938,-31257842 -8041474,-32928825 -5038577))
32736;POLYGON((-39847596 -10324745,-37375529 -8383766,-35332613 -12011431,-37591824 -14313112,-39847596 -10324745))
32737;POLYGON((-48408378 -17433680,-45350594 -14830234,-42607896 -19651869,-45388341 -22734704,-48408378 -17433680))
32738;POLYGON((-58985315 -26913592,-55209778 -23451004,-51558340 -29855391,-54975887 -33950458,-58985315 -26913592))
32739;POLYGON((-72022601 -39449032,-67372873 -34882404,-62552152 -43369506,-66743893 -48764407,-72022601 -39449032))
32740;POLYGON((-88044361 -55887489,-82336205 -49914426,-76024086 -61121823,-81151274 -68171539,-88044361 -55887489))
32741;POLYGON((-107665444 -77269780,-100683123 -69519818,-92484518 -84254101,-98735766 -93393360,-107665444 -77269780))
32742;POLYGON((-131603179 -104864589,-123095431 -94887201,-112529328 -114160998,-120124096 -125918315,-131603179 -104864589))
32743;POLYGON((-160690146 -140207531,-150365808 -127458579,-136850646 -152533960,-146043017 -167547483,-160690146 -140207531))
32744;POLYGON((-195887976 -185145098,-183411268 -168971616,-166248482 -201410684,-177331243 -220446000,-195887976 -185145098))
32745;POLYGON((-238302256 -241883919,-223287689 -221507078,-201643290 -263230617,-214952332 -287200673,-238302256 -241883919))
32746;POLYGON((-289198556 -313045720,-271205460 -287541848,-244089489 -340896971,-260008539 -370884283,-289198556 -313045720))
32747;POLYGON((272205460 -287541848,290198556 -313045720,261008539 -370884283,245089489 -340896971,272205460 -287541848))
32748;POLYGON((224287689 -221507078,239302256 -241883919,215952332 -287200673,202643290 -263230617,224287689 -221507078))
32749;POLYGON((184411268 -168971616,196887976 -185145098,178331243 -220446000,167248482 -201410684,184411268 -168971616))
32750;POLYGON((151365808 -127458579,161690146 -140207531,147043017 -167547483,137850646 -152533960,151365808 -127458579))
32751;POLYGON((124095431 -94887201,132603179 -104864589,121124096 -125918315,113529328 -114160998,124095431 -94887201))
32752;POLYGON((101683123 -69519818,108665444 -77269780,99735766 -93393360,93484518 -84254101,101683123 -69519818))
32753;POLYGON((83336205 -49914426,89044361 -55887489,82151274 -68171539,77024086 -61121823,83336205 -49914426))
32754;POLYGON((68372873 -34882404,73022601 -39449032,67743893 -48764407,63552152 -43369506,68372873 -34882404))
32755;POLYGON((56209778 -23451004,59985315 -26913592,55975887 -33950458,52558340 -29855391,56209778 -23451004))
32756;POLYGON((46350594 -14830234,49408378 -17433680,46388341 -22734704,43607896 -19651869,46350594 -14830234))
32757;POLYGON((38375529 -8383766,40847596 -10324745,38591824 -14313112,36332613 -12011431,38375529 -8383766))
32758;POLYGON((31931747 -3603532,33928825 -5038577,32257842 -8041474,30422541 -6336938,31931747 -3603532))
32759;POLYGON((26724653 -87669,28338973 -1140167,27111052 -3408325,25618449 -2155799,26724653 -87669))
32760;POLYGON((22509995 2478497,23817836 1712285,22922189 -11533,21704978 902291,22509995 2478497))
