32701;POLYGON((3339118 843,3327642 -91509,3109980 -96956,3116835 -10161,3339118 843))
32702;POLYGON((3344405 288215,3347420 191148,3118843 167154,3114023 257026,3344405 288215))
32703;POLYGON((3307856 582411,3324516 484197,3092903 437719,3076704 528007,3307856 582411))
32704;POLYGON((3232425 874293,3261686 777732,3033352 707261,3006351 795794,3232425 874293))
32705;POLYGON((3121512 1156755,3162204 1064013,2942132 969708,2905102 1054744,3121512 1156755))
32706;POLYGON((2978757 1424382,3029651 1337096,2821701 1220214,2775540 1300379,2978757 1424382))
32707;POLYGON((2807882 1673136,2867736 1592516,2674834 1454981,2620508 1529213,2807882 1673136))
32708;POLYGON((2612558 1900095,2680160 1827006,2504464 1671098,2442966 1738599,2612558 1900095))
32709;POLYGON((2396320 2103215,2470513 2038253,2313565 1866392,2245877 1926576,2396320 2103215))
32710;POLYGON((2162500 2281133,2242198 2224689,2105058 2039289,2032132 2091743,2162500 2281133))
32711;POLYGON((1914194 2432994,1998391 2385305,1881751 2188690,1804491 2233134,1914194 2432994))
32712;POLYGON((1654246 2558311,1742023 2519507,1646303 2313862,1565559 2350116,1654246 2558311))
32713;POLYGON((1385262 2656841,1475776 2626982,1401210 2414342,1317777 2442296,1385262 2656841))
32714;POLYGON((1109632 2728497,1202107 2707599,1148809 2489855,1063435 2509450,1109632 2728497))
32715;POLYGON((829567 2773268,923284 2761331,891298 2540254,804688 2551459,829567 2773268))
32716;POLYGON((547155 2791172,641428 2788188,630765 2565467,543600 2568269,547155 2791172))
32717;POLYGON((264409 2782220,358571 2788188,369234 2565467,282180 2559863,264409 2782220))
32718;POLYGON((-16665 2746407,76715 2761331,108701 2540254,22427 2526250,-16665 2746407))
32719;POLYGON((-294012 2683714,-202107 2707599,-148809 2489855,-233617 2467469,-294012 2683714))
32720;POLYGON((-565467 2594137,-475776 2626982,-401210 2414342,-483832 2383612,-565467 2594137))
32721;POLYGON((-828704 2477732,-742023 2519507,-646303 2313862,-725977 2274864,-828704 2477732))
32722;POLYGON((-1081195 2334679,-998391 2385305,-881751 2188690,-957663 2141552,-1081195 2334679))
32723;POLYGON((-1320176 2165373,-1242198 2224689,-1105058 2039289,-1176340 1984222,-1320176 2165373))
32724;POLYGON((-1542633 1970530,-1470513 2038253,-1313565 1866392,-1379297 1803716,-1542633 1970530))
32725;POLYGON((-1745312 1751328,-1680160 1827006,-1504464 1671098,-1563681 1601279,-1745312 1751328))
32726;POLYGON((-1924740 1509562,-1867736 1592516,-1674834 1454981,-1726548 1378670,-1924740 1509562))
32727;POLYGON((-2077282 1247838,-2029651 1337096,-1821701 1220214,-1864924 1138293,-2077282 1247838))
32728;POLYGON((-2199220 969793,-2162204 1064013,-1942132 969708,-1975914 883336,-2199220 969793))
32729;POLYGON((-2286871 680351,-2261686 777732,-2033352 707261,-2056829 617929,-2286871 680351))
32730;POLYGON((-2336736 386019,-2324516 484197,-2092903 437719,-2105361 347306,-2336736 386019))
32731;POLYGON((-2345686 95216,-2347420 191148,-2118843 167154,-2119787 77987,-2345686 95216))
32732;POLYGON((-2311196 -181346,-2327642 -91509,-2109980 -96956,-2099229 -182041,-2311196 -181346))
32733;POLYGON((-2231622 -430234,-2263212 -351302,-2066159 -345539,-2043947 -423125,-2231622 -430234))
32734;POLYGON((-2106526 -634811,-2153249 -572717,-1988593 -567717,-1955693 -633744,-2106526 -634811))
32735;POLYGON((-1937051 -774701,-1998325 -736688,-1880249 -750607,-1838113 -800298,-1937051 -774701))
32736;POLYGON((-1726357 -825184,-1800876 -820015,-1746286 -879108,-1697208 -906897,-1726357 -825184))
32737;POLYGON((-1480113 -756525,-1565675 -794713,-1594557 -935679,-1541848 -935142,-1480113 -756525))
32738;POLYGON((-1207045 -533231,-1300365 -627296,-1436173 -900125,-1384365 -863900,-1207045 -533231))
32739;POLYGON((-919563 -113226,-1016055 -277980,-1286123 -749372,-1241195 -669091,-919563 -113226))
32740;POLYGON((-634440 553064,-727981 300204,-1163979 -457249,-1133602 -323462,-634440 553064))
32741;POLYGON((-373576 1523711,-456248 1162377,-1094659 5731,-1088473 203628,-373576 1523711))
32742;POLYGON((-164830 2866394,-226629 2372887,-1109276 672589,-1139185 946422,-164830 2866394))
32743;POLYGON((-42934 4659607,-71460 4006481,-1246060 1580082,-1326561 1942972,-42934 4659607))
32744;POLYGON((-50484 6993986,-30599 6149592,-1551366 2768912,-1699901 3235334,-50484 6993986))
32745;POLYGON((-239024 9973761,-152483 8901752,-2080765 4283911,-2318109 4869760,-239024 9973761))
32746;POLYGON((-670206 13718335,-495259 12377121,-2900228 6174227,-3250899 6896873,-670206 13718335))
32747;POLYGON((1352431 11130609,1495259 12377121,3900228 6174227,3590307 5499204,1352431 11130609))
32748;POLYGON((1090396 7909965,1152483 8901752,3080765 4283911,2875555 3739727,1090396 7909965))
32749;POLYGON((1028717 5372751,1030599 6149592,2551366 2768912,2427645 2338696,1028717 5372751))
32750;POLYGON((1112616 3409860,1071460 4006481,2246060 1580082,2184209 1248418,1112616 3409860))
32751;POLYGON((1296638 1926294,1226629 2372887,2109276 672589,2092874 425460,1296638 1926294))
32752;POLYGON((1543545 839662,1456248 1162377,2094659 5731,2110113 -169542,1543545 839662))
32753;POLYGON((1823292 78822,1727981 300204,2163979 -457249,2200174 -572081,1823292 78822))
32754;POLYGON((2112088 -417371,2016055 -277980,2286123 -749372,2334108 -813972,2112088 -417371))
32755;POLYGON((2391540 -701209,2300365 -627296,2436173 -900125,2488869 -923575,2391540 -701209))
32756;POLYGON((2647863 -817162,2565675 -794713,2594557 -935679,2646495 -926003,2647863 -817162))
32757;POLYGON((2871176 -802821,2800876 -820015,2746286 -879108,2793363 -843348,2871176 -802821))
32758;POLYGON((3054855 -689754,2998325 -736688,2880249 -750607,2919515 -694893,3054855 -689754))
32759;POLYGON((3194961 -504273,3153249 -572717,2988593 -567717,3018055 -497343,3194961 -504273))
32760;POLYGON((3289730 -268134,3263212 -351302,3066159 -345539,3084607 -265036,3289730 -268134))
