32701;POLYGON((7935884 -999224,7925633 -1493597,7333072 -1268152,7374280 -836197,7935884 -999224))
32702;POLYGON((7822532 320947,7881788 -93329,7378294 -33751,7346238 338044,7822532 320947))
32703;POLYGON((7542281 1424508,7650814 1078646,7225339 1026128,7140486 1343769,7542281 1424508))
32704;POLYGON((7146112 2343703,7288441 2055968,6930713 1929622,6808840 2199167,7146112 2343703))
32705;POLYGON((6672556 3106725,6837065 2868157,6537731 2694747,6390779 2922047,6672556 3106725))
32706;POLYGON((6150101 3737940,6328276 3540825,6078980 3338705,5915803 3529225,6150101 3737940))
32707;POLYGON((5599251 4258164,5785031 4095940,5578436 3877405,5405434 4036107,5599251 4258164))
32708;POLYGON((5034269 4684963,5223498 4552117,5053273 4325175,4874930 4456451,5034269 4684963))
32709;POLYGON((4464629 5032972,4654601 4924932,4515379 4694601,4334704 4802253,4464629 5032972))
32710;POLYGON((3896207 5314209,4085300 5227239,3972608 4996497,3791508 5083739,3896207 5314209))
32711;POLYGON((3332247 5538384,3519622 5469485,3429808 5239938,3249377 5309424,3332247 5538384))
32712;POLYGON((2774114 5713192,2959486 5660008,2889634 5432354,2710386 5486217,2774114 5713192))
32713;POLYGON((2221878 5844570,2405337 5805301,2353192 5579657,2175237 5619552,2221878 5844570))
32714;POLYGON((1674745 5936925,1856630 5910261,1820521 5686370,1643703 5713520,1674745 5936925))
32715;POLYGON((1131380 5993315,1312181 5978377,1290961 5755760,1114952 5770992,1131380 5993315))
32716;POLYGON((590129 6015589,770421 6011888,763421 5789936,587798 5793713,590129 6015589))
32717;POLYGON((49183 6004472,229578 6011888,236578 5789936,60877 5782371,49183 6004472))
32718;POLYGON((-493282 5959603,-312181 5978377,-290961 5755760,-467196 5736624,-493282 5959603))
32719;POLYGON((-1038990 5879514,-856630 5910261,-820521 5686370,-997689 5655083,-1038990 5879514))
32720;POLYGON((-1589405 5761563,-1405337 5805301,-1353192 5579657,-1531572 5535262,-1589405 5761563))
32721;POLYGON((-2145530 5601811,-1959486 5660008,-1889634 5432354,-2069306 5373490,-2145530 5601811))
32722;POLYGON((-2707625 5394855,-2519622 5469485,-2429808 5239938,-2610543 5164795,-2707625 5394855))
32723;POLYGON((-3274813 5133613,-3085300 5227239,-2972608 4996497,-3153722 4902773,-3274813 5133613))
32724;POLYGON((-3844553 4809077,-3654601 4924932,-3515379 4694601,-3695536 4579460,-3844553 4809077))
32725;POLYGON((-4411940 4410031,-4223498 4552117,-4053273 4325175,-4230235 4185208,-4411940 4410031))
32726;POLYGON((-4968822 3922749,-4785031 4095940,-4578436 3877405,-4748745 3708615,-4968822 3922749))
32727;POLYGON((-5502679 3330677,-5328276 3540825,-5078980 3338705,-5237569 3136503,-5502679 3330677))
32728;POLYGON((-5995266 2614117,-5837065 2868157,-5537731 2694747,-5677446 2453996,-5995266 2614117))
32729;POLYGON((-6420970 1749918,-6288441 2055968,-5930713 1929622,-6041746 1644711,-6420970 1749918))
32730;POLYGON((-6744857 711190,-6650814 1078646,-6225339 1026128,-6294559 691112,-6744857 711190))
32731;POLYGON((-6920385 -532936,-6881788 -93329,-6378294 -33751,-6388463 -424945,-6920385 -532936))
32732;POLYGON((-6886754 -2017510,-6925633 -1493597,-6333072 -1268152,-6261943 -1721438,-6886754 -2017510))
32733;POLYGON((-6565863 -3781874,-6710380 -3160058,-6017140 -2694370,-5836430 -3215116,-6565863 -3781874))
32734;POLYGON((-5858840 -5869691,-6144491 -5134941,-5338711 -4327584,-5012924 -4920110,-5858840 -5869691))
32735;POLYGON((-4642126 -8328870,-5113102 -7464755,-4183082 -6179231,-3668197 -6846174,-4642126 -8328870))
32736;POLYGON((-2763087 -11211346,-3473788 -10200126,-2408531 -8254951,-1650523 -8996485,-2763087 -11211346))
32737;POLYGON((-35103 -14572717,-1051836 -13395482,158275 -10552072,1225076 -11364948,-35103 -14572717))
32738;POLYGON((3767859 -18471693,2365010 -17108570,3727381 -13056560,5182102 -13932961,3767859 -18471693))
32739;POLYGON((8917253 -22969350,7032365 -21399772,8551166 -15739366,10488397 -16665551,8917253 -22969350))
32740;POLYGON((15736540 -28128147,13255580 -26331211,14930545 -18552126,17462531 -19506830,15736540 -28128147))
32741;POLYGON((24608403 -34010687,21396759 -31965598,23221749 -21422112,26480786 -22374693,24608403 -34010687))
32742;POLYGON((35982607 -40678196,31882391 -38364805,33843725 -24246387,37984773 -25154684,35982607 -40678196))
32743;POLYGON((50384541 -48188673,45211665 -45588133,47286187 -26885076,52489694 -27692956,50384541 -48188673))
32744;POLYGON((68424457 -56594703,61965473 -53690239,64118327 -29153672,70593294 -29788233,68424457 -56594703))
32745;POLYGON((90807453 -65940879,82816143 -62718690,84998236 -30814293,92985514 -31182708,90807453 -65940879))
32746;POLYGON((118344209 -76260811,108537921 -72711116,110683048 -31565806,120458886 -31551762,118344209 -76260811))
32747;POLYGON((-98370439 -69271381,-107537921 -72711116,-109683048 -31565806,-100536430 -31437831,-98370439 -69271381))
32748;POLYGON((-74365137 -59603717,-81816143 -62718690,-83998236 -30814293,-76543932 -30345476,-74365137 -59603717))
32749;POLYGON((-54960858 -50888783,-60965473 -53690239,-63118327 -29153672,-57092297 -28452078,-54960858 -50888783))
32750;POLYGON((-39418540 -43085294,-44211665 -45588133,-46286187 -26885076,-41458580 -26036513,-39418540 -43085294))
32751;POLYGON((-27097463 -36143021,-30882391 -38364805,-32843725 -24246387,-29015411 -23317835,-27097463 -36143021))
32752;POLYGON((-17445012 -30005510,-20396759 -31965598,-22221749 -21422112,-19221104 -20464754,-17445012 -30005510))
32753;POLYGON((-9987198 -24612387,-12255580 -26331211,-13930545 -18552126,-11610469 -17604028,-9987198 -24612387))
32754;POLYGON((-4319883 -19901326,-6032365 -21399772,-7551166 -15739366,-5786325 -14827820,-4319883 -19901326))
32755;POLYGON((-100698 -15809666,-1365010 -17108570,-2727381 -13056560,-1411670 -12200130,-100698 -15809666))
32756;POLYGON((2958382 -12275751,2051836 -13395482,841724 -10552072,1797505 -9762360,2958382 -12275751))
32757;POLYGON((5097838 -9239988,4473788 -10200126,3408531 -8254951,4078813 -7538110,5097838 -9239988))
32758;POLYGON((6516795 -6645670,6113102 -7464755,5183082 -6179231,5629458 -5537252,6516795 -6645670))
32759;POLYGON((7378646 -4439594,7144491 -5134941,6338711 -4327584,6611697 -3759376,7378646 -4439594))
32760;POLYGON((7816128 -2572476,7710380 -3160058,7017140 -2694370,7157761 -2196654,7816128 -2572476))
