32601;POLYGON((6420106 10514455,6342021 10835174,6806465 11044969,6870029 10671338,6420106 10514455))
32602;POLYGON((6502417 9605172,6497916 9898979,6917608 9966445,6906645 9635120,6502417 9605172))
32603;POLYGON((6403275 8783034,6453220 9047015,6826343 9014078,6760928 8723951,6403275 8783034))
32604;POLYGON((6171536 8052197,6260978 8285641,6588201 8183156,6483910 7931860,6171536 8052197))
32605;POLYGON((5845006 7411685,5962439 7615367,6246055 7465738,6114775 7250170,5845006 7411685))
32606;POLYGON((5452470 6857209,5589189 7032831,5832443 6852095,5683082 6668806,5452470 6857209))
32607;POLYGON((5015442 6382564,5164986 6532337,5371581 6331777,5210664 6177268,5015442 6382564))
32608;POLYGON((4549653 5980668,4707339 6106999,4881069 5894398,4713249 5765319,4549653 5980668))
32609;POLYGON((4066307 5644295,4228835 5749574,4373335 5530167,4201818 5423450,4066307 5644295))
32610;POLYGON((3573121 5366586,3738250 5453035,3856832 5230231,3683730 5143171,3573121 5366586))
32611;POLYGON((3075178 5141367,3241461 5210955,3337021 4986865,3163629 4917153,3075178 5141367))
32612;POLYGON((2575614 4963328,2742185 5017721,2817156 4793554,2644180 4739289,2575614 4963328))
32613;POLYGON((2076155 4828109,2242568 4868653,2298907 4644996,2126638 4604676,2076155 4828109))
32614;POLYGON((1577546 4732323,1743639 4760040,1782840 4537064,1611288 4509563,1577546 4732323))
32615;POLYGON((1079874 4673541,1245674 4689135,1268783 4466744,1097776 4451293,1079874 4673541))
32616;POLYGON((582818 4650259,748464 4654130,756099 4432069,585360 4428236,582818 4650259))
32617;POLYGON((85856 4661883,251535 4654130,243900 4432069,73106 4439746,85856 4661883))
32618;POLYGON((-411561 4708711,-245674 4689135,-268783 4466744,-439944 4486147,-411561 4708711))
32619;POLYGON((-909843 4791938,-743639 4760040,-782840 4537064,-954618 4568736,-909843 4791938))
32620;POLYGON((-1409063 4913684,-1242568 4868653,-1298907 4644996,-1471424 4689821,-1409063 4913684))
32621;POLYGON((-1908727 5077014,-1742185 5017721,-1817156 4793554,-1990320 4852781,-1908727 5077014))
32622;POLYGON((-2407479 5285962,-2241461 5210955,-2337021 4986865,-2510420 5062129,-2407479 5285962))
32623;POLYGON((-2902707 5545528,-2738250 5453035,-2856832 5230231,-3029585 5323567,-2902707 5545528))
32624;POLYGON((-3390044 5861613,-3228835 5749574,-3373335 5530167,-3543901 5644018,-3390044 5861613))
32625;POLYGON((-3862739 6240875,-3707339 6106999,-3881069 5894398,-4047008 6031596,-3862739 6240875))
32626;POLYGON((-4310855 6690464,-4164986 6532337,-4371581 6331777,-4529246 6495496,-4310855 6690464))
32627;POLYGON((-4720298 7217578,-4589189 7032831,-4832443 6852095,-4976608 7045752,-4720298 7217578))
32628;POLYGON((-5071636 7828816,-4962439 7615367,-5246055 7465738,-5369462 7692843,-5071636 7828816))
32629;POLYGON((-5338688 8529239,-5260978 8285641,-5588201 8183156,-5681022 8447077,-5338688 8529239))
32630;POLYGON((-5486867 9321109,-5453220 9047015,-5826343 9014078,-5875542 9317725,-5486867 9321109))
32631;POLYGON((-5471244 10202212,-5497916 9898979,-5917608 9966445,-5906206 10311828,-5471244 10202212))
32632;POLYGON((-5234313 11163709,-5342021 10835174,-5806465 11044969,-5712688 11432638,-5234313 11163709))
32633;POLYGON((-4703442 12187415,-4918250 11840871,-5422054 12249289,-5218360 12677604,-4703442 12187415))
32634;POLYGON((-3787973 13242447,-4142297 12889837,-4675138 13571620,-4327115 14035853,-3787973 13242447))
32635;POLYGON((-2375957 14281116,-2909695 13940489,-3454662 14993850,-2919787 15485076,-2375957 14281116))
32636;POLYGON((-330497 15233991,-1092296 14931250,-1623889 16483993,-850145 16987748,-330497 15233991))
32637;POLYGON((2514318 16004016,1465661 15774987,983915 17991908,2059586 18486593,2514318 16004016))
32638;POLYGON((6357924 16459574,4951909 16352445,4570269 19444216,6023669 19899194,6357924 16459574))
32639;POLYGON((11438243 16426381,9590959 16504539,9376765 20738291,11298320 21111678,11438243 16426381))
32640;POLYGON((18037138 15678084,15649393 16023404,15690883 21735261,18187699 21971340,18037138 15678084))
32641;POLYGON((26486368 13925441,23441641 14642054,23852354 22251887,27050471 22278144,26486368 13925441))
32642;POLYGON((37174073 10803939,33336297 12022546,34260106 22051225,38306939 21774940,37174073 10803939))
32643;POLYGON((50551815 5859721,45762964 7742478,47379803 20831959,52446800 20136337,50551815 5859721))
32644;POLYGON((67142195 -1466341,61219682 1279701,63752026 18216276,70037532 16956061,67142195 -1466341))
32645;POLYGON((87547066 -11856565,80280935 -8004916,84001091 13736173,91733445 11732713,87547066 -11856565))
32646;POLYGON((112456372 -26136533,103606281 -20886833,108844563 6818059,118285418 3853769,112456372 -26136533))
32647;POLYGON((-94312888 -16139047,-102606281 -20886833,-107844563 6818059,-99004481 9435246,-94312888 -16139047))
32648;POLYGON((-72487816 -4551670,-79280935 -8004916,-83001091 13736173,-75778376 15469751,-72487816 -4551670))
32649;POLYGON((-54696974 3713326,-60219682 1279701,-62752026 18216276,-56896513 19270199,-54696974 3713326))
32650;POLYGON((-40310158 9383673,-44762964 7742478,-46379803 20831959,-41673510 21373164,-40310158 9383673))
32651;POLYGON((-28779293 13057465,-32336297 12022546,-33260106 22051225,-29513984 22214960,-28779293 13057465))
32652;POLYGON((-19630013 15221788,-22441641 14642054,-22852354 22251887,-19903275 22146460,-19630013 15221788))
32653;POLYGON((-12453848 16269282,-14649393 16023404,-14690883 21735261,-12398841 21446250,-12453848 16269282))
32654;POLYGON((-6900991 16512824,-8590959 16504539,-8376765 20738291,-6622294 20332256,-6900991 16512824))
32655;POLYGON((-2673636 16198453,-3951909 16352445,-3570269 19444216,-2252062 18971953,-2673636 16198453))
32656;POLYGON((480155 15516698,-465661 15774987,16084 17991908,983357 17491285,480155 15516698))
32657;POLYGON((2772074 14612436,2092296 14931250,2623889 16483993,3311582 15982402,2772074 14612436))
32658;POLYGON((4378683 13593417,3909695 13940489,4454662 14993850,4921971 14510319,4378683 13593417))
32659;POLYGON((5446076 12537578,5142297 12889837,5675138 13571620,5970754 13118600,5446076 12537578))
32660;POLYGON((6094092 11499260,5918250 11840871,6422054 12249289,6585648 11834170,6094092 11499260))
