32601;POLYGON((2316862 9964006,2318693 10027685,2549076 10026382,2547631 9955211,2316862 9964006))
32602;POLYGON((2299198 9773408,2307156 9836777,2537577 9812559,2528890 9741336,2299198 9773408))
32603;POLYGON((2262623 9585377,2276943 9647617,2504094 9599723,2487975 9529574,2262623 9585377))
32604;POLYGON((2206930 9402332,2227605 9462648,2448341 9391170,2424871 9323134,2206930 9402332))
32605;POLYGON((2132517 9226566,2159356 9284212,2370781 9189910,2340246 9124917,2132517 9226566))
32606;POLYGON((2040244 9060187,2072918 9114483,2272436 8998618,2235273 8937480,2040244 9060187))
32607;POLYGON((1931309 8905076,1969387 8955422,2154733 8819613,2111485 8763025,1931309 8905076))
32608;POLYGON((1807152 8762871,1850133 8808747,2019374 8654863,1970651 8603405,1807152 8762871))
32609;POLYGON((1669370 8634964,1716708 8675935,1868234 8505999,1814686 8460144,1669370 8634964))
32610;POLYGON((1519660 8522515,1570781 8558219,1703282 8374339,1645575 8334463,1519660 8522515))
32611;POLYGON((1359770 8426461,1414089 8456608,1526523 8260927,1465326 8227323,1359770 8426461))
32612;POLYGON((1191467 8347543,1248393 8371907,1339957 8166566,1275932 8139454,1191467 8347543))
32613;POLYGON((1016516 8286324,1075463 8304735,1145558 8091853,1079352 8071394,1016516 8286324))
32614;POLYGON((836670 8243214,897055 8255552,945256 8037219,877506 8023523,836670 8243214))
32615;POLYGON((653668 8218488,714913 8224675,740946 8002951,672275 7996086,653668 8218488))
32616;POLYGON((469234 8212296,530765 8212296,534489 7989218,465510 7989218,469234 8212296))
32617;POLYGON((285086 8224675,346331 8218488,327724 7996086,259053 8002951,285086 8224675))
32618;POLYGON((102944 8255552,163329 8243214,122493 8023523,54743 8037219,102944 8255552))
32619;POLYGON((-75463 8304735,-16516 8286324,-79352 8071394,-145558 8091853,-75463 8304735))
32620;POLYGON((-248393 8371907,-191467 8347543,-275932 8139454,-339957 8166566,-248393 8371907))
32621;POLYGON((-414089 8456608,-359770 8426461,-465326 8227323,-526523 8260927,-414089 8456608))
32622;POLYGON((-570781 8558219,-519660 8522515,-645575 8334463,-703282 8374339,-570781 8558219))
32623;POLYGON((-716708 8675935,-669370 8634964,-814686 8460144,-868234 8505999,-716708 8675935))
32624;POLYGON((-850133 8808747,-807152 8762871,-970651 8603405,-1019374 8654863,-850133 8808747))
32625;POLYGON((-969387 8955422,-931309 8905076,-1111485 8763025,-1154733 8819613,-969387 8955422))
32626;POLYGON((-1072918 9114483,-1040244 9060187,-1235273 8937480,-1272436 8998618,-1072918 9114483))
32627;POLYGON((-1159356 9284212,-1132517 9226566,-1340246 9124917,-1370781 9189910,-1159356 9284212))
32628;POLYGON((-1227605 9462648,-1206930 9402332,-1424871 9323134,-1448341 9391170,-1227605 9462648))
32629;POLYGON((-1276943 9647617,-1262623 9585377,-1487975 9529574,-1504094 9599723,-1276943 9647617))
32630;POLYGON((-1307156 9836777,-1299198 9773408,-1528890 9741336,-1537577 9812559,-1307156 9836777))
32631;POLYGON((-1318693 10027685,-1316862 9964006,-1547631 9955211,-1549076 10026382,-1318693 10027685))
32632;POLYGON((-1312840 10217912,-1316603 10154724,-1545102 10167749,-1539848 10237678,-1312840 10217912))
32633;POLYGON((-1291936 10405181,-1300382 10343215,-1523349 10375357,-1512378 10442841,-1291936 10405181))
32634;POLYGON((-1259610 10587559,-1271369 10527408,-1485836 10574449,-1470673 10638325,-1259610 10587559))
32635;POLYGON((-1221052 10763703,-1234203 10705731,-1437772 10761634,-1420603 10820856,-1221052 10763703))
32636;POLYGON((-1183323 10933160,-1195285 10877397,-1386477 10933971,-1370280 10987711,-1183323 10933160))
32637;POLYGON((-1155697 11096740,-1163108 11042751,-1341792 11089282,-1330487 11137051,-1155697 11096740))
32638;POLYGON((-1150041 11256967,-1148633 11203689,-1316543 11226548,-1315154 11268342,-1150041 11256967))
32639;POLYGON((-1181245 11418610,-1165691 11364166,-1327047 11346380,-1341887 11382859,-1181245 11418610))
32640;POLYGON((-1267680 11589312,-1231439 11530793,-1393680 11451584,-1432547 11484285,-1267680 11589312))
32641;POLYGON((-1431714 11780328,-1366852 11713531,-1541493 11547835,-1613892 11579418,-1431714 11780328))
32642;POLYGON((-1700267 12007370,-1597269 11926505,-1800892 11644455,-1918272 11678992,-1700267 12007370))
32643;POLYGON((-2105420 12291584,-1952979 12188932,-2208373 11755323,-2384392 11798628,-2105420 12291584))
32644;POLYGON((-2685066 12660657,-2469863 12526188,-2807328 11899915,-3058130 11959926,-2685066 12660657))
32645;POLYGON((-3483628 13150086,-3190083 12971016,-3648912 12104495,-3993433 12191702,-3483628 13150086))
32646;POLYGON((5162835 13564893,-4162835 13564893,-4792976 12403463,5792976 12403463,5162835 13564893))
32647;POLYGON((4190083 12971016,4483628 13150086,4993433 12191702,4648912 12104495,4190083 12971016))
32648;POLYGON((3469863 12526188,3685066 12660657,4058130 11959926,3807328 11899915,3469863 12526188))
32649;POLYGON((2952979 12188932,3105420 12291584,3384392 11798628,3208373 11755323,2952979 12188932))
32650;POLYGON((2597269 11926505,2700267 12007370,2918272 11678992,2800892 11644455,2597269 11926505))
32651;POLYGON((2366852 11713531,2431714 11780328,2613892 11579418,2541493 11547835,2366852 11713531))
32652;POLYGON((2231439 11530793,2267680 11589312,2432547 11484285,2393680 11451584,2231439 11530793))
32653;POLYGON((2165691 11364166,2181245 11418610,2341887 11382859,2327047 11346380,2165691 11364166))
32654;POLYGON((2148633 11203689,2150041 11256967,2315154 11268342,2316543 11226548,2148633 11203689))
32655;POLYGON((2163108 11042751,2155697 11096740,2330487 11137051,2341792 11089282,2163108 11042751))
32656;POLYGON((2195285 10877397,2183323 10933160,2370280 10987711,2386477 10933971,2195285 10877397))
32657;POLYGON((2234203 10705731,2221052 10763703,2420603 10820856,2437772 10761634,2234203 10705731))
32658;POLYGON((2271369 10527408,2259610 10587559,2470673 10638325,2485836 10574449,2271369 10527408))
32659;POLYGON((2300382 10343215,2291936 10405181,2512378 10442841,2523349 10375357,2300382 10343215))
32660;POLYGON((2316603 10154724,2312840 10217912,2539848 10237678,2545102 10167749,2316603 10154724))
