32601;POLYGON((1740843 9977837,1742034 10021642,1972302 10025235,1970702 9973354,1740843 9977837))
32602;POLYGON((1729075 9847233,1734386 9890588,1962723 9869964,1956280 9818571,1729075 9847233))
32603;POLYGON((1704656 9718809,1714217 9761295,1938384 9716681,1926909 9666307,1704656 9718809))
32604;POLYGON((1667453 9593873,1681268 9635048,1898897 9567009,1882373 9518208,1667453 9593873))
32605;POLYGON((1617663 9473759,1635634 9513180,1844354 9422602,1822899 9375917,1617663 9473759))
32606;POLYGON((1555754 9359765,1577698 9397005,1775225 9285067,1749066 9241014,1555754 9359765))
32607;POLYGON((1482406 9253119,1508076 9287779,1692276 9155916,1661722 9114971,1482406 9253119))
32608;POLYGON((1398468 9154951,1427566 9186667,1596502 9036526,1561923 8999116,1398468 9154951))
32609;POLYGON((1304922 9066278,1337107 9094723,1489059 8928127,1450870 8894625,1304922 9066278))
32610;POLYGON((1202844 8987988,1237748 9012881,1371226 8831783,1329874 8802509,1202844 8987988))
32611;POLYGON((1093388 8920845,1130620 8941946,1244366 8748401,1200317 8723621,1093388 8920845))
32612;POLYGON((977759 8865481,1016911 8882593,1109894 8678727,1063628 8658656,977759 8865481))
32613;POLYGON((857199 8822404,897855 8835372,969259 8623358,921265 8608163,857199 8822404))
32614;POLYGON((732978 8792000,774712 8800708,823930 8582750,774699 8572553,732978 8792000))
32615;POLYGON((606380 8774533,648763 8778906,675386 8557226,625413 8552108,606380 8774533))
32616;POLYGON((478699 8770156,521300 8770156,525110 8546986,474889 8546986,478699 8770156))
32617;POLYGON((351236 8778906,393619 8774533,374586 8552108,324613 8557226,351236 8778906))
32618;POLYGON((225287 8800708,267021 8792000,225300 8572553,176069 8582750,225287 8800708))
32619;POLYGON((102144 8835372,142800 8822404,78734 8608163,30740 8623358,102144 8835372))
32620;POLYGON((-16911 8882593,22240 8865481,-63628 8658656,-109894 8678727,-16911 8882593))
32621;POLYGON((-130620 8941946,-93388 8920845,-200317 8723621,-244366 8748401,-130620 8941946))
32622;POLYGON((-237748 9012881,-202844 8987988,-329874 8802509,-371226 8831783,-237748 9012881))
32623;POLYGON((-337107 9094723,-304922 9066278,-450870 8894625,-489059 8928127,-337107 9094723))
32624;POLYGON((-427566 9186667,-398468 9154951,-561923 8999116,-596502 9036526,-427566 9186667))
32625;POLYGON((-508076 9287779,-482406 9253119,-661722 9114971,-692276 9155916,-508076 9287779))
32626;POLYGON((-577698 9397005,-555754 9359765,-749066 9241014,-775225 9285067,-577698 9397005))
32627;POLYGON((-635634 9513180,-617663 9473759,-822899 9375917,-844354 9422602,-635634 9513180))
32628;POLYGON((-681268 9635048,-667453 9593873,-882373 9518208,-898897 9567009,-681268 9635048))
32629;POLYGON((-714217 9761295,-704656 9718809,-926909 9666307,-938384 9716681,-714217 9761295))
32630;POLYGON((-734386 9890588,-729075 9847233,-956280 9818571,-962723 9869964,-734386 9890588))
32631;POLYGON((-742034 10021642,-740843 9977837,-970702 9973354,-972302 10025235,-742034 10021642))
32632;POLYGON((-737851 10153292,-740497 10109406,-970946 10129105,-968105 10180996,-737851 10153292))
32633;POLYGON((-723046 10284594,-729063 10240911,-958463 10284484,-951840 10336012,-723046 10284594))
32634;POLYGON((-699445 10414957,-708148 10371625,-935530 10438515,-926097 10489467,-699445 10414957))
32635;POLYGON((-669603 10544288,-680052 10501271,-905417 10590781,-894513 10641180,-669603 10544288))
32636;POLYGON((-636925 10673189,-647883 10630198,-872564 10741655,-861967 10791851,-636925 10673189))
32637;POLYGON((-605811 10803177,-615692 10759588,-842796 10892591,-834793 10943367,-605811 10803177))
32638;POLYGON((-581803 10936954,-588622 10891716,-823547 11046469,-821017 11099166,-581803 10936954))
32639;POLYGON((-571757 11078716,-573072 11030243,-824117 11207992,-830621 11264668,-571757 11078716))
32640;POLYGON((-584026 11234520,-576874 11180562,-855948 11384173,-875830 11447768,-584026 11234520))
32641;POLYGON((-628661 11412703,-609490 11350200,-932935 11584875,-971427 11659421,-628661 11412703))
32642;POLYGON((-717635 11624366,-682226 11549277,-1071755 11823459,-1135097 11914306,-717635 11624366))
32643;POLYGON((-865073 11883918,-808463 11791036,-1292231 12117502,-1387797 12231589,-865073 11883918))
32644;POLYGON((-1087519 12209701,-1003908 12092433,-1617729 12489633,-1754167 12635783,-1087519 12209701))
32645;POLYGON((-1404205 12624688,-1286865 12474816,-2075579 12968466,-2262958 13157727,-1404205 12624688))
32646;POLYGON((2678526 12964677,-1678526 12964677,-2697533 13589657,3697533 13589657,2678526 12964677))
32647;POLYGON((2286865 12474816,2404205 12624688,3262958 13157727,3075579 12968466,2286865 12474816))
32648;POLYGON((2003908 12092433,2087519 12209701,2754167 12635783,2617729 12489633,2003908 12092433))
32649;POLYGON((1808463 11791036,1865073 11883918,2387797 12231589,2292231 12117502,1808463 11791036))
32650;POLYGON((1682226 11549277,1717635 11624366,2135097 11914306,2071755 11823459,1682226 11549277))
32651;POLYGON((1609490 11350200,1628661 11412703,1971427 11659421,1932935 11584875,1609490 11350200))
32652;POLYGON((1576874 11180562,1584026 11234520,1875830 11447768,1855948 11384173,1576874 11180562))
32653;POLYGON((1573072 11030243,1571757 11078716,1830621 11264668,1824117 11207992,1573072 11030243))
32654;POLYGON((1588622 10891716,1581803 10936954,1821017 11099166,1823547 11046469,1588622 10891716))
32655;POLYGON((1615692 10759588,1605811 10803177,1834793 10943367,1842796 10892591,1615692 10759588))
32656;POLYGON((1647883 10630198,1636925 10673189,1861967 10791851,1872564 10741655,1647883 10630198))
32657;POLYGON((1680052 10501271,1669603 10544288,1894513 10641180,1905417 10590781,1680052 10501271))
32658;POLYGON((1708148 10371625,1699445 10414957,1926097 10489467,1935530 10438515,1708148 10371625))
32659;POLYGON((1729063 10240911,1723046 10284594,1951840 10336012,1958463 10284484,1729063 10240911))
32660;POLYGON((1740497 10109406,1737851 10153292,1968105 10180996,1970946 10129105,1740497 10109406))
