32701;POLYGON((6702798 67673,6683015 -256124,6270396 -150845,6302560 132921,6702798 67673))
32702;POLYGON((6636617 968821,6677507 680216,6303370 677758,6275957 937933,6636617 968821))
32703;POLYGON((6422695 1764499,6507587 1510850,6174222 1432278,6102980 1666091,6422695 1764499))
32704;POLYGON((6103227 2458209,6219274 2237950,5926528 2106603,5823691 2313311,6103227 2458209))
32705;POLYGON((5710381 3056353,5847850 2867118,5593978 2699991,5468902 2880209,5710381 3056353))
32706;POLYGON((5268223 3566909,5419885 3405930,5202201 3215218,5061916 3370394,5268223 3566909))
32707;POLYGON((4794369 3998454,4954977 3862853,4770341 3657153,4620026 3789186,4794369 3998454))
32708;POLYGON((4301370 4359472,4467227 4246465,4312394 4031712,4155768 4142666,4301370 4359472))
32709;POLYGON((3797875 4657881,3966470 4564912,3838329 4345091,3677988 4437002,3797875 4657881))
32710;POLYGON((3289575 4900752,3459288 4825570,3355020 4603262,3192701 4678005,3289575 4900752))
32711;POLYGON((2779974 5094144,2949840 5034847,2867001 4811629,2703808 4870844,2779974 5094144))
32712;POLYGON((2270988 5243050,2440513 5198094,2377084 4974841,2213656 5019891,2270988 5243050))
32713;POLYGON((1763426 5351389,1932440 5319585,1886836 5096691,1723486 5128644,1763426 5351389))
32714;POLYGON((1257343 5422045,1425892 5402544,1396957 5180085,1233780 5199711,1257343 5422045))
32715;POLYGON((752320 5456907,920582 5449186,907578 5227040,744533 5234817,752320 5456907))
32716;POLYGON((247679 5456907,415897 5460761,418491 5238700,255466 5234817,247679 5456907))
32717;POLYGON((-257343 5422045,-88914 5437577,-70657 5215349,-233780 5199711,-257343 5422045))
32718;POLYGON((-763426 5351389,-594581 5379015,-560192 5156418,-723486 5128644,-763426 5351389))
32719;POLYGON((-1270988 5243050,-1101627 5283507,-1050231 5060472,-1213656 5019891,-1270988 5243050))
32720;POLYGON((-1779974 5094144,-1610184 5148507,-1540483 4925202,-1703808 4870844,-1779974 5094144))
32721;POLYGON((-2289575 4900752,-2119730 4970445,-2029994 4747403,-2192701 4678005,-2289575 4900752))
32722;POLYGON((-2797875 4657881,-2628764 4744688,-2516829 4522991,-2677988 4437002,-2797875 4657881))
32723;POLYGON((-3301370 4359472,-3134371 4465529,-2997663 4247051,-3155768 4142666,-3301370 4359472))
32724;POLYGON((-3794369 3998454,-3631666 4126224,-3467255 3913962,-3620026 3789186,-3794369 3998454))
32725;POLYGON((-4268223 3566909,-4113082 3719110,-3917792 3517632,-4061916 3370394,-4268223 3566909))
32726;POLYGON((-4710381 3056353,-4567486 3235851,-4338075 3051889,-4468902 2880209,-4710381 3056353))
32727;POLYGON((-5103227 2458209,-4979094 2667837,-4712527 2511071,-4823691 2313311,-5103227 2458209))
32728;POLYGON((-5422695 1764499,-5326158 2006795,-5020003 1890872,-5102980 1666091,-5422695 1764499))
32729;POLYGON((-5636617 968821,-5579412 1245670,-5232372 1189511,-5275957 937933,-5636617 968821))
32730;POLYGON((-5702798 67673,-5700236 379823,-5312868 409290,-5302560 132921,-5702798 67673))
32731;POLYGON((-5566779 -937817,-5638527 -591383,-5214162 -441392,-5131464 -737968,-5566779 -937817))
32732;POLYGON((-5159271 -2039682,-5330245 -1662539,-4876154 -1345471,-4697771 -1654110,-5159271 -2039682))
32733;POLYGON((-4393233 -3220330,-4694616 -2819607,-4223461 -2274024,-3920385 -2581796,-4393233 -3220330))
32734;POLYGON((-3160576 -4449137,-3630956 -4036730,-3162562 -3182351,-2699047 -3470052,-3160576 -4449137))
32735;POLYGON((-1328452 -5678292,-2015109 -5272337,-1578603 -4005220,-911015 -4245594,-1328452 -5678292))
32736;POLYGON((1264874 -6837824,304546 -6464451,668182 -4651195,1592640 -4806807,1264874 -6837824))
32737;POLYGON((4814617 -7829698,3511524 -7525110,3746438 -4995901,4991145 -5016645,4814617 -7829698))
32738;POLYGON((9554529 -8520884,7826138 -8333786,7858078 -4874130,9498552 -4694315,9554529 -8520884))
32739;POLYGON((15762469 -8735280,13510894 -8729707,13243110 -4070656,15368721 -3605634,15762469 -8735280))
32740;POLYGON((23766495 -8244381,20876408 -8502956,20184929 -2309620,22900765 -1451906,23766495 -8244381))
32741;POLYGON((33951509 -6756557,30287860 -7384225,29016085 757649,32444991 2142805,33951509 -6756557))
32742;POLYGON((46766476 -3904841,42172022 -5033117,40124563 5566520,44409346 7646174,46766476 -3904841))
32743;POLYGON((62732244 766942,57024873 -1024838,53960585 12654808,59266404 15634008,62732244 766942))
32744;POLYGON((82449986 7819822,75419834 5164833,71043965 22680547,77560908 26808736,82449986 7819822))
32745;POLYGON((106610297 17937241,98016642 14176460,91972026 36441943,99917881 42020122,106610297 17937241))
32746;POLYGON((-105610297 17937241,-114784423 22128902,-107393648 48158566,-98917881 42020122,-105610297 17937241))
32747;POLYGON((-81449986 7819822,-88972941 10814148,-83528504 31384041,-76560908 26808736,-81449986 7819822))
32748;POLYGON((-61732244 766942,-67855766 2822284,-63953501 18966097,-58266404 15634008,-61732244 766942))
32749;POLYGON((-45766476 -3904841,-50710360 -2575197,-48014947 10000840,-43409346 7646174,-45766476 -3904841))
32750;POLYGON((-32951509 -6756557,-36906785 -5978078,-35142269 3739147,-31444991 2142805,-32951509 -6756557))
32751;POLYGON((-22766495 -8244381,-25898387 -7875655,-24839703 -434836,-21900765 -1451906,-22766495 -8244381))
32752;POLYGON((-14762469 -8735280,-17213141 -8663005,-16678564 -3022907,-14368721 -3605634,-14762469 -8735280))
32753;POLYGON((-8554529 -8520884,-10445622 -8655435,-10290072 -4429880,-8498552 -4694315,-8554529 -8520884))
32754;POLYGON((-3814617 -7829698,-5249589 -8101229,-5358735 -4978697,-3991145 -5016645,-3814617 -7829698))
32755;POLYGON((-264874 -6837824,-1331154 -7192854,-1616239 -4923736,-592640 -4806807,-264874 -6837824))
32756;POLYGON((2328452 -5678292,1557493 -6076740,1164162 -4462444,1911015 -4245594,2328452 -5678292))
32757;POLYGON((4160576 -4449137,3623826 -4861763,3172780 -3745461,3699047 -3470052,4160576 -4449137))
32758;POLYGON((5393233 -3220330,5040208 -3626544,4568165 -2885369,4920385 -2581796,5393233 -3220330))
32759;POLYGON((6159271 -2039682,5948632 -2425685,5481357 -1964174,5697771 -1654110,6159271 -2039682))
32760;POLYGON((6566779 -937817,6465011 -1295038,6019722 -1039680,6131464 -737968,6566779 -937817))
