32701;POLYGON((2656348 162722,2661276 87614,2430638 73856,2425650 141369,2656348 162722))
32702;POLYGON((2625557 387638,2638503 312882,2408922 275967,2397135 342838,2625557 387638))
32703;POLYGON((2570674 608946,2591625 535802,2366668 475205,2347997 540498,2570674 608946))
32704;POLYGON((2492245 823153,2520943 752737,2303861 668819,2278447 731661,2492245 823153))
32705;POLYGON((2391419 1027215,2427426 960491,2221104 854270,2189260 913872,2391419 1027215))
32706;POLYGON((2269774 1218535,2312525 1156320,2119467 1029286,2081627 1084953,2269774 1218535))
32707;POLYGON((2129174 1394948,2178023 1337917,2000350 1191877,1957036 1243011,2129174 1394948))
32708;POLYGON((1971658 1554685,2025913 1503386,1865379 1340348,1817169 1386448,1971658 1554685))
32709;POLYGON((1799350 1696339,1858297 1651203,1716324 1473284,1663828 1513938,1799350 1696339))
32710;POLYGON((1614399 1818814,1677322 1780176,1555032 1589534,1498873 1624411,1614399 1818814))
32711;POLYGON((1418931 1921283,1485126 1889391,1383381 1688182,1324188 1717025,1418931 1921283))
32712;POLYGON((1215026 2003137,1283806 1978173,1203250 1768521,1141644 1791137,1215026 2003137))
32713;POLYGON((1004709 2063947,1075405 2046035,1016499 1830025,953095 1846272,1004709 2063947))
32714;POLYGON((789946 2103426,861908 2092649,824962 1872320,760365 1882104,789946 2103426))
32715;POLYGON((572661 2121403,645252 2117806,630446 1895163,565256 1898430,572661 2121403))
32716;POLYGON((354747 2117806,427338 2121403,434743 1898430,369553 1895163,354747 2117806))
32717;POLYGON((138091 2092649,210053 2103426,239634 1882104,175037 1872320,138091 2092649))
32718;POLYGON((-75405 2046035,-4709 2063947,46904 1846272,-16499 1830025,-75405 2046035))
32719;POLYGON((-283806 1978173,-215026 2003137,-141644 1791137,-203250 1768521,-283806 1978173))
32720;POLYGON((-485126 1889391,-418931 1921283,-324188 1717025,-383381 1688182,-485126 1889391))
32721;POLYGON((-677322 1780176,-614399 1818814,-498873 1624411,-555032 1589534,-677322 1780176))
32722;POLYGON((-858297 1651203,-799350 1696339,-663828 1513938,-716324 1473284,-858297 1651203))
32723;POLYGON((-1025913 1503386,-971658 1554685,-817169 1386448,-865379 1340348,-1025913 1503386))
32724;POLYGON((-1178023 1337917,-1129174 1394948,-957036 1243011,-1000350 1191877,-1178023 1337917))
32725;POLYGON((-1312525 1156320,-1269774 1218535,-1081627 1084953,-1119467 1029286,-1312525 1156320))
32726;POLYGON((-1427426 960491,-1391419 1027215,-1189260 913872,-1221104 854270,-1427426 960491))
32727;POLYGON((-1520943 752737,-1492245 823153,-1278447 731661,-1303861 668819,-1520943 752737))
32728;POLYGON((-1591625 535802,-1570674 608946,-1347997 540498,-1366668 475205,-1591625 535802))
32729;POLYGON((-1638503 312882,-1625557 387638,-1397135 342838,-1408922 275967,-1638503 312882))
32730;POLYGON((-1661276 87614,-1656348 162722,-1425650 141369,-1430638 73856,-1661276 87614))
32731;POLYGON((-1660531 -135955,-1663312 -61885,-1434072 -61056,-1432638 -128239,-1660531 -135955))
32732;POLYGON((-1638001 -353436,-1647768 -281901,-1423881 -261521,-1416770 -327410,-1638001 -353436))
32733;POLYGON((-1596868 -560195,-1612380 -492758,-1397745 -457184,-1386155 -520881,-1596868 -560195))
32734;POLYGON((-1542099 -751504,-1561478 -689741,-1359792 -645474,-1345479 -706222,-1542099 -751504))
32735;POLYGON((-1480842 -922739,-1501438 -868165,-1315930 -824330,-1301316 -881607,-1480842 -922739))
32736;POLYGON((-1422862 -1069637,-1441099 -1023614,-1274191 -992513,-1262494 -1046152,-1422862 -1069637))
32737;POLYGON((-1381032 -1188620,-1392242 -1152242,-1245130 -1149981,-1240502 -1200311,-1381032 -1188620))
32738;POLYGON((-1371880 -1277200,-1370111 -1251146,-1242260 -1298351,-1249946 -1346371,-1371880 -1277200))
32739;POLYGON((-1416192 -1334462,-1394003 -1318829,-1282541 -1441446,-1309049 -1489030,-1416192 -1334462))
32740;POLYGON((-1539677 -1361645,-1487907 -1355741,-1386908 -1585941,-1440202 -1636075,-1539677 -1361645))
32741;POLYGON((-1773693 -1362831,-1681215 -1364933,-1580862 -1742121,-1670565 -1799183,-1773693 -1362831))
32742;POLYGON((-2156041 -1345740,-2009486 -1352815,-1895104 -1924759,-2032723 -1994841,-2156041 -1345740))
32743;POLYGON((-2731829 -1322658,-2515294 -1330040,-2366230 -2154120,-2565403 -2245392,-2731829 -1322658))
32744;POLYGON((-3554404 -1311498,-3249130 -1312521,-3037485 -2457115,-3314242 -2580246,-3554404 -1311498))
32745;POLYGON((-4686361 -1337014,-4270390 -1322584,-3959573 -2868608,-4332623 -3037235,-4686361 -1337014))
32746;POLYGON((5270390 -1322584,5686361 -1337014,5332623 -3037235,4959573 -2868608,5270390 -1322584))
32747;POLYGON((4249130 -1312521,4554404 -1311498,4314242 -2580246,4037485 -2457115,4249130 -1312521))
32748;POLYGON((3515294 -1330040,3731829 -1322658,3565403 -2245392,3366230 -2154120,3515294 -1330040))
32749;POLYGON((3009486 -1352815,3156041 -1345740,3032723 -1994841,2895104 -1924759,3009486 -1352815))
32750;POLYGON((2681215 -1364933,2773693 -1362831,2670565 -1799183,2580862 -1742121,2681215 -1364933))
32751;POLYGON((2487907 -1355741,2539677 -1361645,2440202 -1636075,2386908 -1585941,2487907 -1355741))
32752;POLYGON((2394003 -1318829,2416192 -1334462,2309049 -1489030,2282541 -1441446,2394003 -1318829))
32753;POLYGON((2370111 -1251146,2371880 -1277200,2249946 -1346371,2242260 -1298351,2370111 -1251146))
32754;POLYGON((2392242 -1152242,2381032 -1188620,2240502 -1200311,2245130 -1149981,2392242 -1152242))
32755;POLYGON((2441099 -1023614,2422862 -1069637,2262494 -1046152,2274191 -992513,2441099 -1023614))
32756;POLYGON((2501438 -868165,2480842 -922739,2301316 -881607,2315930 -824330,2501438 -868165))
32757;POLYGON((2561478 -689741,2542099 -751504,2345479 -706222,2359792 -645474,2561478 -689741))
32758;POLYGON((2612380 -492758,2596868 -560195,2386155 -520881,2397745 -457184,2612380 -492758))
32759;POLYGON((2647768 -281901,2638001 -353436,2416770 -327410,2423881 -261521,2647768 -281901))
32760;POLYGON((2663312 -61885,2660531 -135955,2432638 -128239,2434072 -61056,2663312 -61885))
