32701;POLYGON((10708949 692334,10998524 86190,10307950 -52298,10076118 523964,10708949 692334))
32702;POLYGON((9836619 2217504,10127265 1753649,9595532 1539810,9349023 1986886,9836619 2217504))
32703;POLYGON((8972469 3386512,9258734 3030616,8848335 2775839,8595751 3123508,8972469 3386512))
32704;POLYGON((8128834 4285533,8407223 4011455,8089409 3737939,7836731 4009147,8128834 4285533))
32705;POLYGON((7313094 4979832,7581620 4767830,7334529 4489263,7085684 4701560,7313094 4979832))
32706;POLYGON((6528853 5518445,6786669 5353728,6593799 5078013,6351134 5244734,6528853 5518445))
32707;POLYGON((5776926 5937937,6024017 5809503,5872996 5540736,5637674 5671947,5776926 5937937))
32708;POLYGON((5056138 6265395,5293074 6165113,5174686 5904966,4947010 6008219,5056138 6265395))
32709;POLYGON((4363967 6520752,4591706 6442650,4499126 6191325,4278799 6272252,4363967 6520752))
32710;POLYGON((3697036 6718591,3916774 6658313,3844983 6415159,3631304 6477931,3697036 6718591))
32711;POLYGON((3051472 6869492,3264537 6823886,3209874 6587800,3001892 6635473,3051472 6869492))
32712;POLYGON((2423170 6981035,2630944 6947860,2590780 6717515,2387397 6752292,2423170 6981035))
32713;POLYGON((1807944 7058520,2011825 7036227,1984324 6810207,1784369 6833622,1807944 7058520))
32714;POLYGON((1201624 7105465,1402997 7093055,1386952 6869918,1189222 6882967,1201624 7105465))
32715;POLYGON((600080 7123933,800318 7120867,795043 6899169,598325 6902394,600080 7123933))
32716;POLYGON((-782 7114721,199681 7120867,204956 6899169,8035 6892703,-782 7114721))
32717;POLYGON((-605053 7077432,-402997 7093055,-386952 6869918,-585289 6853495,-605053 7077432))
32718;POLYGON((-1216848 7010441,-1011825 7036227,-984324 6810207,-1185289 6783140,-1216848 7010441))
32719;POLYGON((-1840327 6910743,-1630944 6947860,-1590780 6717515,-1795569 6678639,-1840327 6910743))
32720;POLYGON((-2479673 6773679,-2264537 6823886,-2209874 6587800,-2419639 6535377,-2479673 6773679))
32721;POLYGON((-3139036 6592496,-2916774 6658313,-2844983 6415159,-3060781 6346725,-3139036 6592496))
32722;POLYGON((-3822388 6357709,-3591706 6442650,-3499126 6191325,-3721841 6103484,-3822388 6357709))
32723;POLYGON((-4533305 6056204,-4293074 6165113,-4174686 5904966,-4404902 5793104,-4533305 6056204))
32724;POLYGON((-5274644 5670004,-5024017 5809503,-4872996 5540736,-5110836 5398638,-5274644 5670004))
32725;POLYGON((-6048092 5174638,-5786669 5353728,-5593799 5078013,-5838704 4897363,-6048092 5174638))
32726;POLYGON((-6853576 4536998,-6581620 4767830,-6334529 4489263,-6584982 4258998,-6853576 4536998))
32727;POLYGON((-7688524 3712580,-7407223 4011455,-7089409 3737939,-7342583 3443434,-7688524 3712580))
32728;POLYGON((-8546935 2642003,-8258734 3030616,-7848335 2775839,-8099675 2397888,-8546935 2642003))
32729;POLYGON((-9418270 1246642,-9127265 1753649,-8595532 1539810,-8838251 1053365,-9418270 1246642))
32730;POLYGON((-10286121 -576731,-9998524 86190,-9307950 -52298,-9532432 -679666,-10286121 -576731))
32731;POLYGON((-11126658 -2962503,-10851343 -2094952,-9953388 -2106562,-10146498 -2916524,-11126658 -2962503))
32732;POLYGON((-11906820 -6084103,-11655955 -4949226,-10488314 -4758915,-10632601 -5804603,-11906820 -6084103))
32733;POLYGON((-12582251 -10163428,-12372016 -8681223,-10855366 -8182223,-10928154 -9530872,-12582251 -10163428))
32734;POLYGON((-13094945 -15481999,-12946349 -13551235,-10980507 -12594655,-10952871 -14330709,-13094945 -15481999))
32735;POLYGON((-13370595 -22394053,-13310395 -19887677,-10769823 -18269508,-10605427 -20498244,-13370595 -22394053))
32736;POLYGON((-13315617 -31341815,-13377347 -28101604,-10105916 -25546650,-9759731 -28398387,-13315617 -31341815))
32737;POLYGON((-12813847 -42873154,-13038956 -38703549,-8843907 -34845772,-8260778 -38480716,-12813847 -42873154))
32738;POLYGON((-11722872 -57661916,-12161988 -52322933,-6806991 -46681619,-5920056 -51295422,-11722872 -57661916))
32739;POLYGON((-9869998 -76531156,-10584316 -69730302,-3781545 -61681424,-2510501 -67511511,-9869998 -76531156))
32740;POLYGON((-7047822 -100479574,-8110621 -91862660,488240 -80604725,2239038 -87937479,-7047822 -100479574))
32741;POLYGON((-3009396 -130711432,-4507703 -119852199,6306233 -104365814,8649843 -113544670,-3009396 -130711432))
32742;POLYGON((2537028 -168670258,500642 -155058699,14030749 -134059018,17099890 -145493571,2537028 -168670258))
32743;POLYGON((9933711 -216076642,7239177 -199105930,24081480 -170987075,28030969 -185163264,9933711 -216076642))
32744;POLYGON((19579587 -274970475,16087229 -253922370,36946998 -216692838,41956379 -234184298,19579587 -274970475))
32745;POLYGON((31936911 -347757943,27485178 -321786575,53192839 -272994572,59469210 -294475243,31936911 -347757943))
32746;POLYGON((-22372637 -297558879,-26485178 -321786575,-52192839 -272994572,-46363632 -252925270,-22372637 -297558879))
32747;POLYGON((-11877635 -234320727,-15087229 -253922370,-35946998 -216692838,-31312505 -200376124,-11877635 -234320727))
32748;POLYGON((-3778532 -183328922,-6239177 -199105930,-23081480 -170987075,-19444113 -157783924,-3778532 -183328922))
32749;POLYGON((2343948 -142426942,499357 -155058699,-13030749 -134059018,-10219510 -123426365,2343948 -142426942))
32750;POLYGON((6850251 -109792683,5507703 -119852199,-5306233 -104365814,-3173955 -95844370,6850251 -109792683))
32751;POLYGON((10048305 -83894676,9110621 -91862660,511759 -80604725,2090982 -73808026,10048305 -83894676))
32752;POLYGON((12199386 -63452844,11584316 -69730302,4781545 -61681424,5914724 -56286010,12199386 -63452844))
32753;POLYGON((13523520 -47403471,13161988 -52322933,7806991 -46681619,8584436 -42418282,13523520 -47403471))
32754;POLYGON((14204460 -34868056,14038956 -38703549,9843907 -34845772,10341238 -31491763,14204460 -34868056))
32755;POLYGON((14394243 -25125752,14377347 -28101604,11105916 -25546650,11385907 -22918798,14394243 -25125752))
32756;POLYGON((14217361 -17589094,14310395 -19887677,11769823 -18269508,11884086 -16218149,14217361 -17589094))
32757;POLYGON((13774538 -11782731,13946349 -13551235,11980507 -12594655,11971023 -10998324,13774538 -11782731))
32758;POLYGON((13146160 -7324906,13372016 -8681223,11855366 -8182223,11755861 -6943025,13146160 -7324906))
32759;POLYGON((12395357 -3911417,12655955 -4949226,11488314 -4758915,11325511 -3798519,12395357 -3911417))
32760;POLYGON((11570759 -1301822,11851343 -2094952,10953388 -2106562,10748112 -1362753,11570759 -1301822))
