32601;POLYGON((8409621 9010663,8543834 9441592,9088953 9378613,8916002 8914606,8409621 9010663))
32602;POLYGON((7938493 7886172,8105400 8234880,8542456 8086650,8344581 7717743,7938493 7886172))
32603;POLYGON((7394238 6976282,7581769 7258437,7932444 7059038,7720158 6765320,7394238 6976282))
32604;POLYGON((6806341 6240087,7005705 6468368,7287305 6240462,7068123 6006243,6806341 6240087))
32605;POLYGON((6195834 5644614,6400840 5829221,6627098 5587409,6406178 5400391,6195834 5644614))
32606;POLYGON((5577143 5163448,5783616 5312533,5965368 5065843,5746050 4916445,5577143 5163448))
32607;POLYGON((4959623 4775563,5164924 4895600,5310669 4649295,5094918 4530101,4959623 4775563))
32608;POLYGON((4348826 4464356,4551459 4560440,4667817 4317311,4456589 4222611,4348826 4464356))
32609;POLYGON((3747533 4216828,3946825 4292936,4038907 4054185,3832443 3979621,3747533 4216828))
32610;POLYGON((3156552 4022927,3352411 4082118,3424124 3847965,3222170 3790245,3156552 4022927))
32611;POLYGON((2575353 3875002,2768073 3919589,2822353 3689662,2624334 3646337,2575353 3875002))
32612;POLYGON((2002521 3767385,2192648 3799058,2231645 3572641,2036785 3541943,2002521 3767385))
32613;POLYGON((1436094 3696054,1624328 3715987,1649540 3492173,1456947 3472886,1436094 3696054))
32614;POLYGON((873787 3658400,1060914 3667318,1073291 3445097,882010 3436476,873787 3658400))
32615;POLYGON((313152 3653063,500000 3651286,500000 3429601,309049 3431318,313152 3653063))
32616;POLYGON((-248319 3679853,-60914 3667318,-73291 3445097,-264900 3457217,-248319 3679853))
32617;POLYGON((-813108 3739732,-624328 3715987,-649540 3492173,-842784 3515159,-813108 3739732))
32618;POLYGON((-1383568 3834881,-1192648 3799058,-1231645 3572641,-1427462 3607388,-1383568 3834881))
32619;POLYGON((-1961788 3968827,-1768073 3919589,-1822353 3689662,-2021604 3737558,-1961788 3968827))
32620;POLYGON((-2549397 4146658,-2352411 4082118,-2424124 3847965,-2627530 3910991,-2549397 4146658))
32621;POLYGON((-3147266 4375322,-2946825 4292936,-3038907 4054185,-3246951 4135049,-3147266 4375322))
32622;POLYGON((-3755091 4664017,-3551459 4560440,-3667817 4317311,-3880609 4419632,-3755091 4664017))
32623;POLYGON((-4370831 5024691,-4164924 4895600,-4310669 4649295,-4527759 4777847,-4370831 5024691))
32624;POLYGON((-4989960 5472664,-4783616 5312533,-4965368 5065843,-5185498 5226860,-4989960 5472664))
32625;POLYGON((-5604518 6027387,-5400840 5829221,-5627098 5587409,-5847889 5788976,-5604518 6027387))
32626;POLYGON((-6201928 6713361,-6005705 6468368,-6287305 6240462,-6504866 6492996,-6201928 6713361))
32627;POLYGON((-6763548 7561231,-6581769 7258437,-6932444 7059038,-7140896 7375885,-6763548 7561231))
32628;POLYGON((-7262934 8609090,-7105400 8234880,-7542456 8086650,-7733360 8484810,-7262934 8609090))
32629;POLYGON((-7663787 9904012,-7543834 9441592,-8088953 9378613,-8250636 9879613,-7663787 9904012))
32630;POLYGON((-7917548 11503848,-7852888 10932615,-8533083 11004830,-8649853 11635771,-7917548 11503848))
32631;POLYGON((-7960623 13479307,-7974312 12774120,-8823059 13053118,-8874296 13847915,-7960623 13479307))
32632;POLYGON((-7711204 15916375,-7832748 15046712,-8891301 15633147,-8850420 16633991,-7711204 15916375))
32633;POLYGON((-7065656 18919090,-7332268 17848077,-8651194 18881067,-8484470 20140134,-7065656 18919090))
32634;POLYGON((-5894454 22612725,-6352456 21296032,-7993409 22964900,-7658654 24546337,-5894454 22612725))
32635;POLYGON((-4037619 27147408,-4744023 25531986,-6781783 28090802,-6226865 30073017,-4037619 27147408))
32636;POLYGON((-1299652 32702248,-2323907 30724899,-4848715 34510271,-4009911 36988568,-1299652 32702248))
32637;POLYGON((2556081 39489976,1130157 37075743,-1990055 42528409,-790236 45617995,2556081 39489976))
32638;POLYGON((7813539 47762190,5885629 44822540,2040529 52513347,3693903 56352749,7813539 47762190))
32639;POLYGON((14810788 57815226,12261748 54246018,7537755 64906938,9754829 69661866,14810788 57815226))
32640;POLYGON((23947414 69996727,20636727 65675944,14851501 80236827,17762419 86104529,23947414 69996727))
32641;POLYGON((35692593 84712957,31455610 79498180,24394200 99130032,28151711 106344177,35692593 84712957))
32642;POLYGON((50593844 102436924,45238784 96162532,36648871 122328157,41431147 131164289,50593844 102436924))
32643;POLYGON((69286489 123717374,62591207 116191443,52177807 150704363,58191501 161485977,69286489 123717374))
32644;POLYGON((92503866 149188716,84212366 140189605,71631966 185282243,79115489 198387518,92503866 149188716))
32645;POLYGON((-100390712 158733811,110906982 168854542,95761066 227256737,-86147929 212361898,-100390712 158733811))
32646;POLYGON((-75483623 131708166,-83212366 140189605,-70631966 185282243,-63666979 172997216,-75483623 131708166))
32647;POLYGON((-55369364 109105777,-61591207 116191443,-51177807 150704363,-45599437 140610416,-55369364 109105777))
32648;POLYGON((-39279530 90261304,-44238784 96162532,-35648871 122328157,-31229672 114066131,-39279530 90261304))
32649;POLYGON((-26547297 74598598,-30455610 79498180,-23394200 99130032,-19937368 92393131,-26547297 74598598))
32650;POLYGON((-16596966 61620448,-19636727 65675944,-13851501 80236827,-11187664 74764108,-16596966 61620448))
32651;POLYGON((-8934253 50899288,-11261748 54246018,-6537755 64906938,-4522002 60477450,-8934253 50899288))
32652;POLYGON((-3137307 42068785,-4885629 44822540,-1040529 52513347,450337 48940869,-3137307 42068785))
32653;POLYGON((1151590 34816265,-130157 37075743,2990055 42528409,4060057 39656750,1151590 34816265))
32654;POLYGON((4233649 28875905,3323907 30724899,5848715 34510271,6585021 32209086,4233649 28875905))
32655;POLYGON((6360562 24022630,5744023 25531986,7781783 28090802,8256841 26251877,6360562 24022630))
32656;POLYGON((7740889 20066668,7352456 21296032,8993409 22964900,9266883 21498877,7740889 20066668))
32657;POLYGON((8545857 16848714,8332268 17848077,9651194 18881067,9771729 17714566,8545857 16848714))
32658;POLYGON((8914614 14235636,8832748 15046712,9891301 15633147,9898107 14706251,8914614 14235636))
32659;POLYGON((8958948 12116691,8974312 12774120,9823059 13053118,9747342 12317186,8958948 12116691))
32660;POLYGON((8767520 10400206,8852888 10932615,9533083 11004830,9399315 10420607,8767520 10400206))
