32701;POLYGON((10837881 1766574,11182862 1220571,10563696 975675,10272763 1505790,10837881 1766574))
32702;POLYGON((9833008 3130639,10162755 2717368,9691622 2434448,9402619 2840590,9833008 3130639))
32703;POLYGON((8876468 4165221,9189794 3851367,8830185 3553104,8547525 3865262,8876468 4165221))
32704;POLYGON((7969738 4953210,8266466 4713753,7990802 4413964,7717176 4654876,7969738 4953210))
32705;POLYGON((7111826 5556487,7392513 5372807,7180148 5079289,6916930 5266060,7111826 5556487))
32706;POLYGON((6299978 6020845,6565700 5879206,6401299 5595798,6148885 5741196,6299978 6020845))
32707;POLYGON((5530257 6379900,5782427 6270244,5654686 5998289,5412772 6111780,5530257 6379900))
32708;POLYGON((4798000 6658154,5038230 6573168,4938872 6312509,4706671 6401067,4798000 6658154))
32709;POLYGON((4098163 6873350,4328158 6807750,4251159 6557391,4027580 6626120,4098163 6873350))
32710;POLYGON((3425572 7038252,3647060 6988247,3588067 6746764,3371836 6799374,3425572 7038252))
32711;POLYGON((2775090 7161961,2989773 7124860,2945669 6890648,2735425 6929806,2775090 7161961))
32712;POLYGON((2141712 7250864,2351240 7224793,2319837 6996200,2114184 7023778,2141712 7250864))
32713;POLYGON((1520598 7309297,1726565 7293007,1706385 7068393,1503930 7085650,1520598 7309297))
32714;POLYGON((907067 7339987,1111018 7332728,1101146 7110484,900512 7118180,907067 7339987))
32715;POLYGON((296550 7344328,500000 7345773,500000 7124316,299819 7122784,296550 7344328))
32716;POLYGON((-315472 7322515,-111018 7332728,-101146 7110484,-302235 7099658,-315472 7322515))
32717;POLYGON((-933545 7273563,-726565 7293007,-706385 7068393,-909751 7047803,-933545 7273563))
32718;POLYGON((-1562306 7195211,-1351240 7224793,-1319837 6996200,-1526866 6964929,-1562306 7195211))
32719;POLYGON((-2206538 7083701,-1989773 7124860,-1945669 6890648,-2157755 6847248,-2206538 7083701))
32720;POLYGON((-2871194 6933391,-2647060 6988247,-2588067 6746764,-2806598 6689122,-2871194 6933391))
32721;POLYGON((-3561373 6736174,-3328158 6807750,-3251159 6557391,-3477477 6482525,-3561373 6736174))
32722;POLYGON((-4282253 6480633,-4038230 6573168,-3938872 6312509,-4174201 6216289,-4282253 6480633))
32723;POLYGON((-5038943 6150858,-4782427 6270244,-4654686 5998289,-4900033 5875045,-5038943 6150858))
32724;POLYGON((-5836267 5724831,-5565700 5879206,-5401299 5595798,-5657310 5437804,-5836267 5724831))
32725;POLYGON((-6678449 5172275,-6392513 5372807,-6180148 5079289,-6446922 4876079,-6678449 5172275))
32726;POLYGON((-7568695 4451847,-7266466 4713753,-6990802 4413964,-7267650 4151452,-7568695 4451847))
32727;POLYGON((-8508658 3507521,-8189794 3851367,-7830185 3553104,-8115334 3212467,-8508658 3507521))
32728;POLYGON((-9497771 2264028,-9162755 2717368,-8691622 2434448,-8981858 1990725,-9497771 2264028))
32729;POLYGON((-10532439 621161,-10182862 1220571,-9563696 975675,-9853926 396040,-10532439 621161))
32730;POLYGON((-11605075 -1553221,-11243976 -759652,-10428876 -931150,-10711631 -1689496,-11605075 -1553221))
32731;POLYGON((-12702968 -4431711,-12335231 -3381365,-11261924 -3426334,-11526767 -4418714,-12702968 -4431711))
32732;POLYGON((-13806972 -8237596,-13439783 -6849700,-12028049 -6690683,-12260902 -7987996,-13806972 -8237596))
32733;POLYGON((-14889998 -13257067,-14533369 -11428393,-12680791 -10955208,-12863169 -12647540,-14889998 -13257067))
32734;POLYGON((-15915302 -19853637,-15582670 -17453434,-13159620 -16512584,-13267760 -18713458,-15915302 -19853637))
32735;POLYGON((-16834561 -28485046,-16543448 -25349110,-13387231 -23730592,-13391124 -26581929,-16834561 -28485046))
32736;POLYGON((-17585706 -39722915,-17358471 -35646717,-13266517 -33067768,-13128821 -36745632,-17585706 -39722915))
32737;POLYGON((-18090519 -54275459,-17955190 -49006212,-12677201 -45091491,-12352044 -49812707,-18090519 -54275459))
32738;POLYGON((-18251978 -73013566,-18243159 -66241143,-11472116 -60498777,-10903767 -66528507,-18251978 -73013566))
32739;POLYGON((-17951322 -97000577,-18111207 -88347146,-9473101 -80140031,-8594520 -87800395,-17951322 -97000577))
32740;POLYGON((-17044841 -127526088,-17424316 -116534379,-6466507 -105046037,-5197760 -114725883,-17044841 -127526088))
32741;POLYGON((-15360378 -166144171,-16020219 -152264225,-2198300 -136458486,-444821 -148624403,-15360378 -166144171))
32742;POLYGON((-12693510 -214716349,-13705691 -197290635,3631281 -175864343,5980558 -191073022,-12693510 -214716349))
32743;POLYGON((-8803425 -275459746,-10252528 -253706514,11373500 -225034359,14448174 -243946411,-8803425 -275459746))
32744;POLYGON((-3408458 -351000799,-5393200 -323995534,21437371 -286066076,25387761 -309461421,-3408458 -351000799))
32745;POLYGON((2220554 -379989791,1183843 -411089792,34296383 -361431653,-28667379 -334547560,2220554 -379989791))
32746;POLYGON((8187489 -298853308,6393200 -323995534,-20437371 -286066076,-16796962 -264259868,8187489 -298853308))
32747;POLYGON((12545752 -233491059,11252528 -253706514,-10373500 -225034359,-7556257 -207437197,12545752 -233491059))
32748;POLYGON((15591680 -181127207,14705691 -197290635,-2631281 -175864343,-494044 -161737887,15591680 -181127207))
32749;POLYGON((17579189 -139414446,17020219 -152264225,3198300 -136458486,4778717 -125178394,17579189 -139414446))
32750;POLYGON((18724356 -106378336,18424316 -116534379,7466507 -105046037,8595452 -96087114,18724356 -106378336))
32751;POLYGON((19209657 -80367344,19111207 -88347146,10473101 -80140031,11240060 -73062908,19209657 -80367344))
32752;POLYGON((19187878 -60008188,19243159 -66241143,12472116 -60498777,12952542 -54938008,19187878 -60008188))
32753;POLYGON((18785724 -44166076,18955190 -49006212,13677201 -45091491,13934194 -40744967,18785724 -44166076))
32754;POLYGON((18107128 -31909468,18358471 -35646717,14266517 -33067768,14352366 -29687345,18107128 -31909468))
32755;POLYGON((17236265 -22479000,17543448 -25349110,14387231 -23730592,14344825 -21113825,17236265 -22479000))
32756;POLYGON((16240308 -15260201,16582670 -17453434,14159620 -16512584,14023729 -14495480,16240308 -15260201))
32757;POLYGON((15171910 -9759701,15533369 -11428393,13680791 -10955208,13479227 -9405910,15171910 -9759701))
32758;POLYGON((14071449 -5584585,14439783 -6849700,13028049 -6690683,12782712 -5503994,14071449 -5584585))
32759;POLYGON((12969032 -2424608,13335231 -3381365,12261924 -3426334,11989740 -2519004,12969032 -2424608))
32760;POLYGON((11886276 -36975,12243976 -759652,11428876 -931150,11142629 -237846,11886276 -36975))
