32601;POLYGON((7420970 8250081,7542281 8575491,7965856 8476648,7818120 8127098,7420970 8250081))
32602;POLYGON((6995266 7385882,7146112 7656296,7495009 7495085,7322167 7209795,6995266 7385882))
32603;POLYGON((6502679 6669322,6672556 6893274,6959329 6694232,6771172 6461637,6502679 6669322))
32604;POLYGON((5968822 6077250,6150101 6262059,6385256 6041564,6188789 5852191,5968822 6077250))
32605;POLYGON((5411940 5589968,5599251 5741835,5791505 5510500,5591555 5356647,5411940 5589968))
32606;POLYGON((4844553 5190922,5034269 5315036,5190783 5079481,4990508 4954934,4844553 5190922))
32607;POLYGON((4274813 4866386,4464629 4967027,4591226 4731161,4392529 4630953,4274813 4866386))
32608;POLYGON((3707625 4605144,3896207 4685790,3997563 4451718,3801433 4371921,3707625 4605144))
32609;POLYGON((3145530 4398188,3332247 4461615,3412059 4230269,3218835 4167819,3145530 4398188))
32610;POLYGON((2589405 4238436,2774114 4286807,2835247 4058373,2644822 4010928,2589405 4238436))
32611;POLYGON((2038990 4120485,2221878 4155429,2266485 3929630,2078461 3895451,2038990 4120485))
32612;POLYGON((1493282 4040396,1674745 4063074,1704373 3839354,1518166 3817215,1493282 4040396))
32613;POLYGON((950816 3995527,1131380 4006684,1147040 3784324,961960 3773444,950816 3995527))
32614;POLYGON((409870 3984410,590129 3984410,592349 3762606,407650 3762606,409870 3984410))
32615;POLYGON((-131380 4006684,49183 3995527,38039 3773444,-147040 3784324,-131380 4006684))
32616;POLYGON((-674745 4063074,-493282 4040396,-518166 3817215,-704373 3839354,-674745 4063074))
32617;POLYGON((-1221878 4155429,-1038990 4120485,-1078461 3895451,-1266485 3929630,-1221878 4155429))
32618;POLYGON((-1774114 4286807,-1589405 4238436,-1644822 4010928,-1835247 4058373,-1774114 4286807))
32619;POLYGON((-2332247 4461615,-2145530 4398188,-2218835 4167819,-2412059 4230269,-2332247 4461615))
32620;POLYGON((-2896207 4685790,-2707625 4605144,-2801433 4371921,-2997563 4451718,-2896207 4685790))
32621;POLYGON((-3464629 4967027,-3274813 4866386,-3392529 4630953,-3591226 4731161,-3464629 4967027))
32622;POLYGON((-4034269 5315036,-3844553 5190922,-3990508 4954934,-4190783 5079481,-4034269 5315036))
32623;POLYGON((-4599251 5741835,-4411940 5589968,-4591555 5356647,-4791505 5510500,-4599251 5741835))
32624;POLYGON((-5150101 6262059,-4968822 6077250,-5188789 5852191,-5385256 6041564,-5150101 6262059))
32625;POLYGON((-5672556 6893274,-5502679 6669322,-5771172 6461637,-5959329 6694232,-5672556 6893274))
32626;POLYGON((-6146112 7656296,-5995266 7385882,-6322167 7209795,-6495009 7495085,-6146112 7656296))
32627;POLYGON((-6542281 8575491,-6420970 8250081,-6818120 8127098,-6965856 8476648,-6542281 8575491))
32628;POLYGON((-6822532 9679052,-6744857 9288809,-7226327 9250618,-7335663 9678458,-6822532 9679052))
32629;POLYGON((-6935884 10999224,-6920385 10532936,-7502768 10625233,-7556074 11148280,-6935884 10999224))
32630;POLYGON((-6816128 12572476,-6886754 12017510,-7589480 12304945,-7563823 12943481,-6816128 12572476))
32631;POLYGON((-6378646 14439594,-6565863 13781874,-7411525 14354380,-7277572 15132593,-6378646 14439594))
32632;POLYGON((-5516795 16645670,-5858840 15869691,-6873548 16850471,-6594314 17797063,-5516795 16645670))
32633;POLYGON((-4097838 19239988,-4642126 18328870,-5855874 19884359,-5385324 21033226,-4097838 19239988))
32634;POLYGON((-1958382 22275751,-2763087 21211346,-4210135 23563510,-3491607 24954503,-1958382 22275751))
32635;POLYGON((1100698 25809666,-35103 24572717,-1754385 28014084,-718846 29693860,1100698 25809666))
32636;POLYGON((5319883 29901326,3767859 28471693,1732324 33383576,3168207 35406536,5319883 29901326))
32637;POLYGON((10987198 34612387,8917253 32969350,6515927 39843734,8451915 42273068,10987198 34612387))
32638;POLYGON((18445012 40005510,15736540 38128147,12913920 47593801,15468531 50502641,18445012 40005510))
32639;POLYGON((28097463 46143021,24608403 44010687,21302565 56864088,24615614 60336778,28097463 46143021))
32640;POLYGON((40418540 53085294,35982607 50678196,32124736 67919911,36360105 72053405,40418540 53085294))
32641;POLYGON((55960858 60888783,50384541 58188673,45898447 81065917,51247082 85971309,55960858 60888783))
32642;POLYGON((75365137 69603717,68424457 66594703,63226092 96650821,69909240 102455028,75365137 69603717))
32643;POLYGON((99370439 79271381,90807453 75940879,84804407 115072600,93077114 121920190,99370439 79271381))
32644;POLYGON((-117344209 86260811,118344209 86260811,111435209 136784148,-110435209 136784148,-117344209 86260811))
32645;POLYGON((-89807453 75940879,-98370439 79271381,-92077114 121920190,-83804407 115072600,-89807453 75940879))
32646;POLYGON((-67424457 66594703,-74365137 69603717,-68909240 102455028,-62226092 96650821,-67424457 66594703))
32647;POLYGON((-49384541 58188673,-54960858 60888783,-50247082 85971309,-44898447 81065917,-49384541 58188673))
32648;POLYGON((-34982607 50678196,-39418540 53085294,-35360105 72053405,-31124736 67919911,-34982607 50678196))
32649;POLYGON((-23608403 44010687,-27097463 46143021,-23615614 60336778,-20302565 56864088,-23608403 44010687))
32650;POLYGON((-14736540 38128147,-17445012 40005510,-14468531 50502641,-11913920 47593801,-14736540 38128147))
32651;POLYGON((-7917253 32969350,-9987198 34612387,-7451915 42273068,-5515927 39843734,-7917253 32969350))
32652;POLYGON((-2767859 28471693,-4319883 29901326,-2168207 35406536,-732324 33383576,-2767859 28471693))
32653;POLYGON((1035103 24572717,-100698 25809666,1718846 29693860,2754385 28014084,1035103 24572717))
32654;POLYGON((3763087 21211346,2958382 22275751,4491607 24954503,5210135 23563510,3763087 21211346))
32655;POLYGON((5642126 18328870,5097838 19239988,6385324 21033226,6855874 19884359,5642126 18328870))
32656;POLYGON((6858840 15869691,6516795 16645670,7594314 17797063,7873548 16850471,6858840 15869691))
32657;POLYGON((7565863 13781874,7378646 14439594,8277572 15132593,8411525 14354380,7565863 13781874))
32658;POLYGON((7886754 12017510,7816128 12572476,8563823 12943481,8589480 12304945,7886754 12017510))
32659;POLYGON((7920385 10532936,7935884 10999224,8556074 11148280,8502768 10625233,7920385 10532936))
32660;POLYGON((7744857 9288809,7822532 9679052,8335663 9678458,8226327 9250618,7744857 9288809))
