32701;POLYGON((4232638 945610,4256672 811906,4014024 753794,3990766 877626,4232638 945610))
32702;POLYGON((4117254 1340137,4162469 1210199,3924906 1123042,3883012 1243780,4117254 1340137))
32703;POLYGON((3946121 1716008,4008687 1593356,3782963 1479553,3725436 1594010,3946121 1716008))
32704;POLYGON((3729595 2065233,3806241 1952143,3596845 1814883,3526332 1920922,3729595 2065233))
32705;POLYGON((3476458 2382879,3564422 2280712,3374153 2123458,3292966 2219727,3476458 2382879))
32706;POLYGON((3194108 2666214,3291066 2575681,3121506 2401835,3031645 2487551,3194108 2666214))
32707;POLYGON((2888720 2914030,2992740 2835400,2844617 2648102,2747800 2722887,2888720 2914030))
32708;POLYGON((2565410 3126122,2674894 3059378,2548374 2861415,2446063 2925156,2565410 3126122))
32709;POLYGON((2228387 3302893,2342025 3247854,2236930 3041624,2130361 3094376,2228387 3302893))
32710;POLYGON((1881098 3445051,1997816 3401461,1913792 3188994,1804007 3230898,1881098 3445051))
32711;POLYGON((1526369 3553402,1645286 3520993,1581921 3303994,1469802 3335223,1526369 3553402))
32712;POLYGON((1166537 3628688,1286920 3607227,1243831 3387137,1130135 3407853,1166537 3628688))
32713;POLYGON((803582 3671493,924803 3660807,901694 3438874,787090 3449200,803582 3671493))
32714;POLYGON((439253 3682169,560746 3682169,557450 3459518,442549 3459518,439253 3682169))
32715;POLYGON((75196 3660807,196417 3671493,212909 3449200,98305 3438874,75196 3660807))
32716;POLYGON((-286920 3607227,-166537 3628688,-130135 3407853,-243831 3387137,-286920 3607227))
32717;POLYGON((-645286 3520993,-526369 3553402,-469802 3335223,-581921 3303994,-645286 3520993))
32718;POLYGON((-997816 3401461,-881098 3445051,-804007 3230898,-913792 3188994,-997816 3401461))
32719;POLYGON((-1342025 3247854,-1228387 3302893,-1130361 3094376,-1236930 3041624,-1342025 3247854))
32720;POLYGON((-1674894 3059378,-1565410 3126122,-1446063 2925156,-1548374 2861415,-1674894 3059378))
32721;POLYGON((-1992740 2835400,-1888720 2914030,-1747800 2722887,-1844617 2648102,-1992740 2835400))
32722;POLYGON((-2291066 2575681,-2194108 2666214,-2031645 2487551,-2121506 2401835,-2291066 2575681))
32723;POLYGON((-2564422 2280712,-2476458 2382879,-2292966 2219727,-2374153 2123458,-2564422 2280712))
32724;POLYGON((-2806241 1952143,-2729595 2065233,-2526332 1920922,-2596845 1814883,-2806241 1952143))
32725;POLYGON((-3008687 1593356,-2946121 1716008,-2725436 1594010,-2782963 1479553,-3008687 1593356))
32726;POLYGON((-3162469 1210199,-3117254 1340137,-2883012 1243780,-2924906 1123042,-3162469 1210199))
32727;POLYGON((-3256672 811906,-3232638 945610,-2990766 877626,-3014024 753794,-3256672 811906))
32728;POLYGON((-3278549 412254,-3280161 544544,-3039319 506402,-3040562 384035,-3278549 412254))
32729;POLYGON((-3213325 30981,-3245747 154516,-3018146 145459,-2993604 30885,-3213325 30981))
32730;POLYGON((-3043969 -304489,-3113142 -199824,-2915536 -184090,-2861037 -282299,-3043969 -304489))
32731;POLYGON((-2750963 -556967,-2863685 -484798,-2718560 -453862,-2629517 -524329,-2750963 -556967))
32732;POLYGON((-2312048 -677023,-2476060 -655358,-2413043 -626408,-2284454 -654280,-2312048 -677023))
32733;POLYGON((-1701962 -600058,-1926035 -652316,-1983558 -653100,-1810001 -619268,-1701962 -600058))
32734;POLYGON((-892150 -242871,-1186187 -399087,-1413423 -471659,-1189059 -351844,-892150 -242871))
32735;POLYGON((149535 500329,-225599 202109,-684715 -3283,-403301 233011,149535 500329))
32736;POLYGON((1459162 1762547,990451 1274654,221699 850664,566804 1241369,1459162 1762547))
32737;POLYGON((3077057 3709301,2500831 2972591,1326123 2212458,1741938 2804316,3077057 3709301))
32738;POLYGON((5048172 6544677,4348910 5486429,2649974 4232343,3143871 5082483,5048172 6544677))
32739;POLYGON((7422477 10518212,6582940 9049736,4215705 7093455,4795386 8271174,7422477 10518212))
32740;POLYGON((10255364 15932674,9256459 13946613,6046720 11017385,6720179 12606151,10255364 15932674))
32741;POLYGON((13608093 23152815,12428720 20520116,8167264 16270426,8942748 18370126,13608093 23152815))
32742;POLYGON((17548244 32615180,16165144 29181699,10602296 23170578,11488258 25900027,17548244 32615180))
32743;POLYGON((22150217 44839056,20537802 40421778,13377344 32095359,14382394 35595097,22150217 44839056))
32744;POLYGON((-24625919 54821486,25625919 54821486,16518346 43490486,-15518346 43490486,-24625919 54821486))
32745;POLYGON((-19537802 40421778,-21150217 44839056,-13382394 35595097,-12377344 32095359,-19537802 40421778))
32746;POLYGON((-15165144 29181699,-16548244 32615180,-10488258 25900027,-9602296 23170578,-15165144 29181699))
32747;POLYGON((-11428720 20520116,-12608093 23152815,-7942748 18370126,-7167264 16270426,-11428720 20520116))
32748;POLYGON((-8256459 13946613,-9255364 15932674,-5720179 12606151,-5046720 11017385,-8256459 13946613))
32749;POLYGON((-5582940 9049736,-6422477 10518212,-3795386 8271174,-3215705 7093455,-5582940 9049736))
32750;POLYGON((-3348910 5486429,-4048172 6544677,-2143871 5082483,-1649974 4232343,-3348910 5486429))
32751;POLYGON((-1500831 2972591,-2077057 3709301,-741938 2804316,-326123 2212458,-1500831 2972591))
32752;POLYGON((9548 1274654,-459162 1762547,433195 1241369,778300 850664,9548 1274654))
32753;POLYGON((1225599 202109,850464 500329,1403301 233011,1684715 -3283,1225599 202109))
32754;POLYGON((2186187 -399087,1892150 -242871,2189059 -351844,2413423 -471659,2186187 -399087))
32755;POLYGON((2926035 -652316,2701962 -600058,2810001 -619268,2983558 -653100,2926035 -652316))
32756;POLYGON((3476060 -655358,3312048 -677023,3284454 -654280,3413043 -626408,3476060 -655358))
32757;POLYGON((3863685 -484798,3750963 -556967,3629517 -524329,3718560 -453862,3863685 -484798))
32758;POLYGON((4113142 -199824,4043969 -304489,3861037 -282299,3915536 -184090,4113142 -199824))
32759;POLYGON((4245747 154516,4213325 30981,3993604 30885,4018146 145459,4245747 154516))
32760;POLYGON((4280161 544544,4278549 412254,4040562 384035,4039319 506402,4280161 544544))
