32601;POLYGON((-14651941 1474904,-13849732 1354522,-13925584 453672,-14736847 494148,-14651941 1474904))
32602;POLYGON((-17410686 1928816,-16427410 1760302,-16533713 590140,-17529562 646838,-17410686 1928816))
32603;POLYGON((-20811137 2562555,-19596308 2327605,-19744738 781053,-20976843 860149,-20811137 2562555))
32604;POLYGON((-25028595 3442687,-23519569 3117013,-23725658 1046857,-25258165 1156550,-25028595 3442687))
32605;POLYGON((-30279297 4656780,-28399009 4208553,-28683162 1414570,-30595016 1565609,-30279297 4656780))
32606;POLYGON((-36827780 6318654,-34482196 5706656,-34870890 1919456,-37258458 2125759,-36827780 6318654))
32607;POLYGON((-44995105 8574589,-42070377 7746027,-42597598 2607007,-45577586 2886405,-44995105 8574589))
32608;POLYGON((-55168023 11610608,-51527331 10498560,-52236236 3535283,-55948942 3910382,-55168023 11610608))
32609;POLYGON((-67809114 15660956,-63289171 14181407,-64234040 4777638,-68846939 5276821,-67809114 15660956))
32610;POLYGON((-83467961 21017904,-77875172 19066318,-79123647 6425881,-84835344 7084465,-83467961 21017904))
32611;POLYGON((-102793405 28043004,-95899657 25490408,-97535321 8593910,-104579876 9455474,-102793405 28043004))
32612;POLYGON((-126546939 37179952,-118085011 33868456,-120210326 11421877,-128861977 12539772,-126546939 37179952))
32613;POLYGON((-155617296 48969180,-145275854 44706914,-148015499 15080918,-158593796 16519984,-155617296 48969180))
32614;POLYGON((-191036264 64064360,-178454455 58619750,-181959086 19778516,-194834462 21617012,-191036264 64064360))
32615;POLYGON((-233995807 83250956,-218757400 76346302,-223207890 25764532,-238807671 28096310,-233995807 83250956))
32616;POLYGON((-285866521 107467004,-267493607 98771295,-273105778 33337975,-291920669 36274910,-285866521 107467004))
32617;POLYGON((-348217496 137826288,-326163706 126947201,-333193609 42854565,-355784664 46529259,-348217496 137826288))
32618;POLYGON((306402101 116843639,327163706 126947201,334193609 42854565,312928259 39441924,306402101 116843639))
32619;POLYGON((251222711 90712995,268493607 98771295,274105778 33337975,256421306 30616411,251222711 90712995))
32620;POLYGON((205454446 69962319,219757400 76346302,224207890 25764532,209567499 23608669,205454446 69962319))
32621;POLYGON((167662822 53597692,179454455 58619750,182959086 19778516,170893946 18082774,167662822 53597692))
32622;POLYGON((136598450 40785216,146275854 44706914,149015499 15080918,139117944 13756900,136598450 40785216))
32623;POLYGON((111178116 30829456,119085011 33868456,121210326 11421877,113127531 10396024,111178116 30829456))
32624;POLYGON((90467224 23154165,96899657 25490408,98535321 8593910,91963437 7805418,90467224 23154165))
32625;POLYGON((73663548 17285115,78875172 19066318,80123647 6425881,74802378 5824835,73663548 17285115))
32626;POLYGON((60082242 12834883,64289171 14181407,65234040 4777638,60941651 4323372,60082242 12834883))
32627;POLYGON((49142053 9489432,52527331 10498560,53236236 3535283,49784959 3194929,49142053 9489432))
32628;POLYGON((40352696 6996333,43070377 7746027,43597598 2607007,40829436 2354230,40352696 6996333))
32629;POLYGON((33303319 5154494,35482196 5706656,35870890 1919456,33653793 1733345,33303319 5154494))
32630;POLYGON((27652030 3805252,29399009 4208553,29683162 1414570,27907546 1278689,27652030 3805252))
32631;POLYGON((23116409 2824710,24519569 3117013,24725658 1046857,23301275 948419,23116409 2824710))
32632;POLYGON((19464979 2117175,20596308 2327605,20744738 781053,19597851 710225,19464979 2117175))
32633;POLYGON((16509560 1609609,17427410 1760302,17533713 590140,16604580 539450,16509560 1609609))
32634;POLYGON((14098468 1246961,14849732 1354522,14925584 453672,14166220 417515,14098468 1246961))
32635;POLYGON((12110503 988285,12732535 1065006,12786593 356372,12158801 330602,12110503 988285))
32636;POLYGON((10449680 803546,10971969 858397,11010564 286990,10484208 268581,10449680 803546))
32637;POLYGON((9040633 671033,9486267 710465,9513960 237354,9065466 224131,9040633 671033))
32638;POLYGON((7824666 575278,8211578 603862,8231607 201616,7842684 192038,7824666 575278))
32639;POLYGON((6756374 505420,7098408 526350,7113039 175651,6769582 168644,6756374 505420))
32640;POLYGON((5800803 453938,6108605 469415,6119402 156595,5810580 151417,5800803 453938))
32641;POLYGON((4931077 415684,5212835 427208,5220866 142477,4938359 138624,4931077 415684))
32642;POLYGON((4126460 387173,4388508 395758,4394492 131963,4131877 129094,4126460 387173))
32643;POLYGON((3370780 366065,3618085 372388,3622505 124154,3374756 122042,3370780 366065))
32644;POLYGON((2651190 350801,2887731 355312,2890907 118450,2654002 116944,2651190 350801))
32645;POLYGON((1957177 340359,2186249 343350,2188391 114456,1959006 113457,1957177 340359))
32646;POLYGON((1279809 334095,1504254 335747,1505492 111917,1280763 111365,1279809 334095))
32647;POLYGON((611129 331643,833523 332050,833927 110682,611263 110547,611129 331643))
32648;POLYGON((-56324 332866,166476 332050,166072 110682,-57002 110955,-56324 332866))
32649;POLYGON((-729946 337830,-504254 335747,-505492 111917,-731474 112612,-729946 337830))
32650;POLYGON((-1417477 346823,-1186249 343350,-1188391 114456,-1419946 115615,-1417477 346823))
32651;POLYGON((-2127466 360387,-1887731 355312,-1890907 118450,-2131028 120146,-2127466 360387))
32652;POLYGON((-2869821 379405,-2618085 372388,-2622505 124154,-2874720 126499,-2869821 379405))
32653;POLYGON((-3656516 405233,-3388508 395758,-3394492 131963,-3663119 135130,-3656516 405233))
32654;POLYGON((-4502490 439917,-4212835 427208,-4220866 142477,-4511348 146727,-4502490 439917))
32655;POLYGON((-5426799 486513,-5108605 469415,-5119402 156595,-5438735 162316,-5426799 486513))
32656;POLYGON((-6454077 549544,-6098408 526350,-6113039 175651,-6470304 183419,-6454077 549544))
32657;POLYGON((-7616344 635648,-7211578 603862,-7231607 201616,-7638634 212269,-7616344 635648))
32658;POLYGON((-8955229 754447,-8486267 710465,-8513960 237354,-8986139 252107,-8955229 754447))
32659;POLYGON((-10524652 919711,-9971969 858397,-10010564 286990,-10567817 307575,-10524652 919711))
32660;POLYGON((-12394011 1150864,-11732535 1065006,-11786593 356372,-12454527 385219,-12394011 1150864))
