32601;POLYGON((57241 9935792,59722 9920355,-161296 9881417,-165099 9904642,57241 9935792))
32602;POLYGON((53009 9982512,53884 9966888,-170329 9951451,-171758 9974983,53009 9982512))
32603;POLYGON((53591 10029469,52864 10013820,-172263 10022174,-171350 10045783,53591 10029469))
32604;POLYGON((58929 10076184,56628 10060668,-167240 10092910,-164067 10116383,58929 10076184))
32605;POLYGON((68890 10122207,65067 10106970,-155556 10163045,-150255 10186196,68890 10122207))
32606;POLYGON((83263 10167123,77998 10152298,-137671 10232060,-130438 10254745,83263 10167123))
32607;POLYGON((101755 10210573,95155 10196272,-114233 10299571,-105328 10321700,101755 10210573))
32608;POLYGON((123988 10252269,116189 10238579,-86096 10365378,-75852 10386932,123988 10252269))
32609;POLYGON((149493 10292014,140660 10278990,-54338 10429513,-43171 10450568,149493 10292014))
32610;POLYGON((177709 10329727,168041 10317382,-20291 10492310,-8702 10513053,177709 10329727))
32611;POLYGON((207980 10365464,197706 10353762,14441 10554469,25851 10575232,207980 10365464))
32612;POLYGON((239549 10399448,228932 10388293,47957 10617144,58482 10638426,239549 10399448))
32613;POLYGON((271560 10432096,260898 10421327,78022 10682032,86840 10704537,271560 10432096))
32614;POLYGON((303050 10464058,292675 10453430,102047 10751477,108210 10776152,303050 10464058))
32615;POLYGON((332950 10496252,323231 10485426,117051 10828592,119472 10856666,332950 10496252))
32616;POLYGON((360083 10529900,351424 10518433,119629 10917387,117072 10950421,360083 10529900))
32617;POLYGON((383159 10566583,376002 10553905,105915 11022917,96985 11062858,383159 10566583))
32618;POLYGON((623997 10553905,616840 10566583,903014 11062858,894084 11022917,623997 10553905))
32619;POLYGON((648575 10518433,639916 10529900,882927 10950421,880370 10917387,648575 10518433))
32620;POLYGON((676768 10485426,667049 10496252,880527 10856666,882948 10828592,676768 10485426))
32621;POLYGON((707324 10453430,696949 10464058,891789 10776152,897952 10751477,707324 10453430))
32622;POLYGON((739101 10421327,728439 10432096,913159 10704537,921977 10682032,739101 10421327))
32623;POLYGON((771067 10388293,760450 10399448,941517 10638426,952042 10617144,771067 10388293))
32624;POLYGON((802293 10353762,792019 10365464,974148 10575232,985558 10554469,802293 10353762))
32625;POLYGON((831958 10317382,822290 10329727,1008702 10513053,1020291 10492310,831958 10317382))
32626;POLYGON((859339 10278990,850506 10292014,1043171 10450568,1054338 10429513,859339 10278990))
32627;POLYGON((883810 10238579,876011 10252269,1075852 10386932,1086096 10365378,883810 10238579))
32628;POLYGON((904844 10196272,898244 10210573,1105328 10321700,1114233 10299571,904844 10196272))
32629;POLYGON((922001 10152298,916736 10167123,1130438 10254745,1137671 10232060,922001 10152298))
32630;POLYGON((934932 10106970,931109 10122207,1150255 10186196,1155556 10163045,934932 10106970))
32631;POLYGON((943371 10060668,941070 10076184,1164067 10116383,1167240 10092910,943371 10060668))
32632;POLYGON((947135 10013820,946408 10029469,1171350 10045783,1172263 10022174,947135 10013820))
32633;POLYGON((946115 9966888,946990 9982512,1171758 9974983,1170329 9951451,946115 9966888))
32634;POLYGON((940277 9920355,942758 9935792,1165099 9904642,1161296 9881417,940277 9920355))
32635;POLYGON((929654 9874712,933722 9889797,1151321 9835462,1145156 9812784,929654 9874712))
32636;POLYGON((914345 9830448,919961 9845019,1130499 9768163,1122022 9746273,914345 9830448))
32637;POLYGON((894509 9788042,901612 9801942,1102819 9703463,1092114 9682595,894509 9788042))
32638;POLYGON((870358 9747957,878872 9761034,1068564 9642059,1055747 9622440,870358 9747957))
32639;POLYGON((842157 9710629,851989 9722740,1028108 9584615,1013319 9566456,842157 9710629))
32640;POLYGON((810219 9676463,821259 9687476,981897 9531752,965302 9515249,810219 9676463))
32641;POLYGON((774894 9645830,787022 9655627,930447 9484038,912230 9469367,774894 9645830))
32642;POLYGON((736572 9619062,749653 9627537,874329 9441981,854692 9429299,736572 9619062))
32643;POLYGON((695674 9596447,709565 9603508,814163 9406027,793321 9395466,695674 9596447))
32644;POLYGON((652647 9578228,667197 9583799,750607 9376553,728788 9368223,652647 9578228))
32645;POLYGON((607962 9564599,623012 9568622,684355 9353864,661794 9347853,607962 9564599))
32646;POLYGON((562104 9555707,577490 9558138,616122 9338198,593064 9334566,562104 9555707))
32647;POLYGON((515573 9551646,531127 9552459,546643 9329713,523335 9328498,515573 9551646))
32648;POLYGON((468872 9552459,484426 9551646,476664 9328498,453356 9329713,468872 9552459))
32649;POLYGON((422509 9558138,437895 9555707,406935 9334566,383877 9338198,422509 9558138))
32650;POLYGON((376987 9568622,392037 9564599,338205 9347853,315644 9353864,376987 9568622))
32651;POLYGON((332802 9583799,347352 9578228,271211 9368223,249392 9376553,332802 9583799))
32652;POLYGON((290434 9603508,304325 9596447,206678 9395466,185836 9406027,290434 9603508))
32653;POLYGON((250346 9627537,263427 9619062,145307 9429299,125670 9441981,250346 9627537))
32654;POLYGON((212977 9655627,225105 9645830,87769 9469367,69552 9484038,212977 9655627))
32655;POLYGON((178740 9687476,189780 9676463,34697 9515249,18102 9531752,178740 9687476))
32656;POLYGON((148010 9722740,157842 9710629,-13319 9566456,-28108 9584615,148010 9722740))
32657;POLYGON((121127 9761034,129641 9747957,-55747 9622440,-68564 9642059,121127 9761034))
32658;POLYGON((98387 9801942,105490 9788042,-92114 9682595,-102819 9703463,98387 9801942))
32659;POLYGON((80038 9845019,85654 9830448,-122022 9746273,-130499 9768163,80038 9845019))
32660;POLYGON((66277 9889797,70345 9874712,-145156 9812784,-151321 9835462,66277 9889797))
