32601;POLYGON((-13229824 2558444,-12527782 2360724,-12684970 1590748,-13405693 1725325,-13229824 2558444))
32602;POLYGON((-15627222 3303254,-14775410 3026821,-14995498 2044415,-15873345 2232899,-15627222 3303254))
32603;POLYGON((-18555337 4342860,-17512020 3957391,-17819466 2679286,-18898706 2942531,-18555337 4342860))
32604;POLYGON((-22159317 5787986,-20872587 5253007,-21300122 3564540,-22635900 3930395,-22159317 5787986))
32605;POLYGON((-26618660 7785109,-25024493 7047290,-25615360 4792137,-27275773 5297316,-26618660 7785109))
32606;POLYGON((-32153524 10525626,-30173595 9515542,-30984222 6482782,-33052670 7175104,-32153524 10525626))
32607;POLYGON((-39031811 14256754,-36571045 12885046,-37674221 8793041,-40252033 9734075,-39031811 14256754))
32608;POLYGON((-47577067 19294363,-44520909 17447235,-46009519 11923742,-49218885 13191922,-47577067 19294363))
32609;POLYGON((-58177246 26037977,-54388644 23571938,-56380032 16129816,-60367244 17824072,-58177246 26037977))
32610;POLYGON((-71294392 34988163,-66610462 31723949,-69251483 21731743,-74190514 23975699,-71294392 34988163))
32611;POLYGON((-87475277 46766577,-81703651 42482163,-85176485 29128772,-91272914 32075574,-87475277 46766577))
32612;POLYGON((-107363050 62138909,-100277874 56561516,-104806680 38814079,-112301987 42651918,-107363050 62138909))
32613;POLYGON((-131709933 82041009,-123047517 74838028,-128906003 51392070,-138082246 56350454,-131709933 82041009))
32614;POLYGON((-161391030 107608484,-150845122 98377206,-158365108 67598007,-169550001 73954855,-161391030 107608484))
32615;POLYGON((-197419275 140210057,-184635943 128466116,-194217019 88320169,-207789426 96409800,-197419275 140210057))
32616;POLYGON((-240961582 181485001,-225533699 166649423,-237654041 114624759,-254049905 124846839,-240961582 181485001))
32617;POLYGON((-293356237 233384977,-274817540 214769725,-290045999 147783773,-309764728 160613307,-293356237 233384977))
32618;POLYGON((314046616 253434148,-333950298 275012506,-352959848 189306069,331714003 174432146,314046616 253434148))
32619;POLYGON((258371496 197498189,275817540 214769725,291045999 147783773,272494575 135881263,258371496 197498189))
32620;POLYGON((212036093 152915139,226533699 166649423,238654041 114624759,223251548 105162335,212036093 152915139))
32621;POLYGON((173640911 117619106,185635943 128466116,195217019 88320169,182485943 80849118,173640911 117619106))
32622;POLYGON((141963906 89871561,151845122 98377206,159365108 67598007,148889218 61741500,141963906 89871561))
32623;POLYGON((115942673 68217969,124047517 74838028,129906003 51392070,121324120 46835535,115942673 68217969))
32624;POLYGON((94657884 51448919,101277874 56561516,105806680 38814079,98806901 35296575,94657884 51448919))
32625;POLYGON((77317945 38565442,82703651 42482163,86176485 29128772,80490821 26435310,77317945 38565442))
32626;POLYGON((63244814 28748197,67610462 31723949,70251483 21731743,65650922 19686473,63244814 28748197))
32627;POLYGON((51860940 21330219,55388644 23571938,57380032 16129816,53669988 14590008,51860940 21330219))
32628;POLYGON((42677267 15772941,45520909 17447235,47009519 11923742,44025666 10774510,42677267 15772941))
32629;POLYGON((35282265 11645216,37571045 12885046,38674221 8793041,36278680 7942724,35282265 11645216))
32630;POLYGON((29331937 8605071,31173595 9515542,31984222 6482782,30062102 5858943,29331937 8605071))
32631;POLYGON((24540754 6383930,26024493 7047290,26615360 4792137,25071619 4338113,24540754 6383930))
32632;POLYGON((20673468 4773094,21872587 5253007,22300122 3564540,21056738 3236488,20673468 4773094))
32633;POLYGON((17537766 3612212,18512020 3957391,18819466 2679286,17812906 2443675,17537766 3612212))
32634;POLYGON((14977707 2779563,15775410 3026821,15995498 2044415,15174464 1875919,14977707 2779563))
32635;POLYGON((12867897 2183925,13527782 2360724,13684970 1590748,13008395 1470487,12867897 2183925))
32636;POLYGON((11108359 1757850,11661217 1884393,11773530 1266938,11208828 1181034,11108359 1757850))
32637;POLYGON((9620051 1452164,10090156 1543106,10170687 1035402,9692225 973795,9620051 1452164))
32638;POLYGON((8340976 1231527,8747316 1297347,8805440 869027,8393215 824534,8340976 1231527))
32639;POLYGON((7222846 1070905,7580178 1118986,7622513 748536,7261022 716101,7222846 1070905))
32640;POLYGON((6228252 952810,6547993 988287,6579144 660420,6256435 636533,6228252 952810))
32641;POLYGON((5328289 865178,5619259 891576,5642389 595338,5349264 577592,5328289 865178))
32642;POLYGON((4500585 799779,4769620 819496,4786881 546905,4516239 533669,4500585 799779))
32643;POLYGON((3727700 751048,3980151 765700,3992993 510803,3739302 500977,3727700 751048))
32644;POLYGON((2995835 715252,3235966 725920,3245358 484133,3004233 476983,2995835 715252))
32645;POLYGON((2293811 689913,2525111 697311,2531695 464965,2299560 460010,2293811 689913))
32646;POLYGON((1612268 673429,1837697 678011,1841884 452040,1615718 448972,1612268 673429))
32647;POLYGON((943032 664823,1165214 666855,1167251 444571,944382 443210,943032 664823))
32648;POLYGON((278616 663608,500000 663204,500000 442127,277943 442397,278616 663608))
32649;POLYGON((-388201 669718,-165214 666855,-167251 444571,-390936 446487,-388201 669718))
32650;POLYGON((-1064778 683494,-837697 678011,-841884 452040,-1069729 455711,-1064778 683494))
32651;POLYGON((-1759004 705738,-1525111 697311,-1531695 464965,-1766469 470609,-1759004 705738))
32652;POLYGON((-2479784 737822,-2235966 725920,-2245358 484133,-2490241 492110,-2479784 737822))
32653;POLYGON((-3237611 781899,-2980151 765700,-2992993 510803,-3251798 521670,-3237611 781899))
32654;POLYGON((-4045308 841228,-3769620 819496,-3786881 546905,-4064335 561501,-4045308 841228))
32655;POLYGON((-4918972 920687,-4619259 891576,-4642389 595338,-4944494 614917,-4918972 920687))
32656;POLYGON((-5879170 1027505,-5547993 988287,-5579144 660420,-5913636 686843,-5879170 1027505))
32657;POLYGON((-6952429 1172314,-6580178 1118986,-6622513 748536,-6999430 784535,-6952429 1172314))
32658;POLYGON((-8173082 1370587,-7747316 1297347,-7805440 869027,-8237821 918572,-8173082 1370587))
32659;POLYGON((-9585498 1644570,-9090156 1543106,-9170687 1035402,-9675419 1104186,-9585498 1644570))
32660;POLYGON((-11246759 2025817,-10661217 1884393,-10773530 1266938,-11372359 1363010,-11246759 2025817))
