32701;POLYGON((-269564 151630,-263696 178483,-44741 127833,-48866 108708,-269564 151630))
32702;POLYGON((-281666 69987,-278550 97352,-55131 70069,-57267 50599,-281666 69987))
32703;POLYGON((-285550 -12648,-285160 14958,-59545 11470,-59691 -8145,-285550 -12648))
32704;POLYGON((-281412 -95505,-283662 -67906,-58014 -47368,-56202 -66935,-281412 -95505))
32705;POLYGON((-269653 -177893,-274386 -150520,-50668 -105879,-46966 -125218,-269653 -177893))
32706;POLYGON((-250899 -259258,-257878 -232277,-37750 -163543,-32264 -182496,-250899 -259258))
32707;POLYGON((-226034 -339230,-234935 -312740,-19622 -219913,-12503 -238352,-226034 -339230))
32708;POLYGON((-196233 -417698,-206630 -391703,3219 -274642,11776 -292479,-196233 -417698))
32709;POLYGON((-162998 -494880,-174351 -469265,30141 -327515,39890 -344712,-162998 -494880))
32710;POLYGON((-128194 -571420,-139838 -545918,60356 -378481,70999 -395066,-128194 -571420))
32711;POLYGON((-94092 -648490,-105223 -622644,92912 -427699,104095 -443780,-94092 -648490))
32712;POLYGON((-63415 -727913,-73072 -701034,126685 -475584,137992 -491364,-63415 -727913))
32713;POLYGON((-39389 -812299,-46438 -783421,160363 -522855,171312 -538652,-39389 -812299))
32714;POLYGON((-25791 -905201,-28907 -873024,192431 -570599,202471 -586867,-25791 -905201))
32715;POLYGON((-27009 -1011296,-24659 -974125,221165 -620334,229670 -637689,-27009 -1011296))
32716;POLYGON((-48103 -1136584,-38521 -1092258,244608 -674085,250874 -693327,-48103 -1136584))
32717;POLYGON((-94870 -1288605,-76038 -1234424,260562 -734463,263799 -756609,-94870 -1288605))
32718;POLYGON((1143535 -1409334,-143535 -1409334,266572 -804758,733427 -804758,1143535 -1409334))
32719;POLYGON((1076038 -1234424,1094870 -1288605,736200 -756609,739437 -734463,1076038 -1234424))
32720;POLYGON((1038521 -1092258,1048103 -1136584,749125 -693327,755391 -674085,1038521 -1092258))
32721;POLYGON((1024659 -974125,1027009 -1011296,770329 -637689,778834 -620334,1024659 -974125))
32722;POLYGON((1028907 -873024,1025791 -905201,797528 -586867,807568 -570599,1028907 -873024))
32723;POLYGON((1046438 -783421,1039389 -812299,828687 -538652,839636 -522855,1046438 -783421))
32724;POLYGON((1073072 -701034,1063415 -727913,862007 -491364,873314 -475584,1073072 -701034))
32725;POLYGON((1105223 -622644,1094092 -648490,895904 -443780,907087 -427699,1105223 -622644))
32726;POLYGON((1139838 -545918,1128194 -571420,929000 -395066,939643 -378481,1139838 -545918))
32727;POLYGON((1174351 -469265,1162998 -494880,960109 -344712,969858 -327515,1174351 -469265))
32728;POLYGON((1206630 -391703,1196233 -417698,988223 -292479,996780 -274642,1206630 -391703))
32729;POLYGON((1234935 -312740,1226034 -339230,1012503 -238352,1019622 -219913,1234935 -312740))
32730;POLYGON((1257878 -232277,1250899 -259258,1032264 -182496,1037750 -163543,1257878 -232277))
32731;POLYGON((1274386 -150520,1269653 -177893,1046966 -125218,1050668 -105879,1274386 -150520))
32732;POLYGON((1283662 -67906,1281412 -95505,1056202 -66935,1058014 -47368,1283662 -67906))
32733;POLYGON((1285160 14958,1285550 -12648,1059691 -8145,1059545 11470,1285160 14958))
32734;POLYGON((1278550 97352,1281666 69987,1057267 50599,1055131 70069,1278550 97352))
32735;POLYGON((1263696 178483,1269564 151630,1048866 108708,1044741 127833,1263696 178483))
32736;POLYGON((1240630 257522,1249223 231460,1034525 165578,1028443 184155,1240630 257522))
32737;POLYGON((1209533 333634,1220774 308639,1014366 220603,1006387 238432,1209533 333634))
32738;POLYGON((1170711 406003,1184486 382345,988594 273189,978802 290077,1170711 406003))
32739;POLYGON((1124582 473849,1140740 451782,957485 322767,945986 338530,1124582 473849))
32740;POLYGON((1071659 536440,1090020 516202,921380 368797,908303 383265,1071659 536440))
32741;POLYGON((1012535 593108,1032893 574915,880680 410782,866168 423798,1012535 593108))
32742;POLYGON((947870 643254,969997 627298,835834 448268,820049 459693,947870 643254))
32743;POLYGON((878380 686354,902033 672799,787339 480855,770454 490567,878380 686354))
32744;POLYGON((804830 721960,829749 710948,735726 508194,717926 516089,804830 721960))
32745;POLYGON((728018 749710,753934 741352,681560 529995,663039 535990,728018 749710))
32746;POLYGON((648774 769321,675407 763702,625431 546029,606390 550061,648774 769321))
32747;POLYGON((567945 780596,595011 777772,567947 556127,548592 558153,567945 780596))
32748;POLYGON((486394 783423,513605 783423,509730 560182,490269 560182,486394 783423))
32749;POLYGON((404988 777772,432054 780596,451407 558153,432052 556127,404988 777772))
32750;POLYGON((324592 763702,351225 769321,393609 550061,374568 546029,324592 763702))
32751;POLYGON((246065 741352,271981 749710,336960 535990,318439 529995,246065 741352))
32752;POLYGON((170250 710948,195169 721960,282073 516089,264273 508194,170250 710948))
32753;POLYGON((97966 672799,121619 686354,229545 490567,212660 480855,97966 672799))
32754;POLYGON((30002 627298,52129 643254,179950 459693,164165 448268,30002 627298))
32755;POLYGON((-32893 574915,-12535 593108,133831 423798,119319 410782,-32893 574915))
32756;POLYGON((-90020 516202,-71659 536440,91696 383265,78619 368797,-90020 516202))
32757;POLYGON((-140740 451782,-124582 473849,54013 338530,42514 322767,-140740 451782))
32758;POLYGON((-184486 382345,-170711 406003,21197 290077,11405 273189,-184486 382345))
32759;POLYGON((-220774 308639,-209533 333634,-6387 238432,-14366 220603,-220774 308639))
32760;POLYGON((-249223 231460,-240630 257522,-28443 184155,-34525 165578,-249223 231460))
