32601;POLYGON((-5403275 8783034,-5338688 8529239,-5681022 8447077,-5760928 8723951,-5403275 8783034))
32602;POLYGON((-5502417 9605172,-5486867 9321109,-5875542 9317725,-5906645 9635120,-5502417 9605172))
32603;POLYGON((-5420106 10514455,-5471244 10202212,-5906206 10311828,-5870029 10671338,-5420106 10514455))
32604;POLYGON((-5094092 11499260,-5234313 11163709,-5712688 11432638,-5585648 11834170,-5094092 11499260))
32605;POLYGON((-4446076 12537578,-4703442 12187415,-5218360 12677604,-4970754 13118600,-4446076 12537578))
32606;POLYGON((-3378683 13593417,-3787973 13242447,-4327115 14035853,-3921971 14510319,-3378683 13593417))
32607;POLYGON((-1772074 14612436,-2375957 14281116,-2919787 15485076,-2311582 15982402,-1772074 14612436))
32608;POLYGON((519844 15516698,-330497 15233991,-850145 16987748,16642 17491285,519844 15516698))
32609;POLYGON((3673636 16198453,2514318 16004016,2059586 18486593,3252062 18971953,3673636 16198453))
32610;POLYGON((7900991 16512824,6357924 16459574,6023669 19899194,7622294 20332256,7900991 16512824))
32611;POLYGON((13453848 16269282,11438243 16426381,11298320 21111678,13398841 21446250,13453848 16269282))
32612;POLYGON((20630013 15221788,18037138 15678084,18187699 21971340,20903275 22146460,20630013 15221788))
32613;POLYGON((29779293 13057465,26486368 13925441,27050471 22278144,30513984 22214960,29779293 13057465))
32614;POLYGON((41310158 9383673,37174073 10803939,38306939 21774940,42673510 21373164,41310158 9383673))
32615;POLYGON((55696974 3713326,50551815 5859721,52446800 20136337,57896513 19270199,55696974 3713326))
32616;POLYGON((73487816 -4551670,67142195 -1466341,70037532 16956061,76778376 15469751,73487816 -4551670))
32617;POLYGON((95312888 -16139047,87547066 -11856565,91733445 11732713,100004481 9435246,95312888 -16139047))
32618;POLYGON((-111456372 -26136533,112456372 -26136533,118285418 3853769,-117285418 3853769,-111456372 -26136533))
32619;POLYGON((-86547066 -11856565,-94312888 -16139047,-99004481 9435246,-90733445 11732713,-86547066 -11856565))
32620;POLYGON((-66142195 -1466341,-72487816 -4551670,-75778376 15469751,-69037532 16956061,-66142195 -1466341))
32621;POLYGON((-49551815 5859721,-54696974 3713326,-56896513 19270199,-51446800 20136337,-49551815 5859721))
32622;POLYGON((-36174073 10803939,-40310158 9383673,-41673510 21373164,-37306939 21774940,-36174073 10803939))
32623;POLYGON((-25486368 13925441,-28779293 13057465,-29513984 22214960,-26050471 22278144,-25486368 13925441))
32624;POLYGON((-17037138 15678084,-19630013 15221788,-19903275 22146460,-17187699 21971340,-17037138 15678084))
32625;POLYGON((-10438243 16426381,-12453848 16269282,-12398841 21446250,-10298320 21111678,-10438243 16426381))
32626;POLYGON((-5357924 16459574,-6900991 16512824,-6622294 20332256,-5023669 19899194,-5357924 16459574))
32627;POLYGON((-1514318 16004016,-2673636 16198453,-2252062 18971953,-1059586 18486593,-1514318 16004016))
32628;POLYGON((1330497 15233991,480155 15516698,983357 17491285,1850145 16987748,1330497 15233991))
32629;POLYGON((3375957 14281116,2772074 14612436,3311582 15982402,3919787 15485076,3375957 14281116))
32630;POLYGON((4787973 13242447,4378683 13593417,4921971 14510319,5327115 14035853,4787973 13242447))
32631;POLYGON((5703442 12187415,5446076 12537578,5970754 13118600,6218360 12677604,5703442 12187415))
32632;POLYGON((6234313 11163709,6094092 11499260,6585648 11834170,6712688 11432638,6234313 11163709))
32633;POLYGON((6471244 10202212,6420106 10514455,6870029 10671338,6906206 10311828,6471244 10202212))
32634;POLYGON((6486867 9321109,6502417 9605172,6906645 9635120,6875542 9317725,6486867 9321109))
32635;POLYGON((6338688 8529239,6403275 8783034,6760928 8723951,6681022 8447077,6338688 8529239))
32636;POLYGON((6071636 7828816,6171536 8052197,6483910 7931860,6369462 7692843,6071636 7828816))
32637;POLYGON((5720298 7217578,5845006 7411685,6114775 7250170,5976608 7045752,5720298 7217578))
32638;POLYGON((5310855 6690464,5452470 6857209,5683082 6668806,5529246 6495496,5310855 6690464))
32639;POLYGON((4862739 6240875,5015442 6382564,5210664 6177268,5047008 6031596,4862739 6240875))
32640;POLYGON((4390044 5861613,4549653 5980668,4713249 5765319,4543901 5644018,4390044 5861613))
32641;POLYGON((3902707 5545528,4066307 5644295,4201818 5423450,4029585 5323567,3902707 5545528))
32642;POLYGON((3407479 5285962,3573121 5366586,3683730 5143171,3510420 5062129,3407479 5285962))
32643;POLYGON((2908727 5077014,3075178 5141367,3163629 4917153,2990320 4852781,2908727 5077014))
32644;POLYGON((2409063 4913684,2575614 4963328,2644180 4739289,2471424 4689821,2409063 4913684))
32645;POLYGON((1909843 4791938,2076155 4828109,2126638 4604676,1954618 4568736,1909843 4791938))
32646;POLYGON((1411561 4708711,1577546 4732323,1611288 4509563,1439944 4486147,1411561 4708711))
32647;POLYGON((914143 4661883,1079874 4673541,1097776 4451293,926893 4439746,914143 4661883))
32648;POLYGON((417181 4650259,582818 4650259,585360 4428236,414639 4428236,417181 4650259))
32649;POLYGON((-79874 4673541,85856 4661883,73106 4439746,-97776 4451293,-79874 4673541))
32650;POLYGON((-577546 4732323,-411561 4708711,-439944 4486147,-611288 4509563,-577546 4732323))
32651;POLYGON((-1076155 4828109,-909843 4791938,-954618 4568736,-1126638 4604676,-1076155 4828109))
32652;POLYGON((-1575614 4963328,-1409063 4913684,-1471424 4689821,-1644180 4739289,-1575614 4963328))
32653;POLYGON((-2075178 5141367,-1908727 5077014,-1990320 4852781,-2163629 4917153,-2075178 5141367))
32654;POLYGON((-2573121 5366586,-2407479 5285962,-2510420 5062129,-2683730 5143171,-2573121 5366586))
32655;POLYGON((-3066307 5644295,-2902707 5545528,-3029585 5323567,-3201818 5423450,-3066307 5644295))
32656;POLYGON((-3549653 5980668,-3390044 5861613,-3543901 5644018,-3713249 5765319,-3549653 5980668))
32657;POLYGON((-4015442 6382564,-3862739 6240875,-4047008 6031596,-4210664 6177268,-4015442 6382564))
32658;POLYGON((-4452470 6857209,-4310855 6690464,-4529246 6495496,-4683082 6668806,-4452470 6857209))
32659;POLYGON((-4845006 7411685,-4720298 7217578,-4976608 7045752,-5114775 7250170,-4845006 7411685))
32660;POLYGON((-5171536 8052197,-5071636 7828816,-5369462 7692843,-5483910 7931860,-5171536 8052197))
