32701;POLYGON((-12312253 6898777,-11675103 7127967,-11433755 6472279,-12042723 6195966,-12312253 6898777))
32702;POLYGON((-14474291 6036857,-13708322 6356555,-13372114 5543409,-14098835 5159282,-14474291 6036857))
32703;POLYGON((-17092201 4835618,-16161825 5280884,-15693919 4252410,-16570125 3719047,-17092201 4835618))
32704;POLYGON((-20289785 3166740,-19150721 3784531,-18501682 2461791,-19566724 1723780,-20289785 3166740))
32705;POLYGON((-24220249 859886,-22817836 1712285,-21922189 -11533,-23224493 -1027375,-24220249 859886))
32706;POLYGON((-29071665 -2308258,-27338973 -1140167,-26111052 -3408325,-27709766 -4797492,-29071665 -2308258))
32707;POLYGON((-35073126 -6627053,-32928825 -5038577,-31257842 -8041474,-33224675 -9927168,-35073126 -6627053))
32708;POLYGON((-42501607 -12467326,-39847596 -10324745,-37591824 -14313112,-40013102 -16852588,-42501607 -12467326))
32709;POLYGON((-51689603 -20299449,-48408378 -17433680,-45388341 -22734704,-48367287 -26126690,-51689603 -20299449))
32710;POLYGON((-63033566 -30714345,-58985315 -26913592,-54975887 -33950458,-58635136 -38443757,-63033566 -30714345))
32711;POLYGON((-77003192 -44447742,-72022601 -39449032,-66743893 -48764407,-71228251 -54667804,-77003192 -44447742))
32712;POLYGON((-94151601 -62407997,-88044361 -55887489,-81151274 -68171539,-86630743 -75865140,-94151601 -62407997))
32713;POLYGON((-115126445 -85707829,-107665444 -77269780,-98735766 -93393360,-105408841 -103341511,-115126445 -85707829))
32714;POLYGON((-140682004 -115700328,-131603179 -104864589,-120124096 -125918315,-128221343 -138684222,-140682004 -115700328))
32715;POLYGON((-171692286 -154019594,-160690146 -140207531,-146043017 -167547483,-155830950 -183809693,-171692286 -154019594))
32716;POLYGON((-209165197 -202626421,-195887976 -185145098,-177331243 -220446000,-189116514 -241016896,-209165197 -202626421))
32717;POLYGON((-254257813 -263859401,-238302256 -241883919,-214952332 -287200673,-229086236 -313047143,-254257813 -263859401))
32718;POLYGON((-308292797 -340491891,-289198556 -313045720,-260008539 -370884283,-276891853 -403150717,-308292797 -340491891))
32719;POLYGON((255257813 -263859401,272205460 -287541848,245089489 -340896971,230086236 -313047143,255257813 -263859401))
32720;POLYGON((210165197 -202626421,224287689 -221507078,202643290 -263230617,190116514 -241016896,210165197 -202626421))
32721;POLYGON((172692286 -154019594,184411268 -168971616,167248482 -201410684,156830950 -183809693,172692286 -154019594))
32722;POLYGON((141682004 -115700328,151365808 -127458579,137850646 -152533960,129221343 -138684222,141682004 -115700328))
32723;POLYGON((116126445 -85707829,124095431 -94887201,113529328 -114160998,106408841 -103341511,116126445 -85707829))
32724;POLYGON((95151601 -62407997,101683123 -69519818,93484518 -84254101,87630743 -75865140,95151601 -62407997))
32725;POLYGON((78003192 -44447742,83336205 -49914426,77024086 -61121823,72228251 -54667804,78003192 -44447742))
32726;POLYGON((64033566 -30714345,68372873 -34882404,63552152 -43369506,59635136 -38443757,64033566 -30714345))
32727;POLYGON((52689603 -20299449,56209778 -23451004,52558340 -29855391,49367287 -26126690,52689603 -20299449))
32728;POLYGON((43501607 -12467326,46350594 -14830234,43607896 -19651869,41013102 -16852588,43501607 -12467326))
32729;POLYGON((36073126 -6627053,38375529 -8383766,36332613 -12011431,34224675 -9927168,36073126 -6627053))
32730;POLYGON((30071665 -2308258,31931747 -3603532,30422541 -6336938,28709766 -4797492,30071665 -2308258))
32731;POLYGON((25220249 859886,26724653 -87669,25618449 -2155799,24224493 -1027375,25220249 859886))
32732;POLYGON((21289785 3166740,22509995 2478497,21704978 902291,20566724 1723780,21289785 3166740))
32733;POLYGON((18092201 4835618,19086743 4338736,18504487 3124417,17570125 3719047,18092201 4835618))
32734;POLYGON((15474291 6036857,16290710 5679725,15871510 4730633,15098835 5159282,15474291 6036857))
32735;POLYGON((13312253 6898777,13988862 6642694,13687832 5887590,13042723 6195966,13312253 6898777))
32736;POLYGON((11506854 7516787,12074273 7333114,11858114 6719903,11313195 6941876,11506854 7516787))
32737;POLYGON((9979194 7960857,10461703 7828696,10306045 7319523,9839514 7479850,9979194 7960857))
32738;POLYGON((8667020 8281587,9083726 8185902,8970984 7753375,8565595 7869902,8667020 8281587))
32739;POLYGON((7521548 8515049,7887391 8445174,7805054 8069496,7447241 8154913,7521548 8515049))
32740;POLYGON((6504753 8686610,6831363 8635082,6770647 8301903,6449783 8365113,6504753 8686610))
32741;POLYGON((5587087 8813877,5883496 8775537,5838314 8474371,5546079 8521548,5587087 8813877))
32742;POLYGON((4745572 8908935,5018813 8880256,4984990 8603333,4714852 8638712,4745572 8908935))
32743;POLYGON((3962237 8980003,4217828 8958593,4192525 8700034,3939313 8726499,3962237 8980003))
32744;POLYGON((3222851 9032623,3465187 9016873,3446490 8772110,3206048 8791607,3222851 9032623))
32745;POLYGON((2515912 9070503,2748576 9059343,2735207 8824703,2504114 8838533,2515912 9070503))
32746;POLYGON((1831843 9096075,2057857 9088809,2048977 8861227,1824332 8870238,1831843 9096075))
32747;POLYGON((1162367 9110862,1384378 9107067,1379471 8883873,1158712 8888581,1162367 9110862))
32748;POLYGON((500000 9115702,720441 9115166,719233 8893922,500000 8894587,500000 9115702))
32749;POLYGON((-162367 9110862,58856 9113556,61280 8891924,-158712 8888581,-162367 9110862))
32750;POLYGON((-831843 9096075,-607445 9102148,-601255 8877771,-824332 8870238,-831843 9096075))
32751;POLYGON((-1515912 9070503,-1285778 9080303,-1275473 8850682,-1504114 8838533,-1515912 9070503))
32752;POLYGON((-2222851 9032623,-1984105 9046746,-1969072 8809097,-2206048 8791607,-2222851 9032623))
32753;POLYGON((-2962237 8980003,-2711508 8999378,-2690778 8750461,-2939313 8726499,-2962237 8980003))
32754;POLYGON((-3745572 8908935,-3478765 8934971,-3450874 8670853,-3714852 8638712,-3745572 8908935))
32755;POLYGON((-4587087 8813877,-4299098 8848670,-4261860 8564398,-4546079 8521548,-4587087 8813877))
32756;POLYGON((-5504753 8686610,-5189104 8733261,-5139288 8422403,-5449783 8365113,-5504753 8686610))
32757;POLYGON((-6521548 8515049,-6169932 8578109,-6102800 8232093,-6447241 8154913,-6521548 8515049))
32758;POLYGON((-7667020 8281587,-7268749 8367663,-7177413 7974861,-7565595 7869902,-7667020 8281587))
32759;POLYGON((-8979194 7960857,-8520519 8079432,-8395081 7623880,-8839514 7479850,-8979194 7960857))
32760;POLYGON((-10506854 7516787,-9970158 7681291,-9796584 7140931,-10313195 6941876,-10506854 7516787))
