32601;POLYGON((-290045999 147783773,-271494575 135881263,-280173874 69231446,-299405202 75301598,-290045999 147783773))
32602;POLYGON((-352959848 189306069,-330714003 174432146,-341573447 88892932,-364644933 96479495,-352959848 189306069))
32603;POLYGON((291045999 147783773,310764728 160613307,320849781 81844828,300405202 75301598,291045999 147783773))
32604;POLYGON((238654041 114624759,255049905 124846839,263092767 63604279,246101561 58391640,238654041 114624759))
32605;POLYGON((195217019 88320169,208789426 96409800,215160590 49103844,201102943 44979294,195217019 88320169))
32606;POLYGON((159365108 67598007,170550001 73954855,175561467 37655688,163983692 34415200,159365108 67598007))
32607;POLYGON((129906003 51392070,139082246 56350454,142995236 28682175,133503119 26155092,129906003 51392070))
32608;POLYGON((105806680 38814079,113301987 42651918,116333866 21701098,108586481 19745567,105806680 38814079))
32609;POLYGON((86176485 29128772,92272914 32075574,94603366 16312468,88307349 14811354,86176485 29128772))
32610;POLYGON((70251483 21731743,75190514 23975699,76967037 12186736,71871288 11044002,70251483 21731743))
32611;POLYGON((57380032 16129816,61367244 17824072,62710007 9054351,58600817 8191852,57380032 16129816))
32612;POLYGON((47009519 11923742,50218885 13191922,51225011 6696536,47921582 6051198,47009519 11923742))
32613;POLYGON((38674221 8793041,41252033 9734075,41999346 4937189,39349700 4458548,38674221 8793041))
32614;POLYGON((31984222 6482782,34052670 7175104,34602957 3635819,32480208 3283868,31984222 6482782))
32615;POLYGON((26615360 4792137,28275773 5297316,28677609 2681400,26976578 2424744,26615360 4792137))
32616;POLYGON((22300122 3564540,23635900 3930395,23927066 1987086,22561233 1801347,22300122 3564540))
32617;POLYGON((18819466 2679286,19898706 2942531,20108260 1485685,19007022 1352150,18819466 2679286))
32618;POLYGON((15995498 2044415,16873345 2232899,17023366 1125812,16129591 1030289,15995498 2044415))
32619;POLYGON((13684970 1590748,14405693 1725325,14512743 868657,13780603 800526,13684970 1590748))
32620;POLYGON((11773530 1266938,12372359 1363010,12448695 685295,11841752 636714,11773530 1266938))
32621;POLYGON((10170687 1035402,10675419 1104186,10729980 554463,10219522 519724,10170687 1035402))
32622;POLYGON((8805440 869027,9237821 918572,9277035 460756,8840628 435765,8805440 869027))
32623;POLYGON((7622513 748536,7999430 784535,8027852 393173,7648100 375038,7622513 748536))
32624;POLYGON((6579144 660420,6913636 686843,6934445 343977,6597941 330682,6579144 660420))
32625;POLYGON((5642389 595338,5944494 614917,5959881 307798,5656328 297957,5642389 595338))
32626;POLYGON((4786881 546905,5064335 561501,5075792 280956,4797271 273626,4786881 546905))
32627;POLYGON((3992993 510803,4251798 521670,4260333 260957,4000716 255503,3992993 510803))
32628;POLYGON((3245358 484133,3490241 492110,3496528 246124,3251004 242122,3245358 484133))
32629;POLYGON((2531695 464965,2766469 470609,2770954 235340,2535650 232509,2531695 464965))
32630;POLYGON((1841884 452040,2069729 455711,2072703 227870,1844399 226029,1841884 452040))
32631;POLYGON((1167251 444571,1390936 446487,1392578 223246,1168473 222285,1167251 444571))
32632;POLYGON((500000 442127,722056 442397,722460 221196,500000 221060,500000 442127))
32633;POLYGON((-167251 444571,55617 443210,54806 221604,-168473 222285,-167251 444571))
32634;POLYGON((-841884 452040,-615718 448972,-617790 224491,-844399 226029,-841884 452040))
32635;POLYGON((-1531695 464965,-1299560 460010,-1303013 230025,-1535650 232509,-1531695 464965))
32636;POLYGON((-2245358 484133,-2004233 476983,-2009279 238536,-2251004 242122,-2245358 484133))
32637;POLYGON((-2992993 510803,-2739302 500977,-2746279 250572,-3000716 255503,-2992993 510803))
32638;POLYGON((-3786881 546905,-3516239 533669,-3525659 266980,-3797271 273626,-3786881 546905))
32639;POLYGON((-4642389 595338,-4349264 577592,-4361899 289039,-4656328 297957,-4642389 595338))
32640;POLYGON((-5579144 660420,-5256435 636533,-5273434 318667,-5597941 330682,-5579144 660420))
32641;POLYGON((-6622513 748536,-6261022 716101,-6284083 358705,-6648100 375038,-6622513 748536))
32642;POLYGON((-7805440 869027,-7393215 824534,-7424822 413332,-7840628 435765,-7805440 869027))
32643;POLYGON((-9170687 1035402,-8692225 973795,-8735968 488623,-9219522 519724,-9170687 1035402))
32644;POLYGON((-10773530 1266938,-10208828 1181034,-10269824 593292,-10841752 636714,-10773530 1266938))
32645;POLYGON((-12684970 1590748,-12008395 1470487,-12093830 739666,-12780603 800526,-12684970 1590748))
32646;POLYGON((-14995498 2044415,-14174464 1875919,-14294286 944925,-15129591 1030289,-14995498 2044415))
32647;POLYGON((-17819466 2679286,-16812906 2443675,-16980686 1232667,-18007022 1352150,-17819466 2679286))
32648;POLYGON((-21300122 3564540,-20056738 3236488,-20290730 1634844,-21561233 1801347,-21300122 3564540))
32649;POLYGON((-25615360 4792137,-24071619 4338113,-24396053 2194131,-25976578 2424744,-25615360 4792137))
32650;POLYGON((-30984222 6482782,-29062102 5858943,-29508737 2966795,-31480208 3283868,-30984222 6482782))
32651;POLYGON((-37674221 8793041,-35278680 7942724,-35888646 4026121,-38349700 4458548,-37674221 8793041))
32652;POLYGON((-46009519 11923742,-43025666 10774510,-43851655 5466475,-46921582 6051198,-46009519 11923742))
32653;POLYGON((-56380032 16129816,-52669988 14590008,-53778798 7408078,-57600817 8191852,-56380032 16129816))
32654;POLYGON((-69251483 21731743,-64650922 19686473,-66126424 10002564,-70871288 11044002,-69251483 21731743))
32655;POLYGON((-85176485 29128772,-79490821 26435310,-81437379 13439425,-87307349 14811354,-85176485 29128772))
32656;POLYGON((-104806680 38814079,-97806901 35296575,-100353290 17953411,-107586481 19745567,-104806680 38814079))
32657;POLYGON((-128906003 51392070,-120324120 46835535,-123627997 23832989,-132503119 26155092,-128906003 51392070))
32658;POLYGON((-158365108 67598007,-147889218 61741500,-152142183 31429964,-162983692 34415200,-158365108 67598007))
32659;POLYGON((-194217019 88320169,-181485943 80849118,-186919260 41170353,-200102943 44979294,-194217019 88320169))
32660;POLYGON((-237654041 114624759,-222251548 105162335,-229142557 53566631,-245101561 58391640,-237654041 114624759))
