32701;POLYGON((-1511780 7680308,-1323587 6837079,-2829606 2633094,-3130024 3039262,-1511780 7680308))
32702;POLYGON((-2285779 10609598,-1989966 9563145,-3848216 3936178,-4272108 4428715,-2285779 10609598))
32703;POLYGON((2511780 7680308,2732962 8587878,4468567 3473324,4130024 3039262,2511780 7680308))
32704;POLYGON((2035587 5330852,2165703 6054962,3564485 2253921,3331976 1900844,2035587 5330852))
32705;POLYGON((1788521 3477283,1849198 4044824,2954764 1269392,2805376 989232,1788521 3477283))
32706;POLYGON((1712717 2045113,1722120 2479915,2574271 495628,2488606 280442,1712717 2045113))
32707;POLYGON((1759911 968484,1733133 1291589,2368024 -90985,2329812 -248907,1759911 968484))
32708;POLYGON((1890304 189400,1839736 419313,2290050 -513270,2285781 -621311,1890304 189400))
32709;POLYGON((2071526 -342989,2007193 -190070,2302316 -792997,2320905 -858148,2071526 -342989))
32710;POLYGON((2277673 -673072,2207547 -583030,2373753 -950703,2406234 -979509,2277673 -673072))
32711;POLYGON((2488437 -839391,2418718 -799991,2479356 -1005545,2518598 -1004067,2488437 -839391))
32712;POLYGON((2688303 -875233,2623675 -875928,2599365 -975203,2639815 -948995,2688303 -875233))
32713;POLYGON((2865825 -809167,2809693 -840927,2718514 -875827,2755963 -829927,2865825 -809167))
32714;POLYGON((3012972 -665555,2967672 -720697,2825356 -722011,2856730 -660941,3012972 -665555))
32715;POLYGON((3124541 -465011,3091525 -537053,2911653 -526808,2934821 -454580,3124541 -465011))
32716;POLYGON((3197634 -224837,3177643 -308355,2971826 -301758,2985437 -221893,3197634 -224837))
32717;POLYGON((3231198 40578,3224404 -49919,3002477 -56952,3005804 27495,3231198 40578))
32718;POLYGON((3225618 319398,3231755 225605,3001952 198895,2994767 285313,3225618 319398))
32719;POLYGON((3182364 601999,3200841 507891,2969972 458358,2952431 544539,3182364 601999))
32720;POLYGON((3103697 880659,3133690 788617,2907309 715195,2879852 799302,3103697 880659))
32721;POLYGON((2992409 1149286,3032942 1061176,2815508 964239,2778781 1044771,2992409 1149286))
32722;POLYGON((2851618 1403156,2901626 1320415,2696653 1201290,2651437 1277039,2851618 1403156))
32723;POLYGON((2684596 1638688,2742980 1562395,2553181 1422993,2500338 1493012,2684596 1638688))
32724;POLYGON((2494639 1853236,2560305 1784182,2387722 1626730,2328151 1690288,2494639 1853236))
32725;POLYGON((2284969 2044908,2356856 1983650,2202983 1810502,2137587 1867054,2284969 2044908))
32726;POLYGON((2058663 2212404,2135764 2159319,2001657 1972830,1931318 2021980,2058663 2212404))
32727;POLYGON((1818614 2354872,1899987 2310201,1786361 2112651,1711928 2154121,1818614 2354872))
32728;POLYGON((1567515 2471794,1652285 2435680,1559599 2229229,1481879 2262834,1567515 2471794))
32729;POLYGON((1307859 2562880,1395216 2535400,1323748 2322078,1243503 2347698,1307859 2562880))
32730;POLYGON((1041960 2627989,1131151 2609177,1081055 2390893,999009 2408456,1041960 2627989))
32731;POLYGON((771986 2667064,862301 2656933,833655 2435493,750498 2444960,771986 2667064))
32732;POLYGON((500000 2680089,590760 2678642,583597 2455782,500000 2457135,500000 2680089))
32733;POLYGON((228013 2667064,318552 2674300,332878 2451724,249501 2444960,228013 2667064))
32734;POLYGON((-41960 2627989,47681 2643907,83482 2423324,990 2408456,-41960 2627989))
32735;POLYGON((-307859 2562880,-219810 2587473,-162579 2370639,-243503 2347698,-307859 2562880))
32736;POLYGON((-567515 2471794,-481797 2505036,-403234 2293787,-481879 2262834,-567515 2471794))
32737;POLYGON((-818614 2354872,-736015 2396703,-636311 2192987,-711928 2154121,-818614 2354872))
32738;POLYGON((-1058663 2212404,-980037 2262706,-859521 2068596,-931318 2021980,-1058663 2212404))
32739;POLYGON((-1284969 2044908,-1211235 2103477,-1070445 1921177,-1137587 1867054,-1284969 2044908))
32740;POLYGON((-1494639 1853236,-1426784 1919744,-1266538 1751564,-1328151 1690288,-1494639 1853236))
32741;POLYGON((-1684596 1638688,-1623664 1712643,-1445152 1560949,-1500338 1493012,-1684596 1638688))
32742;POLYGON((-1851618 1403156,-1798695 1483852,-1603580 1350973,-1651437 1277039,-1851618 1403156))
32743;POLYGON((-1992409 1149286,-1948597 1235747,-1739132 1123829,-1778781 1044771,-1992409 1149286))
32744;POLYGON((-2103697 880659,-2070076 971576,-1849226 882368,-1879852 799302,-2103697 880659))
32745;POLYGON((-2182364 601999,-2159947 695655,-1931524 630214,-1952431 544539,-2182364 601999))
32746;POLYGON((-2225618 319398,-2215288 413596,-1984098 371878,-1994767 285313,-2225618 319398))
32747;POLYGON((-2231198 40578,-2233634 132546,-2005632 112869,-2005804 27495,-2231198 40578))
32748;POLYGON((-2197634 -224837,-2213222 -138536,-1995674 -140184,-1985437 -221893,-2197634 -224837))
32749;POLYGON((-2124541 -465011,-2153266 -388589,-1954921 -379439,-1934821 -454580,-2124541 -465011))
32750;POLYGON((-2012972 -665555,-2054301 -604114,-1885563 -595731,-1856730 -660941,-2012972 -665555))
32751;POLYGON((-1865825 -809167,-1918559 -768822,-1791678 -778495,-1755963 -829927,-1865825 -809167))
32752;POLYGON((-1688303 -875233,-1750421 -863249,-1679672 -915690,-1639815 -948995,-1688303 -875233))
32753;POLYGON((-1488437 -839391,-1556913 -864333,-1558789 -993753,-1518598 -1004067,-1488437 -839391))
32754;POLYGON((-1277673 -673072,-1348272 -744961,-1441678 -997571,-1406234 -979509,-1277673 -673072))
32755;POLYGON((-1071526 -342989,-1138582 -473478,-1345025 -910481,-1320905 -858148,-1071526 -342989))
32756;POLYGON((-890304 189400,-946467 -13154,-1290252 -714299,-1285781 -621311,-890304 189400))
32757;POLYGON((-759911 968484,-795873 678380,-1304289 -389399,-1329812 -248907,-759911 968484))
32758;POLYGON((-712717 2045113,-716911 1649750,-1420423 85186,-1488606 280442,-712717 2045113))
32759;POLYGON((-788521 3477283,-746793 2956493,-1679222 731603,-1805376 989232,-788521 3477283))
32760;POLYGON((-1035587 5330852,-930841 4661762,-2129538 1572966,-2331976 1900844,-1035587 5330852))
