32701;POLYGON((-6043045 2132267,-5906621 2402845,-5584659 2257264,-5702488 2003666,-6043045 2132267))
32702;POLYGON((-6388468 1218727,-6285411 1541055,-5905176 1454819,-5987127 1158594,-6388468 1218727))
32703;POLYGON((-6604719 134109,-6550023 516181,-6103906 520191,-6134929 177127,-6604719 134109))
32704;POLYGON((-6637857 -1146921,-6651099 -696448,-6131432 -558738,-6092015 -952240,-6637857 -1146921))
32705;POLYGON((-6418252 -2651392,-6524575 -2123353,-5924033 -1791782,-5789258 -2238209,-6418252 -2651392))
32706;POLYGON((-5857360 -4407429,-6088595 -3792374,-5400732 -3184809,-5139203 -3684900,-5857360 -4407429))
32707;POLYGON((-4844080 -6443417,-5240013 -5731917,-4459939 -4737682,-4032574 -5289626,-4844080 -6443417))
32708;POLYGON((-3240642 -8786904,-3850431 -7969950,-2975681 -6441684,-2334350 -7040142,-3240642 -8786904))
32709;POLYGON((-878014 -11463177,-1761782 -10532692,-793364 -8276373,120621 -8911294,-878014 -11463177))
32710;POLYGON((2449203 -14493507,1218611 -13442973,2274931 -10205802,3532505 -10860998,2449203 -14493507))
32711;POLYGON((6988432 -17892974,5323502 -16718203,6455670 -12173999,8141862 -12825470,6988432 -17892974))
32712;POLYGON((13035329 -21667861,10831741 -20367916,12019606 -14099656,14235585 -14713624,13035329 -21667861))
32713;POLYGON((20940612 -25812548,18074895 -24390840,19288095 -15869921,22153398 -16400547,20940612 -25812548))
32714;POLYGON((31117495 -30305863,27444481 -28771426,28639985 -17333213,32294949 -17719966,31117495 -30305863))
32715;POLYGON((44049793 -35106824,39399839 -33475809,40519122 -18290952,45127528 -18455602,44049793 -35106824))
32716;POLYGON((60300700 -40149737,54476683 -38447120,55442495 -18488129,61194432 -18331319,60300700 -40149737))
32717;POLYGON((80522277 -45338559,73296354 -43600104,74009050 -17602589,81123999 -16999963,80522277 -45338559))
32718;POLYGON((105465686 -50540502,96575796 -48814985,96909187 -15232932,105639352 -14030777,105465686 -50540502))
32719;POLYGON((-113974916 -52248262,125138293 -53930502,124934988 -10884922,-113970132 -12588852,-113974916 -52248262))
32720;POLYGON((-87271943 -47078832,-95575796 -48814985,-95909187 -15232932,-87747614 -16216158,-87271943 -47078832))
32721;POLYGON((-65565087 -41868867,-72296354 -43600104,-73009050 -17602589,-66374774 -18041076,-65565087 -41868867))
32722;POLYGON((-48067751 -36764972,-53476683 -38447120,-54442495 -18488129,-49094605 -18525288,-48067751 -36764972))
32723;POLYGON((-34096013 -31874685,-38399839 -33475809,-39519122 -18290952,-35248290 -18042346,-34096013 -31874685))
32724;POLYGON((-23058148 -27273155,-26444481 -28771426,-27639985 -17333213,-24265226 -16890750,-23058148 -27273155))
32725;POLYGON((-14444892 -23009022,-17074895 -24390840,-18288095 -15869921,-15653748 -15305573,-14444892 -23009022))
32726;POLYGON((-7820428 -19109556,-9831741 -20367916,-11019606 -14099656,-8992549 -13468739,-7820428 -19109556))
32727;POLYGON((-2814066 -15585129,-4323502 -16718203,-5455670 -12173999,-3922750 -11518059,-2814066 -15585129))
32728;POLYGON((887415 -12433053,-218611 -13442973,-1274931 -10205802,-140598 -9555121,887415 -12433053))
32729;POLYGON((3546797 -9640866,2761782 -10532692,1793364 -8276373,2609224 -7652143,3546797 -9640866))
32730;POLYGON((5382831 -7189102,4850431 -7969950,3975681 -6441684,4539723 -5857873,5382831 -7189102))
32731;POLYGON((6576078 -5053596,6240013 -5731917,5459939 -4737682,5827155 -4202627,6576078 -5053596))
32732;POLYGON((7274193 -3207380,7088595 -3792374,6400732 -3184809,6616073 -2702550,7274193 -3207380))
32733;POLYGON((7596688 -1622211,7524575 -2123353,6924033 -1791782,7023877 -1363180,7596688 -1622211))
32734;POLYGON((7639197 -269772,7651099 -696448,7131432 -558738,7144887 -182392,7639197 -269772))
32735;POLYGON((7477277 877407,7550023 516181,7103906 520191,7053977 847203,7477277 877407))
32736;POLYGON((7169767 1845281,7285411 1541055,6905176 1454819,6809789 1736348,7169767 1845281))
32737;POLYGON((6761737 2657820,6906621 2402845,6584659 2257264,6457563 2497639,6761737 2657820))
32738;POLYGON((6287058 3336721,6450991 3124028,6180044 2940705,6031593 3144383,6287058 3336721))
32739;POLYGON((5770604 3901267,5946172 3724702,5719531 3518441,5557354 3689760,5770604 3901267))
32740;POLYGON((5230147 4368295,5412112 4222514,5223738 4003229,5053313 4146238,5230147 4368295))
32741;POLYGON((4677931 4752255,4862739 4632701,4707330 4406836,4532461 4525187,4677931 4752255))
32742;POLYGON((4121994 5065335,4307363 4968186,4180365 4739769,4003582 4836657,4121994 5065335))
32743;POLYGON((3567234 5317628,3751823 5239742,3649416 5011139,3472296 5089284,3567234 5317628))
32744;POLYGON((3016267 5517317,3199413 5456166,3118469 5228627,2941896 5290274,3016267 5517317))
32745;POLYGON((2470095 5670879,2651608 5624482,2589641 5398514,2414004 5445458,2470095 5670879))
32746;POLYGON((1928616 5783261,2108627 5750128,2063734 5525757,1889085 5559372,1928616 5783261))
32747;POLYGON((1391004 5858059,1569850 5837132,1540659 5614078,1366826 5635348,1391004 5858059))
32748;POLYGON((855984 5897642,1034126 5888261,1019749 5666062,846426 5675606,855984 5897642))
32749;POLYGON((322037 5903257,500000 5905127,500000 5683223,326809 5681320,322037 5903257))
32750;POLYGON((-212447 5875082,-34126 5888261,-19749 5666062,-193202 5652657,-212447 5875082))
32751;POLYGON((-749038 5812229,-569850 5837132,-540659 5614078,-714735 5588780,-749038 5812229))
32752;POLYGON((-1289109 5712711,-1108627 5750128,-1063734 5525757,-1238703 5487827,-1289109 5712711))
32753;POLYGON((-1833664 5573356,-1651608 5624482,-1589641 5398514,-1765610 5346842,-1833664 5573356))
32754;POLYGON((-2383080 5389683,-2199413 5456166,-2118469 5228627,-2295289 5161703,-2383080 5389683))
32755;POLYGON((-2936774 5155745,-2751823 5239742,-2649416 5011139,-2826551 4927019,-2936774 5155745))
32756;POLYGON((-3492735 4863951,-3307363 4968186,-3180365 4739769,-3356726 4636052,-3492735 4863951))
32757;POLYGON((-4046909 4504864,-3862739 4632701,-3707330 4406836,-3881054 4280644,-4046909 4504864))
32758;POLYGON((-4592414 4067016,-4412112 4222514,-4223738 4003229,-4391911 3851210,-4592414 4067016))
32759;POLYGON((-5118541 3536727,-4946172 3724702,-4719531 3518441,-4877836 3336803,-5118541 3536727))
32760;POLYGON((-5609522 2897966,-5450991 3124028,-5180044 2940705,-5322346 2725288,-5609522 2897966))
