32701;POLYGON((-4330551 1957086,-4244495 2134955,-3992292 2005211,-4070009 1838745,-4330551 1957086))
32702;POLYGON((-4533277 1388043,-4475910 1583364,-4199887 1491304,-4250324 1311033,-4533277 1388043))
32703;POLYGON((-4630718 773063,-4611915 982381,-4317348 939739,-4331763 749932,-4630718 773063))
32704;POLYGON((-4588083 127575,-4620357 344806,-4316326 365852,-4283765 173495,-4588083 127575))
32705;POLYGON((-4361628 -523227,-4460657 -307755,-4161425 -205968,-4068300 -390226,-4361628 -523227))
32706;POLYGON((-3896937 -1141065,-4082160 -941801,-3808875 -739239,-3638480 -899927,-3896937 -1141065))
32707;POLYGON((-3126970 -1670506,-3422267 -1508117,-3205032 -1181657,-2937006 -1297072,-3126970 -1670506))
32708;POLYGON((-1969874 -2034053,-2404321 -1937165,-2284692 -1460599,-1894413 -1501114,-1969874 -2034053))
32709;POLYGON((-326539 -2126283,-935252 -2133545,-969211 -1477737,-427121 -1403794,-326539 -2126283))
32710;POLYGON((1922126 -1806895,1097050 -1969425,835589 -1102669,1564728 -862415,1922126 -1806895))
32711;POLYGON((4918199 -892581,3826649 -1276817,3241736 -165441,4199664 308031,4918199 -892581))
32712;POLYGON((8830052 852450,7412765 161437,6381646 1552158,7617510 2344010,8830052 852450))
32713;POLYGON((13855981 3727407,12043295 2622094,10410923 4326666,11982264 5543987,13855981 3727407))
32714;POLYGON((20228171 8107460,17938668 6453505,15511407 8504495,17485233 10280514,20228171 8107460))
32715;POLYGON((28217007 14458058,25356033 12089320,21894493 14515126,24348451 17013998,28217007 14458058))
32716;POLYGON((38135749 23351163,34593816 20064067,29804733 22886086,32828372 26308306,38135749 23351163))
32717;POLYGON((50345591 35483569,45996647 31030757,39523729 34259859,43219870 38848355,50345591 35483569))
32718;POLYGON((65261113 51697484,59960679 45780694,51374341 49412897,55860542 55459868,65261113 51697484))
32719;POLYGON((83356146 73003555,76939316 65265664,65725199 69276905,71135336 77131444,83356146 73003555))
32720;POLYGON((-75939316 65265664,-82356146 73003555,-70135336 77131444,-64725199 69276905,-75939316 65265664))
32721;POLYGON((-58960679 45780694,-64261113 51697484,-54860542 55459868,-50374341 49412897,-58960679 45780694))
32722;POLYGON((-44996647 31030757,-49345591 35483569,-42219870 38848355,-38523729 34259859,-44996647 31030757))
32723;POLYGON((-33593816 20064067,-37135749 23351163,-31828372 26308306,-28804733 22886086,-33593816 20064067))
32724;POLYGON((-24356033 12089320,-27217007 14458058,-23348451 17013998,-20894493 14515126,-24356033 12089320))
32725;POLYGON((-16938668 6453505,-19228171 8107460,-16485233 10280514,-14511407 8504495,-16938668 6453505))
32726;POLYGON((-11043295 2622094,-12855981 3727407,-10982264 5543987,-9410923 4326666,-11043295 2622094))
32727;POLYGON((-6412765 161437,-7830052 852450,-6617510 2344010,-5381646 1552158,-6412765 161437))
32728;POLYGON((-2826649 -1276817,-3918199 -892581,-3199664 308031,-2241736 -165441,-2826649 -1276817))
32729;POLYGON((-97050 -1969425,-922126 -1806895,-564728 -862415,164410 -1102669,-97050 -1969425))
32730;POLYGON((1935252 -2133545,1326539 -2126283,1427121 -1403794,1969211 -1477737,1935252 -2133545))
32731;POLYGON((3404321 -1937165,2969874 -2034053,2894413 -1501114,3284692 -1460599,3404321 -1937165))
32732;POLYGON((4422267 -1508117,4126970 -1670506,3937006 -1297072,4205032 -1181657,4422267 -1508117))
32733;POLYGON((5082160 -941801,4896937 -1141065,4638480 -899927,4808875 -739239,5082160 -941801))
32734;POLYGON((5460657 -307755,5361628 -523227,5068300 -390226,5161425 -205968,5460657 -307755))
32735;POLYGON((5620357 344806,5588083 127575,5283765 173495,5316326 365852,5620357 344806))
32736;POLYGON((5611915 982381,5630718 773063,5331763 749932,5317348 939739,5611915 982381))
32737;POLYGON((5475910 1583364,5533277 1388043,5250324 1311033,5199887 1491304,5475910 1583364))
32738;POLYGON((5244495 2134955,5330551 1957086,5070009 1838745,4992292 2005211,5244495 2134955))
32739;POLYGON((4942845 2630674,5049893 2471845,4815126 2322371,4717030 2472725,4942845 2630674))
32740;POLYGON((4590410 3068403,4712533 2928937,4504795 2756468,4391704 2889764,4590410 3068403))
32741;POLYGON((4201994 3448874,4334712 3328286,4153871 3139193,4029931 3255390,4201994 3448874))
32742;POLYGON((3788679 3774528,3928662 3671873,3773744 3471040,3642099 3570650,3788679 3774528))
32743;POLYGON((3358602 4048680,3503422 3962797,3373010 3753890,3236010 3837720,3358602 4048680))
32744;POLYGON((2917598 4274925,3065531 4204613,2958053 3990315,2817418 4059287,2917598 4274925))
32745;POLYGON((2469746 4456737,2619598 4400870,2533521 4183091,2390487 4238116,2469746 4456737))
32746;POLYGON((2017796 4597205,2168775 4554806,2102729 4334868,1958163 4376760,2017796 4597205))
32747;POLYGON((1563534 4698881,1715132 4669167,1667990 4447951,1522491 4477380,1563534 4698881))
32748;POLYGON((1108063 4763691,1259973 4746092,1230894 4524177,1084872 4541634,1108063 4763691))
32749;POLYGON((652049 4792894,804085 4787066,792537 4564831,646280 4570617,652049 4792894))
32750;POLYGON((195914 4787066,347950 4792894,353719 4570617,207462 4564831,195914 4787066))
32751;POLYGON((-259973 4746092,-108063 4763691,-84872 4541634,-230894 4524177,-259973 4746092))
32752;POLYGON((-715132 4669167,-563534 4698881,-522491 4477380,-667990 4447951,-715132 4669167))
32753;POLYGON((-1168775 4554806,-1017796 4597205,-958163 4376760,-1102729 4334868,-1168775 4554806))
32754;POLYGON((-1619598 4400870,-1469746 4456737,-1390487 4238116,-1533521 4183091,-1619598 4400870))
32755;POLYGON((-2065531 4204613,-1917598 4274925,-1817418 4059287,-1958053 3990315,-2065531 4204613))
32756;POLYGON((-2503422 3962797,-2358602 4048680,-2236010 3837720,-2373010 3753890,-2503422 3962797))
32757;POLYGON((-2928662 3671873,-2788679 3774528,-2642099 3570650,-2773744 3471040,-2928662 3671873))
32758;POLYGON((-3334712 3328286,-3201994 3448874,-3029931 3255390,-3153871 3139193,-3334712 3328286))
32759;POLYGON((-3712533 2928937,-3590410 3068403,-3391704 2889764,-3504795 2756468,-3712533 2928937))
32760;POLYGON((-4049893 2471845,-3942845 2630674,-3717030 2472725,-3815126 2322371,-4049893 2471845))
