32701;POLYGON((-4463779 2018204,-4373041 2201985,-4117600 2069402,-4199324 1897307,-4463779 2018204))
32702;POLYGON((-4679599 1427314,-4618074 1630659,-4336566 1536956,-4390251 1349328,-4679599 1427314))
32703;POLYGON((-4787554 783033,-4765642 1003057,-4462586 961319,-4478913 762071,-4787554 783033))
32704;POLYGON((-4750874 98865,-4781819 330165,-4465374 356732,-4432596 152472,-4750874 98865))
32705;POLYGON((-4523120 -602267,-4623588 -368567,-4306903 -253563,-4210374 -452575,-4523120 -602267))
32706;POLYGON((-4046291 -1284745,-4237028 -1062163,-3939919 -834244,-3761550 -1012915,-4046291 -1284745))
32707;POLYGON((-3248685 -1896216,-3555256 -1704343,-3306251 -1334112,-3023906 -1471079,-3248685 -1896216))
32708;POLYGON((-2042491 -2362718,-2496117 -2228949,-2334921 -1681503,-1921733 -1747410,-2042491 -2362718))
32709;POLYGON((-321094 -2582844,-959581 -2544434,-940016 -1778798,-363630 -1734246,-321094 -2582844))
32710;POLYGON((2043916 -2420827,1175145 -2527324,981664 -1495914,1759935 -1289037,2043916 -2420827))
32711;POLYGON((5206064 -1698429,4052826 -2014518,3553224 -662648,4579327 -226296,5206064 -1698429))
32712;POLYGON((9347631 -185489,7845731 -794303,6920545 940228,8248706 1691764,9347631 -185489))
32713;POLYGON((14683662 2410994,12757515 1404066,11255441 3591283,12949281 4766046,14683662 2410994))
32714;POLYGON((21466335 6459405,19027470 4922348,16759110 7640267,18892864 9372948,21466335 6459405))
32715;POLYGON((29989722 12417822,26935151 10187016,23665887 13521649,26325728 15978494,29989722 12417822))
32716;POLYGON((40594953 20850252,36805401 17724838,32247324 21769976,35532791 25154350,40594953 20850252))
32717;POLYGON((53675798 32444976,49013797 28180495,42816600 33037244,46842147 37595888,53675798 32444976))
32718;POLYGON((69684693 48035154,63992521 42336419,55733276 48112422,60629941 54142472,69684693 48035154))
32719;POLYGON((89139214 68621885,82236689 61135005,71408422 67943316,77325613 75800143,89139214 68621885))
32720;POLYGON((-81236689 61135005,-88139214 68621885,-76325613 75800143,-70408422 67943316,-81236689 61135005))
32721;POLYGON((-62992521 42336419,-68684693 48035154,-59629941 54142472,-54733276 48112422,-62992521 42336419))
32722;POLYGON((-48013797 28180495,-52675798 32444976,-45842147 37595888,-41816600 33037244,-48013797 28180495))
32723;POLYGON((-35805401 17724838,-39594953 20850252,-34532791 25154350,-31247324 21769976,-35805401 17724838))
32724;POLYGON((-25935151 10187016,-28989722 12417822,-25325728 15978494,-22665887 13521649,-25935151 10187016))
32725;POLYGON((-18027470 4922348,-20466335 6459405,-17892864 9372948,-15759110 7640267,-18027470 4922348))
32726;POLYGON((-11757515 1404066,-13683662 2410994,-11949281 4766046,-10255441 3591283,-11757515 1404066))
32727;POLYGON((-6845731 -794303,-8347631 -185489,-7248706 1691764,-5920545 940228,-6845731 -794303))
32728;POLYGON((-3052826 -2014518,-4206064 -1698429,-3579327 -226296,-2553224 -662648,-3052826 -2014518))
32729;POLYGON((-175145 -2527324,-1043916 -2420827,-759935 -1289037,18335 -1495914,-175145 -2527324))
32730;POLYGON((1959581 -2544434,1321094 -2582844,1363630 -1734246,1940016 -1778798,1959581 -2544434))
32731;POLYGON((3496117 -2228949,3042491 -2362718,2921733 -1747410,3334921 -1681503,3496117 -2228949))
32732;POLYGON((4555256 -1704343,4248685 -1896216,4023906 -1471079,4306251 -1334112,4555256 -1704343))
32733;POLYGON((5237028 -1062163,5046291 -1284745,4761550 -1012915,4939919 -834244,5237028 -1062163))
32734;POLYGON((5623588 -368567,5523120 -602267,5210374 -452575,5306903 -253563,5623588 -368567))
32735;POLYGON((5781819 330165,5750874 98865,5432596 152472,5465374 356732,5781819 330165))
32736;POLYGON((5765642 1003057,5787554 783033,5478913 762071,5462586 961319,5765642 1003057))
32737;POLYGON((5618074 1630659,5679599 1427314,5390251 1349328,5336566 1536956,5618074 1630659))
32738;POLYGON((5373041 2201985,5463779 2018204,5199324 1897307,5117600 2069402,5373041 2201985))
32739;POLYGON((5056959 2712068,5168850 2548966,4931994 2396346,4829540 2550923,5056959 2712068))
32740;POLYGON((4690104 3160034,4816994 3017547,4608463 2841935,4490938 2978335,4690104 3160034))
32741;POLYGON((4287795 3547627,4425064 3424958,4244307 3233048,4116031 3351476,4287795 3547627))
32742;POLYGON((3861395 3878099,4005640 3774052,3851354 3570880,3715572 3672054,3861395 3878099))
32743;POLYGON((3419150 4155402,3567922 4068621,3438443 3857893,3297547 3942791,3419150 4155402))
32744;POLYGON((2966898 4383628,3118482 4312760,3012047 4097135,2867765 4166815,2966898 4383628))
32745;POLYGON((2508635 4566623,2661871 4510430,2576809 4291758,2430358 4347236,2508635 4566623))
32746;POLYGON((2046988 4707755,2201129 4665179,2135971 4444703,1988184 4486874,2046988 4707755))
32747;POLYGON((1583591 4809776,1738182 4779973,1691732 4558493,1543165 4588082,1583591 4809776))
32748;POLYGON((1119385 4874747,1274173 4857109,1245545 4635115,1096557 4652653,1119385 4874747))
32749;POLYGON((654863 4904007,809720 4898169,798356 4675954,649187 4681764,654863 4904007))
32750;POLYGON((190279 4898169,345136 4904007,350812 4681764,201643 4675954,190279 4898169))
32751;POLYGON((-274173 4857109,-119385 4874747,-96557 4652653,-245545 4635115,-274173 4857109))
32752;POLYGON((-738182 4779973,-583591 4809776,-543165 4588082,-691732 4558493,-738182 4779973))
32753;POLYGON((-1201129 4665179,-1046988 4707755,-988184 4486874,-1135971 4444703,-1201129 4665179))
32754;POLYGON((-1661871 4510430,-1508635 4566623,-1430358 4347236,-1576809 4291758,-1661871 4510430))
32755;POLYGON((-2118482 4312760,-1966898 4383628,-1867765 4166815,-2012047 4097135,-2118482 4312760))
32756;POLYGON((-2567922 4068621,-2419150 4155402,-2297547 3942791,-2438443 3857893,-2567922 4068621))
32757;POLYGON((-3005640 3774052,-2861395 3878099,-2715572 3672054,-2851354 3570880,-3005640 3774052))
32758;POLYGON((-3425064 3424958,-3287795 3547627,-3116031 3351476,-3244307 3233048,-3425064 3424958))
32759;POLYGON((-3816994 3017547,-3690104 3160034,-3490938 2978335,-3608463 2841935,-3816994 3017547))
32760;POLYGON((-4168850 2548966,-4056959 2712068,-3829540 2550923,-3931994 2396346,-4168850 2548966))
