32601;POLYGON((-8199424 5504520,-7863169 5221021,-8147879 4866136,-8512722 5142610,-8199424 5504520))
32602;POLYGON((-9260389 6535371,-8897748 6158581,-9277776 5783580,-9679243 6154583,-9260389 6535371))
32603;POLYGON((-10405513 7909258,-10014010 7406536,-10523388 7016550,-10967479 7516286,-10405513 7909258))
32604;POLYGON((-11641673 9745210,-11219122 9073060,-11903431 8678632,-12396874 9352938,-11641673 9745210))
32605;POLYGON((-12974582 12200708,-12519240 11301770,-13438870 10921451,-13989187 11831077,-12974582 12200708))
32606;POLYGON((-14408253 15481959,-13919007 14281367,-15153115 13945170,-15768688 15169746,-14408253 15481959))
32607;POLYGON((-15944374 19856230,-15420963 18257256,-17072222 18011168,-17762360 19653967,-15944374 19856230))
32608;POLYGON((-17581580 25666538,-17024848 23545414,-19225100 23457201,-20000108 25650796,-17581580 25666538))
32609;POLYGON((-19314619 33348978,-18726803 30548810,-21643717 30715348,-22514971 33628273,-19314619 33348978))
32610;POLYGON((-21133400 43452992,-20518466 39776655,-24363329 40333098,-25343347 44177637,-21133400 43452992))
32611;POLYGON((-23021928 56664936,-22385935 51866833,-27422696 52997926,-28525221 58039141,-23021928 56664936))
32612;POLYGON((-24957106 73835257,-24308621 67611834,-30864327 69565730,-32104400 76131872,-24957106 73835257))
32613;POLYGON((-26907403 96009679,-26257961 87988565,-34734711 91093545,-36128758 99587973,-26907403 96009679))
32614;POLYGON((-28831392 124464762,-28195998 114192401,-39084574 118876930,-40650489 129791694,-28831392 124464762))
32615;POLYGON((-30676127 160748241,-30073816 147675890,-43969136 154492477,-45726371 168423704,-30676127 160748241))
32616;POLYGON((-32375381 206724565,-31829819 190192513,-49448380 199845910,-51418034 217511155,-32375381 206724565))
32617;POLYGON((-33847715 264626088,-33387865 243845933,-55587327 257226226,-57792242 279483952,-33847715 264626088))
32618;POLYGON((-34994391 337110336,-34655225 311145194,-62456323 329366397,-64921185 357237758,-34994391 337110336))
32619;POLYGON((-35697103 427323870,-35520376 395066324,-70131341 419511149,-72882776 454204244,-35697103 427323870))
32620;POLYGON((36520376 395066324,36697103 427323870,73882776 454204244,71131341 419511149,36520376 395066324))
32621;POLYGON((35655225 311145194,35994391 337110336,65921185 357237758,63456323 329366397,35655225 311145194))
32622;POLYGON((34387865 243845933,34847715 264626088,58792242 279483952,56587327 257226226,34387865 243845933))
32623;POLYGON((32829819 190192513,33375381 206724565,52418034 217511155,50448380 199845910,32829819 190192513))
32624;POLYGON((31073816 147675890,31676127 160748241,46726371 168423704,44969136 154492477,31073816 147675890))
32625;POLYGON((29195998 114192401,29831392 124464762,41650489 129791694,40084574 118876930,29195998 114192401))
32626;POLYGON((27257961 87988565,27907403 96009679,37128758 99587973,35734711 91093545,27257961 87988565))
32627;POLYGON((25308621 67611834,25957106 73835257,33104400 76131872,31864327 69565730,25308621 67611834))
32628;POLYGON((23385935 51866833,24021928 56664936,29525221 58039141,28422696 52997926,23385935 51866833))
32629;POLYGON((21518466 39776655,22133400 43452992,26343347 44177637,25363329 40333098,21518466 39776655))
32630;POLYGON((19726803 30548810,20314619 33348978,23514971 33628273,22643717 30715348,19726803 30548810))
32631;POLYGON((18024848 23545414,18581580 25666538,21000108 25650796,20225100 23457201,18024848 23545414))
32632;POLYGON((16420963 18257256,16944374 19856230,18762360 19653967,18072222 18011168,16420963 18257256))
32633;POLYGON((14919007 14281367,15408253 15481959,16768688 15169746,16153115 13945170,14919007 14281367))
32634;POLYGON((13519240 11301770,13974582 12200708,14989187 11831077,14438870 10921451,13519240 11301770))
32635;POLYGON((12219122 9073060,12641673 9745210,13396874 9352938,12903431 8678632,12219122 9073060))
32636;POLYGON((11014010 7406536,11405513 7909258,11967479 7516286,11523388 7016550,11014010 7406536))
32637;POLYGON((9897748 6158581,10260389 6535371,10679243 6154583,10277776 5783580,9897748 6158581))
32638;POLYGON((8863169 5221021,9199424 5504520,9512722 5142610,9147879 4866136,8863169 5221021))
32639;POLYGON((7902516 4513225,8215013 4727674,8450596 4387255,8117042 4180076,7902516 4513225))
32640;POLYGON((7007771 3975691,7299193 4138916,7477482 3820053,7170488 3663747,7007771 3975691))
32641;POLYGON((6170925 3564932,6443929 3689920,6579752 3391189,6295136 3272447,6170925 3564932))
32642;POLYGON((5384169 3249434,5641324 3345568,5745358 3064776,5479425 2974071,5384169 3249434))
32643;POLYGON((4640035 3006537,4883788 3080547,4963658 2815186,4713142 2745750,4640035 3006537))
32644;POLYGON((3931475 2820050,4164125 2876734,4225241 2624254,3987252 2571311,3931475 2820050))
32645;POLYGON((3251902 2678489,3475593 2721241,3521768 2479191,3293733 2439398,3251902 2678489))
32646;POLYGON((2595176 2573785,2811907 2604978,2845799 2371066,2625413 2342104,2595176 2573785))
32647;POLYGON((1955574 2500373,2167210 2521627,2190638 2293724,1975803 2274024,1955574 2500373))
32648;POLYGON((1327714 2454571,1536016 2466933,1550165 2243050,1338944 2231604,1327714 2454571))
32649;POLYGON((706472 2434177,913126 2438235,918683 2216485,709243 2212730,706472 2434177))
32650;POLYGON((86873 2438235,293527 2434177,290756 2212730,81316 2216485,86873 2438235))
32651;POLYGON((-536016 2466933,-327714 2454571,-338944 2231604,-550165 2243050,-536016 2466933))
32652;POLYGON((-1167210 2521627,-955574 2500373,-975803 2274024,-1190638 2293724,-1167210 2521627))
32653;POLYGON((-1811907 2604978,-1595176 2573785,-1625413 2342104,-1845799 2371066,-1811907 2604978))
32654;POLYGON((-2475593 2721241,-2251902 2678489,-2293733 2439398,-2521768 2479191,-2475593 2721241))
32655;POLYGON((-3164125 2876734,-2931475 2820050,-2987252 2571311,-3225241 2624254,-3164125 2876734))
32656;POLYGON((-3883788 3080547,-3640035 3006537,-3713142 2745750,-3963658 2815186,-3883788 3080547))
32657;POLYGON((-4641324 3345568,-4384169 3249434,-4479425 2974071,-4745358 3064776,-4641324 3345568))
32658;POLYGON((-5443929 3689920,-5170925 3564932,-5295136 3272447,-5579752 3391189,-5443929 3689920))
32659;POLYGON((-6299193 4138916,-6007771 3975691,-6170488 3663747,-6477482 3820053,-6299193 4138916))
32660;POLYGON((-7215013 4727674,-6902516 4513225,-7117042 4180076,-7450596 4387255,-7215013 4727674))
