32701;POLYGON((-8956027 5461002,-8549246 5719127,-8285525 5321888,-8664542 5050469,-8956027 5461002))
32702;POLYGON((-10278511 4508062,-9819497 4858772,-9462791 4419807,-9883633 4053980,-10278511 4508062))
32703;POLYGON((-11780256 3210024,-11257489 3688172,-10773094 3202159,-11243584 2707266,-11780256 3210024))
32704;POLYGON((-13500426 1438689,-12900040 2091297,-12241122 1553745,-12770341 883225,-13500426 1438689))
32705;POLYGON((-15486053 -977456,-14791415 -87714,-13895520 -679570,-14493991 -1587555,-15486053 -977456))
32706;POLYGON((-17793404 -4265168,-16984641 -3055736,-15769446 -3701671,-16449331 -4928324,-17793404 -4265168))
32707;POLYGON((-20489526 -8720816,-19542990 -7084173,-17901196 -7779254,-18676516 -9430056,-20489526 -8720816))
32708;POLYGON((-23653956 -14727539,-22541632 -12525146,-20334878 -13257462,-21221754 -15468002,-23653956 -14727539))
32709;POLYGON((-27380630 -22775517,-26069480 -19830696,-23121158 -20578401,-24138077 -23521256,-27380630 -22775517))
32710;POLYGON((-31779997 -33485759,-30231232 -29575347,-26318079 -30302897,-27486177 -34195666,-31779997 -33485759))
32711;POLYGON((-36981342 -47637771,-35149621 -42482440,-29991944 -43135873,-31335323 -48250503,-36981342 -47637771))
32712;POLYGON((-43135336 -66201542,-40967892 -59454634,-34218283 -59955713,-35764347 -66629253,-43135336 -66201542))
32713;POLYGON((-50416819 -90374272,-47852504 -81608998,-39082897 -81848055,-40862724 -90494968,-50416819 -90374272))
32714;POLYGON((-59027841 -121622307,-55996084 -110317162,-44682995 -110144420,-46731731 -121270618,-59027841 -121622307))
32715;POLYGON((-69200955 -161728759,-65620636 -147250989,-51128412 -146466145,-53485697 -160684893,-69200955 -161728759))
32716;POLYGON((-81202781 -212847316,-76981008 -194434257,-58542921 -192774087,-61253354 -210823939,-81202781 -212847316))
32717;POLYGON((-95337855 -277562761,-90368654 -254300891,-67065652 -251424606,-70179279 -274189545,-95337855 -277562761))
32718;POLYGON((-111952775 -358958749,-106115672 -329760254,-76852597 -325232319,-80425440 -353764278,-111952775 -358958749))
32719;POLYGON((-131440646 -460693408,-124599151 -424270075,-88078235 -417540187,-92172858 -453084133,-131440646 -460693408))
32720;POLYGON((125599151 -424270075,132440646 -460693408,93172858 -453084133,89078235 -417540187,125599151 -424270075))
32721;POLYGON((107115672 -329760254,112952775 -358958749,81425440 -353764278,77852597 -325232319,107115672 -329760254))
32722;POLYGON((91368654 -254300891,96337855 -277562761,71179279 -274189545,68065652 -251424606,91368654 -254300891))
32723;POLYGON((77981008 -194434257,82202781 -212847316,62253354 -210823939,59542921 -192774087,77981008 -194434257))
32724;POLYGON((66620636 -147250989,70200955 -161728759,54485697 -160684893,52128412 -146466145,66620636 -147250989))
32725;POLYGON((56996084 -110317162,60027841 -121622307,47731731 -121270618,45682995 -110144420,56996084 -110317162))
32726;POLYGON((48852504 -81608998,51416819 -90374272,41862724 -90494968,40082897 -81848055,48852504 -81608998))
32727;POLYGON((41967892 -59454634,44135336 -66201542,36764347 -66629253,35218283 -59955713,41967892 -59454634))
32728;POLYGON((36149621 -42482440,37981342 -47637771,32335323 -48250503,30991944 -43135873,36149621 -42482440))
32729;POLYGON((31231232 -29575347,32779997 -33485759,28486177 -34195666,27318079 -30302897,31231232 -29575347))
32730;POLYGON((27069480 -19830696,28380630 -22775517,25138077 -23521256,24121158 -20578401,27069480 -19830696))
32731;POLYGON((23541632 -12525146,24653956 -14727539,22221754 -15468002,21334878 -13257462,23541632 -12525146))
32732;POLYGON((20542990 -7084173,21489526 -8720816,19676516 -9430056,18901196 -7779254,20542990 -7084173))
32733;POLYGON((17984641 -3055736,18793404 -4265168,17449331 -4928324,16769446 -3701671,17984641 -3055736))
32734;POLYGON((15791415 -87714,16486053 -977456,15493991 -1587555,14895520 -679570,15791415 -87714))
32735;POLYGON((13900040 2091297,14500426 1438689,13770341 883225,13241122 1553745,13900040 2091297))
32736;POLYGON((12257489 3688172,12780256 3210024,12243584 2707266,11773094 3202159,12257489 3688172))
32737;POLYGON((10819497 4858772,11278511 4508062,10883633 4053980,10462791 4419807,10819497 4858772))
32738;POLYGON((9549246 5719127,9956027 5461002,9664542 5050469,9285525 5321888,9549246 5719127))
32739;POLYGON((8416204 6354572,8780297 6163510,8563972 5791002,8220054 5993513,8416204 6354572))
32740;POLYGON((7395099 6827106,7724401 6684642,7562724 6344697,7248125 6496853,7395099 6827106))
32741;POLYGON((6465030 7181258,6766072 7074185,6644305 6761672,6354063 6876830,6465030 7181258))
32742;POLYGON((5608692 7448665,5886886 7367633,5794546 7077899,5524393 7165581,5608692 7448665))
32743;POLYGON((4811711 7651596,5071561 7590043,5001257 7318959,4747515 7385901,4811711 7651596))
32744;POLYGON((4062072 7805601,4307351 7758956,4253913 7502904,4013393 7553836,4062072 7805601))
32745;POLYGON((3349632 7921460,3583541 7886564,3543373 7642382,3313292 7680602,3349632 7921460))
32746;POLYGON((2665704 8006584,2890999 7981274,2861626 7746192,2639525 7773975,2665704 8006584))
32747;POLYGON((2002708 8065987,2221813 8048812,2201563 7820367,1985234 7839250,2002708 8065987))
32748;POLYGON((1353862 8102934,1568966 8092970,1556757 7868931,1344176 7879896,1353862 8102934))
32749;POLYGON((712922 8119358,926061 8116091,921271 7894379,710533 7897975,712922 8119358))
32750;POLYGON((73938 8116091,287077 8119358,289466 7897975,78728 7894379,73938 8116091))
32751;POLYGON((-568966 8092970,-353862 8102934,-344176 7879896,-556757 7868931,-568966 8092970))
32752;POLYGON((-1221813 8048812,-1002708 8065987,-985234 7839250,-1201563 7820367,-1221813 8048812))
32753;POLYGON((-1890999 7981274,-1665704 8006584,-1639525 7773975,-1861626 7746192,-1890999 7981274))
32754;POLYGON((-2583541 7886564,-2349632 7921460,-2313292 7680602,-2543373 7642382,-2583541 7886564))
32755;POLYGON((-3307351 7758956,-3062072 7805601,-3013393 7553836,-3253913 7502904,-3307351 7758956))
32756;POLYGON((-4071561 7590043,-3811711 7651596,-3747515 7385901,-4001257 7318959,-4071561 7590043))
32757;POLYGON((-4886886 7367633,-4608692 7448665,-4524393 7165581,-4794546 7077899,-4886886 7367633))
32758;POLYGON((-5766072 7074185,-5465030 7181258,-5354063 6876830,-5644305 6761672,-5766072 7074185))
32759;POLYGON((-6724401 6684642,-6395099 6827106,-6248125 6496853,-6562724 6344697,-6724401 6684642))
32760;POLYGON((-7780297 6163510,-7416204 6354572,-7220054 5993513,-7563972 5791002,-7780297 6163510))
