32601;POLYGON((-3318962 8161178,-3245051 8027514,-3470385 7891268,-3550923 8033599,-3318962 8161178))
32602;POLYGON((-3503402 8582521,-3448647 8438984,-3692560 8330617,-3752458 8484728,-3503402 8582521))
32603;POLYGON((-3620444 9026823,-3589920 8876927,-3847066 8802251,-3880289 8964691,-3620444 9026823))
32604;POLYGON((-3652758 9479783,-3652611 9328985,-3914443 9293859,-3913546 9459069,-3652758 9479783))
32605;POLYGON((-3579466 9920030,-3617082 9776368,-3870749 9786105,-3826621 9945689,-3579466 9920030))
32606;POLYGON((-3375583 10316902,-3459784 10191784,-3686767 10250275,-3588345 10392092,-3375583 10316902))
32607;POLYGON((-3011394 10627747,-3152651 10536911,-3327112 10645377,-3161061 10752447,-3011394 10627747))
32608;POLYGON((-2451774 10794681,-2662442 10759338,-2749229 10914632,-2499581 10963817,-2451774 10794681))
32609;POLYGON((-1655417 10740727,-1950002 10788925,-1902279 10981273,-1550036 10941702,-1655417 10740727))
32610;POLYGON((-574011 10365255,-969450 10533477,-725898 10743548,-248591 10574765,-574011 10365255))
32611;POLYGON((848690 9538652,332706 9873686,851164 10068852,1479963 9718644,848690 9538652))
32612;POLYGON((2677864 8096119,2018552 8657229,2912559 8786873,3723766 8188752,2677864 8096119))
32613;POLYGON((4988716 5830528,4159822 6691944,5555975 6681652,6585581 5751946,4988716 5830528))
32614;POLYGON((7867666 2484216,6839060 3737992,8894944 3482449,10184648 2116971,7867666 2484216))
32615;POLYGON((11413639 -2260355,10150872 -501092,13060800 -1146710,14658697 -3076460,11413639 -2260355))
32616;POLYGON((15739453 -8791211,14203285 -6388579,18204800 -7618924,20166130 -10270060,15739453 -8791211))
32617;POLYGON((20973320 -17578816,19119207 -14366035,24500427 -16437863,26888378 -20000969,20973320 -17578816))
32618;POLYGON((27260462 -29189522,25038002 -24966260,32145862 -28212919,35032440 -32917500,27260462 -29189522))
32619;POLYGON((34764832 -44300602,32117181 -38827780,41366659 -43676194,44833618 -49796772,34764832 -44300602))
32620;POLYGON((43670976 -63717006,40534212 -56711011,52418598 -63701466,56558441 -71564365,43670976 -63717006))
32621;POLYGON((-33764832 -44300602,-36568051 -50250592,-47514034 -56459098,-43833618 -49796772,-33764832 -44300602))
32622;POLYGON((-26260462 -29189522,-28618000 -33800665,-37102885 -38061167,-34032440 -32917500,-26260462 -29189522))
32623;POLYGON((-19973320 -17578816,-21944310 -21104363,-28434076 -23916975,-25888378 -20000969,-19973320 -17578816))
32624;POLYGON((-14739453 -8791211,-16376375 -11443805,-21262229 -13202206,-19166130 -10270060,-14739453 -8791211))
32625;POLYGON((-10413639 -2260355,-11762928 -4217417,-15371226 -5227667,-13658697 -3076460,-10413639 -2260355))
32626;POLYGON((-6867666 2484216,-7970272 1075657,-10571403 578999,-9184648 2116971,-6867666 2484216))
32627;POLYGON((-3988716 5830528,-4880629 4849523,-6696953 4689677,-5585581 5751946,-3988716 5830528))
32628;POLYGON((-1677864 8096119,-2390603 7443973,-3603506 7490340,-2723766 8188752,-1677864 8096119))
32629;POLYGON((151309 9538652,-409754 9135528,-1165891 9293971,-479963 9718644,151309 9538652))
32630;POLYGON((1574011 10365255,1140723 10147196,723934 10351958,1248591 10574765,1574011 10365255))
32631;POLYGON((2655417 10740727,2329226 10657042,2158787 10864088,2550036 10941702,2655417 10740727))
32632;POLYGON((3451774 10794681,3214859 10805674,3218008 10987279,3499581 10963817,3451774 10794681))
32633;POLYGON((4011394 10627747,3848474 10702750,3969059 10843139,4161061 10752447,4011394 10627747))
32634;POLYGON((4375583 10316902,4273614 10432587,4468984 10524487,4588345 10392092,4375583 10316902))
32635;POLYGON((4579466 9920030,4527379 10058972,4765729 10100913,4826621 9945689,4579466 9920030))
32636;POLYGON((4652758 9479783,4641205 9629244,4899341 9623502,4913546 9459069,4652758 9479783))
32637;POLYGON((4620444 9026823,4641582 9177738,4903043 9128796,4880289 8964691,4620444 9026823))
32638;POLYGON((4503402 8582521,4550693 8728653,4804199 8642088,4752458 8484728,4503402 8582521))
32639;POLYGON((4318962 8161178,4386991 8298426,4625175 8180136,4550923 8033599,4318962 8161178))
32640;POLYGON((4081402 7771818,4165721 7897665,4384095 7753352,4292553 7620018,4081402 7771818))
32641;POLYGON((3802393 7419643,3899376 7532704,4095521 7367569,3990852 7248612,3802393 7419643))
32642;POLYGON((3491394 7107163,3598111 7206840,3771031 7025423,3656525 6921204,3491394 7107163))
32643;POLYGON((3156003 6835083,3270108 6921296,3419741 6727421,3297965 6637782,3156003 6835083))
32644;POLYGON((2802263 6602975,2921897 6675960,3048742 6472752,2921679 6397240,2802263 6602975))
32645;POLYGON((2434938 6409778,2558640 6469934,2663487 6259887,2532648 6197909,2434938 6409778))
32646;POLYGON((2057755 6254160,2184384 6301942,2268117 6087006,2134642 6037946,2057755 6254160))
32647;POLYGON((1673613 6134771,1802282 6170620,1865748 5952295,1730491 5915588,1673613 6134771))
32648;POLYGON((1284783 6050423,1414794 6074709,1458712 5854153,1322313 5829336,1284783 6050423))
32649;POLYGON((893074 6000198,1023866 6013191,1048768 5791314,911720 5778053,893074 6000198))
32650;POLYGON((500000 5983521,631090 5985372,637294 5762926,500000 5761038,500000 5983521))
32651;POLYGON((106925 6000198,237867 5990929,225451 5768595,88279 5778053,106925 6000198))
32652;POLYGON((-284783 6050423,-154454 6029925,-185648 5808400,-322313 5829336,-284783 6050423))
32653;POLYGON((-673613 6134771,-544427 6102813,-594791 5882890,-730491 5915588,-673613 6134771))
32654;POLYGON((-1057755 6254160,-930357 6210401,-1000491 5993062,-1134642 6037946,-1057755 6254160))
32655;POLYGON((-1434938 6409778,-1310148 6353798,-1400820 6140305,-1532648 6197909,-1434938 6409778))
32656;POLYGON((-1802263 6602975,-1681128 6534316,-1793210 6326308,-1921679 6397240,-1802263 6602975))
32657;POLYGON((-2156003 6835083,-2039869 6753315,-2174232 6552912,-2297965 6637782,-2156003 6835083))
32658;POLYGON((-2491394 7107163,-2381979 7011984,-2539341 6821880,-2656525 6921204,-2491394 7107163))
32659;POLYGON((-2802393 7419643,-2701870 7311008,-2882577 7134558,-2990852 7248612,-2802393 7419643))
32660;POLYGON((-3081402 7771818,-2992495 7650125,-3196219 7491392,-3292553 7620018,-3081402 7771818))
