32601;POLYGON((95018 9808983,101878 9794961,-97557 9692982,-107898 9714036,95018 9808983))
32602;POLYGON((77422 9852377,82783 9837709,-126356 9757180,-134452 9779219,77422 9852377))
32603;POLYGON((64440 9897391,68245 9882236,-148337 9824095,-154110 9846881,64440 9897391))
32604;POLYGON((56201 9943541,58415 9928062,-163297 9893012,-166703 9916304,56201 9943541))
32605;POLYGON((52772 9990335,53379 9974696,-171142 9963209,-172178 9986769,52772 9990335))
32606;POLYGON((54153 10037284,53161 10021647,-171903 10033980,-170606 10057580,54153 10037284))
32607;POLYGON((60273 10083915,57713 10068435,-165745 10104656,-162206 10128088,60273 10083915))
32608;POLYGON((70986 10129780,66917 10114603,-152991 10174637,-147353 10197720,70986 10129780))
32609;POLYGON((86068 10174475,80573 10159730,-134130 10243424,-126598 10266021,86068 10174475))
32610;POLYGON((105213 10217650,98402 10203446,-109844 10310660,-100690 10332692,105213 10217650))
32611;POLYGON((128026 10259032,120042 10245451,-81021 10376178,-70593 10397641,128026 10259032))
32612;POLYGON((154024 10298441,145037 10285530,-48783 10440058,-37508 10461044,154024 10298441))
32613;POLYGON((182630 10335817,172845 10323582,-14503 10502689,-2899 10523409,182630 10335817))
32614;POLYGON((213173 10371241,202823 10359638,20168 10564840,31482 10585650,213173 10371241))
32615;POLYGON((244878 10404967,234232 10393890,53272 10627750,63574 10649181,244878 10404967))
32616;POLYGON((276872 10437449,266234 10426723,82521 10693215,90966 10716009,276872 10437449))
32617;POLYGON((308174 10469379,297882 10458744,105261 10763700,110879 10788848,308174 10469379))
32618;POLYGON((337698 10501721,328126 10490822,118442 10842457,120123 10871240,337698 10501721))
32619;POLYGON((364247 10535755,355807 10524129,118586 10933660,115069 10967699,364247 10535755))
32620;POLYGON((386513 10573125,379653 10560180,101747 11042553,91606 11083864,386513 10573125))
32621;POLYGON((627786 10547749,620346 10560180,898252 11042553,890488 11003917,627786 10547749))
32622;POLYGON((653058 10512804,644192 10524129,881413 10933660,879779 10901576,653058 10512804))
32623;POLYGON((681729 10480057,671873 10490822,881557 10842457,884683 10815049,681729 10480057))
32624;POLYGON((712565 10448112,702117 10458744,894738 10763700,901415 10739465,712565 10448112))
32625;POLYGON((744442 10415904,733765 10426723,917478 10693215,926643 10670973,744442 10415904))
32626;POLYGON((776346 10382654,765767 10393890,946727 10627750,957453 10606598,776346 10382654))
32627;POLYGON((807367 10347833,797176 10359638,979831 10564840,991318 10544111,807367 10347833))
32628;POLYGON((836698 10311125,827154 10323582,1014503 10502689,1026060 10481912,836698 10311125))
32629;POLYGON((863635 10272393,854962 10285530,1048783 10440058,1059830 10418930,863635 10272393))
32630;POLYGON((887568 10231655,879957 10245451,1081021 10376178,1091069 10354530,887568 10231655))
32631;POLYGON((907983 10189051,901597 10203446,1109844 10310660,1118492 10288435,907983 10189051))
32632;POLYGON((924458 10144827,919426 10159730,1134130 10243424,1141057 10220653,924458 10144827))
32633;POLYGON((936656 10099309,933082 10114603,1152991 10174637,1157949 10151421,936656 10099309))
32634;POLYGON((944327 10052886,942286 10068435,1165745 10104656,1168550 10081147,944327 10052886))
32635;POLYGON((947299 10005991,946838 10021647,1171903 10033980,1172429 10010368,947299 10005991))
32636;POLYGON((945477 9959092,946620 9974696,1171142 9963209,1169318 9939712,945477 9959092))
32637;POLYGON((938837 9912673,941584 9928062,1163297 9893012,1159098 9869862,938837 9912673))
32638;POLYGON((927425 9867225,931754 9882236,1148337 9824095,1141782 9801532,927425 9867225))
32639;POLYGON((911349 9823238,917216 9837709,1126356 9757180,1117501 9735444,911349 9823238))
32640;POLYGON((890777 9781188,898121 9794961,1097557 9692982,1086492 9672307,890777 9781188))
32641;POLYGON((865931 9741533,874672 9754458,1062241 9632193,1049085 9612802,865931 9741533))
32642;POLYGON((837085 9704704,847126 9716641,1020792 9575471,1005691 9557575,837085 9704704))
32643;POLYGON((804556 9671103,815787 9681921,973671 9523428,956793 9507218,804556 9671103))
32644;POLYGON((768704 9641092,781000 9650676,921402 9476623,902934 9462273,768704 9641092))
32645;POLYGON((729922 9614997,743149 9623242,864565 9435554,844712 9423216,729922 9614997))
32646;POLYGON((688638 9593099,702650 9599917,803787 9400656,782766 9390459,688638 9593099))
32647;POLYGON((645302 9575633,659946 9580950,739734 9372293,717774 9364344,645302 9575633))
32648;POLYGON((600387 9562785,615504 9566545,673100 9350760,650440 9345142,600387 9562785))
32649;POLYGON((554382 9554693,569808 9556855,604608 9336281,581492 9333050,554382 9554693))
32650;POLYGON((507787 9551442,523353 9551985,534994 9329005,511669 9328195,507787 9551442))
32651;POLYGON((461108 9553068,476646 9551985,465005 9329005,441721 9330624,461108 9553068))
32652;POLYGON((414850 9559554,430191 9556855,395391 9336281,372399 9340313,414850 9559554))
32653;POLYGON((369517 9570829,384495 9566545,326899 9350760,304445 9357164,369517 9570829))
32654;POLYGON((325601 9586774,340053 9580950,260265 9372293,238593 9381001,325601 9586774))
32655;POLYGON((283582 9607219,297349 9599917,196212 9400656,175555 9411579,283582 9607219))
32656;POLYGON((243917 9631944,256850 9623242,135434 9435554,116018 9448578,243917 9631944))
32657;POLYGON((207043 9660683,218999 9650676,78597 9476623,60636 9491611,207043 9660683))
32658;POLYGON((173365 9693126,184212 9681921,26328 9523428,10022 9540220,173365 9693126))
32659;POLYGON((143254 9728922,152873 9716641,-20792 9575471,-35263 9593887,143254 9728922))
32660;POLYGON((117042 9767682,125327 9754458,-62241 9632193,-74715 9652036,117042 9767682))
