32701;POLYGON((-6068123 3993756,-5847889 4211023,-5604518 3972612,-5806341 3759912,-6068123 3993756))
32702;POLYGON((-6720158 3234679,-6504866 3507003,-6201928 3286638,-6394238 3023717,-6720158 3234679))
32703;POLYGON((-7344581 2282256,-7140896 2624114,-6763548 2438768,-6938493 2113827,-7344581 2282256))
32704;POLYGON((-7916002 1085393,-7733360 1515189,-7262934 1390909,-7409621 989336,-7916002 1085393))
32705;POLYGON((-8399315 -420607,-8250636 120386,-7663787 95987,-7767520 -400206,-8399315 -420607))
32706;POLYGON((-8747342 -2317186,-8649853 -1635771,-7917548 -1503848,-7958948 -2116691,-8747342 -2317186))
32707;POLYGON((-8898107 -4706251,-8874296 -3847915,-7960623 -3479307,-7914614 -4235636,-8898107 -4706251))
32708;POLYGON((-8771729 -7714566,-8850420 -6633991,-7711204 -5916375,-7545857 -6848714,-8771729 -7714566))
32709;POLYGON((-8266883 -11498877,-8484470 -10140134,-7065656 -8919090,-6740889 -10066668,-8266883 -11498877))
32710;POLYGON((-7256841 -16251877,-7658654 -14546337,-5894454 -12612725,-5360562 -14022630,-7256841 -16251877))
32711;POLYGON((-5585021 -22209086,-6226865 -20073017,-4037619 -17147408,-3233649 -18875905,-5585021 -22209086))
32712;POLYGON((-3060057 -29656750,-4009911 -26988568,-1299652 -22702248,-151590 -24816265,-3060057 -29656750))
32713;POLYGON((549662 -38940869,-790236 -35617995,2556081 -29489976,4137307 -32068785,549662 -38940869))
32714;POLYGON((5522002 -50477450,3693903 -46352749,7813539 -37762190,9934253 -40899288,5522002 -50477450))
32715;POLYGON((12187664 -64764108,9754829 -59661866,14810788 -47815226,17596966 -51620448,12187664 -64764108))
32716;POLYGON((20937368 -82393131,17762419 -76104529,23947414 -59996727,27547297 -64598598,20937368 -82393131))
32717;POLYGON((32229672 -104066131,28151711 -96344177,35692593 -74712957,40279530 -80261304,32229672 -104066131))
32718;POLYGON((46599437 -130610416,41431147 -121164289,50593844 -92436924,56369364 -99105777,46599437 -130610416))
32719;POLYGON((64666979 -162997216,58191501 -151485977,69286489 -113717374,76483623 -121708166,64666979 -162997216))
32720;POLYGON((87147929 -202361898,79115489 -188387518,92503866 -139188716,101390712 -148733811,87147929 -202361898))
32721;POLYGON((-78115489 -188387518,-86147929 -202361898,-100390712 -148733811,-91503866 -139188716,-78115489 -188387518))
32722;POLYGON((-57191501 -151485977,-63666979 -162997216,-75483623 -121708166,-68286489 -113717374,-57191501 -151485977))
32723;POLYGON((-40431147 -121164289,-45599437 -130610416,-55369364 -99105777,-49593844 -92436924,-40431147 -121164289))
32724;POLYGON((-27151711 -96344177,-31229672 -104066131,-39279530 -80261304,-34692593 -74712957,-27151711 -96344177))
32725;POLYGON((-16762419 -76104529,-19937368 -82393131,-26547297 -64598598,-22947414 -59996727,-16762419 -76104529))
32726;POLYGON((-8754829 -59661866,-11187664 -64764108,-16596966 -51620448,-13810788 -47815226,-8754829 -59661866))
32727;POLYGON((-2693903 -46352749,-4522002 -50477450,-8934253 -40899288,-6813539 -37762190,-2693903 -46352749))
32728;POLYGON((1790236 -35617995,450337 -38940869,-3137307 -32068785,-1556081 -29489976,1790236 -35617995))
32729;POLYGON((5009911 -26988568,4060057 -29656750,1151590 -24816265,2299652 -22702248,5009911 -26988568))
32730;POLYGON((7226865 -20073017,6585021 -22209086,4233649 -18875905,5037619 -17147408,7226865 -20073017))
32731;POLYGON((8658654 -14546337,8256841 -16251877,6360562 -14022630,6894454 -12612725,8658654 -14546337))
32732;POLYGON((9484470 -10140134,9266883 -11498877,7740889 -10066668,8065656 -8919090,9484470 -10140134))
32733;POLYGON((9850420 -6633991,9771729 -7714566,8545857 -6848714,8711204 -5916375,9850420 -6633991))
32734;POLYGON((9874296 -3847915,9898107 -4706251,8914614 -4235636,8960623 -3479307,9874296 -3847915))
32735;POLYGON((9649853 -1635771,9747342 -2317186,8958948 -2116691,8917548 -1503848,9649853 -1635771))
32736;POLYGON((9250636 120386,9399315 -420607,8767520 -400206,8663787 95987,9250636 120386))
32737;POLYGON((8733360 1515189,8916002 1085393,8409621 989336,8262934 1390909,8733360 1515189))
32738;POLYGON((8140896 2624114,8344581 2282256,7938493 2113827,7763548 2438768,8140896 2624114))
32739;POLYGON((7504866 3507003,7720158 3234679,7394238 3023717,7201928 3286638,7504866 3507003))
32740;POLYGON((6847889 4211023,7068123 3993756,6806341 3759912,6604518 3972612,6847889 4211023))
32741;POLYGON((6185498 4773139,6406178 4599608,6195834 4355385,5989960 4527335,6185498 4773139))
32742;POLYGON((5527759 5222152,5746050 5083554,5577143 4836551,5370831 4975308,5527759 5222152))
32743;POLYGON((4880609 5580367,5094918 5469898,4959623 5224436,4755091 5335982,4880609 5580367))
32744;POLYGON((4246951 5864950,4456589 5777388,4348826 5535643,4147266 5624677,4246951 5864950))
32745;POLYGON((3627530 6089008,3832443 6020378,3747533 5783171,3549397 5853341,3627530 6089008))
32746;POLYGON((3021604 6262441,3222170 6209754,3156552 5977072,2961788 6031172,3021604 6262441))
32747;POLYGON((2427462 6392611,2624334 6353662,2575353 6124997,2383568 6165118,2427462 6392611))
32748;POLYGON((1842784 6484840,2036785 6458056,2002521 6232614,1813108 6260267,1842784 6484840))
32749;POLYGON((1264900 6542782,1456947 6527113,1436094 6303945,1248319 6320146,1264900 6542782))
32750;POLYGON((690950 6568681,882010 6563523,873787 6341599,686847 6346936,690950 6568681))
32751;POLYGON((117989 6563523,309049 6568681,313152 6346936,126212 6341599,117989 6563523))
32752;POLYGON((-456947 6527113,-264900 6542782,-248319 6320146,-436094 6303945,-456947 6527113))
32753;POLYGON((-1036785 6458056,-842784 6484840,-813108 6260267,-1002521 6232614,-1036785 6458056))
32754;POLYGON((-1624334 6353662,-1427462 6392611,-1383568 6165118,-1575353 6124997,-1624334 6353662))
32755;POLYGON((-2222170 6209754,-2021604 6262441,-1961788 6031172,-2156552 5977072,-2222170 6209754))
32756;POLYGON((-2832443 6020378,-2627530 6089008,-2549397 5853341,-2747533 5783171,-2832443 6020378))
32757;POLYGON((-3456589 5777388,-3246951 5864950,-3147266 5624677,-3348826 5535643,-3456589 5777388))
32758;POLYGON((-4094918 5469898,-3880609 5580367,-3755091 5335982,-3959623 5224436,-4094918 5469898))
32759;POLYGON((-4746050 5083554,-4527759 5222152,-4370831 4975308,-4577143 4836551,-4746050 5083554))
32760;POLYGON((-5406178 4599608,-5185498 4773139,-4989960 4527335,-5195834 4355385,-5406178 4599608))
