32601;POLYGON((-4955329 6758029,-4799208 6571058,-5032795 6367820,-5203324 6561731,-4955329 6758029))
32602;POLYGON((-5390902 7386976,-5252020 7165504,-5530987 6987287,-5686480 7220300,-5390902 7386976))
32603;POLYGON((-5757538 8128246,-5644807 7867850,-5975965 7730443,-6107702 8009123,-5757538 8128246))
32604;POLYGON((-6022549 8995176,-5947931 8691426,-6338613 8617790,-6434763 8949502,-6022549 8995176))
32605;POLYGON((-6142684 10000551,-6121911 9649307,-6579758 9672189,-6624628 10065044,-6142684 10000551))
32606;POLYGON((-6061718 11155515,-6115136 10753326,-6647790 10918646,-6620947 11381399,-6061718 11155515))
32607;POLYGON((-5707695 12468138,-5861223 12012760,-6475903 12383945,-6351171 12925826,-5707695 12468138))
32608;POLYGON((-4989777 13941575,-5276004 13432635,-5978950 14096078,-5723263 14726558,-4989777 13941575))
32609;POLYGON((-3794682 15571754,-4254100 15011576,-5049861 16083456,-4621975 16811925,-3794682 15571754))
32610;POLYGON((-1982685 17344527,-2665074 16739146,-3555617 18373856,-2904660 19209204,-1982685 17344527))
32611;POLYGON((616850 19232216,-349117 18592603,-1332735 20993055,-396593 21943149,616850 19232216))
32612;POLYGON((4210432 21189474,2887736 20532994,1817743 23963131,3114221 25034157,4210432 21189474))
32613;POLYGON((9045917 23148379,7278920 22500517,6135822 27300366,7882797 28496037,9045917 23148379))
32614;POLYGON((15418536 25012687,13103168 24409064,11908662 31012709,14213478 32333320,15418536 25012687))
32615;POLYGON((23677491 26651144,20690923 26139854,19477303 35096764,22466862 36538061,23677491 26651144))
32616;POLYGON((34233150 27889773,30431327 27534078,29243999 39534228,33067352 41086099,34233150 27889773))
32617;POLYGON((47564874 28503037,42779834 28384439,41680208 44287744,46511362 45932693,47564874 28503037))
32618;POLYGON((64229485 28203777,58266462 28425518,57335254 49296106,63376219 51007502,64229485 28203777))
32619;POLYGON((84870423 26631819,77504720 27322831,76845697 54468754,84329772 56208826,84870423 26631819))
32620;POLYGON((110227608 23341142,101201227 24660491,100945439 59679503,110140744 61397071,110227608 23341142))
32621;POLYGON((-109227608 23341142,-118871152 21771084,-118972601 63093083,-109140744 61397071,-109227608 23341142))
32622;POLYGON((-83870423 26631819,-91759273 25750662,-91352639 57947817,-83329772 56208826,-83870423 26631819))
32623;POLYGON((-63229485 28203777,-69633528 27841330,-68870655 52733266,-62376219 51007502,-63229485 28203777))
32624;POLYGON((-46564874 28503037,-51719522 28520842,-50721865 47603257,-45511362 45932693,-46564874 28503037))
32625;POLYGON((-33233150 27889773,-37342788 28176488,-36205986 42671352,-32067352 41086099,-33233150 27889773))
32626;POLYGON((-22677491 26651144,-25918680 27118431,-24716619 38017670,-21466862 36538061,-22677491 26651144))
32627;POLYGON((-14418536 25012687,-16942994 25591566,-15731403 33694891,-13213478 32333320,-14418536 25012687))
32628;POLYGON((-8045917 23148379,-9983263 23786018,-8802877 29733522,-6882797 28496037,-8045917 23148379))
32629;POLYGON((-3210432 21189474,-4670727 21846369,-3550045 26146466,-2114221 25034157,-3210432 21189474))
32630;POLYGON((383149 19232216,-692927 19879744,349388 22932970,1396593 21943149,383149 19232216))
32631;POLYGON((2982685 17344527,2213087 17962820,3166148 20081995,3904660 19209204,2982685 17344527))
32632;POLYGON((4794682 15571754,4266973 16147886,5125905 17575071,5621975 16811925,4794682 15571754))
32633;POLYGON((5989777 13941575,5650746 14468013,6415203 15388673,6723263 14726558,5989777 13941575))
32634;POLYGON((6707695 12468138,6513917 12941443,7186836 13496185,7351171 12925826,6707695 12468138))
32635;POLYGON((7061718 11155515,6978114 11575261,7564698 11869485,7620947 11381399,7061718 11155515))
32636;POLYGON((7142684 10000551,7141241 10368440,7648126 10480198,7624628 10065044,7142684 10000551))
32637;POLYGON((7022549 8995176,7081176 9314322,7515778 9300658,7434763 8949502,7022549 8995176))
32638;POLYGON((6757538 8128246,6859064 8402609,7229065 8304622,7107702 8009123,6757538 8128246))
32639;POLYGON((6390902 7386976,6522195 7620925,6835163 7467765,6686480 7220300,6390902 7386976))
32640;POLYGON((5955329 6758029,6106532 6956018,6369646 6767997,6203324 6561731,5955329 6758029))
32641;POLYGON((5475005 6228308,5638887 6394637,5858750 6185626,5681803 6014541,5475005 6228308))
32642;POLYGON((4967389 5785508,5138780 5924165,5321312 5703412,5138664 5562299,4967389 5785508))
32643;POLYGON((4444686 5418466,4620020 5533030,4770398 5306513,4585367 5190940,4444686 5418466))
32644;POLYGON((3915088 5117363,4092014 5210952,4214668 4982375,4029357 4888637,3915088 5117363))
32645;POLYGON((3383773 4873805,3560847 4949056,3659478 4720568,3475099 4645632,3383773 4873805))
32646;POLYGON((2853715 4680818,3030149 4739901,3107773 4512605,2924897 4454036,2853715 4680818))
32647;POLYGON((2326312 4532793,2501781 4577431,2560784 4351738,2379538 4307643,2326312 4532793))
32648;POLYGON((1801874 4425404,1976371 4456903,2018565 4232777,1838775 4201740,1801874 4425404))
32649;POLYGON((1279990 4355506,1453714 4374787,1480387 4151911,1301693 4132945,1279990 4355506))
32650;POLYGON((759800 4321059,933073 4328685,945037 4106575,766962 4099080,759800 4321059))
32651;POLYGON((240199 4321059,413407 4317252,411022 4095339,233037 4099080,240199 4321059))
32652;POLYGON((-279990 4355506,-106456 4340155,-123261 4117850,-301693 4132945,-279990 4355506))
32653;POLYGON((-801874 4425404,-627664 4398061,-659398 4174816,-838775 4201740,-801874 4425404))
32654;POLYGON((-1326312 4532793,-1151178 4492661,-1198807 4268036,-1379538 4307643,-1326312 4532793))
32655;POLYGON((-1853715 4680818,-1677585 4626720,-1742567 4400478,-1924897 4454036,-1853715 4680818))
32656;POLYGON((-2383773 4873805,-2206851 4804161,-2291183 4576394,-2475099 4645632,-2383773 4873805))
32657;POLYGON((-2915088 5117363,-2737988 5030156,-2844259 4801473,-3029357 4888637,-2915088 5117363))
32658;POLYGON((-3444686 5418466,-3268610 5311216,-3400059 5083022,-3585367 5190940,-3444686 5418466))
32659;POLYGON((-3967389 5785508,-3794354 5655256,-3954921 5430154,-4138664 5562299,-3967389 5785508))
32660;POLYGON((-4475005 6228308,-4308134 6071627,-4502498 5853986,-4681803 6014541,-4475005 6228308))
