32601;POLYGON((-3206036 7962100,-3124159 7834231,-3338951 7686103,-3427927 7821747,-3206036 7962100))
32602;POLYGON((-3418648 8368311,-3353742 8229370,-3588870 8106357,-3659763 8254902,-3418648 8368311))
32603;POLYGON((-3571353 8802553,-3528017 8655289,-3779392 8563028,-3826789 8721851,-3571353 8802553))
32604;POLYGON((-3648407 9253366,-3632230 9102193,-3893028 9046577,-3910220 9211255,-3648407 9253366))
32605;POLYGON((-3630771 9703165,-3648497 9554740,-3908173 9541445,-3886913 9705103,-3630771 9703165))
32606;POLYGON((-3495587 10126238,-3555295 9990176,-3798350 10023936,-3728592 10176428,-3495587 10126238))
32607;POLYGON((-3215587 10486297,-3326895 10376040,-3531378 10459592,-3400964 10586509,-3215587 10486297))
32608;POLYGON((-2758440 10733517,-2932731 10667383,-3068419 10800010,-2862744 10881473,-2758440 10733517))
32609;POLYGON((-2086032 10800991,-2336701 10803426,-2362922 10978989,-2064557 10988207,-2086032 10800991))
32610;POLYGON((-1153663 10600534,-1496394 10703586,-1359449 10907946,-947718 10809505,-1153663 10600534))
32611;POLYGON((90825 10017741,-362239 10262796,7628 10470494,557110 10218355,90825 10017741))
32612;POLYGON((1708016 8906239,1123424 9346031,1815564 9516099,2531400 9051247,1708016 8906239))
32613;POLYGON((3767956 7081022,3027367 7781963,4154812 7852689,5070379 7100433,3767956 7081022))
32614;POLYGON((6351305 4310787,5426580 5355640,7130748 5238136,8284808 4104992,6351305 4310787))
32615;POLYGON((9550566 309179,8409473 1800102,10865551 1370475,12302911 -259395,9550566 309179))
32616;POLYGON((13471431 -5275176,12077189 -3213167,15500238 -4123248,17272470 -6392080,13471431 -5275176))
32617;POLYGON((18234222 -12869938,16545002 -10085061,21196883 -11699634,23363095 -14780634,18234222 -12869938))
32618;POLYGON((23975445 -22991739,21943847 -19301052,28140995 -21913208,30768673 -26015701,23975445 -22991739))
32619;POLYGON((30849464 -36260407,28421942 -31444890,36544097 -35432475,39709999 -40807669,30849464 -36260407))
32620;POLYGON((39030291 -53414847,36146542 -47213916,46646486 -53057873,50437612 -60005299,39030291 -53414847))
32621;POLYGON((-38030291 -53414847,-41080778 -60143539,-53458397 -67552730,-49437612 -60005299,-38030291 -53414847))
32622;POLYGON((-29849464 -36260407,-32422011 -41506553,-42074108 -46671075,-38709999 -40807669,-29849464 -36260407))
32623;POLYGON((-22975445 -22991739,-25132747 -27031099,-32566744 -30512269,-29768673 -26015701,-22975445 -22991739))
32624;POLYGON((-17234222 -12869938,-19032009 -15934749,-24675191 -18176930,-22363095 -14780634,-17234222 -12869938))
32625;POLYGON((-12471431 -5275176,-13959088 -7559833,-18169065 -8910718,-16272470 -6392080,-12471431 -5275176))
32626;POLYGON((-8550566 309179,-9771717 -1356977,-12845809 -2085018,-11302911 -259395,-8550566 309179))
32627;POLYGON((-5351305 4310787,-6344356 3129649,-8528004 2820358,-7284808 4104992,-5351305 4310787))
32628;POLYGON((-2767956 7081022,-3566604 6275530,-5060852 6232628,-4070379 7100433,-2767956 7081022))
32629;POLYGON((-708016 8906239,-1341715 8387526,-2309851 8499753,-1531400 9051247,-708016 8906239))
32630;POLYGON((909174 10017741,414775 9714258,-158641 9902582,442889 10218355,909174 10017741))
32631;POLYGON((2153663 10600534,1776322 10455262,1492977 10665537,1947718 10809505,2153663 10600534))
32632;POLYGON((3086032 10800991,2806541 10769001,2730874 10965954,3064557 10988207,3086032 10800991))
32633;POLYGON((3758440 10733517,3560286 10779853,3628261 10942219,3862744 10881473,3758440 10733517))
32634;POLYGON((4215587 10486297,4084643 10584156,4247217 10700793,4400964 10586509,4215587 10486297))
32635;POLYGON((4495587 10126238,4419830 10255410,4640079 10322239,4728592 10176428,4495587 10126238))
32636;POLYGON((4630771 9703165,4600021 9848707,4850702 9866354,4886913 9705103,4630771 9703165))
32637;POLYGON((4648407 9253366,4654094 9404493,4915593 9376501,4910220 9211255,4648407 9253366))
32638;POLYGON((4571353 8802553,4606311 8951708,4864933 8883223,4826789 8721851,4571353 8802553))
32639;POLYGON((4418648 8368311,4476921 8510403,4723486 8407241,4659763 8254902,4418648 8368311))
32640;POLYGON((4206036 7962100,4282712 8093882,4511406 7961894,4427927 7821747,4206036 7962100))
32641;POLYGON((3946440 7590874,4037498 7710445,4244958 7555110,4146390 7428876,3946440 7590874))
32642;POLYGON((3650377 7258364,3752555 7364769,3937144 7190971,3827193 7079376,3650377 7258364))
32643;POLYGON((3326337 6966079,3437008 7059011,3598251 6870932,3479828 6774045,3326337 6966079))
32644;POLYGON((2981101 6714089,3098177 6793645,3236330 6594755,3111695 6512247,2981101 6714089))
32645;POLYGON((2620044 6501593,2741873 6568108,2857610 6361205,2728496 6292538,2620044 6501593))
32646;POLYGON((2247381 6327358,2372672 6381269,2466850 6168565,2334571 6113121,2247381 6327358))
32647;POLYGON((1866399 6190016,1994146 6231780,2067646 6014986,1933188 5972168,1866399 6190016))
32648;POLYGON((1479662 6088281,1609080 6118308,1662692 5898741,1526795 5868029,1479662 6088281))
32649;POLYGON((1089188 6021089,1219654 6039702,1254011 5818385,1117232 5799377,1089188 6021089))
32650;POLYGON((696620 5987687,827619 5995099,843147 5772850,705928 5765288,696620 5987687))
32651;POLYGON((303379 5987687,434451 5983984,431350 5761510,294071 5765288,303379 5987687))
32652;POLYGON((-89188 6021089,41507 6006228,19737 5784207,-117232 5799377,-89188 6021089))
32653;POLYGON((-479662 6088281,-349832 6062090,-390549 5841257,-526795 5868029,-479662 6088281))
32654;POLYGON((-866399 6190016,-738017 6152206,-798179 5933438,-933188 5972168,-866399 6190016))
32655;POLYGON((-1247381 6327358,-1121171 6277545,-1201470 6061950,-1334571 6113121,-1247381 6327358))
32656;POLYGON((-1620044 6501593,-1496933 6439331,-1598199 6228347,-1728496 6292538,-1620044 6501593))
32657;POLYGON((-1981101 6714089,-1862277 6638924,-1985396 6434419,-2111695 6512247,-1981101 6714089))
32658;POLYGON((-2326337 6966079,-2213321 6877632,-2359111 6682002,-2479828 6774045,-2326337 6966079))
32659;POLYGON((-2650377 7258364,-2545105 7156439,-2714130 6972700,-2827193 7079376,-2650377 7258364))
32660;POLYGON((-2946440 7590874,-2851346 7475624,-3043659 7307480,-3146390 7428876,-2946440 7590874))
