32701;POLYGON((-1718241 1162766,-1674381 1239385,-1472895 1119253,-1512262 1049703,-1718241 1162766))
32702;POLYGON((-1832748 923462,-1797515 1004681,-1583461 906308,-1615156 832673,-1832748 923462))
32703;POLYGON((-1919826 672803,-1893982 757368,-1670433 682103,-1693909 605419,-1919826 672803))
32704;POLYGON((-1977465 415142,-1961626 501499,-1732324 449934,-1747202 371429,-1977465 415142))
32705;POLYGON((-2004231 155817,-1998797 242071,-1768217 213687,-1774352 134790,-2004231 155817))
32706;POLYGON((-1999508 -98739,-2004577 -14862,-1777973 -22150,-1775536 -99810,-1999508 -98739))
32707;POLYGON((-1963780 -340893,-1979049 -262077,-1762490 -252498,-1752061 -327101,-1963780 -340893))
32708;POLYGON((-1898963 -561708,-1923612 -491082,-1723996 -471718,-1706670 -541272,-1898963 -561708))
32709;POLYGON((-1808789 -750855,-1841347 -692021,-1666391 -673684,-1643905 -736057,-1808789 -750855))
32710;POLYGON((-1699244 -896545,-1737435 -853600,-1595636 -851898,-1570510 -904866,-1699244 -896545))
32711;POLYGON((-1579062 -985471,-1619636 -963021,-1520195 -999644,-1495891 -1040955,-1579062 -985471))
32712;POLYGON((-1460281 -1002779,-1498821 -1005948,-1451533 -1110202,-1432634 -1137662,-1460281 -1002779))
32713;POLYGON((-1358868 -932062,-1389575 -966491,-1404667 -1177124,-1397072 -1188701,-1358868 -932062))
32714;POLYGON((-1295404 -755388,-1310859 -827220,-1398782 -1194577,-1409927 -1188533,-1295404 -755388))
32715;POLYGON((-1295844 -453362,-1286748 -569220,-1457907 -1157765,-1497006 -1132817,-1295844 -453362))
32716;POLYGON((-1392353 -5232,-1347241 -172176,-1611664 -1063435,-1689970 -1018945,-1392353 -5232))
32717;POLYGON((-1624218 610963,-1529143 385490,-1896075 -910487,-2027172 -846684,-1624218 610963))
32718;POLYGON((-2038839 1418197,-1877034 1126440,-2354457 -700676,-2554566 -618919,-2038839 1418197))
32719;POLYGON((-2692804 2440190,-2444316 2074177,-3038376 -439439,-3326700 -342519,-2692804 2440190))
32720;POLYGON((-3653061 3701096,-3294347 3252750,-4008696 -136846,-4407777 -29332,-3653061 3701096))
32721;POLYGON((4653061 3701096,5054429 4178680,5849422 80334,5407777 -29332,4653061 3701096))
32722;POLYGON((3692804 2440190,3975230 2832748,4649261 -241461,4326700 -342519,3692804 2440190))
32723;POLYGON((3038839 1418197,3227152 1733811,3781790 -531717,3554566 -618919,3038839 1418197))
32724;POLYGON((2624218 610963,2739524 857656,3179331 -776681,3027172 -846684,2624218 610963))
32725;POLYGON((2392353 -5232,2452438 180376,2784241 -967942,2689970 -1018945,2392353 -5232))
32726;POLYGON((2295844 -453362,2315555 -321281,2547814 -1101389,2497006 -1132817,2295844 -453362))
32727;POLYGON((2295404 -755388,2286997 -669639,2429270 -1176304,2409927 -1188533,2295404 -755388))
32728;POLYGON((2358868 -932062,2332333 -885872,2394814 -1194578,2397072 -1188701,2358868 -932062))
32729;POLYGON((2460281 -1002779,2423633 -989842,2416776 -1160042,2432634 -1137662,2460281 -1002779))
32730;POLYGON((2579062 -985471,2538611 -999976,2472820 -1077888,2495891 -1040955,2579062 -985471))
32731;POLYGON((2699244 -896545,2659845 -933195,2545222 -954198,2570510 -904866,2699244 -896545))
32732;POLYGON((2808789 -750855,2774057 -804872,2620216 -795545,2643905 -736057,2808789 -750855))
32733;POLYGON((2898963 -561708,2871478 -628827,2687395 -608674,2706670 -541272,2898963 -561708))
32734;POLYGON((2963780 -340893,2945263 -417350,2739182 -400250,2752061 -327101,2963780 -340893))
32735;POLYGON((2999508 -98739,2990982 -181249,2770348 -176663,2775536 -99810,2999508 -98739))
32736;POLYGON((3004231 155817,3006157 70084,2777594 56115,2774352 134790,3004231 155817))
32737;POLYGON((2977465 415142,2989867 328592,2759168 292625,2747202 371429,2977465 415142))
32738;POLYGON((2919826 672803,2942395 587452,2714551 527981,2693909 605419,2919826 672803))
32739;POLYGON((2832748 923462,2864931 840975,2644166 757897,2615156 832673,2832748 923462))
32740;POLYGON((2718241 1162766,2759316 1084492,2549141 978687,2512262 1049703,2718241 1162766))
32741;POLYGON((2578692 1387228,2627833 1314239,2431112 1187243,2386991 1253585,2578692 1387228))
32742;POLYGON((2416711 1594113,2473031 1527245,2292052 1380999,2241398 1441924,2416711 1594113))
32743;POLYGON((2234997 1781328,2297593 1721215,2134141 1557883,2077707 1612800,2234997 1781328))
32744;POLYGON((2036251 1947314,2104228 1894422,1959659 1716257,1898215 1764708,2036251 1947314))
32745;POLYGON((1823106 2090945,1895596 2045606,1770914 1854863,1705225 1896501,1823106 2090945))
32746;POLYGON((1598087 2211437,1674262 2173881,1570186 1972757,1500999 2007327,1598087 2211437))
32747;POLYGON((1363591 2308266,1442667 2278643,1359693 2069253,1287731 2096575,1363591 2308266))
32748;POLYGON((1121887 2381102,1203121 2359504,1141577 2143870,1067536 2163821,1121887 2381102))
32749;POLYGON((875127 2429746,957814 2416227,917903 2196286,842457 2208788,875127 2429746))
32750;POLYGON((625373 2454091,708833 2448680,690670 2226302,614473 2231309,625373 2454091))
32751;POLYGON((374626 2454091,458196 2456797,461830 2233813,385526 2231309,374626 2454091))
32752;POLYGON((124872 2429746,207890 2440564,233310 2218794,157542 2208788,124872 2429746))
32753;POLYGON((-121887 2381102,-40092 2400011,7045 2181295,-67536 2163821,-121887 2381102))
32754;POLYGON((-363591 2308266,-283716 2335223,-215000 2121451,-287731 2096575,-363591 2308266))
32755;POLYGON((-598087 2211437,-520860 2246362,-430808 2039498,-500999 2007327,-598087 2211437))
32756;POLYGON((-823106 2090945,-749298 2133710,-638288 1935807,-705225 1896501,-823106 2090945))
32757;POLYGON((-1036251 1947314,-966675 1997720,-835272 1810922,-898215 1764708,-1036251 1947314))
32758;POLYGON((-1234997 1781328,-1170509 1839079,-1019518 1665607,-1077707 1612800,-1234997 1781328))
32759;POLYGON((-1416711 1594113,-1358198 1658790,-1188733 1500906,-1241398 1441924,-1416711 1594113))
32760;POLYGON((-1578692 1387228,-1527059 1458258,-1340611 1318196,-1386991 1253585,-1578692 1387228))
