32601;POLYGON((-3829540 7449076,-3721505 7300535,-3939467 7131751,-4056959 7287931,-3829540 7449076))
32602;POLYGON((-4117600 7930597,-4028242 7764197,-4274459 7621070,-4373041 7798014,-4117600 7930597))
32603;POLYGON((-4336566 8463043,-4272606 8280267,-4545781 8172296,-4618074 8369340,-4336566 8463043))
32604;POLYGON((-4462586 9038680,-4432630 8842722,-4729205 8782018,-4765642 8996942,-4462586 9038680))
32605;POLYGON((-4465374 9643267,-4480309 9439740,-4793475 9441500,-4781819 9669834,-4465374 9643267))
32606;POLYGON((-4306903 10253563,-4380354 10051390,-4698793 10134422,-4623588 10368567,-4306903 10253563))
32607;POLYGON((-3939919 10834244,-4088761 10646761,-4395089 10834030,-4237028 11062163,-3939919 10834244))
32608;POLYGON((-3306251 11334112,-3551201 11180415,-3820044 11499614,-3555256 11704343,-3306251 11334112))
32609;POLYGON((-2334921 11681503,-2701187 11588072,-2896869 12072206,-2496117 12228949,-2334921 11681503))
32610;POLYGON((-940016 11778798,-1458036 11781438,-1531799 12469394,-959581 12544434,-940016 11778798))
32611;POLYGON((981664 11495914,275413 11642040,388698 12579142,1175145 12527324,981664 11495914))
32612;POLYGON((3553224 10662648,2615326 11013974,3001022 12252491,4052826 12014518,3553224 10662648))
32613;POLYGON((6920545 9059771,5699651 9695427,6467857 11295016,7845731 10794303,6920545 9059771))
32614;POLYGON((11255441 6408716,9691192 7428849,10981945 9456899,12757515 8595933,11255441 6408716))
32615;POLYGON((16759110 2359732,14780950 3889634,16770203 6421488,19027470 5077651,16759110 2359732))
32616;POLYGON((23665887 -3521649,21191777 -1326833,24098226 1792183,26935151 -187016,23665887 -3521649))
32617;POLYGON((32247324 -11769976,29182347 -8719914,33275177 -4922497,36805401 -7724838,32247324 -11769976))
32618;POLYGON((42816600 -23037244,39051451 -18900396,44659092 -14325842,49013797 -18180495,42816600 -23037244))
32619;POLYGON((55733276 -38112422,51142639 -32609279,58662603 -27152016,63992521 -32336419,55733276 -38112422))
32620;POLYGON((71408422 -57943316,65849219 -50738844,75759119 -44287472,82236689 -51135005,71408422 -57943316))
32621;POLYGON((-76325613 -65800143,83619629 -74356171,96489450 -66794860,-88139214 -58621885,-76325613 -65800143))
32622;POLYGON((-59629941 -44142472,-64849219 -50738844,-74759119 -44287472,-68684693 -38035154,-59629941 -44142472))
32623;POLYGON((-45842147 -27595888,-50142639 -32609279,-57662603 -27152016,-52675798 -22444976,-45842147 -27595888))
32624;POLYGON((-34532791 -15154350,-38051451 -18900396,-43659092 -14325842,-39594953 -10850252,-34532791 -15154350))
32625;POLYGON((-25325728 -5978494,-28182347 -8719914,-32275177 -4922497,-28989722 -2417822,-25325728 -5978494))
32626;POLYGON((-17892864 627051,-20191777 -1326833,-23098226 1792183,-20466335 3540594,-17892864 627051))
32627;POLYGON((-11949281 5233953,-13780950 3889634,-15770203 6421488,-13683662 7589005,-11949281 5233953))
32628;POLYGON((-7248706 8308235,-8691192 7428849,-9981945 9456899,-8347631 10185489,-7248706 8308235))
32629;POLYGON((-3579327 10226296,-4699651 9695427,-5467857 11295016,-4206064 11698429,-3579327 10226296))
32630;POLYGON((-759935 11289037,-1615326 11013974,-2001022 12252491,-1043916 12420827,-759935 11289037))
32631;POLYGON((1363630 11734246,724586 11642040,611301 12579142,1321094 12582844,1363630 11734246))
32632;POLYGON((2921733 11747410,2458036 11781438,2531799 12469394,3042491 12362718,2921733 11747410))
32633;POLYGON((4023906 11471079,3701187 11588072,3896869 12072206,4248685 11896216,4023906 11471079))
32634;POLYGON((4761550 11012915,4551201 11180415,4820044 11499614,5046291 11284745,4761550 11012915))
32635;POLYGON((5210374 10452575,5088761 10646761,5395089 10834030,5523120 10602267,5210374 10452575))
32636;POLYGON((5432596 9847527,5380354 10051390,5698793 10134422,5750874 9901134,5432596 9847527))
32637;POLYGON((5478913 9237928,5480309 9439740,5793475 9441500,5787554 9216966,5478913 9237928))
32638;POLYGON((5390251 8650671,5432630 8842722,5729205 8782018,5679599 8572685,5390251 8650671))
32639;POLYGON((5199324 8102692,5272606 8280267,5545781 8172296,5463779 7981795,5199324 8102692))
32640;POLYGON((4931994 7603653,5028242 7764197,5274459 7621070,5168850 7451033,4931994 7603653))
32641;POLYGON((4608463 7158064,4721505 7300535,4939467 7131751,4816994 6982452,4608463 7158064))
32642;POLYGON((4244307 6766951,4369408 6891309,4559306 6704198,4425064 6575041,4244307 6766951))
32643;POLYGON((3851354 6429119,3984938 6535944,4147874 6336055,4005640 6225947,3851354 6429119))
32644;POLYGON((3438443 6142106,3577856 6232313,3715408 6023762,3567922 5931378,3438443 6142106))
32645;POLYGON((3012047 5902864,3155358 5977500,3269281 5763266,3118482 5687239,3012047 5902864))
32646;POLYGON((2576809 5708241,2722646 5768346,2814657 5550525,2661871 5489569,2576809 5708241))
32647;POLYGON((2135971 5555296,2283385 5601812,2355031 5381830,2201129 5334820,2135971 5555296))
32648;POLYGON((1691732 5441506,1840087 5475220,1892659 5254007,1738182 5220026,1691732 5441506))
32649;POLYGON((1245545 5364884,1394424 5386394,1428914 5164530,1274173 5142890,1245545 5364884))
32650;POLYGON((798356 5324045,947487 5333742,964564 5111576,809720 5101830,798356 5324045))
32651;POLYGON((350812 5318235,500000 5316300,500000 5094047,345136 5095992,350812 5318235))
32652;POLYGON((-96557 5347346,52512 5333742,35435 5111576,-119385 5125252,-96557 5347346))
32653;POLYGON((-543165 5411917,-394424 5386394,-428914 5164530,-583591 5190223,-543165 5411917))
32654;POLYGON((-988184 5513125,-840087 5475220,-892659 5254007,-1046988 5292244,-988184 5513125))
32655;POLYGON((-1430358 5652763,-1283385 5601812,-1355031 5381830,-1508635 5433376,-1430358 5652763))
32656;POLYGON((-1867765 5833184,-1722646 5768346,-1814657 5550525,-1966898 5616371,-1867765 5833184))
32657;POLYGON((-2297547 6057208,-2155358 5977500,-2269281 5763266,-2419150 5844597,-2297547 6057208))
32658;POLYGON((-2715572 6327945,-2577856 6232313,-2715408 6023762,-2861395 6121900,-2715572 6327945))
32659;POLYGON((-3116031 6648523,-2984938 6535944,-3147874 6336055,-3287795 6452372,-3116031 6648523))
32660;POLYGON((-3490938 7021664,-3369408 6891309,-3559306 6704198,-3690104 6839965,-3490938 7021664))
