32701;POLYGON((-7918172 8449884,-7506327 8530132,-7420003 8123553,-7822205 8022689,-7918172 8449884))
32702;POLYGON((-9279845 8150250,-8803061 8261124,-8684121 7785849,-9147269 7646968,-9279845 8150250))
32703;POLYGON((-10873524 7734285,-10312685 7888490,-10147637 7319656,-10689229 7127150,-10873524 7734285))
32704;POLYGON((-12766802 7154179,-12097544 7369429,-11867536 6672426,-12509781 6404572,-12766802 7154179))
32705;POLYGON((-15045393 6343921,-14236897 6644565,-13915968 5771384,-14686853 5398366,-15045393 6343921))
32706;POLYGON((-17817127 5213660,-16830722 5632698,-16383615 4517144,-17318143 3998602,-17817127 5213660))
32707;POLYGON((-21216523 3642753,-20004095 4224308,-19383578 2775815,-20525180 2057846,-21216523 3642753))
32708;POLYGON((-25410014 1471324,-23912191 2273636,-23055804 369386,-24457943 -619098,-25410014 1471324))
32709;POLYGON((-30601848 -1509886,-28745951 -410873,-27572102 -2935889,-29300088 -4287514,-30601848 -1509886))
32710;POLYGON((-37040710 -5571600,-34738466 -4077985,-33141794 -7443341,-35274806 -9277432,-37040710 -5571600))
32711;POLYGON((-45027128 -11060247,-42172111 -9047164,-40018023 -13542267,-42651371 -16010928,-45027128 -11060247))
32712;POLYGON((-54921687 -18414632,-51386487 -15724413,-48504773 -21727149,-51752406 -25022348,-54921687 -18414632))
32713;POLYGON((-67154110 -28185285,-62787207 -24620693,-58964639 -32620008,-62961899 -36981788,-67154110 -28185285))
32714;POLYGON((-82233240 -41056785,-76855573 -36373224,-71827374 -46996249,-76734035 -52722174,-82233240 -41056785))
32715;POLYGON((-100757980 -57873332,-94159193 -51769943,-87599275 -65814332,-93602855 -73270294,-100757980 -57873332))
32716;POLYGON((-123429229 -79667904,-115363576 -71777430,-106873419 -90249649,-114192796 -99882161,-123429229 -79667904))
32717;POLYGON((-151062855 -107695299,-141244761 -97572618,-130340817 -121732984,-139230152 -134083087,-151062855 -107695299))
32718;POLYGON((-184603759 -143469416,-172703005 -130578620,-158802504 -161993969,-169555492 -177712899,-184603759 -143469416))
32719;POLYGON((-225141072 -188805108,-210777604 -172505022,-193182624 -213109949,-206137075 -232976704,-225141072 -188805108))
32720;POLYGON((-273924525 -245865000,-256662861 -225393004,-234542523 -277560696,-250085301 -302501649,-273924525 -245865000))
32721;POLYGON((312725270 -291665660,-311725270 -291665660,-284095923 -358289429,285095923 -358289429,312725270 -291665660))
32722;POLYGON((257662861 -225393004,274924525 -245865000,251085301 -302501649,235542523 -277560696,257662861 -225393004))
32723;POLYGON((211777604 -172505022,226141072 -188805108,207137075 -232976704,194182624 -213109949,211777604 -172505022))
32724;POLYGON((173703005 -130578620,185603759 -143469416,170555492 -177712899,159802504 -161993969,173703005 -130578620))
32725;POLYGON((142244761 -97572618,152062855 -107695299,140230152 -134083087,131340817 -121732984,142244761 -97572618))
32726;POLYGON((116363576 -71777430,124429229 -79667904,115192796 -99882161,107873419 -90249649,116363576 -71777430))
32727;POLYGON((95159193 -51769943,101757980 -57873332,94602855 -73270294,88599275 -65814332,95159193 -51769943))
32728;POLYGON((77855573 -36373224,83233240 -41056785,77734035 -52722174,72827374 -46996249,77855573 -36373224))
32729;POLYGON((63787207 -24620693,68154110 -28185285,63961899 -36981788,59964639 -32620008,63787207 -24620693))
32730;POLYGON((52386487 -15724413,55921687 -18414632,52752406 -25022348,49504773 -21727149,52386487 -15724413))
32731;POLYGON((43172111 -9047164,46027128 -11060247,43651371 -16010928,41018023 -13542267,43172111 -9047164))
32732;POLYGON((35738466 -4077985,38040710 -5571600,36274806 -9277432,34141794 -7443341,35738466 -4077985))
32733;POLYGON((29745951 -410873,31601848 -1509886,30300088 -4287514,28572102 -2935889,29745951 -410873))
32734;POLYGON((24912191 2273636,26410014 1471324,25457943 -619098,24055804 369386,24912191 2273636))
32735;POLYGON((21004095 4224308,22216523 3642753,21525180 2057846,20383578 2775815,21004095 4224308))
32736;POLYGON((17830722 5632698,18817127 5213660,18318143 3998602,17383615 4517144,17830722 5632698))
32737;POLYGON((15236897 6644565,16045393 6343921,15686853 5398366,14915968 5771384,15236897 6644565))
32738;POLYGON((13097544 7369429,13766802 7154179,13509781 6404572,12867536 6672426,13097544 7369429))
32739;POLYGON((11312685 7888490,11873524 7734285,11689229 7127150,11147637 7319656,11312685 7888490))
32740;POLYGON((9803061 8261124,10279845 8150250,10147269 7646968,9684121 7785849,9803061 8261124))
32741;POLYGON((8506327 8530132,8918172 8449884,8822205 8022689,8420003 8123553,8506327 8530132))
32742;POLYGON((7373788 8725930,7735589 8667327,7665518 8296279,7310554 8370184,7373788 8725930))
32743;POLYGON((6367607 8869834,6690923 8826610,6639255 8497346,6320830 8552023,6367607 8869834))
32744;POLYGON((5458475 8976593,5752256 8944433,5713813 8646516,5423589 8687306,5458475 8976593))
32745;POLYGON((4623658 9056299,4894855 9032260,4866099 8757990,4597552 8788546,4623658 9056299))
32746;POLYGON((3845412 9115793,4099472 9097886,4078003 8841456,3825983 8864257,3845412 9115793))
32747;POLYGON((3109698 9159678,3350957 9146569,3335163 8903470,3095536 8920183,3109698 9159678))
32748;POLYGON((2405159 9191020,2637157 9181825,2625965 8948431,2395331 8960165,2405159 9191020))
32749;POLYGON((1722316 9211817,1948047 9205967,1940761 8979244,1716226 8986713,1722316 9211817))
32750;POLYGON((1052941 9223305,1275042 9220459,1271236 8997750,1050238 9001384,1052941 9223305))
32751;POLYGON((389543 9226133,610456 9226133,609919 9004997,390080 9004997,389543 9226133))
32752;POLYGON((-275042 9220459,-52941 9223305,-50238 9001384,-271236 8997750,-275042 9220459))
32753;POLYGON((-948047 9205967,-722316 9211817,-716226 8986713,-940761 8979244,-948047 9205967))
32754;POLYGON((-1637157 9181825,-1405159 9191020,-1395331 8960165,-1625965 8948431,-1637157 9181825))
32755;POLYGON((-2350957 9146569,-2109698 9159678,-2095536 8920183,-2335163 8903470,-2350957 9146569))
32756;POLYGON((-3099472 9097886,-2845412 9115793,-2825983 8864257,-3078003 8841456,-3099472 9097886))
32757;POLYGON((-3894855 9032260,-3623658 9056299,-3597552 8788546,-3866099 8757990,-3894855 9032260))
32758;POLYGON((-4752256 8944433,-4458475 8976593,-4423589 8687306,-4713813 8646516,-4752256 8944433))
32759;POLYGON((-5690923 8826610,-5367607 8869834,-5320830 8552023,-5639255 8497346,-5690923 8826610))
32760;POLYGON((-6735589 8667327,-6373788 8725930,-6310554 8370184,-6665518 8296279,-6735589 8667327))
