32701;POLYGON((209858 169620,215890 179644,405314 61204,403306 57863,209858 169620))
32702;POLYGON((193909 138369,198861 148970,399647 50982,398000 47450,193909 138369))
32703;POLYGON((181310 105614,185128 116678,395081 40224,393812 36539,181310 105614))
32704;POLYGON((172196 71714,174840 83119,391664 29047,390788 25250,172196 71714))
32705;POLYGON((166663 37035,168105 48658,389436 17574,388962 13706,166663 37035))
32706;POLYGON((164761 1951,164990 13667,388421 5931,388355 2034,164761 1951))
32707;POLYGON((166497 -33163,165516 -21477,388632 -5755,388975 -9638,166497 -33163))
32708;POLYGON((171831 -67944,169658 -56410,390068 -17356,390817 -21182,171831 -67944))
32709;POLYGON((180675 -102037,177345 -90770,392717 -28745,393865 -32473,180675 -102037))
32710;POLYGON((192893 -135112,188456 -124219,396553 -39798,398089 -43386,192893 -135112))
32711;POLYGON((208300 -166868,202824 -156446,401540 -50392,403450 -53801,208300 -166868))
32712;POLYGON((226661 -197044,220229 -187175,407631 -60412,409898 -63605,226661 -197044))
32713;POLYGON((247695 -225427,240406 -216176,414772 -69748,417375 -72691,247695 -225427))
32714;POLYGON((271071 -251867,263041 -243276,422900 -78298,425816 -80956,271071 -251867))
32715;POLYGON((296415 -276282,287774 -268370,431945 -85966,435152 -88311,296415 -276282))
32716;POLYGON((323306 -298677,314198 -291432,441836 -92667,445309 -94672,323306 -298677))
32717;POLYGON((351283 -319154,341867 -312531,452501 -98325,456216 -99967,351283 -319154))
32718;POLYGON((379847 -337927,370293 -331841,463869 -102872,467803 -104131,379847 -337927))
32719;POLYGON((408464 -355340,398953 -349660,475875 -106253,480009 -107112,408464 -355340))
32720;POLYGON((436569 -371878,427293 -366426,488462 -108420,492779 -108866,436569 -371878))
32721;POLYGON((463571 -388193,454730 -382732,501587 -109335,506076 -109356,463571 -388193))
32722;POLYGON((563430 -371878,554277 -377304,502845 -109171,507220 -108866,563430 -371878))
32723;POLYGON((591535 -355340,582081 -360921,515794 -107835,519990 -107112,591535 -355340))
32724;POLYGON((620152 -337927,610591 -343862,528193 -105259,532196 -104131,620152 -337927))
32725;POLYGON((648716 -319154,639234 -325587,539993 -101483,543783 -99967,648716 -319154))
32726;POLYGON((676693 -298677,667464 -305708,551134 -96559,554690 -94672,676693 -298677))
32727;POLYGON((703584 -276282,694770 -283969,561549 -90546,564847 -88311,703584 -276282))
32728;POLYGON((728928 -251867,720678 -260232,571167 -83514,574183 -80956,728928 -251867))
32729;POLYGON((752304 -225427,744754 -234462,579914 -75542,582624 -72691,752304 -225427))
32730;POLYGON((773338 -197044,766608 -206713,587720 -66719,590101 -63605,773338 -197044))
32731;POLYGON((791699 -166868,785894 -177114,594518 -57143,596549 -53801,791699 -166868))
32732;POLYGON((807106 -135112,802314 -145858,600247 -46919,601910 -43386,807106 -135112))
32733;POLYGON((819324 -102037,815618 -113191,604855 -36158,606134 -32473,819324 -102037))
32734;POLYGON((828168 -67944,825604 -79401,608299 -24980,609182 -21182,828168 -67944))
32735;POLYGON((833502 -33163,832120 -44812,610545 -13506,611024 -9638,833502 -33163))
32736;POLYGON((835238 1951,835063 -9768,611574 -1862,611644 2034,835238 1951))
32737;POLYGON((833336 37035,834375 25367,611376 9823,611037 13706,833336 37035))
32738;POLYGON((827803 71714,830049 60222,609954 21424,609211 25250,827803 71714))
32739;POLYGON((818689 105614,822120 94423,607327 32812,606187 36539,818689 105614))
32740;POLYGON((806090 138369,810670 127600,603522 43863,601999 47450,806090 138369))
32741;POLYGON((790141 169620,795819 159392,598582 54455,596693 57863,790141 169620))
32742;POLYGON((771015 199027,777731 189450,592562 64472,590327 67665,771015 199027))
32743;POLYGON((748924 226269,756603 217448,585528 73806,582971 76747,748924 226269))
32744;POLYGON((724111 251049,732668 243080,577557 82352,574707 85010,724111 251049))
32745;POLYGON((696847 273096,706189 266066,568737 90019,565624 92364,696847 273096))
32746;POLYGON((667434 292172,677458 286157,559163 96721,555823 98728,667434 292172))
32747;POLYGON((636192 308068,646788 303134,548942 102386,545410 104033,636192 308068))
32748;POLYGON((603465 320614,614517 316813,538184 106952,534500 108220,603465 320614))
32749;POLYGON((569609 329673,580997 327047,527009 110368,523212 111244,569609 329673))
32750;POLYGON((534995 335148,546594 333726,515537 112597,511669 113072,534995 335148))
32751;POLYGON((500000 336979,511684 336776,503896 113616,500000 113684,500000 336979))
32752;POLYGON((465004 335148,476646 336165,492212 113412,488330 113072,465004 335148))
32753;POLYGON((430390 329673,441862 331900,480613 111988,476787 111244,430390 329673))
32754;POLYGON((396534 320614,407712 324027,469226 109359,465499 108220,396534 320614))
32755;POLYGON((363807 308068,374568 312630,458177 105555,454589 104033,363807 308068))
32756;POLYGON((332565 292172,342793 297833,447585 100617,444176 98728,332565 292172))
32757;POLYGON((303152 273096,312733 279796,437567 94599,434375 92364,303152 273096))
32758;POLYGON((275888 251049,284718 258714,428233 87566,425292 85010,275888 251049))
32759;POLYGON((251075 226269,259056 234817,419686 79597,417028 76747,251075 226269))
32760;POLYGON((228984 199027,236029 208364,412018 70777,409672 67665,228984 199027))
