32601;POLYGON((-7190050 2659236,-6827409 2535512,-6939470 2165362,-7314150 2273449,-7190050 2659236))
32602;POLYGON((-8369318 3116243,-7959773 2947947,-8112418 2526326,-8538839 2674110,-8369318 3116243))
32603;POLYGON((-9713579 3741167,-9244676 3510535,-9454239 3021262,-9946807 3224838,-9713579 3741167))
32604;POLYGON((-11266329 4600734,-10722476 4283061,-11011770 3704404,-11588690 3986227,-11266329 4600734))
32605;POLYGON((-13081845 5786909,-12443616 5348286,-12844077 4651044,-13528213 5042013,-13081845 5786909))
32606;POLYGON((-15227488 7424769,-14470819 6819265,-15025182 5964285,-15845063 6506347,-15227488 7424769))
32607;POLYGON((-17786347 9682224,-16881616 8848426,-17647215 7783424,-18638184 8532766,-17786347 9682224))
32608;POLYGON((-20860252 12781859,-19771233 11638669,-20824012 10294206,-22029531 11325142,-20860252 12781859))
32609;POLYGON((-24573171 17015206,-23255854 15456795,-24695202 13741237,-26168324 15150876,-24573171 17015206))
32610;POLYGON((-29075031 22759764,-27476302 20649574,-29430806 18442847,-31235831 20356642,-29075031 22759764))
32611;POLYGON((-34545984 30499119,-32602153 27662786,-35236386 24808709,-37450709 27387000,-34545984 30499119))
32612;POLYGON((-41201138 40846521,-38836304 37063613,-42358788 33360554,-45074943 36806223,-41201138 40846521))
32613;POLYGON((-49295793 54572314,-46420047 49566730,-51092489 44756333,-54420412 49323688,-49295793 54572314))
32614;POLYGON((-59131197 72635619,-55638640 66064534,-61786604 59818202,-65856117 65823220,-59131197 72635619))
32615;POLYGON((-71060853 96220708,-66827431 87661895,-74852575 79564714,-79816107 87396778,-71060853 96220708))
32616;POLYGON((-85497402 126778511,-80378548 115715911,-90772576 105247635,-96808131 115382907,-85497402 126778511))
32617;POLYGON((-102920111 166073735,-96748179 151881095,-110108670 138393814,-117423050 151410397,-102920111 166073735))
32618;POLYGON((-123882991 216238082,-116464478 198160505,-133512752 180852565,-142345054 197447592,-123882991 216238082))
32619;POLYGON((-149023567 279830079,-140136116 256963315,-161737308 234849009,-172362693 255857846,-149023567 279830079))
32620;POLYGON((-179072333 359902067,-168461503 331169357,-195647021 303043899,-208380787 329461602,-179072333 359902067))
32621;POLYGON((-214862921 460074888,-202238718 424201172,-236231275 388600407,-251433216 421605631,-214862921 460074888))
32622;POLYGON((191320206 390862851,203238718 424201172,237231275 388600407,222894972 357934380,191320206 390862851))
32623;POLYGON((159455524 304523282,169461503 331169357,196647021 303043899,184653735 278550526,159455524 304523282))
32624;POLYGON((132764928 235803564,141136116 256963315,162737308 234849009,152742581 215413650,132764928 235803564))
32625;POLYGON((110484709 181470551,117464478 198160505,134512752 180852565,126215137 165535925,110484709 181470551))
32626;POLYGON((91947437 138808922,97748179 151881095,111108670 138393814,104245462 126408876,91947437 138808922))
32627;POLYGON((76572271 105551691,81378548 115715911,91772576 105247635,86115849 95938966,76572271 105551691))
32628;POLYGON((63855963 79818047,67827431 87661895,75852575 79564714,71205501 72389994,63855963 79818047))
32629;POLYGON((53364526 60057996,56638640 66064534,62786604 59818202,58980049 54331787,53364526 60057996))
32630;POLYGON((44725539 45003257,47420047 49566730,52092489 44756333,48981877 40594710,44725539 45003257))
32631;POLYGON((37621063 33623946,39836304 37063613,43358788 33360554,40821217 30229530,37621063 33623946))
32632;POLYGON((31781150 25090535,33602153 27662786,36236386 24808709,34167985 22472188,31781150 25090535))
32633;POLYGON((26977900 18740659,28476302 20649574,30430806 18442847,28744328 16713051,26977900 18740659))
32634;POLYGON((23020059 14050313,24255854 15456795,25695202 13741237,24317835 12470247,23020059 14050313))
32635;POLYGON((19748123 10609033,20771233 11638669,21824012 10294206,20695399 9366693,19748123 10609033))
32636;POLYGON((17029916 8098669,17881616 8848426,18647215 7783424,17717674 7110450,17029916 8098669))
32637;POLYGON((14756626 6275368,15470819 6819265,16025182 5964285,15254115 5478055,14756626 6275368))
32638;POLYGON((12839272 4954425,13443616 5348286,13844077 4651044,13198549 4300512,12839272 4954425))
32639;POLYGON((11205559 3997664,11722476 4283061,12011770 3704404,11465259 3451631,11205559 3997664))
32640;POLYGON((9797123 3303043,10244676 3510535,10454239 3021262,9985538 2838426,9797123 3303043))
32641;POLYGON((8567110 2796194,8959773 2947947,9112418 2526326,8704679 2393300,8567110 2796194))
32642;POLYGON((7478088 2423632,7827409 2535512,7939470 2165362,7579382 2067784,7478088 2423632))
32643;POLYGON((6500244 2147376,6815414 2230600,6898434 1899825,6575517 1827581,6500244 2147376))
32644;POLYGON((5609857 1940778,5898189 2003185,5960231 1702675,5666244 1648724,5609857 1940778))
32645;POLYGON((4788007 1785333,5055346 1832348,5101981 1555152,4830425 1514647,4788007 1785333))
32646;POLYGON((4019509 1668301,4270559 1703648,4305605 1444374,4051317 1414004,4019509 1668301))
32647;POLYGON((3292024 1580979,3530629 1607196,3556682 1361562,3315501 1339083,3292024 1580979))
32648;POLYGON((2595342 1517474,2824708 1536272,2843517 1300780,2612018 1284687,2595342 1517474))
32649;POLYGON((1920799 1473859,2143673 1486367,2156396 1258069,1931673 1247372,1920799 1473859))
32650;POLYGON((1260803 1447628,1479622 1454548,1486989 1230861,1266488 1224946,1260803 1447628))
32651;POLYGON((608446 1437348,825458 1439053,827871 1217618,609249 1216161,608446 1437348))
32652;POLYGON((-42830 1442473,174541 1439053,172128 1217618,-46867 1220541,-42830 1442473))
32653;POLYGON((-699536 1463275,-479622 1454548,-486989 1230861,-708629 1238321,-699536 1463275))
32654;POLYGON((-1368427 1500875,-1143673 1486367,-1156396 1258069,-1383079 1270481,-1368427 1500875))
32655;POLYGON((-2056829 1557393,-1824708 1536272,-1843517 1300780,-2077899 1318870,-2056829 1557393))
32656;POLYGON((-2772999 1636232,-2530629 1607196,-2556682 1361562,-2801819 1386472,-2772999 1636232))
32657;POLYGON((-3526574 1742553,-3270559 1703648,-3305605 1444374,-3565143 1477828,-3526574 1742553))
32658;POLYGON((-4329109 1884008,-4055346 1832348,-4101981 1555152,-4380382 1599706,-4329109 1884008))
32659;POLYGON((-5194753 2071826,-4898189 2003185,-4960231 1702675,-5263063 1762092,-5194753 2071826))
32660;POLYGON((-6141070 2322361,-5815414 2230600,-5898434 1899825,-6232727 1979601,-6141070 2322361))
