32601;POLYGON((-2607110 7771782,-2520860 7667730,-2708392 7503422,-2801697 7613499,-2607110 7771782))
32602;POLYGON((-2842949 8105678,-2768444 7990879,-2976600 7845940,-3057523 7968080,-2842949 8105678))
32603;POLYGON((-3037970 8469012,-2978055 8344958,-3204448 8223403,-3269629 8356160,-3037970 8469012))
32604;POLYGON((-3182628 8855440,-3140660 8724590,-3381167 8630473,-3426533 8771318,-3182628 8855440))
32605;POLYGON((-3265713 9255058,-3245626 9121179,-3493737 9058163,-3514386 9203067,-3265713 9255058))
32606;POLYGON((-3274158 9653202,-3280526 9521794,-3526531 9492500,-3516609 9635420,-3274158 9653202))
32607;POLYGON((-3192826 10028982,-3230938 9907804,-3460924 9912859,-3413484 10045100,-3192826 10028982))
32608;POLYGON((-3004287 10353501,-3080222 10253199,-3274860 10289921,-3181704 10399365,-3004287 10353501))
32609;POLYGON((-2688586 10587712,-2809293 10522577,-2942367 10583197,-2793879 10653366,-2688586 10587712))
32610;POLYGON((-2222983 10679874,-2396366 10668741,-2433034 10738054,-2217991 10747001,-2222983 10679874))
32611;POLYGON((-1581686 10562541,-1816699 10629841,-1711426 10682184,-1416790 10601178,-1581686 10562541))
32612;POLYGON((-735562 10149039,-1042307 10326041,-736448 10321437,-347148 10113422,-735562 10149039))
32613;POLYGON((348165 9329381,-41661 9655616,539343 9534960,1040664 9152767,348165 9329381))
32614;POLYGON((1706249 7965529,1220628 8490446,2170504 8169549,2803749 7553821,1706249 7965529))
32615;POLYGON((3379761 5885982,2784152 6670831,4219516 6033140,5007426 5109961,3379761 5885982))
32616;POLYGON((5414464 2879578,4693068 3999570,6757677 2887354,7726144 1565535,5414464 2879578))
32617;POLYGON((7861199 -1311525,6996479 235213,9866066 -1560997,11044462 -3392993,7861199 -1311525))
32618;POLYGON((10776308 -6999792,9748846 -4915553,13636569 -7669539,15058116 -10147081,10776308 -6999792))
32619;POLYGON((14222069 -14561229,13010418 -11806500,18172997 -15871191,19875153 -19157382,14222069 -14561229))
32620;POLYGON((18267166 -24445378,16847690 -20861478,23592277 -26686355,25617151 -30976418,18267166 -24445378))
32621;POLYGON((22987182 -37186467,21333888 -32585173,30025733 -40736552,32420531 -46262706,22987182 -37186467))
32622;POLYGON((-23724625 -42174432,26549482 -47575066,37620444 -58759598,-33950075 -52259661,-23724625 -42174432))
32623;POLYGON((-18761573 -28345918,-20333888 -32585173,-29025733 -40736552,-26759823 -35650731,-18761573 -28345918))
32624;POLYGON((-14500256 -17573340,-15847690 -20861478,-22592277 -26686355,-20679960 -22754785,-14500256 -17573340))
32625;POLYGON((-10862678 -9291556,-12010418 -11806500,-17172997 -15871191,-15568817 -12874559,-10862678 -9291556))
32626;POLYGON((-7777912 -3024093,-8748846 -4915553,-12636569 -7669539,-11300016 -5423846,-7777912 -3024093))
32627;POLYGON((-5181596 1628402,-5996479 235213,-8866066 -1560997,-7761140 87152,-5181596 1628402))
32628;POLYGON((-3015461 4998532,-3693068 3999570,-5757677 2887354,-4852481 4064972,-3015461 4998532))
32629;POLYGON((-1226879 7361416,-1784152 6670831,-3219516 6033140,-2485874 6844616,-1226879 7361416))
32630;POLYGON((231559 8942954,-220628 8490446,-1170504 8169549,-583614 8699990,231559 8942954))
32631;POLYGON((1402450 9927139,1041661 9655616,460656 9534960,922556 9853146,1402450 9927139))
32632;POLYGON((2323943 10462524,2042307 10326041,1736448 10321437,2092383 10482413,2323943 10462524))
32633;POLYGON((3030106 10667888,2816699 10629841,2711426 10682184,2977961 10729533,3030106 10667888))
32634;POLYGON((3551249 10637192,3396366 10668741,3433034 10738054,3624538 10705872,3551249 10637192))
32635;POLYGON((3914246 10443872,3809293 10522577,3942367 10583197,4071248 10497793,3914246 10443872))
32636;POLYGON((4142823 10144547,4080222 10253199,4274860 10289921,4351782 10171283,4142823 10144547))
32637;POLYGON((4257834 9782190,4230938 9907804,4460924 9912859,4495012 9775898,4257834 9782190))
32638;POLYGON((4277525 9388824,4280526 9521794,4526531 9492500,4525547 9348098,4277525 9388824))
32639;POLYGON((4217770 8987794,4245626 9121179,4493737 9058163,4464248 8914052,4217770 8987794))
32640;POLYGON((4092303 8595660,4140660 8724590,4381167 8630473,4328696 8491959,4092303 8595660))
32641;POLYGON((3912930 8223770,3978055 8344958,4204448 8223403,4133605 8093965,3912930 8223770))
32642;POLYGON((3689732 7879535,3768444 7990879,3976600 7845940,3891208 7727705,3689732 7879535))
32643;POLYGON((3431248 7567466,3520860 7667730,3708392 7503422,3611597 7397548,3431248 7567466))
32644;POLYGON((3144660 7290000,3242919 7378559,3408659 7198599,3303027 7105577,3144660 7290000))
32645;POLYGON((2835955 7048145,2940989 7124787,3084589 6932459,2972195 6852341,2835955 7048145))
32646;POLYGON((2510090 6841979,2620351 6906756,2741979 6704862,2624486 6637436,2510090 6841979))
32647;POLYGON((2171135 6671031,2285355 6724143,2385464 6515015,2264196 6459935,2171135 6671031))
32648;POLYGON((1822425 6534563,1939566 6576271,2018727 6361819,1894733 6318697,1822425 6534563))
32649;POLYGON((1466695 6431771,1585903 6462341,1644686 6244119,1518799 6212588,1466695 6431771))
32650;POLYGON((1106212 6361933,1226776 6381589,1265669 6160873,1138562 6140632,1106212 6361933))
32651;POLYGON((742911 6324501,864215 6333402,883570 6111268,755803 6102110,742911 6324501))
32652;POLYGON((378514 6319164,500000 6317385,500000 6094791,372071 6096620,378514 6319164))
32653;POLYGON((14662 6345876,135784 6333402,116429 6111268,-11175 6124103,14662 6345876))
32654;POLYGON((-346961 6404862,-226776 6381589,-265669 6160873,-392437 6184849,-346961 6404862))
32655;POLYGON((-704508 6496596,-585903 6462341,-644686 6244119,-770024 6279477,-704508 6496596))
32656;POLYGON((-1055836 6621751,-939566 6576271,-1018727 6361819,-1141914 6408885,-1055836 6621751))
32657;POLYGON((-1398381 6781116,-1285355 6724143,-1385464 6515015,-1505602 6574168,-1398381 6781116))
32658;POLYGON((-1729023 6975472,-1620351 6906756,-1741979 6704862,-1857935 6776485,-1729023 6975472))
32659;POLYGON((-2043951 7205406,-1940989 7124787,-2084589 6932459,-2194933 7016866,-2043951 7205406))
32660;POLYGON((-2338522 7471059,-2242919 7378559,-2408659 7198599,-2511598 7295929,-2338522 7471059))
