32701;POLYGON((-1316599 1349828,-1266982 1411701,-1089146 1264652,-1133350 1208882,-1316599 1349828))
32702;POLYGON((-1452301 1153449,-1409339 1220626,-1215903 1092551,-1254120 1032126,-1452301 1153449))
32703;POLYGON((-1566625 942662,-1531017 1014372,-1324126 907134,-1355800 842730,-1566625 942662))
32704;POLYGON((-1657645 720120,-1630000 795420,-1412235 710546,-1436908 642955,-1657645 720120))
32705;POLYGON((-1723798 489025,-1704587 566785,-1478988 505283,-1496344 435418,-1723798 489025))
32706;POLYGON((-1764057 253162,-1753550 332054,-1523621 294193,-1533541 223073,-1764057 253162))
32707;POLYGON((-1778138 16918,-1776333 95413,-1546021 80436,-1548646 9176,-1778138 16918))
32708;POLYGON((-1766747 -214721,-1773282 -138350,-1546930 -132570,-1542737 -202790,-1766747 -214721))
32709;POLYGON((-1731867 -436209,-1745919 -363872,-1528183 -341252,-1518074 -409226,-1731867 -436209))
32710;POLYGON((-1677094 -641494,-1697263 -575257,-1492986 -542007,-1478389 -606560,-1677094 -641494))
32711;POLYGON((-1608016 -824129,-1632192 -766177,-1446234 -731396,-1429215 -791458,-1608016 -824129))
32712;POLYGON((-1532648 -977422,-1557861 -930002,-1394867 -906383,-1378263 -961082,-1532648 -977422))
32713;POLYGON((-1461917 -1094637,-1484168 -1059984,-1348276 -1064640,-1335839 -1113419,-1461917 -1094637))
32714;POLYGON((-1410206 -1169258,-1424282 -1149501,-1318756 -1204922,-1315314 -1247686,-1410206 -1169258))
32715;POLYGON((-1395962 -1195323,-1395222 -1192364,-1322003 -1327531,-1333640 -1364816,-1395962 -1195323))
32716;POLYGON((-1442356 -1167829,-1418507 -1183200,-1377676 -1434866,-1411927 -1468045,-1442356 -1167829))
32717;POLYGON((-1578023 -1083229,-1520865 -1117917,-1510001 -1532070,-1576071 -1563599,-1578023 -1083229))
32718;POLYGON((-1837859 -940015,-1735012 -994255,-1748442 -1627800,-1857440 -1661493,-1837859 -940015))
32719;POLYGON((-2263900 -739414,-2100502 -812446,-2128426 -1735106,-2293621 -1776461,-2263900 -739414))
32720;POLYGON((-2906267 -486187,-2664651 -575977,-2692137 -1872453,-2929240 -1929025,-2906267 -486187))
32721;POLYGON((-3824199 -189559,-3483539 -292473,-3489374 -2064884,-3816831 -2146707,-3824199 -189559))
32722;POLYGON((-5087157 135718,-4623091 25282,-4578469 -2345342,-5017793 -2465404,-5087157 135718))
32723;POLYGON((4824199 -189559,5203102 -83407,5179027 -2239672,4816831 -2146707,4824199 -189559))
32724;POLYGON((3906267 -486187,4178418 -391529,4194266 -1992764,3929240 -1929025,3906267 -486187))
32725;POLYGON((3263900 -739414,3451258 -660498,3480912 -1821936,3293621 -1776461,3263900 -739414))
32726;POLYGON((2837859 -940015,2959106 -879371,2983581 -1697035,2857440 -1661493,2837859 -940015))
32727;POLYGON((2578023 -1083229,2648918 -1042007,2655115 -1595349,2576071 -1563599,2578023 -1083229))
32728;POLYGON((2442356 -1167829,2476073 -1146097,2455673 -1500341,2411927 -1468045,2442356 -1167829))
32729;POLYGON((2395962 -1195323,2403395 -1192320,2351899 -1400531,2333640 -1364816,2395962 -1195323))
32730;POLYGON((2410206 -1169258,2400255 -1183613,2316154 -1288527,2315314 -1247686,2410206 -1169258))
32731;POLYGON((2461917 -1094637,2441745 -1124553,2325806 -1160177,2335839 -1113419,2461917 -1094637))
32732;POLYGON((2532648 -977422,2507922 -1020832,2362582 -1013850,2378263 -961082,2532648 -977422))
32733;POLYGON((2608016 -824129,2583118 -878821,2411977 -849817,2429215 -791458,2608016 -824129))
32734;POLYGON((2677094 -641494,2655316 -705216,2462720 -669728,2478389 -606560,2677094 -641494))
32735;POLYGON((2731867 -436209,2715589 -506749,2506282 -476187,2518074 -409226,2731867 -436209))
32736;POLYGON((2766747 -214721,2757590 -289968,2536449 -272396,2542737 -202790,2766747 -214721))
32737;POLYGON((2778138 16918,2777103 -61068,2548927 -61870,2548646 9176,2778138 16918))
32738;POLYGON((2764057 253162,2771648 174222,2540999 151778,2533541 223073,2764057 253162))
32739;POLYGON((2723798 489025,2740126 410729,2511224 365015,2496344 435418,2723798 489025))
32740;POLYGON((2657645 720120,2682523 643864,2459168 574499,2436908 642955,2657645 720120))
32741;POLYGON((2566625 942662,2599641 869641,2385185 777170,2355800 842730,2566625 942662))
32742;POLYGON((2452301 1153449,2492885 1084667,2290214 970294,2254120 1032126,2452301 1153449))
32743;POLYGON((2316599 1349828,2364079 1286112,2175625 1151493,2133350 1208882,2316599 1349828))
32744;POLYGON((2161672 1529648,2215312 1471662,2043082 1318741,1995227 1371089,2161672 1529648))
32745;POLYGON((1989792 1691205,2048826 1639470,1894437 1470352,1841647 1517170,1989792 1691205))
32746;POLYGON((1803264 1833179,1866926 1788097,1731648 1604959,1674588 1645854,1803264 1833179))
32747;POLYGON((1604378 1954578,1671907 1916447,1556717 1721474,1496056 1756140,1604378 1954578))
32748;POLYGON((1395361 2054679,1466024 2023714,1371648 1819057,1308049 1847263,1395361 2054679))
32749;POLYGON((1178370 2132968,1251457 2109320,1178419 1897078,1112532 1918655,1178370 2132968))
32750;POLYGON((955482 2189102,1030308 2172868,978969 1955082,911432 1969911,955482 2189102))
32751;POLYGON((728706 2222861,804609 2214103,775197 1992759,706636 2000766,728706 2222861))
32752;POLYGON((500000 2234126,576330 2232874,568969 2009922,500000 2011067,500000 2234126))
32753;POLYGON((271293 2222861,347409 2229119,362128 2006488,293363 2000766,271293 2222861))
32754;POLYGON((44517 2189102,119774 2202849,156514 1982473,88567 1969911,44517 2189102))
32755;POLYGON((-178370 2132968,-104629 2154154,-46025 1937993,-112532 1918655,-178370 2132968))
32756;POLYGON((-395361 2054679,-323813 2083219,-243615 1873276,-308049 1847263,-395361 2054679))
32757;POLYGON((-604378 1954578,-535723 1990341,-434342 1788676,-496056 1756140,-604378 1954578))
32758;POLYGON((-803264 1833179,-738231 1875972,-616253 1684702,-674588 1645854,-803264 1833179))
32759;POLYGON((-989792 1691205,-929130 1740760,-787359 1562052,-841647 1517170,-989792 1691205))
32760;POLYGON((-1161672 1529648,-1106149 1585602,-945655 1421643,-995227 1371089,-1161672 1529648))
