32701;POLYGON((-6470304 9816580,-6113039 9824348,-6098408 9473649,-6454077 9450455,-6470304 9816580))
32702;POLYGON((-7638634 9787730,-7231607 9798383,-7211578 9396137,-7616344 9364351,-7638634 9787730))
32703;POLYGON((-8986139 9747892,-8513960 9762645,-8486267 9289534,-8955229 9245552,-8986139 9747892))
32704;POLYGON((-10567817 9692424,-10010564 9713009,-9971969 9141602,-10524652 9080288,-10567817 9692424))
32705;POLYGON((-12454527 9614780,-11786593 9643627,-11732535 8934993,-12394011 8849135,-12454527 9614780))
32706;POLYGON((-14736847 9505851,-13925584 9546327,-13849732 8645477,-14651941 8525095,-14736847 9505851))
32707;POLYGON((-17529562 9353161,-16533713 9409859,-16427410 8239697,-17410686 8071183,-17529562 9353161))
32708;POLYGON((-20976843 9139850,-19744738 9218946,-19596308 7672394,-20811137 7437444,-20976843 9139850))
32709;POLYGON((-25258165 8843449,-23725658 8953142,-23519569 6882986,-25028595 6557312,-25258165 8843449))
32710;POLYGON((-30595016 8434390,-28683162 8585429,-28399009 5791446,-30279297 5343219,-30595016 8434390))
32711;POLYGON((-37258458 7874240,-34870890 8080543,-34482196 4293343,-36827780 3681345,-37258458 7874240))
32712;POLYGON((-45577586 7113594,-42597598 7392992,-42070377 2253972,-44995105 1425410,-45577586 7113594))
32713;POLYGON((-55948942 6089617,-52236236 6464716,-51527331 -498560,-55168023 -1610608,-55948942 6089617))
32714;POLYGON((-68846939 4723178,-64234040 5222361,-63289171 -4181407,-67809114 -5660956,-68846939 4723178))
32715;POLYGON((-84835344 2915534,-79123647 3574118,-77875172 -9066318,-83467961 -11017904,-84835344 2915534))
32716;POLYGON((-104579876 544525,-97535321 1406089,-95899657 -15490408,-102793405 -18043004,-104579876 544525))
32717;POLYGON((-128861977 -2539772,-120210326 -1421877,-118085011 -23868456,-126546939 -27179952,-128861977 -2539772))
32718;POLYGON((-158593796 -6519984,-148015499 -5080918,-145275854 -34706914,-155617296 -38969180,-158593796 -6519984))
32719;POLYGON((-194834462 -11617012,-181959086 -9778516,-178454455 -48619750,-191036264 -54064360,-194834462 -11617012))
32720;POLYGON((-238807671 -18096310,-223207890 -15764532,-218757400 -66346302,-233995807 -73250956,-238807671 -18096310))
32721;POLYGON((-291920669 -26274910,-273105778 -23337975,-267493607 -88771295,-285866521 -97467004,-291920669 -26274910))
32722;POLYGON((-355784664 -36529259,-333193609 -32854565,-326163706 -116947201,-348217496 -127826288,-355784664 -36529259))
32723;POLYGON((312928259 -29441924,334193609 -32854565,327163706 -116947201,306402101 -106843639,312928259 -29441924))
32724;POLYGON((256421306 -20616411,274105778 -23337975,268493607 -88771295,251222711 -80712995,256421306 -20616411))
32725;POLYGON((209567499 -13608669,224207890 -15764532,219757400 -66346302,205454446 -59962319,209567499 -13608669))
32726;POLYGON((170893946 -8082774,182959086 -9778516,179454455 -48619750,167662822 -43597692,170893946 -8082774))
32727;POLYGON((139117944 -3756900,149015499 -5080918,146275854 -34706914,136598450 -30785216,139117944 -3756900))
32728;POLYGON((113127531 -396024,121210326 -1421877,119085011 -23868456,111178116 -20829456,113127531 -396024))
32729;POLYGON((91963437 2194581,98535321 1406089,96899657 -15490408,90467224 -13154165,91963437 2194581))
32730;POLYGON((74802378 4175164,80123647 3574118,78875172 -9066318,73663548 -7285115,74802378 4175164))
32731;POLYGON((60941651 5676627,65234040 5222361,64289171 -4181407,60082242 -2834883,60941651 5676627))
32732;POLYGON((49784959 6805070,53236236 6464716,52527331 -498560,49142053 510567,49784959 6805070))
32733;POLYGON((40829436 7645769,43597598 7392992,43070377 2253972,40352696 3003666,40829436 7645769))
32734;POLYGON((33653793 8266654,35870890 8080543,35482196 4293343,33303319 4845505,33653793 8266654))
32735;POLYGON((27907546 8721310,29683162 8585429,29399009 5791446,27652030 6194747,27907546 8721310))
32736;POLYGON((23301275 9051580,24725658 8953142,24519569 6882986,23116409 7175289,23301275 9051580))
32737;POLYGON((19597851 9289774,20744738 9218946,20596308 7672394,19464979 7882824,19597851 9289774))
32738;POLYGON((16604580 9460549,17533713 9409859,17427410 8239697,16509560 8390390,16604580 9460549))
32739;POLYGON((14166220 9582484,14925584 9546327,14849732 8645477,14098468 8753038,14166220 9582484))
32740;POLYGON((12158801 9669397,12786593 9643627,12732535 8934993,12110503 9011714,12158801 9669397))
32741;POLYGON((10484208 9731418,11010564 9713009,10971969 9141602,10449680 9196453,10484208 9731418))
32742;POLYGON((9065466 9775868,9513960 9762645,9486267 9289534,9040633 9328966,9065466 9775868))
32743;POLYGON((7842684 9807961,8231607 9798383,8211578 9396137,7824666 9424721,7842684 9807961))
32744;POLYGON((6769582 9831355,7113039 9824348,7098408 9473649,6756374 9494579,6769582 9831355))
32745;POLYGON((5810580 9848582,6119402 9843404,6108605 9530584,5800803 9546061,5810580 9848582))
32746;POLYGON((4938359 9861375,5220866 9857522,5212835 9572791,4931077 9584315,4938359 9861375))
32747;POLYGON((4131877 9870905,4394492 9868036,4388508 9604241,4126460 9612826,4131877 9870905))
32748;POLYGON((3374756 9877957,3622505 9875845,3618085 9627611,3370780 9633934,3374756 9877957))
32749;POLYGON((2654002 9883055,2890907 9881549,2887731 9644687,2651190 9649198,2654002 9883055))
32750;POLYGON((1959006 9886542,2188391 9885543,2186249 9656649,1957177 9659640,1959006 9886542))
32751;POLYGON((1280763 9888634,1505492 9888082,1504254 9664252,1279809 9665904,1280763 9888634))
32752;POLYGON((611263 9889452,833927 9889317,833523 9667949,611129 9668356,611263 9889452))
32753;POLYGON((-57002 9889044,166072 9889317,166476 9667949,-56324 9667133,-57002 9889044))
32754;POLYGON((-731474 9887387,-505492 9888082,-504254 9664252,-729946 9662169,-731474 9887387))
32755;POLYGON((-1419946 9884384,-1188391 9885543,-1186249 9656649,-1417477 9653176,-1419946 9884384))
32756;POLYGON((-2131028 9879853,-1890907 9881549,-1887731 9644687,-2127466 9639612,-2131028 9879853))
32757;POLYGON((-2874720 9873500,-2622505 9875845,-2618085 9627611,-2869821 9620594,-2874720 9873500))
32758;POLYGON((-3663119 9864869,-3394492 9868036,-3388508 9604241,-3656516 9594766,-3663119 9864869))
32759;POLYGON((-4511348 9853272,-4220866 9857522,-4212835 9572791,-4502490 9560082,-4511348 9853272))
32760;POLYGON((-5438735 9837683,-5119402 9843404,-5108605 9530584,-5426799 9513486,-5438735 9837683))
