32701;POLYGON((-4317838 4482262,-4128962 4619663,-3964252 4391872,-4141950 4256305,-4317838 4482262))
32702;POLYGON((-4877206 4010755,-4692360 4178384,-4492239 3957986,-4663960 3794303,-4877206 4010755))
32703;POLYGON((-5415994 3437427,-5239616 3640965,-4997919 3435390,-5158895 3239099,-5415994 3437427))
32704;POLYGON((-5917017 2743126,-5755538 2989320,-5465097 2810040,-5608559 2576092,-5917017 2743126))
32705;POLYGON((-6356016 1905297,-6218418 2202062,-5871046 2066275,-5987672 1789129,-6356016 1905297))
32706;POLYGON((-6699760 897691,-6598248 1254204,-6184754 1187078,-6262018 860835,-6699760 897691))
32707;POLYGON((-6903816 -309883,-6854598 116893,-6364856 154529,-6386264 -226881,-6903816 -309883))
32708;POLYGON((-6909961 -1751768,-6934152 -1242810,-6357229 -1049547,-6301438 -1492091,-6909961 -1751768))
32709;POLYGON((-6643206 -3466584,-6767866 -2862090,-6092227 -2442666,-5932035 -2951832,-6643206 -3466584))
32710;POLYGON((-6008400 -5497278,-6267713 -4782454,-5481512 -4040462,-5182714 -4620787,-6008400 -5497278))
32711;POLYGON((-4886392 -7891061,-5322998 -7049705,-4414475 -5855127,-3934568 -6509578,-4886392 -7891061))
32712;POLYGON((-3129717 -10699220,-3796204 -9713801,-2754201 -7893427,-2040937 -8622650,-3129717 -10699220))
32713;POLYGON((-557785 -13976774,-1518349 -12828566,-332964 -10154274,677262 -10955664,-557785 -13976774))
32714;POLYGON((3048467 -17781961,1716178 -16451233,3052782 -12625763,4436724 -13492353,3048467 -17781961))
32715;POLYGON((7952484 -22175524,6155336 -20641802,7647948 -15281629,9497471 -16200768,7952484 -22175524))
32716;POLYGON((14468574 -27219770,12095719 -25462180,13744905 -18077054,16169151 -19028855,14468574 -27219770))
32717;POLYGON((22969020 -32977376,19889458 -30975070,21690168 -20943756,24817915 -21899280,22969020 -32977376))
32718;POLYGON((33891835 -39509917,29951753 -37242596,31891689 -23784276,35873929 -24703442,33891835 -39509917))
32719;POLYGON((47749180 -46876071,42769070 -44324621,44826802 -26465402,49839530 -27294590,47749180 -46876071))
32720;POLYGON((65136491 -55129495,58908028 -52276736,61050817 -28810642,67298052 -29479956,65136491 -55129495))
32721;POLYGON((86742332 -64316310,79025008 -61147876,81206325 -30591665,88923369 -31011834,86742332 -64316310))
32722;POLYGON((113359010 -74472181,103876509 -70977545,106033216 -31518617,115490162 -31577507,113359010 -74472181))
32723;POLYGON((-102876509 -70977545,-112359010 -74472181,-114490162 -31577507,-105033216 -31518617,-102876509 -70977545))
32724;POLYGON((-78025008 -61147876,-85742332 -64316310,-87923369 -31011834,-80206325 -30591665,-78025008 -61147876))
32725;POLYGON((-57908028 -52276736,-64136491 -55129495,-66298052 -29479956,-60050817 -28810642,-57908028 -52276736))
32726;POLYGON((-41769070 -44324621,-46749180 -46876071,-48839530 -27294590,-43826802 -26465402,-41769070 -44324621))
32727;POLYGON((-28951753 -37242596,-32891835 -39509917,-34873929 -24703442,-30891689 -23784276,-28951753 -37242596))
32728;POLYGON((-18889458 -30975070,-21969020 -32977376,-23817915 -21899280,-20690168 -20943756,-18889458 -30975070))
32729;POLYGON((-11095719 -25462180,-13468574 -27219770,-15169151 -19028855,-12744905 -18077054,-11095719 -25462180))
32730;POLYGON((-5155336 -20641802,-6952484 -22175524,-8497471 -16200768,-6647948 -15281629,-5155336 -20641802))
32731;POLYGON((-716178 -16451233,-2048467 -17781961,-3436724 -13492353,-2052782 -12625763,-716178 -16451233))
32732;POLYGON((2518349 -12828566,1557785 -13976774,322737 -10955664,1332964 -10154274,2518349 -12828566))
32733;POLYGON((4796204 -9713801,4129717 -10699220,3040937 -8622650,3754201 -7893427,4796204 -9713801))
32734;POLYGON((6322998 -7049705,5886392 -7891061,4934568 -6509578,5414475 -5855127,6322998 -7049705))
32735;POLYGON((7267713 -4782454,7008400 -5497278,6182714 -4620787,6481512 -4040462,7267713 -4782454))
32736;POLYGON((7767866 -2862090,7643206 -3466584,6932035 -2951832,7092227 -2442666,7767866 -2862090))
32737;POLYGON((7934152 -1242810,7909961 -1751768,7301438 -1492091,7357229 -1049547,7934152 -1242810))
32738;POLYGON((7854598 116893,7903816 -309883,7386264 -226881,7364856 154529,7854598 116893))
32739;POLYGON((7598248 1254204,7699760 897691,7262018 860835,7184754 1187078,7598248 1254204))
32740;POLYGON((7218418 2202062,7356016 1905297,6987672 1789129,6871046 2066275,7218418 2202062))
32741;POLYGON((6755538 2989320,6917017 2743126,6608559 2576092,6465097 2810040,6755538 2989320))
32742;POLYGON((6239616 3640965,6415994 3437427,6158895 3239099,5997919 3435390,6239616 3640965))
32743;POLYGON((5692360 4178384,5877206 4010755,5663960 3794303,5492239 3957986,5692360 4178384))
32744;POLYGON((5128962 4619663,5317838 4482262,5141950 4256305,4964252 4391872,5128962 4619663))
32745;POLYGON((4559606 4979902,4749592 4868008,4605537 4637990,4425092 4749341,4559606 4979902))
32746;POLYGON((3990695 5271534,4180011 5181279,4063172 4950465,3882048 5040910,3990695 5271534))
32747;POLYGON((3425854 5504634,3613547 5432904,3520141 5203089,3339550 5275373,3425854 5504634))
32748;POLYGON((2866716 5687213,3052423 5631549,2979419 5403559,2799956 5459899,2866716 5687213))
32749;POLYGON((2313533 5825485,2497293 5784001,2442328 5558031,2264163 5600158,2313533 5825485))
32750;POLYGON((1765631 5924097,1947747 5895404,1909059 5671250,1732071 5700456,1765631 5924097))
32751;POLYGON((1221747 5986321,1402690 5969473,1379048 5746684,1202931 5763860,1221747 5986321))
32752;POLYGON((680266 6014201,860601 6008645,851258 5786629,675603 5792297,680266 6014201))
32753;POLYGON((139398 6008645,319733 6014201,324396 5792297,148741 5786629,139398 6008645))
32754;POLYGON((-402690 5969473,-221747 5986321,-202931 5763860,-379048 5746684,-402690 5969473))
32755;POLYGON((-947747 5895404,-765631 5924097,-732071 5700456,-909059 5671250,-947747 5895404))
32756;POLYGON((-1497293 5784001,-1313533 5825485,-1264163 5600158,-1442328 5558031,-1497293 5784001))
32757;POLYGON((-2052423 5631549,-1866716 5687213,-1799956 5459899,-1979419 5403559,-2052423 5631549))
32758;POLYGON((-2613547 5432904,-2425854 5504634,-2339550 5275373,-2520141 5203089,-2613547 5432904))
32759;POLYGON((-3180011 5181279,-2990695 5271534,-2882048 5040910,-3063172 4950465,-3180011 5181279))
32760;POLYGON((-3749592 4868008,-3559606 4979902,-3425092 4749341,-3605537 4637990,-3749592 4868008))
