32601;POLYGON((-5299978 3979154,-5038943 3849141,-5170925 3564932,-5443929 3689920,-5299978 3979154))
32602;POLYGON((-6111826 4443512,-5836267 4275168,-6007771 3975691,-6299193 4138916,-6111826 4443512))
32603;POLYGON((-6969738 5046789,-6678449 4827724,-6902516 4513225,-7215013 4727674,-6969738 5046789))
32604;POLYGON((-7876468 5834778,-7568695 5548152,-7863169 5221021,-8199424 5504520,-7876468 5834778))
32605;POLYGON((-8833008 6869360,-8508658 6492478,-8897748 6158581,-9260389 6535371,-8833008 6869360))
32606;POLYGON((-9837881 8233425,-9497771 7735971,-10014010 7406536,-10405513 7909258,-9837881 8233425))
32607;POLYGON((-10886276 10036975,-10532439 9378838,-11219122 9073060,-11641673 9745210,-10886276 10036975))
32608;POLYGON((-11969032 12424608,-11605075 11553221,-12519240 11301770,-12974582 12200708,-11969032 12424608))
32609;POLYGON((-13071449 15584585,-12702968 14431711,-13919007 14281367,-14408253 15481959,-13071449 15584585))
32610;POLYGON((-14171910 19759701,-13806972 18237596,-15420963 18257256,-15944374 19856230,-14171910 19759701))
32611;POLYGON((-15240308 25260201,-14889998 23257067,-17024848 23545414,-17581580 25666538,-15240308 25260201))
32612;POLYGON((-16236265 32479000,-15915302 29853637,-18726803 30548810,-19314619 33348978,-16236265 32479000))
32613;POLYGON((-17107128 41909468,-16834561 38485046,-20518466 39776655,-21133400 43452992,-17107128 41909468))
32614;POLYGON((-17785724 54166076,-17585706 49722915,-22385935 51866833,-23021928 56664936,-17785724 54166076))
32615;POLYGON((-18187878 70008188,-18090519 64275459,-24308621 67611834,-24957106 73835257,-18187878 70008188))
32616;POLYGON((-18209657 90367344,-18251978 83013566,-26257961 87988565,-26907403 96009679,-18209657 90367344))
32617;POLYGON((-17724356 116378336,-17951322 107000577,-28195998 114192401,-28831392 124464762,-17724356 116378336))
32618;POLYGON((-16579189 149414446,-17044841 137526088,-30073816 147675890,-30676127 160748241,-16579189 149414446))
32619;POLYGON((-14591680 191127207,-15360378 176144171,-31829819 190192513,-32375381 206724565,-14591680 191127207))
32620;POLYGON((-11545752 243491059,-12693510 224716349,-33387865 243845933,-33847715 264626088,-11545752 243491059))
32621;POLYGON((-7187489 308853308,-8803425 285459746,-34655225 311145194,-34994391 337110336,-7187489 308853308))
32622;POLYGON((-1220554 389989791,-3408458 361000799,-35520376 395066324,-35697103 427323870,-1220554 389989791))
32623;POLYGON((4408458 361000799,2220554 389989791,36697103 427323870,36520376 395066324,4408458 361000799))
32624;POLYGON((9803425 285459746,8187489 308853308,35994391 337110336,35655225 311145194,9803425 285459746))
32625;POLYGON((13693510 224716349,12545752 243491059,34847715 264626088,34387865 243845933,13693510 224716349))
32626;POLYGON((16360378 176144171,15591680 191127207,33375381 206724565,32829819 190192513,16360378 176144171))
32627;POLYGON((18044841 137526088,17579189 149414446,31676127 160748241,31073816 147675890,18044841 137526088))
32628;POLYGON((18951322 107000577,18724356 116378336,29831392 124464762,29195998 114192401,18951322 107000577))
32629;POLYGON((19251978 83013566,19209657 90367344,27907403 96009679,27257961 87988565,19251978 83013566))
32630;POLYGON((19090519 64275459,19187878 70008188,25957106 73835257,25308621 67611834,19090519 64275459))
32631;POLYGON((18585706 49722915,18785724 54166076,24021928 56664936,23385935 51866833,18585706 49722915))
32632;POLYGON((17834561 38485046,18107128 41909468,22133400 43452992,21518466 39776655,17834561 38485046))
32633;POLYGON((16915302 29853637,17236265 32479000,20314619 33348978,19726803 30548810,16915302 29853637))
32634;POLYGON((15889998 23257067,16240308 25260201,18581580 25666538,18024848 23545414,15889998 23257067))
32635;POLYGON((14806972 18237596,15171910 19759701,16944374 19856230,16420963 18257256,14806972 18237596))
32636;POLYGON((13702968 14431711,14071449 15584585,15408253 15481959,14919007 14281367,13702968 14431711))
32637;POLYGON((12605075 11553221,12969032 12424608,13974582 12200708,13519240 11301770,12605075 11553221))
32638;POLYGON((11532439 9378838,11886276 10036975,12641673 9745210,12219122 9073060,11532439 9378838))
32639;POLYGON((10497771 7735971,10837881 8233425,11405513 7909258,11014010 7406536,10497771 7735971))
32640;POLYGON((9508658 6492478,9833008 6869360,10260389 6535371,9897748 6158581,9508658 6492478))
32641;POLYGON((8568695 5548152,8876468 5834778,9199424 5504520,8863169 5221021,8568695 5548152))
32642;POLYGON((7678449 4827724,7969738 5046789,8215013 4727674,7902516 4513225,7678449 4827724))
32643;POLYGON((6836267 4275168,7111826 4443512,7299193 4138916,7007771 3975691,6836267 4275168))
32644;POLYGON((6038943 3849141,6299978 3979154,6443929 3689920,6170925 3564932,6038943 3849141))
32645;POLYGON((5282253 3519366,5530257 3620099,5641324 3345568,5384169 3249434,5282253 3519366))
32646;POLYGON((4561373 3263825,4798000 3341845,4883788 3080547,4640035 3006537,4561373 3263825))
32647;POLYGON((3871194 3066608,4098163 3126649,4164125 2876734,3931475 2820050,3871194 3066608))
32648;POLYGON((3206538 2916298,3425572 2961747,3475593 2721241,3251902 2678489,3206538 2916298))
32649;POLYGON((2562306 2804788,2775090 2838038,2811907 2604978,2595176 2573785,2562306 2804788))
32650;POLYGON((1933545 2726436,2141712 2749135,2167210 2521627,1955574 2500373,1933545 2726436))
32651;POLYGON((1315472 2677484,1520598 2690702,1536016 2466933,1327714 2454571,1315472 2677484))
32652;POLYGON((703449 2655671,907067 2660012,913126 2438235,706472 2434177,703449 2655671))
32653;POLYGON((92932 2660012,296550 2655671,293527 2434177,86873 2438235,92932 2660012))
32654;POLYGON((-520598 2690702,-315472 2677484,-327714 2454571,-536016 2466933,-520598 2690702))
32655;POLYGON((-1141712 2749135,-933545 2726436,-955574 2500373,-1167210 2521627,-1141712 2749135))
32656;POLYGON((-1775090 2838038,-1562306 2804788,-1595176 2573785,-1811907 2604978,-1775090 2838038))
32657;POLYGON((-2425572 2961747,-2206538 2916298,-2251902 2678489,-2475593 2721241,-2425572 2961747))
32658;POLYGON((-3098163 3126649,-2871194 3066608,-2931475 2820050,-3164125 2876734,-3098163 3126649))
32659;POLYGON((-3798000 3341845,-3561373 3263825,-3640035 3006537,-3883788 3080547,-3798000 3341845))
32660;POLYGON((-4530257 3620099,-4282253 3519366,-4384169 3249434,-4641324 3345568,-4530257 3620099))
