32601;POLYGON((-13319 9566456,2089 9548828,-163959 9398192,-184578 9421675,-13319 9566456))
32602;POLYGON((-55747 9622440,-42256 9603284,-223314 9470758,-241384 9496300,-55747 9622440))
32603;POLYGON((-92114 9682595,-80692 9662119,-274813 9549230,-290131 9576556,-92114 9682595))
32604;POLYGON((-122022 9746273,-112792 9724698,-317882 9632765,-330282 9661581,-122022 9746273))
32605;POLYGON((-145156 9812784,-138213 9790343,-352063 9720464,-361423 9750461,-145156 9812784))
32606;POLYGON((-161296 9881417,-156703 9858348,-377037 9811390,-383283 9842251,-161296 9881417))
32607;POLYGON((-170329 9951451,-168110 9927995,-392646 9904591,-395767 9936002,-170329 9951451))
32608;POLYGON((-172263 10022174,-172401 9998565,-398922 9999135,-398977 10030794,-172263 10022174))
32609;POLYGON((-167240 10092910,-169673 10069369,-396121 10094147,-393251 10125785,-167240 10092910))
32610;POLYGON((-155556 10163045,-160166 10139768,-384757 10188860,-379198 10220256,-155556 10163045))
32611;POLYGON((-137671 10232060,-144286 10209206,-365644 10282681,-357739 10313687,-137671 10232060))
32612;POLYGON((-114233 10299571,-122615 10277251,-339935 10375259,-330154 10405828,-114233 10299571))
32613;POLYGON((-86096 10365378,-95935 10343635,-309176 10466579,-298131 10496799,-86096 10365378))
32614;POLYGON((-54338 10429513,-65250 10408307,-275357 10557069,-263819 10587200,-54338 10429513))
32615;POLYGON((-20291 10492310,-31802 10471491,-240972 10647720,-229895 10678244,-20291 10492310))
32616;POLYGON((14441 10554469,2898 10533759,-209081 10740234,-199625 10771903,14441 10554469))
32617;POLYGON((47957 10617144,37051 10596103,-183384 10837190,-176936 10871091,47957 10617144))
32618;POLYGON((78022 10682032,68536 10660026,-168293 10942236,-166496 10979861,78022 10682032))
32619;POLYGON((102047 10751477,94885 10727647,-169017 11060310,-173798 11103631,102047 10751477))
32620;POLYGON((117051 10828592,113253 10801807,-191647 11197883,-205251 11249448,117051 10828592))
32621;POLYGON((119629 10917387,120379 10886202,-243257 11363245,-268277 11426275,119629 10917387))
32622;POLYGON((105915 11022917,112555 10985521,-332003 11566818,-371417 11645319,105915 11022917))
32623;POLYGON((903014 11062858,85589 11105607,-467233 11821506,1416362 11730021,903014 11062858))
32624;POLYGON((882927 10950421,887444 10985521,1332003 11566818,1297744 11493974,882927 10950421))
32625;POLYGON((880527 10856666,879620 10886202,1243257 11363245,1222354 11304441,880527 10856666))
32626;POLYGON((891789 10776152,886746 10801807,1191647 11197883,1181254 11149387,891789 10776152))
32627;POLYGON((913159 10704537,905114 10727647,1169017 11060310,1166662 11019139,913159 10704537))
32628;POLYGON((941517 10638426,931463 10660026,1168293 10942236,1171841 10906046,941517 10638426))
32629;POLYGON((974148 10575232,962948 10596103,1183384 10837190,1191005 10804177,974148 10575232))
32630;POLYGON((1008702 10513053,997101 10533759,1209081 10740234,1219220 10709050,1008702 10513053))
32631;POLYGON((1043171 10450568,1031802 10471491,1240972 10647720,1252320 10617397,1043171 10450568))
32632;POLYGON((1075852 10386932,1065250 10408307,1275357 10557069,1286827 10526950,1075852 10386932))
32633;POLYGON((1105328 10321700,1095935 10343635,1309176 10466579,1319877 10436263,1105328 10321700))
32634;POLYGON((1130438 10254745,1122615 10277251,1339935 10375259,1349151 10344546,1130438 10254745))
32635;POLYGON((1150255 10186196,1144286 10209206,1365644 10282681,1372812 10251534,1150255 10186196))
32636;POLYGON((1164067 10116383,1160166 10139768,1384757 10188860,1389453 10157363,1164067 10116383))
32637;POLYGON((1171350 10045783,1169673 10069369,1396121 10094147,1398037 10062474,1171350 10045783))
32638;POLYGON((1171758 9974983,1172401 9998565,1398922 9999135,1397856 9967527,1171758 9974983))
32639;POLYGON((1165099 9904642,1168110 9927995,1392646 9904591,1388486 9873330,1165099 9904642))
32640;POLYGON((1151321 9835462,1156703 9858348,1377037 9811390,1369749 9780781,1151321 9835462))
32641;POLYGON((1130499 9768163,1138213 9790343,1352063 9720464,1341680 9690825,1130499 9768163))
32642;POLYGON((1102819 9703463,1112792 9724698,1317882 9632765,1304493 9604412,1102819 9703463))
32643;POLYGON((1068564 9642059,1080692 9662119,1274813 9549230,1258557 9522467,1068564 9642059))
32644;POLYGON((1028108 9584615,1042256 9603284,1223314 9470758,1204371 9445874,1028108 9584615))
32645;POLYGON((981897 9531752,997910 9548828,1163959 9398192,1142542 9375451,981897 9531752))
32646;POLYGON((930447 9484038,948145 9499338,1097418 9332302,1073769 9311944,930447 9484038))
32647;POLYGON((874329 9441981,893517 9455343,1024440 9273780,998823 9256017,874329 9441981))
32648;POLYGON((814163 9406027,834628 9417309,945839 9223231,918537 9208244,814163 9406027))
32649;POLYGON((750607 9376553,772127 9385637,862479 9181169,833791 9169110,750607 9376553))
32650;POLYGON((684355 9353864,706695 9360657,775268 9148016,745503 9139004,684355 9353864))
32651;POLYGON((616122 9338198,639041 9342628,685142 9124101,654618 9118225,616122 9338198))
32652;POLYGON((546643 9329713,569895 9331736,593061 9109658,562101 9106976,546643 9329713))
32653;POLYGON((476664 9328498,500000 9328093,500000 9104828,468930 9105366,476664 9328498))
32654;POLYGON((406935 9334566,430104 9331736,406938 9109658,376087 9113409,406935 9334566))
32655;POLYGON((338205 9347853,360958 9342628,314857 9124101,284550 9131030,338205 9347853))
32656;POLYGON((271211 9368223,293304 9360657,224731 9148016,195290 9158055,271211 9368223))
32657;POLYGON((206678 9395466,227872 9385637,137520 9181169,109260 9194218,206678 9395466))
32658;POLYGON((145307 9429299,165371 9417309,54160 9223231,27387 9239161,145307 9429299))
32659;POLYGON((87769 9469367,106482 9455343,-24440 9273780,-49433 9292430,87769 9469367))
32660;POLYGON((34697 9515249,51854 9499338,-97418 9332302,-120352 9353479,34697 9515249))
