32601;POLYGON((-3287795 6452372,-3147874 6336055,-3309673 6130925,-3458793 6250621,-3287795 6452372))
32602;POLYGON((-3690104 6839965,-3559306 6704198,-3749403 6510835,-3890076 6651743,-3690104 6839965))
32603;POLYGON((-4056959 7287931,-3939467 7131751,-4159749 6956072,-4287622 7119823,-4056959 7287931))
32604;POLYGON((-4373041 7798014,-4274459 7621070,-4526157 7471182,-4635298 7658990,-4373041 7798014))
32605;POLYGON((-4618074 8369340,-4545781 8172296,-4828942 8059119,-4911433 8271418,-4618074 8369340))
32606;POLYGON((-4765642 8996942,-4729205 8782018,-5041999 8720033,-5087455 8955981,-4765642 8996942))
32607;POLYGON((-4781819 9669834,-4793475 9441500,-5131283 9449655,-5126296 9706504,-4781819 9669834))
32608;POLYGON((-4623588 10368567,-4698793 10134422,-5053051 10237218,-4980542 10509496,-4623588 10368567))
32609;POLYGON((-4237028 11062163,-4395089 10834030,-4751835 11062813,-4590318 11341304,-4237028 11062163))
32610;POLYGON((-3555256 11704343,-3820044 11499614,-4158134 11894100,-3880883 12164588,-3555256 11704343))
32611;POLYGON((-2496117 12228949,-2896869 12072206,-3185805 12682273,-2759906 12924014,-2496117 12228949))
32612;POLYGON((-959581 12544434,-1531799 12469394,-1729118 13357182,-1114422 13541067,-959581 12544434))
32613;POLYGON((1175145 12527324,388698 12579142,340515 13821486,1192573 13907867,1175145 12527324))
32614;POLYGON((4052826 12014518,3001022 12252491,3178201 13943744,4325899 13879861,4052826 12014518))
32615;POLYGON((7845731 10794303,6467857 11295016,6969588 13550296,8482352 13267291,7845731 10794303))
32616;POLYGON((12757515 8595933,10981945 9456899,11935307 12415823,13895284 11825268,12757515 8595933))
32617;POLYGON((19027470 5077651,16770203 6421488,18335841 10252435,20839617 9242348,19027470 5077651))
32618;POLYGON((26935151 -187016,24098226 1792183,26476828 6697152,29637305 5127440,26935151 -187016))
32619;POLYGON((36805401 -7724838,33275177 -4922497,36714849 1297629,40663273 -1005091,36805401 -7724838))
32620;POLYGON((49013797 -18180495,44659092 -14325842,49463683 -6504045,54351848 -9752299,49013797 -18180495))
32621;POLYGON((63992521 -32336419,58662603 -27152016,65201085 -17389622,71203706 -21841659,63992521 -32336419))
32622;POLYGON((82236689 -51135005,75759119 -44287472,84476085 -32185220,91793349 -38152389,82236689 -51135005))
32623;POLYGON((-88139214 -58621885,96489450 -66794860,107916831 -51884280,-98598108 -44704135,-88139214 -58621885))
32624;POLYGON((-68684693 -38035154,-74759119 -44287472,-83476085 -32185220,-76620962 -26761295,-68684693 -38035154))
32625;POLYGON((-52675798 -22444976,-57662603 -27152016,-64201085 -17389622,-58590881 -13370657,-52675798 -22444976))
32626;POLYGON((-39594953 -10850252,-43659092 -14325842,-48463683 -6504045,-43906996 -3597261,-39594953 -10850252))
32627;POLYGON((-28989722 -2417822,-32275177 -4922497,-35714849 1297629,-32044879 3334461,-28989722 -2417822))
32628;POLYGON((-20466335 3540594,-23098226 1792183,-25476828 6697152,-22548886 8062816,-20466335 3540594))
32629;POLYGON((-13683662 7589005,-15770203 6421488,-17335841 10252435,-15025030 11108600,-13683662 7589005))
32630;POLYGON((-8347631 10185489,-9981945 9456899,-10935307 12415823,-9134383 12892670,-8347631 10185489))
32631;POLYGON((-4206064 11698429,-5467857 11295016,-5969588 13550296,-4586978 13751479,-4206064 11698429))
32632;POLYGON((-1043916 12420827,-2001022 12252491,-2178201 13943744,-1136182 13950750,-1043916 12420827))
32633;POLYGON((1321094 12582844,611301 12579142,659484 13821486,1426454 13697447,1321094 12582844))
32634;POLYGON((3042491 12362718,2531799 12469394,2729118 13357182,3275927 13150176,3042491 12362718))
32635;POLYGON((4248685 11896216,3896869 12072206,4185805 12682273,4558073 12428171,4248685 11896216))
32636;POLYGON((5046291 11284745,4820044 11499614,5158134 11894100,5393477 11618996,5046291 11284745))
32637;POLYGON((5523120 10602267,5395089 10834030,5751835 11062813,5880991 10785088,5523120 10602267))
32638;POLYGON((5750874 9901134,5698793 10134422,6053051 10237218,6100900 9969267,5750874 9901134))
32639;POLYGON((5787554 9216966,5793475 9441500,6131283 9449655,6117754 9199318,5787554 9216966))
32640;POLYGON((5679599 8572685,5729205 8782018,6041999 8720033,5982870 8491772,5679599 8572685))
32641;POLYGON((5463779 7981795,5545781 8172296,5828942 8059119,5736546 7854966,5463779 7981795))
32642;POLYGON((5168850 7451033,5274459 7621070,5526157 7471182,5409999 7291488,5168850 7451033))
32643;POLYGON((4816994 6982452,4939467 7131751,5159749 6956072,5027036 6800097,4816994 6982452))
32644;POLYGON((4425064 6575041,4559306 6704198,4749403 6510835,4605498 6377192,4425064 6575041))
32645;POLYGON((4005640 6225947,4147874 6336055,4309673 6130925,4158483 6017904,4005640 6225947))
32646;POLYGON((3567922 5931378,3715408 6023762,3851080 5811087,3695376 5716895,3567922 5931378))
32647;POLYGON((3118482 5687239,3269281 5763266,3381014 5545984,3222697 5468898,3118482 5687239))
32648;POLYGON((2661871 5489569,2814657 5550525,2904482 5330607,2744802 5269081,2661871 5489569))
32649;POLYGON((2201129 5334820,2355031 5381830,2424716 5160539,2264439 5113259,2201129 5334820))
32650;POLYGON((1738182 5220026,1892659 5254007,1943649 5032097,1783201 4998012,1738182 5220026))
32651;POLYGON((1274173 5142890,1428914 5164530,1462301 4942402,1301872 4920736,1274173 5142890))
32652;POLYGON((809720 5101830,964564 5111576,981075 4889403,820705 4879655,809720 5101830))
32653;POLYGON((345136 5095992,500000 5094047,500000 4871872,339650 4873817,345136 5095992))
32654;POLYGON((-119385 5125252,35435 5111576,18924 4889403,-141463 4903085,-119385 5125252))
32655;POLYGON((-583591 5190223,-428914 5164530,-462301 4942402,-622747 4968139,-583591 5190223))
32656;POLYGON((-1046988 5292244,-892659 5254007,-943649 5032097,-1104071 5070480,-1046988 5292244))
32657;POLYGON((-1508635 5433376,-1355031 5381830,-1424716 5160539,-1584856 5212437,-1508635 5433376))
32658;POLYGON((-1966898 5616371,-1814657 5550525,-1904482 5330607,-2063814 5397161,-1966898 5616371))
32659;POLYGON((-2419150 5844597,-2269281 5763266,-2381014 5545984,-2538626 5628589,-2419150 5844597))
32660;POLYGON((-2861395 6121900,-2715408 6023762,-2851080 5811087,-3005529 5911358,-2861395 6121900))
