32601;POLYGON((-2545105 7156439,-2437008 7059011,-2598251 6870932,-2714130 6972700,-2545105 7156439))
32602;POLYGON((-2851346 7475624,-2752555 7364769,-2937144 7190971,-3043659 7307480,-2851346 7475624))
32603;POLYGON((-3124159 7834231,-3037498 7710445,-3244958 7555110,-3338951 7686103,-3124159 7834231))
32604;POLYGON((-3353742 8229370,-3282712 8093882,-3511406 7961894,-3588870 8106357,-3353742 8229370))
32605;POLYGON((-3528017 8655289,-3476921 8510403,-3723486 8407241,-3779392 8563028,-3528017 8655289))
32606;POLYGON((-3632230 9102193,-3606311 8951708,-3864933 8883223,-3893028 9046577,-3632230 9102193))
32607;POLYGON((-3648497 9554740,-3654094 9404493,-3915593 9376501,-3908173 9541445,-3648497 9554740))
32608;POLYGON((-3555295 9990176,-3600021 9848707,-3850702 9866354,-3798350 10023936,-3555295 9990176))
32609;POLYGON((-3326895 10376040,-3419830 10255410,-3640079 10322239,-3531378 10459592,-3326895 10376040))
32610;POLYGON((-2932731 10667383,-3084643 10584156,-3247217 10700793,-3068419 10800010,-2932731 10667383))
32611;POLYGON((-2336701 10803426,-2560286 10779853,-2628261 10942219,-2362922 10978989,-2336701 10803426))
32612;POLYGON((-1496394 10703586,-1806541 10769001,-1730874 10965954,-1359449 10907946,-1496394 10703586))
32613;POLYGON((-362239 10262796,-776322 10455262,-492977 10665537,7628 10470494,-362239 10262796))
32614;POLYGON((1123424 9346031,585224 9714258,1158641 9902582,1815564 9516099,1123424 9346031))
32615;POLYGON((3027367 7781963,2341715 8387526,3309851 8499753,4154812 7852689,3027367 7781963))
32616;POLYGON((5426580 5355640,4566604 6275530,6060852 6232628,7130748 5238136,5426580 5355640))
32617;POLYGON((8409473 1800102,7344356 3129649,9528004 2820358,10865551 1370475,8409473 1800102))
32618;POLYGON((12077189 -3213167,10771717 -1356977,13845809 -2085018,15500238 -4123248,12077189 -3213167))
32619;POLYGON((16545002 -10085061,14959088 -7559833,19169065 -8910718,21196883 -11699634,16545002 -10085061))
32620;POLYGON((21943847 -19301052,20032009 -15934749,25675191 -18176930,28140995 -21913208,21943847 -19301052))
32621;POLYGON((28421942 -31444890,26132747 -27031099,33566744 -30512269,36544097 -35432475,28421942 -31444890))
32622;POLYGON((36146542 -47213916,33422011 -41506553,43074108 -46671075,46646486 -53057873,36146542 -47213916))
32623;POLYGON((-41080778 -60143539,42080778 -60143539,54458397 -67552730,-53458397 -67552730,-41080778 -60143539))
32624;POLYGON((-32422011 -41506553,-35146542 -47213916,-45646486 -53057873,-42074108 -46671075,-32422011 -41506553))
32625;POLYGON((-25132747 -27031099,-27421942 -31444890,-35544097 -35432475,-32566744 -30512269,-25132747 -27031099))
32626;POLYGON((-19032009 -15934749,-20943847 -19301052,-27140995 -21913208,-24675191 -18176930,-19032009 -15934749))
32627;POLYGON((-13959088 -7559833,-15545002 -10085061,-20196883 -11699634,-18169065 -8910718,-13959088 -7559833))
32628;POLYGON((-9771717 -1356977,-11077189 -3213167,-14500238 -4123248,-12845809 -2085018,-9771717 -1356977))
32629;POLYGON((-6344356 3129649,-7409473 1800102,-9865551 1370475,-8528004 2820358,-6344356 3129649))
32630;POLYGON((-3566604 6275530,-4426580 5355640,-6130748 5238136,-5060852 6232628,-3566604 6275530))
32631;POLYGON((-1341715 8387526,-2027367 7781963,-3154812 7852689,-2309851 8499753,-1341715 8387526))
32632;POLYGON((414775 9714258,-123424 9346031,-815564 9516099,-158641 9902582,414775 9714258))
32633;POLYGON((1776322 10455262,1362239 10262796,992371 10470494,1492977 10665537,1776322 10455262))
32634;POLYGON((2806541 10769001,2496394 10703586,2359449 10907946,2730874 10965954,2806541 10769001))
32635;POLYGON((3560286 10779853,3336701 10803426,3362922 10978989,3628261 10942219,3560286 10779853))
32636;POLYGON((4084643 10584156,3932731 10667383,4068419 10800010,4247217 10700793,4084643 10584156))
32637;POLYGON((4419830 10255410,4326895 10376040,4531378 10459592,4640079 10322239,4419830 10255410))
32638;POLYGON((4600021 9848707,4555295 9990176,4798350 10023936,4850702 9866354,4600021 9848707))
32639;POLYGON((4654094 9404493,4648497 9554740,4908173 9541445,4915593 9376501,4654094 9404493))
32640;POLYGON((4606311 8951708,4632230 9102193,4893028 9046577,4864933 8883223,4606311 8951708))
32641;POLYGON((4476921 8510403,4528017 8655289,4779392 8563028,4723486 8407241,4476921 8510403))
32642;POLYGON((4282712 8093882,4353742 8229370,4588870 8106357,4511406 7961894,4282712 8093882))
32643;POLYGON((4037498 7710445,4124159 7834231,4338951 7686103,4244958 7555110,4037498 7710445))
32644;POLYGON((3752555 7364769,3851346 7475624,4043659 7307480,3937144 7190971,3752555 7364769))
32645;POLYGON((3437008 7059011,3545105 7156439,3714130 6972700,3598251 6870932,3437008 7059011))
32646;POLYGON((3098177 6793645,3213321 6877632,3359111 6682002,3236330 6594755,3098177 6793645))
32647;POLYGON((2741873 6568108,2862277 6638924,2985396 6434419,2857610 6361205,2741873 6568108))
32648;POLYGON((2372672 6381269,2496933 6439331,2598199 6228347,2466850 6168565,2372672 6381269))
32649;POLYGON((1994146 6231780,2121171 6277545,2201470 6061950,2067646 6014986,1994146 6231780))
32650;POLYGON((1609080 6118308,1738017 6152206,1798179 5933438,1662692 5898741,1609080 6118308))
32651;POLYGON((1219654 6039702,1349832 6062090,1390549 5841257,1254011 5818385,1219654 6039702))
32652;POLYGON((827619 5995099,958492 6006228,980262 5784207,843147 5772850,827619 5995099))
32653;POLYGON((434451 5983984,565548 5983984,568649 5761510,431350 5761510,434451 5983984))
32654;POLYGON((41507 6006228,172380 5995099,156852 5772850,19737 5784207,41507 6006228))
32655;POLYGON((-349832 6062090,-219654 6039702,-254011 5818385,-390549 5841257,-349832 6062090))
32656;POLYGON((-738017 6152206,-609080 6118308,-662692 5898741,-798179 5933438,-738017 6152206))
32657;POLYGON((-1121171 6277545,-994146 6231780,-1067646 6014986,-1201470 6061950,-1121171 6277545))
32658;POLYGON((-1496933 6439331,-1372672 6381269,-1466850 6168565,-1598199 6228347,-1496933 6439331))
32659;POLYGON((-1862277 6638924,-1741873 6568108,-1857610 6361205,-1985396 6434419,-1862277 6638924))
32660;POLYGON((-2213321 6877632,-2098177 6793645,-2236330 6594755,-2359111 6682002,-2213321 6877632))
