32601;POLYGON((-5504753 1313389,-5189104 1266738,-5228252 952810,-5547993 988287,-5504753 1313389))
32602;POLYGON((-6521548 1484950,-6169932 1421890,-6222846 1070905,-6580178 1118986,-6521548 1484950))
32603;POLYGON((-7667020 1718412,-7268749 1632336,-7340976 1231527,-7747316 1297347,-7667020 1718412))
32604;POLYGON((-8979194 2039142,-8520519 1920567,-8620051 1452164,-9090156 1543106,-8979194 2039142))
32605;POLYGON((-10506854 2483212,-9970158 2318708,-10108359 1757850,-10661217 1884393,-10506854 2483212))
32606;POLYGON((-12312253 3101222,-11675103 2872032,-11867897 2183925,-12527782 2360724,-12312253 3101222))
32607;POLYGON((-14474291 3963142,-13708322 3643444,-13977707 2779563,-14775410 3026821,-14474291 3963142))
32608;POLYGON((-17092201 5164381,-16161825 4719115,-16537766 3612212,-17512020 3957391,-17092201 5164381))
32609;POLYGON((-20289785 6833259,-19150721 6215468,-19673468 4773094,-20872587 5253007,-20289785 6833259))
32610;POLYGON((-24220249 9140113,-22817836 8287714,-23540754 6383930,-25024493 7047290,-24220249 9140113))
32611;POLYGON((-29071665 12308258,-27338973 11140167,-28331937 8605071,-30173595 9515542,-29071665 12308258))
32612;POLYGON((-35073126 16627053,-32928825 15038577,-34282265 11645216,-36571045 12885046,-35073126 16627053))
32613;POLYGON((-42501607 22467326,-39847596 20324745,-41677267 15772941,-44520909 17447235,-42501607 22467326))
32614;POLYGON((-51689603 30299449,-48408378 27433680,-50860940 21330219,-54388644 23571938,-51689603 30299449))
32615;POLYGON((-63033566 40714345,-58985315 36913592,-62244814 28748197,-66610462 31723949,-63033566 40714345))
32616;POLYGON((-77003192 54447742,-72022601 49449032,-76317945 38565442,-81703651 42482163,-77003192 54447742))
32617;POLYGON((-94151601 72407997,-88044361 65887489,-93657884 51448919,-100277874 56561516,-94151601 72407997))
32618;POLYGON((-115126445 95707829,-107665444 87269780,-114942673 68217969,-123047517 74838028,-115126445 95707829))
32619;POLYGON((-140682004 125700328,-131603179 114864589,-140963906 89871561,-150845122 98377206,-140682004 125700328))
32620;POLYGON((-171692286 164019594,-160690146 150207531,-172640911 117619106,-184635943 128466116,-171692286 164019594))
32621;POLYGON((-209165197 212626421,-195887976 195145098,-211036093 152915139,-225533699 166649423,-209165197 212626421))
32622;POLYGON((-254257813 273859401,-238302256 251883919,-257371496 197498189,-274817540 214769725,-254257813 273859401))
32623;POLYGON((-308292797 350491891,-289198556 323045720,-313046616 253434148,-333950298 275012506,-308292797 350491891))
32624;POLYGON((255257813 273859401,272205460 297541848,294356237 233384977,275817540 214769725,255257813 273859401))
32625;POLYGON((210165197 212626421,224287689 231507078,241961582 181485001,226533699 166649423,210165197 212626421))
32626;POLYGON((172692286 164019594,184411268 178971616,198419275 140210057,185635943 128466116,172692286 164019594))
32627;POLYGON((141682004 125700328,151365808 137458579,162391030 107608484,151845122 98377206,141682004 125700328))
32628;POLYGON((116126445 95707829,124095431 104887201,132709933 82041009,124047517 74838028,116126445 95707829))
32629;POLYGON((95151601 72407997,101683123 79519818,108363050 62138909,101277874 56561516,95151601 72407997))
32630;POLYGON((78003192 54447742,83336205 59914426,88475277 46766577,82703651 42482163,78003192 54447742))
32631;POLYGON((64033566 40714345,68372873 44882404,72294392 34988163,67610462 31723949,64033566 40714345))
32632;POLYGON((52689603 30299449,56209778 33451004,59177246 26037977,55388644 23571938,52689603 30299449))
32633;POLYGON((43501607 22467326,46350594 24830234,48577067 19294363,45520909 17447235,43501607 22467326))
32634;POLYGON((36073126 16627053,38375529 18383766,40031811 14256754,37571045 12885046,36073126 16627053))
32635;POLYGON((30071665 12308258,31931747 13603532,33153524 10525626,31173595 9515542,30071665 12308258))
32636;POLYGON((25220249 9140113,26724653 10087669,27618660 7785109,26024493 7047290,25220249 9140113))
32637;POLYGON((21289785 6833259,22509995 7521502,23159317 5787986,21872587 5253007,21289785 6833259))
32638;POLYGON((18092201 5164381,19086743 5661263,19555337 4342860,18512020 3957391,18092201 5164381))
32639;POLYGON((15474291 3963142,16290710 4320274,16627222 3303254,15775410 3026821,15474291 3963142))
32640;POLYGON((13312253 3101222,13988862 3357305,14229824 2558444,13527782 2360724,13312253 3101222))
32641;POLYGON((11506854 2483212,12074273 2666885,12246759 2025817,11661217 1884393,11506854 2483212))
32642;POLYGON((9979194 2039142,10461703 2171303,10585498 1644570,10090156 1543106,9979194 2039142))
32643;POLYGON((8667020 1718412,9083726 1814097,9173082 1370587,8747316 1297347,8667020 1718412))
32644;POLYGON((7521548 1484950,7887391 1554825,7952429 1172314,7580178 1118986,7521548 1484950))
32645;POLYGON((6504753 1313389,6831363 1364917,6879170 1027505,6547993 988287,6504753 1313389))
32646;POLYGON((5587087 1186122,5883496 1224462,5918972 920687,5619259 891576,5587087 1186122))
32647;POLYGON((4745572 1091064,5018813 1119743,5045308 841228,4769620 819496,4745572 1091064))
32648;POLYGON((3962237 1019996,4217828 1041406,4237611 781899,3980151 765700,3962237 1019996))
32649;POLYGON((3222851 967376,3465187 983126,3479784 737822,3235966 725920,3222851 967376))
32650;POLYGON((2515912 929496,2748576 940656,2759004 705738,2525111 697311,2515912 929496))
32651;POLYGON((1831843 903924,2057857 911190,2064778 683494,1837697 678011,1831843 903924))
32652;POLYGON((1162367 889137,1384378 892932,1388201 669718,1165214 666855,1162367 889137))
32653;POLYGON((500000 884297,720441 884833,721383 663608,500000 663204,500000 884297))
32654;POLYGON((-162367 889137,58856 886443,56967 664823,-165214 666855,-162367 889137))
32655;POLYGON((-831843 903924,-607445 897851,-612268 673429,-837697 678011,-831843 903924))
32656;POLYGON((-1515912 929496,-1285778 919696,-1293811 689913,-1525111 697311,-1515912 929496))
32657;POLYGON((-2222851 967376,-1984105 953253,-1995835 715252,-2235966 725920,-2222851 967376))
32658;POLYGON((-2962237 1019996,-2711508 1000621,-2727700 751048,-2980151 765700,-2962237 1019996))
32659;POLYGON((-3745572 1091064,-3478765 1065028,-3500585 799779,-3769620 819496,-3745572 1091064))
32660;POLYGON((-4587087 1186122,-4299098 1151329,-4328289 865178,-4619259 891576,-4587087 1186122))
