32601;POLYGON((-2678615 6775324,-2556219 6676555,-2708189 6478478,-2838731 6580801,-2678615 6775324))
32602;POLYGON((-3029575 7102269,-2915589 6988146,-3092281 6802003,-3214656 6921026,-3029575 7102269))
32603;POLYGON((-3349386 7475547,-3246857 7345991,-3448780 7176167,-3559690 7312328,-3349386 7475547))
32604;POLYGON((-3627197 7894162,-3540047 7749743,-3766805 7601752,-3861916 7754887,-3627197 7894162))
32605;POLYGON((-3849149 8354492,-3782369 8196782,-4032132 8077386,-4105827 8246359,-3849149 8354492))
32606;POLYGON((-3997743 8849013,-3957614 8681045,-4226410 8598328,-4271505 8780548,-3997743 8849013))
32607;POLYGON((-4051109 9364672,-4045456 9191529,-4326267 9154890,-4333679 9345693,-4051109 9364672))
32608;POLYGON((-3982167 9880817,-4020651 9710375,-4302266 9730411,-4260633 9922272,-3982167 9880817))
32609;POLYGON((-3757675 10366638,-3852126 10210478,-4117710 10298718,-4012958 10480272,-3757675 10366638))
32610;POLYGON((-3337161 10778012,-3501944 10652541,-3727293 10820968,-3542148 10975809,-3337161 10778012))
32611;POLYGON((-2671714 11053690,-2924150 10981493,-3075568 11241806,-2789001 11347036,-2671714 11053690))
32612;POLYGON((-1702645 11110723,-2063473 11122177,-2095225 11484724,-1681840 11509210,-1702645 11110723))
32613;POLYGON((-359986 10839039,-853880 10974221,-705183 11446519,-134530 11348828,-359986 10839039))
32614;POLYGON((1439152 10095057,783017 10405987,1191544 10990749,1955728 10716722,1439152 10095057))
32615;POLYGON((3792409 8694247,2939729 9247492,3710199 9940055,4710823 9419976,3792409 8694247))
32616;POLYGON((6814156 6402506,5724817 7282193,6986861 8067243,8274401 7212567,6814156 6402506))
32617;POLYGON((10637685 2926237,9265012 4237511,11181290 5084976,12814786 3784563,10637685 2926237))
32618;POLYGON((15417573 -2098990,13707520 -226019,16480011 633958,18528162 -1250226,15417573 -2098990))
32619;POLYGON((21332259 -9121341,19222529 -6527116,23099689 -5730543,25642035 -8368316,21332259 -9121341))
32620;POLYGON((28586831 -18687299,26005919 -15177761,31290772 -14553984,34418976 -18152471,28586831 -18687299))
32621;POLYGON((37416026 -31458097,34282197 -26798991,41341439 -26499797,45160672 -31309643,37416026 -31458097))
32622;POLYGON((48087464 -48228125,44307648 -42138636,53581854 -42368769,58212282 -48691103,48087464 -48228125))
32623;POLYGON((60905124 -69945477,56373731 -62091134,68388739 -63120716,73967120 -71314916,60905124 -69945477))
32624;POLYGON((-51105420 -54865866,-55373731 -62091134,-67388739 -63120716,-62142631 -55594344,-51105420 -54865866))
32625;POLYGON((-39754249 -36560300,-43307648 -42138636,-52581854 -42368769,-48236166 -36587484,-39754249 -36560300))
32626;POLYGON((-30342431 -22551837,-33282197 -26798991,-40341439 -26499797,-36765129 -22124552,-30342431 -22551837))
32627;POLYGON((-22590622 -11997246,-25005919 -15177761,-30290772 -14553984,-27368844 -11301299,-22590622 -11997246))
32628;POLYGON((-16253495 -4193057,-18222529 -6527116,-22099689 -5730543,-19731635 -3365016,-16253495 -4193057))
32629;POLYGON((-11116424 1443543,-12707520 -226019,-15480011 633958,-13578356 2306360,-11116424 1443543))
32630;POLYGON((-6992407 5391786,-8265012 4237511,-10181290 5084976,-8670246 6222895,-6992407 5391786))
32631;POLYGON((-3719210 8042497,-4724817 7282193,-5986861 8067243,-4801076 8799237,-3719210 8042497))
32632;POLYGON((-1156719 9711552,-1939729 9247492,-2710199 9940055,-1793603 10369281,-1156719 9711552))
32633;POLYGON((815493 10651715,216982 10405987,-191544 10990749,503706 11199082,815493 10651715))
32634;POLYGON((2300412 11063020,1853880 10974221,1705183 11446519,2219687 11498149,2300412 11063020))
32635;POLYGON((3385635 11101815,3063473 11122177,3095225 11484724,3463218 11429274,3385635 11101815))
32636;POLYGON((4145243 10888583,3924150 10981493,4075568 11241806,4325735 11117025,4145243 10888583))
32637;POLYGON((4641513 10514666,4501944 10652541,4727293 10820968,4883502 10655032,4641513 10514666))
32638;POLYGON((4926458 10047998,4852126 10210478,5117710 10298718,5199671 10112182,4926458 10047998))
32639;POLYGON((5043223 9537951,5020651 9710375,5302266 9730411,5326130 9537852,5043223 9537951))
32640;POLYGON((5027334 9019392,5045456 9191529,5326267 9154890,5305153 8966271,5027334 9019392))
32641;POLYGON((4907813 8516046,4957614 8681045,5226410 8598328,5170873 8420123,4907813 8516046))
32642;POLYGON((4708170 8043248,4782369 8196782,5032132 8077386,4950584 7913488,4708170 8043248))
32643;POLYGON((4447273 7610162,4540047 7749743,4766805 7601752,4665873 7454205,4447273 7610162))
32644;POLYGON((4140120 7221554,4246857 7345991,4448780 7176167,4333623 7045736,4140120 7221554))
32645;POLYGON((3798499 6879174,3915589 6988146,4092281 6802003,3966863 6688617,3798499 6879174))
32646;POLYGON((3431570 6582814,3556219 6676555,3708189 6478478,3575508 6381560,3431570 6582814))
32647;POLYGON((3046358 6331104,3176434 6410160,3304693 6203555,3166983 6122267,3046358 6331104))
32648;POLYGON((2648179 6122093,2782077 6187150,2887858 5974598,2746749 5908012,2648179 6122093))
32649;POLYGON((2240998 5953655,2377527 6005422,2462083 5788832,2318743 5736049,2240998 5953655))
32650;POLYGON((1827733 5823775,1966019 5862898,2030496 5643653,1885739 5603880,1827733 5823775))
32651;POLYGON((1410521 5730724,1549924 5757739,1595270 5536825,1449659 5509421,1410521 5730724))
32652;POLYGON((990931 5673183,1130978 5688480,1157898 5466603,1011818 5451106,990931 5673183))
32653;POLYGON((570168 5650300,710488 5654109,719413 5431792,573142 5427937,570168 5650300))
32654;POLYGON((149244 5661732,289511 5654109,280586 5431792,134351 5439511,149244 5661732))
32655;POLYGON((-270856 5707650,-130978 5688480,-157898 5466603,-303856 5486028,-270856 5707650))
32656;POLYGON((-689014 5788740,-549924 5757739,-595270 5536825,-740646 5568292,-689014 5788740))
32657;POLYGON((-1103800 5906170,-966019 5862898,-1030496 5643653,-1174853 5687684,-1103800 5906170))
32658;POLYGON((-1513289 6061543,-1377527 6005422,-1462083 5788832,-1604786 5846122,-1513289 6061543))
32659;POLYGON((-1914852 6256794,-1782077 6187150,-1887858 5974598,-2027984 6045982,-1914852 6256794))
32660;POLYGON((-2304903 6494038,-2176434 6410160,-2304693 6203555,-2440935 6289952,-2304903 6494038))
