32601;POLYGON((91696 9616734,105269 9602734,-52609 9443980,-71659 9463559,91696 9616734))
32602;POLYGON((54013 9661469,66052 9646120,-107668 9504669,-124582 9526150,54013 9661469))
32603;POLYGON((21197 9709922,31571 9693390,-156123 9570841,-170711 9593996,21197 9709922))
32604;POLYGON((-6387 9761567,2206 9744032,-197432 9641787,-209533 9666365,-6387 9761567))
32605;POLYGON((-28443 9815844,-21721 9797496,-231144 9716740,-240630 9742477,-28443 9815844))
32606;POLYGON((-44741 9872166,-39959 9853202,-256914 9794896,-263696 9821516,-44741 9872166))
32607;POLYGON((-55131 9929930,-52330 9910553,-274516 9875422,-278550 9902647,-55131 9929930))
32608;POLYGON((-59545 9988529,-58738 9968941,-283868 9957486,-285160 9985041,-59545 9988529))
32609;POLYGON((-58014 10047368,-59179 10027765,-285046 10040279,-283662 10067906,-58014 10047368))
32610;POLYGON((-50668 10105879,-53750 10086445,-278313 10123050,-274386 10150520,-50668 10105879))
32611;POLYGON((-37750 10163543,-42655 10144445,-264141 10205151,-257878 10232277,-37750 10163543))
32612;POLYGON((-19622 10219913,-26216 10201291,-243238 10286081,-234935 10312740,-19622 10219913))
32613;POLYGON((3219 10274642,-4881 10256598,-216582 10365550,-206630 10391703,3219 10274642))
32614;POLYGON((30141 10327515,20759 10310104,-185453 10443546,-174351 10469265,30141 10327515))
32615;POLYGON((60356 10378481,49973 10361699,-151468 10520418,-139838 10545918,60356 10378481))
32616;POLYGON((92912 10427699,81865 10411468,-116624 10596976,-105223 10622644,92912 10427699))
32617;POLYGON((126685 10475584,115369 10459733,-83337 10674592,-73072 10701034,126685 10475584))
32618;POLYGON((160363 10522855,149236 10507107,-54493 10755336,-46438 10783421,160363 10522855))
32619;POLYGON((192431 10570599,182023 10554548,-33494 10842114,-28907 10873024,192431 10570599))
32620;POLYGON((221165 10620334,212073 10603421,-24315 10938833,-24659 10974125,221165 10620334))
32621;POLYGON((244608 10674085,237512 10655574,-31561 11050588,-38521 11092258,244608 10674085))
32622;POLYGON((260562 10734463,256222 10713413,-60531 11183865,-76038 11234424,260562 10734463))
32623;POLYGON((266572 10804758,265836 10779990,-117280 11346777,-143535 11409334,266572 10804758))
32624;POLYGON((736200 10756609,734163 10779990,1117280 11346777,1094870 11288605,736200 10756609))
32625;POLYGON((749125 10693327,743777 10713413,1060531 11183865,1048103 11136584,749125 10693327))
32626;POLYGON((770329 10637689,762487 10655574,1031561 11050588,1027009 11011296,770329 10637689))
32627;POLYGON((797528 10586867,787926 10603421,1024315 10938833,1025791 10905201,797528 10586867))
32628;POLYGON((828687 10538652,817976 10554548,1033494 10842114,1039389 10812299,828687 10538652))
32629;POLYGON((862007 10491364,850763 10507107,1054493 10755336,1063415 10727913,862007 10491364))
32630;POLYGON((895904 10443780,884630 10459733,1083337 10674592,1094092 10648490,895904 10443780))
32631;POLYGON((929000 10395066,918134 10411468,1116624 10596976,1128194 10571420,929000 10395066))
32632;POLYGON((960109 10344712,950026 10361699,1151468 10520418,1162998 10494880,960109 10344712))
32633;POLYGON((988223 10292479,979240 10310104,1185453 10443546,1196233 10417698,988223 10292479))
32634;POLYGON((1012503 10238352,1004881 10256598,1216582 10365550,1226034 10339230,1012503 10238352))
32635;POLYGON((1032264 10182496,1026216 10201291,1243238 10286081,1250899 10259258,1032264 10182496))
32636;POLYGON((1046966 10125218,1042655 10144445,1264141 10205151,1269653 10177893,1046966 10125218))
32637;POLYGON((1056202 10066935,1053750 10086445,1278313 10123050,1281412 10095505,1056202 10066935))
32638;POLYGON((1059691 10008145,1059179 10027765,1285046 10040279,1285550 10012648,1059691 10008145))
32639;POLYGON((1057267 9949400,1058738 9968941,1283868 9957486,1281666 9930012,1057267 9949400))
32640;POLYGON((1048866 9891291,1052330 9910553,1274516 9875422,1269564 9848369,1048866 9891291))
32641;POLYGON((1034525 9834421,1039959 9853202,1256914 9794896,1249223 9768539,1034525 9834421))
32642;POLYGON((1014366 9779396,1021721 9797496,1231144 9716740,1220774 9691360,1014366 9779396))
32643;POLYGON((988594 9726810,997793 9744032,1197432 9641787,1184486 9617654,988594 9726810))
32644;POLYGON((957485 9677232,968428 9693390,1156123 9570841,1140740 9548217,957485 9677232))
32645;POLYGON((921380 9631202,933947 9646120,1107668 9504669,1090020 9483797,921380 9631202))
32646;POLYGON((880680 9589217,894730 9602734,1052609 9443980,1032893 9425084,880680 9589217))
32647;POLYGON((835834 9551731,851214 9563700,991561 9389423,969997 9372701,835834 9551731))
32648;POLYGON((787339 9519144,803877 9529439,925206 9341572,902033 9327200,787339 9519144))
32649;POLYGON((735726 9491805,753242 9500316,854276 9300924,829749 9289051,735726 9491805))
32650;POLYGON((681560 9470004,699863 9476640,779548 9267900,753934 9258647,681560 9470004))
32651;POLYGON((625431 9453970,644322 9458662,701832 9242837,675407 9236297,625431 9453970))
32652;POLYGON((567947 9443872,587221 9446571,621965 9225986,595011 9222227,567947 9443872))
32653;POLYGON((509730 9439817,529178 9440493,540799 9217519,513605 9216576,509730 9439817))
32654;POLYGON((451407 9441846,470821 9440493,459200 9217519,432054 9219403,451407 9441846))
32655;POLYGON((393609 9449938,412778 9446571,378034 9225986,351225 9230678,393609 9449938))
32656;POLYGON((336960 9464009,355677 9458662,298167 9242837,271981 9250289,336960 9464009))
32657;POLYGON((282073 9483910,300136 9476640,220451 9267900,195169 9278039,282073 9483910))
32658;POLYGON((229545 9509432,246757 9500316,145723 9300924,121619 9313645,229545 9509432))
32659;POLYGON((179950 9540306,196122 9529439,74793 9341572,52129 9356745,179950 9540306))
32660;POLYGON((133831 9576201,148785 9563700,8438 9389423,-12535 9406891,133831 9576201))
