32701;POLYGON((-5139288 8422403,-4838314 8474371,-4783736 8176389,-5079179 8115281,-5139288 8422403))
32702;POLYGON((-6102800 8232093,-5770647 8301903,-5697560 7973860,-6022092 7892092,-6102800 8232093))
32703;POLYGON((-7177413 7974861,-6805054 8069496,-6706329 7702062,-7068051 7591702,-7177413 7974861))
32704;POLYGON((-8395081 7623880,-7970984 7753375,-7836376 7334023,-8245531 7183717,-8395081 7623880))
32705;POLYGON((-9796584 7140931,-9306045 7319523,-9120998 6831300,-9590530 6624989,-9796584 7140931))
32706;POLYGON((-11433755 6472279,-10858114 6719903,-10602225 6139766,-11148432 5855028,-11433755 6472279))
32707;POLYGON((-13372114 5543409,-12687832 5887590,-12332885 5184214,-12976184 4790163,-13372114 5543409))
32708;POLYGON((-15693919 4252410,-14871510 4730633,-14379020 3861541,-15144829 3316199,-15693919 4252410))
32709;POLYGON((-18501682 2461791,-17504487 3124417,-16822661 2032283,-17742417 1279347,-18501682 2461791))
32710;POLYGON((-21922189 -11533,-20704978 902291,-19765016 -489771,-20877324 -1524866,-21922189 -11533))
32711;POLYGON((-26111052 -3408325,-24618449 -2155799,-23330071 -3950168,-24682013 -5364985,-26111052 -3408325))
32712;POLYGON((-31257842 -8041474,-29422541 -6336938,-27668665 -8668873,-29317260 -10589616,-31257842 -8041474))
32713;POLYGON((-37591824 -14313112,-35332613 -12011431,-32963046 -15058197,-34976887 -17646369,-37591824 -14313112))
32714;POLYGON((-45388341 -22734704,-42607896 -19651869,-39431950 -23643881,-41893014 -27104084,-45388341 -22734704))
32715;POLYGON((-54975887 -33950458,-51558340 -29855391,-47336231 -35089726,-50341881 -39678720,-54975887 -33950458))
32716;POLYGON((-66743893 -48764407,-62552152 -43369506,-56985061 -50226143,-60650256 -56263308,-66743893 -48764407))
32717;POLYGON((-81151274 -68171539,-76024086 -61121823,-68742756 -70083036,-73202454 -77962362,-81151274 -68171539))
32718;POLYGON((-98735766 -93393360,-92484518 -84254101,-83036221 -95927427,-88448021 -106131195,-98735766 -93393360))
32719;POLYGON((-120124096 -125918315,-112529328 -114160998,-100363085 -129306302,-106910082 -142420597,-120124096 -125918315))
32720;POLYGON((-146043017 -167547483,-136850646 -152533960,-121300518 -172095105,-129194408 -188827327,-146043017 -167547483))
32721;POLYGON((-177331243 -220446000,-166248482 -201410684,-146514788 -226552402,-155999220 -247750942,-177331243 -220446000))
32722;POLYGON((-214952332 -287200673,-201643290 -263230617,-176771572 -295381207,-188125758 -322057459,-214952332 -287200673))
32723;POLYGON((-260008539 -370884283,-244089489 -340896971,-212947059 -381797490,-226489656 -415150384,-260008539 -370884283))
32724;POLYGON((245089489 -340896971,261008539 -370884283,227489656 -415150384,213947059 -381797490,245089489 -340896971))
32725;POLYGON((202643290 -263230617,215952332 -287200673,189125758 -322057459,177771572 -295381207,202643290 -263230617))
32726;POLYGON((167248482 -201410684,178331243 -220446000,156999220 -247750942,147514788 -226552402,167248482 -201410684))
32727;POLYGON((137850646 -152533960,147043017 -167547483,130194408 -188827327,122300518 -172095105,137850646 -152533960))
32728;POLYGON((113529328 -114160998,121124096 -125918315,107910082 -142420597,101363085 -129306302,113529328 -114160998))
32729;POLYGON((93484518 -84254101,99735766 -93393360,89448021 -106131195,84036221 -95927427,93484518 -84254101))
32730;POLYGON((77024086 -61121823,82151274 -68171539,74202454 -77962362,69742756 -70083036,77024086 -61121823))
32731;POLYGON((63552152 -43369506,67743893 -48764407,61650256 -56263308,57985061 -50226143,63552152 -43369506))
32732;POLYGON((52558340 -29855391,55975887 -33950458,51341881 -39678720,48336231 -35089726,52558340 -29855391))
32733;POLYGON((43607896 -19651869,46388341 -22734704,42893014 -27104084,40431950 -23643881,43607896 -19651869))
32734;POLYGON((36332613 -12011431,38591824 -14313112,35976887 -17646369,33963046 -15058197,36332613 -12011431))
32735;POLYGON((30422541 -6336938,32257842 -8041474,30317260 -10589616,28668665 -8668873,30422541 -6336938))
32736;POLYGON((25618449 -2155799,27111052 -3408325,25682013 -5364985,24330071 -3950168,25618449 -2155799))
32737;POLYGON((21704978 902291,22922189 -11533,21877324 -1524866,20765016 -489771,21704978 902291))
32738;POLYGON((18504487 3124417,19501682 2461791,18742417 1279347,17822661 2032283,18504487 3124417))
32739;POLYGON((15871510 4730633,16693919 4252410,16144829 3316199,15379020 3861541,15871510 4730633))
32740;POLYGON((13687832 5887590,14372114 5543409,13976184 4790163,13332885 5184214,13687832 5887590))
32741;POLYGON((11858114 6719903,12433755 6472279,12148432 5855028,11602225 6139766,11858114 6719903))
32742;POLYGON((10306045 7319523,10796584 7140931,10590530 6624989,10120998 6831300,10306045 7319523))
32743;POLYGON((8970984 7753375,9395081 7623880,9245531 7183717,8836376 7334023,8970984 7753375))
32744;POLYGON((7805054 8069496,8177413 7974861,8068051 7591702,7706329 7702062,7805054 8069496))
32745;POLYGON((6770647 8301903,7102800 8232093,7022092 7892092,6697560 7973860,6770647 8301903))
32746;POLYGON((5838314 8474371,6139288 8422403,6079179 8115281,5783736 8176389,5838314 8474371))
32747;POLYGON((4984990 8603333,5261860 8564398,5216787 8282428,4944014 8328361,4984990 8603333))
32748;POLYGON((4192525 8700034,4450874 8670853,4417029 8408127,4161801 8442643,4192525 8700034))
32749;POLYGON((3446490 8772110,3690778 8750461,3665575 8502354,3423748 8528012,3446490 8772110))
32750;POLYGON((2735207 8824703,2969072 8809097,2950769 8571884,2718924 8590407,2735207 8824703))
32751;POLYGON((2048977 8861227,2275473 8850682,2262915 8621259,2038153 8633788,2048977 8861227))
32752;POLYGON((1379471 8883873,1601255 8877771,1593706 8653451,1373486 8660706,1379471 8883873))
32753;POLYGON((719233 8893922,938719 8891924,935762 8670280,717758 8672655,719233 8893922))
32754;POLYGON((61280 8891924,280766 8893922,282241 8672655,64237 8670280,61280 8891924))
32755;POLYGON((-601255 8877771,-379471 8883873,-373486 8660706,-593706 8653451,-601255 8877771))
32756;POLYGON((-1275473 8850682,-1048977 8861227,-1038153 8633788,-1262915 8621259,-1275473 8850682))
32757;POLYGON((-1969072 8809097,-1735207 8824703,-1718924 8590407,-1950769 8571884,-1969072 8809097))
32758;POLYGON((-2690778 8750461,-2446490 8772110,-2423748 8528012,-2665575 8502354,-2690778 8750461))
32759;POLYGON((-3450874 8670853,-3192525 8700034,-3161801 8442643,-3417029 8408127,-3450874 8670853))
32760;POLYGON((-4261860 8564398,-3984990 8603333,-3944014 8328361,-4216787 8282428,-4261860 8564398))
