32701;POLYGON((-2223916 2801760,-2119542 2888439,-1968176 2701567,-2065273 2619107,-2223916 2801760))
32702;POLYGON((-2521387 2516978,-2425065 2616009,-2251978 2442826,-2341183 2349077,-2521387 2516978))
32703;POLYGON((-2790291 2195840,-2704276 2306822,-2510192 2150642,-2589517 2046123,-2790291 2195840))
32704;POLYGON((-3022912 1840630,-2949942 1962597,-2736511 1827046,-2803616 1712789,-3022912 1840630))
32705;POLYGON((-3209946 1455823,-3153314 1586989,-2923525 1475806,-2975673 1353568,-3209946 1455823))
32706;POLYGON((-3340257 1048983,-3303893 1186417,-3062599 1103117,-3096619 975647,-3340257 1048983))
32707;POLYGON((-3400618 631910,-3389181 771128,-3143749 718467,-3155992 589836,-3400618 631910))
32708;POLYGON((-3375420 222051,-3394396 356509,-3155522 335700,-3141822 211710,-3375420 222051))
32709;POLYGON((-3246368 -155758,-3302175 -35281,-3084868 -25671,-3040499 -136992,-3246368 -155758))
32710;POLYGON((-2992132 -467178,-3092239 -373332,-2917017 -338891,-2836651 -426697,-2992132 -467178))
32711;POLYGON((-2587979 -665830,-2741033 -615589,-2635352 -568065,-2513017 -617984,-2587979 -665830))
32712;POLYGON((-2005371 -690274,-2221333 -705998,-2221279 -665915,-2050317 -659214,-2005371 -690274))
32713;POLYGON((-1211523 -460451,-1501823 -571140,-1654103 -571137,-1427124 -483743,-1211523 -460451))
32714;POLYGON((-168932 126486,-546625 -116266,-910888 -205310,-619727 -6676,-168932 126486))
32715;POLYGON((1165140 1201010,685192 779305,33666 530683,397991 878895,1165140 1201010))
32716;POLYGON((2839224 2926805,2240166 2267519,1207365 1760795,1654703 2306217,2839224 2926805))
32717;POLYGON((4908231 5507167,4171010 4537701,2640653 3638535,3181761 4439821,4908231 5507167))
32718;POLYGON((7434105 9192308,6537250 7823556,4366749 6352374,5013342 7481150,7434105 9192308))
32719;POLYGON((10486508 14287637,9405897 12411108,6421790 10131856,7186586 11674933,10486508 14287637))
32720;POLYGON((14143561 21163108,12852167 18647689,8844972 15254502,9741742 17316363,14143561 21163108))
32721;POLYGON((18492633 30263726,16960253 26952044,11678695 22053563,12722308 24759150,18492633 30263726))
32722;POLYGON((23631184 42121306,21824156 37825664,14968705 30926702,16175181 34424521,23631184 42121306))
32723;POLYGON((29667665 57367569,27548559 51865425,18764249 42345656,20150805 46811240,29667665 57367569))
32724;POLYGON((-26548559 51865425,-28667665 57367569,-19150805 46811240,-17764249 42345656,-26548559 51865425))
32725;POLYGON((-20824156 37825664,-22631184 42121306,-15175181 34424521,-13968705 30926702,-20824156 37825664))
32726;POLYGON((-15960253 26952044,-17492633 30263726,-11722308 24759150,-10678695 22053563,-15960253 26952044))
32727;POLYGON((-11852167 18647689,-13143561 21163108,-8741742 17316363,-7844972 15254502,-11852167 18647689))
32728;POLYGON((-8405897 12411108,-9486508 14287637,-6186586 11674933,-5421790 10131856,-8405897 12411108))
32729;POLYGON((-5537250 7823556,-6434105 9192308,-4013342 7481150,-3366749 6352374,-5537250 7823556))
32730;POLYGON((-3171010 4537701,-3908231 5507167,-2181761 4439821,-1640653 3638535,-3171010 4537701))
32731;POLYGON((-1240166 2267519,-1839224 2926805,-654703 2306217,-207365 1760795,-1240166 2267519))
32732;POLYGON((314807 779305,-165140 1201010,602008 878895,966333 530683,314807 779305))
32733;POLYGON((1546625 -116266,1168932 126486,1619727 -6676,1910888 -205310,1546625 -116266))
32734;POLYGON((2501823 -571140,2211523 -460451,2427124 -483743,2654103 -571137,2501823 -571140))
32735;POLYGON((3221333 -705998,3005371 -690274,3050317 -659214,3221279 -665915,3221333 -705998))
32736;POLYGON((3741033 -615589,3587979 -665830,3513017 -617984,3635352 -568065,3741033 -615589))
32737;POLYGON((4092239 -373332,3992132 -467178,3836651 -426697,3917017 -338891,4092239 -373332))
32738;POLYGON((4302175 -35281,4246368 -155758,4040499 -136992,4084868 -25671,4302175 -35281))
32739;POLYGON((4394396 356509,4375420 222051,4141822 211710,4155522 335700,4394396 356509))
32740;POLYGON((4389181 771128,4400618 631910,4155992 589836,4143749 718467,4389181 771128))
32741;POLYGON((4303893 1186417,4340257 1048983,4096619 975647,4062599 1103117,4303893 1186417))
32742;POLYGON((4153314 1586989,4209946 1455823,3975673 1353568,3923525 1475806,4153314 1586989))
32743;POLYGON((3949942 1962597,4022912 1840630,3803616 1712789,3736511 1827046,3949942 1962597))
32744;POLYGON((3704276 2306822,3790291 2195840,3589517 2046123,3510192 2150642,3704276 2306822))
32745;POLYGON((3425065 2616009,3521387 2516978,3341183 2349077,3251978 2442826,3425065 2616009))
32746;POLYGON((3119542 2888439,3223916 2801760,3065273 2619107,2968176 2701567,3119542 2888439))
32747;POLYGON((2793637 3123683,2904218 3049389,2767424 2855032,2664107 2926027,2793637 3123683))
32748;POLYGON((2452177 3322108,2567468 3260013,2452368 3056570,2344229 3116145,2452177 3322108))
32749;POLYGON((2099061 3484514,2217853 3434322,2124055 3223993,2012255 3272311,2099061 3484514))
32750;POLYGON((1737429 3611865,1858751 3573249,1785765 3357857,1671271 3395134,1737429 3611865))
32751;POLYGON((1369824 3705099,1492886 3677759,1440233 3458814,1323856 3485262,1369824 3705099))
32752;POLYGON((998331 3765001,1122479 3748698,1089765 3527469,972196 3543262,998331 3765001))
32753;POLYGON((624726 3792115,749395 3786698,736352 3564288,618207 3569539,624726 3792115))
32754;POLYGON((250604 3786698,375273 3792115,381792 3569539,263647 3564288,250604 3786698))
32755;POLYGON((-122479 3748698,1668 3765001,27803 3543262,-89765 3527469,-122479 3748698))
32756;POLYGON((-492886 3677759,-369824 3705099,-323856 3485262,-440233 3458814,-492886 3677759))
32757;POLYGON((-858751 3573249,-737429 3611865,-671271 3395134,-785765 3357857,-858751 3573249))
32758;POLYGON((-1217853 3434322,-1099061 3484514,-1012255 3272311,-1124055 3223993,-1217853 3434322))
32759;POLYGON((-1567468 3260013,-1452177 3322108,-1344229 3116145,-1452368 3056570,-1567468 3260013))
32760;POLYGON((-1904218 3049389,-1793637 3123683,-1664107 2926027,-1767424 2855032,-1904218 3049389))
