32601;POLYGON((-683822 8800400,-640868 8760337,-792498 8591164,-841466 8636382,-683822 8800400))
32602;POLYGON((-804228 8929552,-765558 8885052,-934738 8732027,-978909 8782355,-804228 8929552))
32603;POLYGON((-910801 9071147,-876901 9022652,-1061996 8887752,-1100787 8942703,-910801 9071147))
32604;POLYGON((-1002182 9223721,-973486 9171742,-1172565 9056785,-1205442 9115778,-1002182 9223721))
32605;POLYGON((-1077219 9385603,-1054083 9330719,-1264919 9237286,-1291429 9299640,-1077219 9385603))
32606;POLYGON((-1135050 9554935,-1117723 9497785,-1337809 9427120,-1357618 9492063,-1135050 9554935))
32607;POLYGON((-1175201 9729708,-1163791 9670974,-1390380 9623878,-1403316 9690550,-1175201 9729708))
32608;POLYGON((-1197711 9907821,-1192140 9848210,-1422317 9824907,-1428422 9892380,-1197711 9907821))
32609;POLYGON((-1203272 10087171,-1203227 10027377,-1434014 10027376,-1433610 10094682,-1203272 10087171))
32610;POLYGON((-1193397 10265769,-1198270 10206433,-1426776 10228369,-1420541 10294539,-1193397 10265769))
32611;POLYGON((-1170612 10441904,-1179437 10383554,-1403053 10425021,-1392104 10489141,-1170612 10441904))
32612;POLYGON((-1138675 10614348,-1150048 10557326,-1366712 10614700,-1352704 10675984,-1138675 10614348))
32613;POLYGON((-1102824 10782611,-1114817 10726979,-1323339 10795241,-1308575 10853120,-1102824 10782611))
32614;POLYGON((-1070055 10947261,-1080122 10892690,-1280587 10965243,-1268142 11019481,-1070055 10947261))
32615;POLYGON((-1049431 11110306,-1054301 11055939,-1248560 11124436,-1242420 11175268,-1049431 11110306))
32616;POLYGON((-1052430 11275654,-1047986 11219947,-1240246 11274124,-1245464 11322426,-1052430 11275654))
32617;POLYGON((-1093323 11449657,-1074473 11390183,-1271995 11417720,-1294856 11465203,-1093323 11449657))
32618;POLYGON((-1189596 11641745,-1150127 11574976,-1364041 11561375,-1412251 11610821,-1189596 11641745))
32619;POLYGON((-1362400 11865161,-1294823 11786209,-1541081 11714715,-1623971 11770250,-1362400 11865161))
32620;POLYGON((-1637057 12137814,-1532437 12040133,-1832902 11891697,-1961649 11959103,-1637057 12137814))
32621;POLYGON((-2043596 12483241,-1891365 12358296,-2275067 12111597,-2462936 12198670,-2043596 12483241))
32622;POLYGON((-2617344 12931718,-2405099 12768593,-2909658 12400131,-3172261 12517092,-2617344 12931718))
32623;POLYGON((-3399550 13521494,-3112842 13306471,-3786077 12790740,-4141656 12950696,-3399550 13521494))
32624;POLYGON((4399550 13521494,4714678 13757419,5532778 13128468,5141656 12950696,4399550 13521494))
32625;POLYGON((3617344 12931718,3852696 13110465,4463691 12646771,4172261 12517092,3617344 12931718))
32626;POLYGON((3043596 12483241,3214358 12619572,3673857 12294437,3462936 12198670,3043596 12483241))
32627;POLYGON((2637057 12137814,2756287 12243525,3108519 12032087,2961649 11959103,2637057 12137814))
32628;POLYGON((2362400 11865161,2441255 11949538,2720806 11829008,2623971 11770250,2362400 11865161))
32629;POLYGON((2189596 11641745,2237534 11711956,2470897 11661763,2412251 11610821,2189596 11641745))
32630;POLYGON((2093323 11449657,2118296 11511109,2325234 11512970,2294856 11465203,2093323 11449657))
32631;POLYGON((2052430 11275654,2061057 11332297,2255798 11370216,2245464 11322426,2052430 11275654))
32632;POLYGON((2049431 11110306,2047162 11164908,2239448 11225123,2242420 11175268,2049431 11110306))
32633;POLYGON((2070055 10947261,2061317 11001639,2257306 11072530,2268142 11019481,2070055 10947261))
32634;POLYGON((2102824 10782611,2091157 10837831,2294200 10909791,2308575 10853120,2102824 10782611))
32635;POLYGON((2138675 10614348,2126853 10670898,2338152 10736182,2352704 10675984,2138675 10614348))
32636;POLYGON((2170612 10441904,2160757 10499838,2379922 10552395,2392104 10489141,2170612 10441904))
32637;POLYGON((2193397 10265769,2187078 10324827,2412586 10360122,2420541 10294539,2193397 10265769))
32638;POLYGON((2203272 10087171,2201593 10146879,2431167 10161715,2433610 10094682,2203272 10087171))
32639;POLYGON((2197711 9907821,2201392 9967569,2432305 9959906,2428422 9892380,2197711 9907821))
32640;POLYGON((2175201 9729708,2184645 9788813,2413957 9757595,2403316 9690550,2175201 9729708))
32641;POLYGON((2135050 9554935,2150408 9612691,2375146 9557682,2357618 9492063,2135050 9554935))
32642;POLYGON((2077219 9385603,2098440 9441316,2315737 9362948,2291429 9299640,2077219 9385603))
32643;POLYGON((2002182 9223721,2029060 9276735,2236242 9175971,2205442 9115778,2002182 9223721))
32644;POLYGON((1910801 9071147,1943011 9120863,2137662 8999070,2100787 8942703,1910801 9071147))
32645;POLYGON((1804228 8929552,1841360 8975436,2021350 8834282,1978909 8782355,1804228 8929552))
32646;POLYGON((1683822 8800400,1725404 8841986,1888902 8683353,1841466 8636382,1683822 8800400))
32647;POLYGON((1551079 8684943,1596600 8721838,1742067 8547740,1690242 8506154,1551079 8684943))
32648;POLYGON((1407585 8584230,1456511 8616107,1582685 8428640,1527092 8392780,1407585 8584230))
32649;POLYGON((1254978 8499114,1306758 8525708,1412629 8327004,1353898 8297140,1254978 8499114))
32650;POLYGON((1094916 8430269,1148996 8451375,1233782 8243572,1172535 8219907,1094916 8430269))
32651;POLYGON((929065 8378211,984890 8393673,1048006 8178899,984860 8161583,929065 8378211))
32652;POLYGON((759087 8343308,816103 8353019,857140 8133383,792701 8122517,759087 8343308))
32653;POLYGON((586637 8325798,644293 8329692,662996 8107286,597864 8102930,586637 8325798))
32654;POLYGON((413362 8325798,471110 8323850,467367 8100752,402135 8102930,413362 8325798))
32655;POLYGON((240912 8343308,298202 8335530,272035 8113816,207298 8122517,240912 8343308))
32656;POLYGON((70934 8378211,127216 8364656,78784 8146407,15139 8161583,70934 8378211))
32657;POLYGON((-94916 8430269,-40194 8411030,-110587 8198345,-172535 8219907,-94916 8430269))
32658;POLYGON((-254978 8499114,-202370 8474329,-294259 8269322,-353898 8297140,-254978 8499114))
32659;POLYGON((-407585 8584230,-357647 8554089,-470384 8358892,-527092 8392780,-407585 8584230))
32660;POLYGON((-551079 8684943,-504362 8649688,-637091 8466442,-690242 8506154,-551079 8684943))
