32601;POLYGON((-8017018 296944853,-9548133 274384631,-34468668 298860968,-34830656 323889936,-8017018 296944853))
32602;POLYGON((-2340719 375239532,-4425415 347257895,-35409467 379783291,-35616479 410907245,-2340719 375239532))
32603;POLYGON((3340719 375239532,1046275 405267694,36761552 444334500,36616479 410907245,3340719 375239532))
32604;POLYGON((9017018 296944853,7313381 321198834,36145844 350821958,35830656 323889936,9017018 296944853))
32605;POLYGON((13137185 233929466,11917962 253412756,35064383 275615545,34622045 254040608,13137185 233929466))
32606;POLYGON((15990152 183493076,15163892 199056363,33638969 215480499,33105528 198298933,15990152 183493076))
32607;POLYGON((17823224 143354229,17311831 155714957,31971439 167682405,31376808 154082496,17823224 143354229))
32608;POLYGON((18846590 111595621,18583859 121355568,30145966 129922199,29514647 119224071,18846590 111595621))
32609;POLYGON((19237515 86615061,19167772 94276087,28231173 100277825,27582928 91915387,19237515 86615061))
32610;POLYGON((19144195 67081649,19221045 73059745,26282093 77152073,25632560 70656925,19144195 67081649))
32611;POLYGON((18689320 51896797,18874494 56534565,24341958 59226124,23703213 54213264,18689320 51896797))
32612;POLYGON((17973325 40159716,18235628 43737400,22443840 45418375,21824913 41573573,17973325 40159716))
32613;POLYGON((17077370 31136983,17391718 33882180,20612148 34848110,20019485 31916804,17077370 31136983))
32614;POLYGON((16066041 24235877,16412590 26332030,18863972 26803618,18301861 24581208,16066041 24235877))
32615;POLYGON((14989796 18981122,15353156 20574911,17210311 20714365,16681254 19037775,14989796 18981122))
32616;POLYGON((13887169 14994744,14255694 16202474,15657153 16126860,15162205 14867250,13887169 14994744))
32617;POLYGON((12786733 11978730,13151894 12891818,14206451 12683850,13745516 11740367,12786733 11978730))
32618;POLYGON((11708848 9700214,12064671 10389862,12856973 10106530,12429064 9400990,11708848 9700214))
32619;POLYGON((10667202 7978916,11009779 8500064,11605046 8179435,11208511 7651830,10667202 7978916))
32620;POLYGON((9670152 6676587,9997214 7071225,10445202 6737728,10077916 6342476,9670152 6676587))
32621;POLYGON((8721887 5688224,9032437 5988135,9370723 5656605,9030251 5359440,8721887 5688224))
32622;POLYGON((7823419 4934828,8117417 5163845,8374101 4842551,8057830 4617983,7823419 4934828))
32623;POLYGON((6973414 4357512,7251521 4533344,7447409 4226216,7152660 4055469,6973414 4357512))
32624;POLYGON((6168885 3912759,6432243 4048454,6582606 3756674,6306714 3626050,6168885 3912759))
32625;POLYGON((5405746 3568664,5655810 3673763,5771762 3396868,5512138 3296455,5405746 3568664))
32626;POLYGON((4679248 3301998,4917653 3383432,5007225 3120051,4761402 3042731,4679248 3301998))
32627;POLYGON((3984312 3095958,4212770 3158729,4281731 2907053,4047383 2847749,3984312 3095958))
32628;POLYGON((3315760 2938470,3535997 2986162,3588459 2744226,3363417 2699340,3315760 2938470))
32629;POLYGON((2668472 2820943,2882183 2856095,2921050 2621928,2703291 2588938,2668472 2820943))
32630;POLYGON((2037469 2737372,2246294 2761741,2273578 2533436,2061217 2510611,2037469 2737372))
32631;POLYGON((1417940 2683714,1623465 2698458,1640501 2474189,1431762 2460397,1417940 2683714))
32632;POLYGON((805227 2657478,1008990 2663275,1016579 2441285,809765 2435866,805227 2657478))
32633;POLYGON((194772 2657478,398285 2654587,396775 2433164,190234 2435866,194772 2657478))
32634;POLYGON((-417940 2683714,-213172 2672005,-223849 2449448,-431762 2460397,-417940 2683714))
32635;POLYGON((-1037469 2737372,-829918 2716314,-850256 2490898,-1061217 2510611,-1037469 2737372))
32636;POLYGON((-1668472 2820943,-1456569 2789549,-1487536 2559496,-1703291 2588938,-1668472 2820943))
32637;POLYGON((-2315760 2938470,-2097884 2895197,-2141020 2658656,-2363417 2699340,-2315760 2938470))
32638;POLYGON((-2984312 3095958,-2758785 3038553,-2816371 2793591,-3047383 2847749,-2984312 3095958))
32639;POLYGON((-3679248 3301998,-3444351 3227262,-3519655 2971898,-3761402 3042731,-3679248 3301998))
32640;POLYGON((-4405746 3568664,-4159755 3472116,-4257383 3204416,-4512138 3296455,-4405746 3568664))
32641;POLYGON((-5168885 3912759,-4910131 3788178,-5036527 3506441,-5306714 3626050,-5168885 3912759))
32642;POLYGON((-5973414 4357512,-5700369 4196315,-5864491 3899408,-6152660 4055469,-5973414 4357512))
32643;POLYGON((-6823419 4934828,-6534818 4725250,-6749033 4413160,-7057830 4617983,-6823419 4934828))
32644;POLYGON((-7721887 5688224,-7416890 5414256,-7698142 5088937,-8030251 5359440,-7721887 5688224))
32645;POLYGON((-8670152 6676587,-8348537 6316622,-8719850 5983246,-9077916 6342476,-8670152 6676587))
32646;POLYGON((-9667202 7978916,-9329615 7504048,-9821980 7172790,-10208511 7651830,-9667202 7978916))
32647;POLYGON((-10708848 9700214,-10357096 9072136,-11011823 8760645,-11429064 9400990,-10708848 9700214))
32648;POLYGON((-11786733 11978730,-11424133 11147156,-12295736 10883903,-12745516 11740367,-11786733 11978730))
32649;POLYGON((-12887169 14994744,-12518955 13894298,-13678654 13723001,-14162205 14867250,-12887169 14994744))
32650;POLYGON((-13989796 18981122,-13623587 17527608,-15163512 17512993,-15681254 19037775,-13989796 18981122))
32651;POLYGON((-15066041 24235877,-14712377 22321854,-16750568 22557027,-17301861 24581208,-15066041 24235877))
32652;POLYGON((-16077370 31136983,-15750320 28626559,-18436626 29242317,-19019485 31916804,-16077370 31136983))
32653;POLYGON((-16973325 40159716,-16691164 36882472,-20214140 38058900,-20824913 41573573,-16973325 40159716))
32654;POLYGON((-17689320 51896797,-17475291 47640742,-22070208 49621511,-22703213 54213264,-17689320 51896797))
32655;POLYGON((-18144195 67081649,-18027355 61585103,-23985442 64694912,-24632560 70656925,-18144195 67081649))
32656;POLYGON((-18237515 86615061,-18253662 79557367,-25932704 84223029,-26582928 91915387,-18237515 86615061))
32657;POLYGON((-17846590 111595621,-18039289 102586563,-27875706 109362268,-28514647 119224071,-17846590 111595621))
32658;POLYGON((-16823224 143354229,-17244920 131922050,-29767472 141519418,-30376808 154082496,-16823224 143354229))
32659;POLYGON((-14990152 183493076,-15703396 169070969,-31548649 182394538,-32105528 198298933,-14990152 183493076))
32660;POLYGON((-12137185 233929466,-13215949 215840402,-33145653 234029261,-33622045 254040608,-12137185 233929466))
