32601;POLYGON((46035518 207101365,40792538 192497233,22994419 227723884,26950130 245713397,46035518 207101365))
32602;POLYGON((64347377 257381330,57787263 239476733,35875813 285715231,40887971 307901042,64347377 257381330))
32603;POLYGON((-63347377 257381330,-70399903 276525397,-45296145 331666994,-39887971 307901042,-63347377 257381330))
32604;POLYGON((-45035518 207101365,-50692065 222739551,-30237062 265015699,-25950130 245713397,-45035518 207101365))
32605;POLYGON((-30452646 166147883,-34939191 178865545,-18350284 210967133,-14999001 195367336,-30452646 166147883))
32606;POLYGON((-18981317 132939879,-22493945 143236098,-9104504 167355388,-6528157 154811103,-18981317 132939879))
32607;POLYGON((-10087584 106133407,-12795554 114431751,-2040450 132342239,-100644 122306184,-10087584 106133407))
32608;POLYGON((-3312264 84591443,-5360842 91249661,3236625 104375298,4658358 96386914,-3312264 84591443))
32609;POLYGON((1737173 67356798,224074 72675524,7063930 82150405,8068332 75824205,1737173 67356798))
32610;POLYGON((5394097 53627861,4311490 57858400,9727574 64577948,10399707 59593113,5394097 53627861))
32611;POLYGON((7939626 42736965,7199207 46088223,11468532 50752819,11879649 46843944,7939626 42736965))
32612;POLYGON((9608976 34131159,9137070 36775800,12488114 39927733,12697382 36876634,9608976 34131159))
32613;POLYGON((10597271 27355218,10332955 29435090,12952977 31489637,13009051 29118127,10597271 27355218))
32614;POLYGON((11064838 22036684,10958228 23667587,12999700 24938956,12942152 23102519,11064838 22036684))
32615;POLYGON((11142012 17872765,11152719 19148626,12738935 19871433,12599548 18453702,11142012 17872765))
32616;POLYGON((10933476 14618941,11029207 15615431,12259164 15962321,12063097 14870299,10933476 14618941))
32617;POLYGON((10522161 12079088,10677465 12856754,11630068 12952723,11396903 12112662,10522161 12079088))
32618;POLYGON((9972718 10096999,10167879 10703948,10905545 10637848,10650212 9991731,9972718 10096999))
32619;POLYGON((9334609 8549133,9554652 9023315,10126385 8856999,9859983 8359555,9334609 8549133))
32620;POLYGON((8644818 7338479,8878648 7709621,9322622 7485104,9053137 7101293,8644818 7338479))
32621;POLYGON((7930216 6389389,8169867 6680615,8515597 6425609,8248525 6128533,7930216 6389389))
32622;POLYGON((7209606 5643276,7449593 5872453,7719731 5604573,7458612 5373743,7209606 5643276))
32623;POLYGON((6495472 5055070,6732241 5235911,6944048 4965811,6690917 4785737,6495472 5055070))
32624;POLYGON((5795444 4590312,6026910 4733279,6193454 4466941,5949222 4325996,5795444 4590312))
32625;POLYGON((5113519 4222817,5338687 4335843,5469800 4076213,5234560 3965722,5113519 4222817))
32626;POLYGON((4451056 3932803,4669715 4021869,4772749 3769986,4546024 3683520,4451056 3932803))
32627;POLYGON((3807560 3705427,4020038 3775009,4100458 3530770,3881396 3463590,3807560 3705427))
32628;POLYGON((3181294 3529640,3388278 3583057,3450110 3345708,3237627 3294354,3181294 3529640))
32629;POLYGON((2569734 3397326,2772131 3437001,2818305 3205443,2611187 3167421,2569734 3397326))
32630;POLYGON((1969890 3302654,2168733 3330309,2201330 3103274,1998304 3076831,1969890 3302654))
32631;POLYGON((1378522 3241614,1574909 3258406,1595339 3034557,1395111 3018524,1378522 3241614))
32632;POLYGON((792271 3211697,987329 3218311,996448 2996285,797726 2989975,792271 3211697))
32633;POLYGON((207728 3211697,402597 3208397,400781 2986828,202273 2989975,207728 3211697))
32634;POLYGON((-378522 3241614,-182704 3228268,-195529 3005787,-395111 3018524,-378522 3241614))
32635;POLYGON((-969890 3302654,-771990 3278722,-796355 3053962,-998304 3076831,-969890 3302654))
32636;POLYGON((-1569734 3397326,-1368641 3361818,-1405576 3133421,-1611187 3167421,-1569734 3397326))
32637;POLYGON((-2181294 3529640,-1975947 3481035,-2027071 3247681,-2237627 3294354,-2181294 3529640))
32638;POLYGON((-2807560 3705427,-2597002 3641553,-2664656 3402017,-2881396 3463590,-2807560 3705427))
32639;POLYGON((-3451056 3932803,-3234515 3850666,-3321963 3603938,-3546024 3683520,-3451056 3932803))
32640;POLYGON((-4113519 4222817,-3890529 4118359,-4002233 3863861,-4234560 3965722,-4113519 4222817))
32641;POLYGON((-4795444 4590312,-4566011 4458099,-4708009 4196043,-4949222 4325996,-4795444 4590312))
32642;POLYGON((-5495472 5055070,-5260300 4887877,-5440697 4619836,-5690917 4785737,-5495472 5055070))
32643;POLYGON((-6209606 5643276,-5970378 5431557,-6199991 5161341,-6458612 5373743,-6209606 5643276))
32644;POLYGON((-6930216 6389389,-6689949 6120605,-6983127 5855543,-7248525 6128533,-6930216 6389389))
32645;POLYGON((-7644818 7338479,-7408297 6996260,-7783953 6749035,-8053137 7101293,-7644818 7338479))
32646;POLYGON((-8334609 8549133,-8108907 8112245,-8591801 7903440,-8859983 8359555,-8334609 8549133))
32647;POLYGON((-8972718 10096999,-8767808 9538079,-9390124 9399649,-9650212 9991731,-8972718 10096999))
32648;POLYGON((-9522161 12079088,-9351633 11363127,-10154895 11343010,-10396903 12112662,-9522161 12079088))
32649;POLYGON((-9933476 14618941,-9815365 13701454,-10852737 13869615,-11063097 14870299,-9933476 14618941))
32650;POLYGON((-10142012 17872765,-10099738 16697629,-11438768 17153845,-11599548 18453702,-10142012 17872765))
32651;POLYGON((-10064838 22036684,-10128282 20533593,-11854143 21417335,-11942152 23102519,-10064838 22036684))
32652;POLYGON((-9597271 27355218,-9803976 25436709,-12023265 26939536,-12009051 29118127,-9597271 27355218))
32653;POLYGON((-8608976 34131159,-9005496 31689156,-11850656 34070078,-11697382 36876634,-8608976 34131159))
32654;POLYGON((-6939626 42736965,-7583022 39638803,-11217458 43243123,-10879649 46843944,-6939626 42736965))
32655;POLYGON((-4394097 53627861,-5353593 49711719,-9977548 54993930,-9399707 59593113,-4394097 53627861))
32656;POLYGON((-737173 67356798,-2095977 62426495,-7953246 69977857,-7068332 75824205,-737173 67356798))
32657;POLYGON((4312264 84591443,2454964 78410539,-4930602 88992027,-3658358 96386914,4312264 84591443))
32658;POLYGON((11087584 106133407,8614446 98418532,-654227 112999925,1100644 122306184,11087584 106133407))
32659;POLYGON((19981317 132939879,16754473 123353242,5178337 143159167,7528157 154811103,19981317 132939879))
32660;POLYGON((31452646 166147883,27311142 154288882,12922734 180852725,15999001 195367336,31452646 166147883))
