32701;POLYGON((-3818368 5457467,-3610153 5560496,-3491786 5319868,-3690836 5215902,-3818368 5457467))
32702;POLYGON((-4449780 5097733,-4238300 5226659,-4090612 4983901,-4290995 4854846,-4449780 5097733))
32703;POLYGON((-5088088 4648870,-4874906 4809577,-4691599 4567766,-4891227 4408462,-5088088 4648870))
32704;POLYGON((-5726291 4089985,-5514167 4290017,-5287255 4054751,-5482724 3858753,-5726291 4089985))
32705;POLYGON((-6352990 3394418,-6146293 3643384,-5865725 3424049,-6051884 3183381,-6352990 3394418))
32706;POLYGON((-6950990 2528360,-6756194 2838419,-6409408 2649980,-6578831 2354844,-6950990 2528360))
32707;POLYGON((-7495615 1449185,-7321893 1835642,-6893284 1701077,-7035649 1339526,-7495615 1449185))
32708;POLYGON((-7952707 103458,-7812635 585463,-7282928 539054,-7384281 96605,-7952707 103458))
32709;POLYGON((-8276296 -1575434,-8186669 -974049,-7532192 -882392,-7574088 -1423181,-8276296 -1575434))
32710;POLYGON((-8405897 -3670082,-8388672 -2919821,-7580504 -2618927,-7539024 -3278949,-8405897 -3670082))
32711;POLYGON((-8263413 -6282319,-8346788 -5346874,-7349773 -4737103,-7194400 -5541254,-8263413 -6282319))
32712;POLYGON((-7749620 -9537033,-7969252 -8371955,-6740874 -7316084,-6433219 -8293883,-7749620 -9537033))
32713;POLYGON((-6740202 -13586574,-7140581 -12137730,-5629670 -10449579,-5122036 -11635859,-6740202 -13586574))
32714;POLYGON((-5081310 -18615826,-5717296 -16817631,-3862548 -14247997,-3096340 -15683683,-5081310 -18615826))
32715;POLYGON((-2584617 -24848012,-3523143 -22621407,-1251453 -18840864,-155393 -20573836,-2584617 -24848012))
32716;POLYGON((978158 -32551303,-343800 -29801459,2431630 -24379506,3943460 -26465553,978158 -32551303))
32717;POLYGON((5881287 -42046316,4078964 -38660033,7460755 -31040019,9491074 -33543906,5881287 -42046316))
32718;POLYGON((12451646 -53714581,10053722 -49557350,14162696 -39026568,16833389 -42023203,12451646 -53714581))
32719;POLYGON((21075956 -68008046,17946402 -62920759,22924253 -48575013,26378949 -52150742,21075956 -68008046))
32720;POLYGON((32208654 -85459736,28187953 -79255003,34200214 -59956915,38607090 -64210938,32208654 -85459736))
32721;POLYGON((46380438 -106695641,41282662 -99153682,48521994 -73483924,54076815 -78529851,46380438 -106695641))
32722;POLYGON((64207503 -132447930,57817154 -123312016,66506999 -89512593,73436396 -95480152,64207503 -132447930))
32723;POLYGON((86401507 -163569598,78470114 -152541006,88868711 -108449645,97433719 -115486536,86401507 -163569598))
32724;POLYGON((-93908018 -175303515,104022744 -187783093,116427561 -130757714,-105608427 -122916090,-93908018 -175303515))
32725;POLYGON((-70082194 -142179315,-77470114 -152541006,-87868711 -108449645,-79880187 -101786800,-70082194 -142179315))
32726;POLYGON((-50883571 -114738429,-56817154 -123312016,-65506999 -89512593,-59063023 -83867728,-50883571 -114738429))
32727;POLYGON((-35566328 -92084066,-40282662 -99153682,-47521994 -73483924,-42373409 -68715546,-35566328 -92084066))
32728;POLYGON((-23483593 -73445483,-27187953 -79255003,-33200214 -59956915,-29131055 -55940869,-23483593 -73445483))
32729;POLYGON((-14077230 -58162835,-16946402 -62920759,-21924253 -48575013,-18748306 -45202672,-14077230 -58162835))
32730;POLYGON((-6868366 -45673493,-9053722 -49557350,-13162696 -39026568,-10720290 -36203183,-6868366 -45673493))
32731;POLYGON((-1448613 -35499726,-3078964 -38660033,-6460755 -31040019,-4615811 -28683209,-1448613 -35499726))
32732;POLYGON((2528016 -27237643,1343800 -29801459,-1431630 -24379506,-68927 -22417880,2528016 -27237643))
32733;POLYGON((5352564 -20547312,4523143 -22621407,2251453 -18840864,3228781 -17212775,5352564 -20547312))
32734;POLYGON((7267942 -15143960,6717296 -16817631,4862548 -14247997,5535310 -12900403,7267942 -15143960))
32735;POLYGON((8475161 -10790157,8140581 -12137730,6629670 -10449579,7064707 -9337022,8475161 -10790157))
32736;POLYGON((9138987 -7288924,8969252 -8371955,7740874 -7316084,7992961 -6399761,9138987 -7288924))
32737;POLYGON((9393063 -4477665,9346788 -5346874,8349773 -4737103,8463332 -3984032,9393063 -4477665))
32738;POLYGON((9344513 -2222856,9388672 -2919821,8580504 -2618927,8591151 -2001206,9344513 -2222856))
32739;POLYGON((9078064 -415433,9186669 -974049,8532192 -882392,8468112 -376525,9078064 -415433))
32740;POLYGON((8659707 1033220,8812635 585463,8282928 539054,8166096 952754,8659707 1033220))
32741;POLYGON((8139933 2194710,8321893 1835642,7893284 1701077,7740545 2039015,8139933 2194710))
32742;POLYGON((7556559 3126582,7756194 2838419,7409408 2649980,7233417 2925745,7556559 3126582))
32743;POLYGON((6937184 3874824,7146293 3643384,6865725 3424049,6675763 3648835,6937184 3874824))
32744;POLYGON((6301294 4475985,6514167 4290017,6287255 4054751,6089923 4237713,6301294 4475985))
32745;POLYGON((5662052 4958941,5874906 4809577,5691599 4567766,5491415 4716340,5662052 4958941))
32746;POLYGON((5027785 5346371,5238300 5226659,5090612 4983901,4890496 5104076,5027785 5346371))
32747;POLYGON((4403215 5655963,4610153 5560496,4491786 5319868,4293468 5416426,4403215 5655963))
32748;POLYGON((3790448 5901406,3993345 5826014,3899380 5588961,3703725 5665675,3790448 5901406))
32749;POLYGON((3189754 6093182,3388684 6034685,3315325 5801624,3122584 5861428,3189754 6093182))
32750;POLYGON((2600157 6239198,2795553 6195213,2739924 5965933,2549933 6011062,2600157 6239198))
32751;POLYGON((2019883 6345272,2212404 6314067,2172384 6087982,1984707 6120082,2019883 6345272))
32752;POLYGON((1446664 6415510,1637106 6395888,1611208 6172197,1425239 6192416,1446664 6415510))
32753;POLYGON((877956 6452565,1067189 6443791,1054468 6221573,869504 6230624,877956 6452565))
32754;POLYGON((311072 6457816,500000 6459564,500000 6237844,315290 6236040,311072 6457816))
32755;POLYGON((-256725 6431456,-67189 6443791,-54468 6221573,-239686 6208854,-256725 6431456))
32756;POLYGON((-828148 6372508,-637106 6395888,-611208 6172197,-797672 6148117,-828148 6372508))
32757;POLYGON((-1405801 6278759,-1212404 6314067,-1172384 6087982,-1360772 6051690,-1405801 6278759))
32758;POLYGON((-1992063 6146612,-1795553 6195213,-1739924 5965933,-1930794 5916123,-1992063 6146612))
32759;POLYGON((-2588903 5970856,-2388684 6034685,-2315325 5801624,-2509037 5736464,-2588903 5970856))
32760;POLYGON((-3197603 5744328,-2993345 5826014,-2899380 5588961,-3095977 5505996,-3197603 5744328))
