32701;POLYGON((-3779851 5930846,-3560118 6023559,-3456589 5777388,-3667817 5682688,-3779851 5930846))
32702;POLYGON((-4452082 5604225,-4225832 5721780,-4094918 5469898,-4310669 5350704,-4452082 5604225))
32703;POLYGON((-5143372 5190933,-4910929 5339601,-4746050 5083554,-4965368 4934156,-5143372 5190933))
32704;POLYGON((-5851154 4668192,-5613670 4856285,-5406178 4599608,-5627098 4412590,-5851154 4668192))
32705;POLYGON((-6569752 4005942,-6329528 4244409,-6068123 3993756,-6287305 3759537,-6569752 4005942))
32706;POLYGON((-7289276 3164744,-7050154 3467922,-6720158 3234679,-6932444 2940961,-7289276 3164744))
32707;POLYGON((-7994283 2093170,-7762122 2479719,-7344581 2282256,-7542456 1913349,-7994283 2093170))
32708;POLYGON((-8662172 724591,-8445412 1218636,-7916002 1085393,-8088953 621386,-8662172 724591))
32709;POLYGON((-9261291 -1026733,-9071617 -394215,-8399315 -420607,-8533083 -1004830,-9261291 -1026733))
32710;POLYGON((-9748735 -3270376,-9601848 -2459885,-8747342 -2317186,-8823059 -3053118,-9748735 -3270376))
32711;POLYGON((-10067808 -6145377,-9984310 -5106903,-8898107 -4706251,-8891301 -5633147,-10067808 -6145377))
32712;POLYGON((-10145128 -9826923,-10151528 -8497595,-8771729 -7714566,-8651194 -8881067,-10145128 -9826923))
32713;POLYGON((-9887350 -14534191,-10017201 -12835526,-8266883 -11498877,-7993409 -12964900,-9887350 -14534191))
32714;POLYGON((-9177478 -20539512,-9472651 -18374203,-7256841 -16251877,-6781783 -18090802,-9177478 -20539512))
32715;POLYGON((-7870753 -28178983,-8382858 -25427192,-5585021 -22209086,-4848715 -24510271,-7870753 -28178983))
32716;POLYGON((-5790080 -37864696,-6582043 -34379790,-3060057 -29656750,-1990055 -32528409,-5790080 -37864696))
32717;POLYGON((-2720982 -50098748,-3868781 -45702417,549662 -38940869,2040529 -42513347,-2720982 -50098748))
32718;POLYGON((1593948 -65489187,-623 -59965906,5522002 -50477450,7537755 -54906938,1593948 -65489187))
32719;POLYGON((7461127 -84768103,5311801 -77858850,12187664 -64764108,14851501 -70236827,7461127 -84768103))
32720;POLYGON((15242604 -108812034,12411227 -100207219,20937368 -82393131,24394200 -89130032,15242604 -108812034))
32721;POLYGON((25363262 -138664881,21700756 -127996416,32229672 -104066131,36648871 -112328157,25363262 -138664881))
32722;POLYGON((38318613 -175563558,33651453 -162395991,46599437 -130610416,52177807 -140704363,38318613 -175563558))
32723;POLYGON((54683219 -220966575,48810555 -204787223,64666979 -162997216,71631966 -175282243,54683219 -220966575))
32724;POLYGON((75119759 -276585779,67810321 -256793781,87147929 -202361898,95761066 -217256737,75119759 -276585779))
32725;POLYGON((-53683219 -220966575,-60007516 -238278688,-78115489 -188387518,-70631966 -175282243,-53683219 -220966575))
32726;POLYGON((-37318613 -175563558,-42363854 -189673970,-57191501 -151485977,-51177807 -140704363,-37318613 -175563558))
32727;POLYGON((-24363262 -138664881,-28340083 -150114395,-40431147 -121164289,-35648871 -112328157,-24363262 -138664881))
32728;POLYGON((-14242604 -108812034,-17333309 -118060698,-27151711 -96344177,-23394200 -89130032,-14242604 -108812034))
32729;POLYGON((-6461127 -84768103,-8822636 -92205428,-16762419 -76104529,-13851501 -70236827,-6461127 -84768103))
32730;POLYGON((-593948 -65489187,-2360535 -71443335,-8754829 -59661866,-6537755 -54906938,-593948 -65489187))
32731;POLYGON((3720982 -50098748,2435159 -54844770,-2693903 -46352749,-1040529 -42513347,3720982 -50098748))
32732;POLYGON((6790080 -37864696,5888644 -41631882,1790236 -35617995,2990055 -32528409,6790080 -37864696))
32733;POLYGON((8870753 -28178983,8272961 -31157395,5009911 -26988568,5848715 -24510271,8870753 -28178983))
32734;POLYGON((10177478 -20539512,9816254 -22885770,7226865 -20073017,7781783 -18090802,10177478 -20539512))
32735;POLYGON((10887350 -14534191,10707494 -16376562,8658654 -14546337,8993409 -12964900,10887350 -14534191))
32736;POLYGON((11145128 -9826923,11101688 -11269784,9484470 -10140134,9651194 -8881067,11145128 -9826923))
32737;POLYGON((11067808 -6145377,11124608 -7273107,9850420 -6633991,9891301 -5633147,11067808 -6145377))
32738;POLYGON((10748735 -3270376,10877051 -4150721,9874296 -3847915,9823059 -3053118,10748735 -3270376))
32739;POLYGON((10261291 -1026733,10438671 -1713711,9649853 -1635771,9533083 -1004830,10261291 -1026733))
32740;POLYGON((9662172 724591,9871384 188214,9250636 120386,9088953 621386,9662172 724591))
32741;POLYGON((8994283 2093170,9222394 1673776,8733360 1515189,8542456 1913349,8994283 2093170))
32742;POLYGON((8289276 3164744,8526843 2836093,8140896 2624114,7932444 2940961,8289276 3164744))
32743;POLYGON((7569752 4005942,7810124 3747691,7504866 3507003,7287305 3759537,7569752 4005942))
32744;POLYGON((6851154 4668192,7089875 4464675,6847889 4211023,6627098 4412590,6851154 4668192))
32745;POLYGON((6143372 5190933,6377674 5030163,6185498 4773139,5965368 4934156,6143372 5190933))
32746;POLYGON((5452082 5604225,5680468 5477086,5527759 5222152,5310669 5350704,5452082 5604225))
32747;POLYGON((4779851 5930846,5001751 5830444,4880609 5580367,4667817 5682688,4779851 5930846))
32748;POLYGON((4127022 6187945,4342524 6109101,4246951 5864950,4038907 5945814,4127022 6187945))
32749;POLYGON((3492417 6388347,3702046 6327201,3627530 6089008,3424124 6152034,3492417 6388347))
32750;POLYGON((2873855 6541538,3078422 6495247,3021604 6262441,2822353 6310337,2873855 6541538))
32751;POLYGON((2268546 6654426,2469032 6620937,2427462 6392611,2231645 6427358,2268546 6654426))
32752;POLYGON((1673355 6731880,1870830 6709769,1842784 6484840,1649540 6507826,1673355 6731880))
32753;POLYGON((1084969 6777130,1280550 6765485,1264900 6542782,1073291 6554902,1084969 6777130))
32754;POLYGON((500000 6792014,694820 6790365,690950 6568681,500000 6570398,500000 6792014))
32755;POLYGON((-84969 6777130,110231 6785411,117989 6563523,-73291 6554902,-84969 6777130))
32756;POLYGON((-673355 6731880,-476637 6750424,-456947 6527113,-649540 6507826,-673355 6731880))
32757;POLYGON((-1268546 6654426,-1069186 6683991,-1036785 6458056,-1231645 6427358,-1268546 6654426))
32758;POLYGON((-1873855 6541538,-1670762 6583368,-1624334 6353662,-1822353 6310337,-1873855 6541538))
32759;POLYGON((-2492417 6388347,-2284575 6444268,-2222170 6209754,-2424124 6152034,-2492417 6388347))
32760;POLYGON((-3127022 6187945,-2913554 6260517,-2832443 6020378,-3038907 5945814,-3127022 6187945))
