32601;POLYGON((-1940989 7124787,-1835955 7048145,-1972195 6852341,-2084589 6932459,-1940989 7124787))
32602;POLYGON((-2242919 7378559,-2144660 7290000,-2303027 7105577,-2408659 7198599,-2242919 7378559))
32603;POLYGON((-2520860 7667730,-2431248 7567466,-2611597 7397548,-2708392 7503422,-2520860 7667730))
32604;POLYGON((-2768444 7990879,-2689732 7879535,-2891208 7727705,-2976600 7845940,-2768444 7990879))
32605;POLYGON((-2978055 8344958,-2912930 8223770,-3133605 8093965,-3204448 8223403,-2978055 8344958))
32606;POLYGON((-3140660 8724590,-3092303 8595660,-3328696 8491959,-3381167 8630473,-3140660 8724590))
32607;POLYGON((-3245626 9121179,-3217770 8987794,-3464248 8914052,-3493737 9058163,-3245626 9121179))
32608;POLYGON((-3280526 9521794,-3277525 9388824,-3525547 9348098,-3526531 9492500,-3280526 9521794))
32609;POLYGON((-3230938 9907804,-3257834 9782190,-3495012 9775898,-3460924 9912859,-3230938 9907804))
32610;POLYGON((-3080222 10253199,-3142823 10144547,-3351782 10171283,-3274860 10289921,-3080222 10253199))
32611;POLYGON((-2809293 10522577,-2914246 10443872,-3071248 10497793,-2942367 10583197,-2809293 10522577))
32612;POLYGON((-2396366 10668741,-2551249 10637192,-2624538 10705872,-2433034 10738054,-2396366 10668741))
32613;POLYGON((-1816699 10629841,-2030106 10667888,-1977961 10729533,-1711426 10682184,-1816699 10629841))
32614;POLYGON((-1042307 10326041,-1323943 10462524,-1092383 10482413,-736448 10321437,-1042307 10326041))
32615;POLYGON((-41661 9655616,-402450 9927139,77443 9853146,539343 9534960,-41661 9655616))
32616;POLYGON((1220628 8490446,768440 8942954,1583614 8699990,2170504 8169549,1220628 8490446))
32617;POLYGON((2784152 6670831,2226879 7361416,3485874 6844616,4219516 6033140,2784152 6670831))
32618;POLYGON((4693068 3999570,4015461 4998532,5852481 4064972,6757677 2887354,4693068 3999570))
32619;POLYGON((6996479 235213,6181596 1628402,8761140 87152,9866066 -1560997,6996479 235213))
32620;POLYGON((9748846 -4915553,8777912 -3024093,12300016 -5423846,13636569 -7669539,9748846 -4915553))
32621;POLYGON((13010418 -11806500,11862678 -9291556,16568817 -12874559,18172997 -15871191,13010418 -11806500))
32622;POLYGON((16847690 -20861478,15500256 -17573340,21679960 -22754785,23592277 -26686355,16847690 -20861478))
32623;POLYGON((21333888 -32585173,19761573 -28345918,27759823 -35650731,30025733 -40736552,21333888 -32585173))
32624;POLYGON((26549482 -47575066,24724625 -42174432,34950075 -52259661,37620444 -58759598,26549482 -47575066))
32625;POLYGON((-20333888 -32585173,-21987182 -37186467,-31420531 -46262706,-29025733 -40736552,-20333888 -32585173))
32626;POLYGON((-15847690 -20861478,-17267166 -24445378,-24617151 -30976418,-22592277 -26686355,-15847690 -20861478))
32627;POLYGON((-12010418 -11806500,-13222069 -14561229,-18875153 -19157382,-17172997 -15871191,-12010418 -11806500))
32628;POLYGON((-8748846 -4915553,-9776308 -6999792,-14058116 -10147081,-12636569 -7669539,-8748846 -4915553))
32629;POLYGON((-5996479 235213,-6861199 -1311525,-10044462 -3392993,-8866066 -1560997,-5996479 235213))
32630;POLYGON((-3693068 3999570,-4414464 2879578,-6726144 1565535,-5757677 2887354,-3693068 3999570))
32631;POLYGON((-1784152 6670831,-2379761 5885982,-4007426 5109961,-3219516 6033140,-1784152 6670831))
32632;POLYGON((-220628 8490446,-706249 7965529,-1803749 7553821,-1170504 8169549,-220628 8490446))
32633;POLYGON((1041661 9655616,651834 9329381,-40664 9152767,460656 9534960,1041661 9655616))
32634;POLYGON((2042307 10326041,1735562 10149039,1347148 10113422,1736448 10321437,2042307 10326041))
32635;POLYGON((2816699 10629841,2581686 10562541,2416790 10601178,2711426 10682184,2816699 10629841))
32636;POLYGON((3396366 10668741,3222983 10679874,3217991 10747001,3433034 10738054,3396366 10668741))
32637;POLYGON((3809293 10522577,3688586 10587712,3793879 10653366,3942367 10583197,3809293 10522577))
32638;POLYGON((4080222 10253199,4004287 10353501,4181704 10399365,4274860 10289921,4080222 10253199))
32639;POLYGON((4230938 9907804,4192826 10028982,4413484 10045100,4460924 9912859,4230938 9907804))
32640;POLYGON((4280526 9521794,4274158 9653202,4516609 9635420,4526531 9492500,4280526 9521794))
32641;POLYGON((4245626 9121179,4265713 9255058,4514386 9203067,4493737 9058163,4245626 9121179))
32642;POLYGON((4140660 8724590,4182628 8855440,4426533 8771318,4381167 8630473,4140660 8724590))
32643;POLYGON((3978055 8344958,4037970 8469012,4269629 8356160,4204448 8223403,3978055 8344958))
32644;POLYGON((3768444 7990879,3842949 8105678,4057523 7968080,3976600 7845940,3768444 7990879))
32645;POLYGON((3520860 7667730,3607110 7771782,3801697 7613499,3708392 7503422,3520860 7667730))
32646;POLYGON((3242919 7378559,3338522 7471059,3511598 7295929,3408659 7198599,3242919 7378559))
32647;POLYGON((2940989 7124787,3043951 7205406,3194933 7016866,3084589 6932459,2940989 7124787))
32648;POLYGON((2620351 6906756,2729023 6975472,2857935 6776485,2741979 6704862,2620351 6906756))
32649;POLYGON((2285355 6724143,2398381 6781116,2505602 6574168,2385464 6515015,2285355 6724143))
32650;POLYGON((1939566 6576271,2055836 6621751,2141914 6408885,2018727 6361819,1939566 6576271))
32651;POLYGON((1585903 6462341,1704508 6496596,1770024 6279477,1644686 6244119,1585903 6462341))
32652;POLYGON((1226776 6381589,1346961 6404862,1392437 6184849,1265669 6160873,1226776 6381589))
32653;POLYGON((864215 6333402,985337 6345876,1011175 6124103,883570 6111268,864215 6333402))
32654;POLYGON((500000 6317385,621485 6319164,627928 6096620,500000 6094791,500000 6317385))
32655;POLYGON((135784 6333402,257088 6324501,244196 6102110,116429 6111268,135784 6333402))
32656;POLYGON((-226776 6381589,-106212 6361933,-138562 6140632,-265669 6160873,-226776 6381589))
32657;POLYGON((-585903 6462341,-466695 6431771,-518799 6212588,-644686 6244119,-585903 6462341))
32658;POLYGON((-939566 6576271,-822425 6534563,-894733 6318697,-1018727 6361819,-939566 6576271))
32659;POLYGON((-1285355 6724143,-1171135 6671031,-1264196 6459935,-1385464 6515015,-1285355 6724143))
32660;POLYGON((-1620351 6906756,-1510090 6841979,-1624486 6637436,-1741979 6704862,-1620351 6906756))
