32601;POLYGON((-3092014 5210952,-2915088 5117363,-3029357 4888637,-3214668 4982375,-3092014 5210952))
32602;POLYGON((-3620020 5533030,-3444686 5418466,-3585367 5190940,-3770398 5306513,-3620020 5533030))
32603;POLYGON((-4138780 5924165,-3967389 5785508,-4138664 5562299,-4321312 5703412,-4138780 5924165))
32604;POLYGON((-4638887 6394637,-4475005 6228308,-4681803 6014541,-4858750 6185626,-4638887 6394637))
32605;POLYGON((-5106532 6956018,-4955329 6758029,-5203324 6561731,-5369646 6767997,-5106532 6956018))
32606;POLYGON((-5522195 7620925,-5390902 7386976,-5686480 7220300,-5835163 7467765,-5522195 7620925))
32607;POLYGON((-5859064 8402609,-5757538 8128246,-6107702 8009123,-6229065 8304622,-5859064 8402609))
32608;POLYGON((-6081176 9314322,-6022549 8995176,-6434763 8949502,-6515778 9300658,-6081176 9314322))
32609;POLYGON((-6141241 10368440,-6142684 10000551,-6624628 10065044,-6648126 10480198,-6141241 10368440))
32610;POLYGON((-5978114 11575261,-6061718 11155515,-6620947 11381399,-6564698 11869485,-5978114 11575261))
32611;POLYGON((-5513917 12941443,-5707695 12468138,-6351171 12925826,-6186836 13496185,-5513917 12941443))
32612;POLYGON((-4650746 14468013,-4989777 13941575,-5723263 14726558,-5415203 15388673,-4650746 14468013))
32613;POLYGON((-3266973 16147886,-3794682 15571754,-4621975 16811925,-4125905 17575071,-3266973 16147886))
32614;POLYGON((-1213087 17962820,-1982685 17344527,-2904660 19209204,-2166148 20081995,-1213087 17962820))
32615;POLYGON((1692927 19879744,616850 19232216,-396593 21943149,650611 22932970,1692927 19879744))
32616;POLYGON((5670727 21846369,4210432 21189474,3114221 25034157,4550045 26146466,5670727 21846369))
32617;POLYGON((10983263 23786018,9045917 23148379,7882797 28496037,9802877 29733522,10983263 23786018))
32618;POLYGON((17942994 25591566,15418536 25012687,14213478 32333320,16731403 33694891,17942994 25591566))
32619;POLYGON((26918680 27118431,23677491 26651144,22466862 36538061,25716619 38017670,26918680 27118431))
32620;POLYGON((38342788 28176488,34233150 27889773,33067352 41086099,37205986 42671352,38342788 28176488))
32621;POLYGON((52719522 28520842,47564874 28503037,46511362 45932693,51721865 47603257,52719522 28520842))
32622;POLYGON((70633528 27841330,64229485 28203777,63376219 51007502,69870655 52733266,70633528 27841330))
32623;POLYGON((92759273 25750662,84870423 26631819,84329772 56208826,92352639 57947817,92759273 25750662))
32624;POLYGON((119871152 21771084,110227608 23341142,110140744 61397071,119972601 63093083,119871152 21771084))
32625;POLYGON((-100201227 24660491,-109227608 23341142,-109140744 61397071,-99945439 59679503,-100201227 24660491))
32626;POLYGON((-76504720 27322831,-83870423 26631819,-83329772 56208826,-75845697 54468754,-76504720 27322831))
32627;POLYGON((-57266462 28425518,-63229485 28203777,-62376219 51007502,-56335254 49296106,-57266462 28425518))
32628;POLYGON((-41779834 28384439,-46564874 28503037,-45511362 45932693,-40680208 44287744,-41779834 28384439))
32629;POLYGON((-29431327 27534078,-33233150 27889773,-32067352 41086099,-28243999 39534228,-29431327 27534078))
32630;POLYGON((-19690923 26139854,-22677491 26651144,-21466862 36538061,-18477303 35096764,-19690923 26139854))
32631;POLYGON((-12103168 24409064,-14418536 25012687,-13213478 32333320,-10908662 31012709,-12103168 24409064))
32632;POLYGON((-6278920 22500517,-8045917 23148379,-6882797 28496037,-5135822 27300366,-6278920 22500517))
32633;POLYGON((-1887736 20532994,-3210432 21189474,-2114221 25034157,-817743 23963131,-1887736 20532994))
32634;POLYGON((1349117 18592603,383149 19232216,1396593 21943149,2332735 20993055,1349117 18592603))
32635;POLYGON((3665074 16739146,2982685 17344527,3904660 19209204,4555617 18373856,3665074 16739146))
32636;POLYGON((5254100 15011576,4794682 15571754,5621975 16811925,6049861 16083456,5254100 15011576))
32637;POLYGON((6276004 13432635,5989777 13941575,6723263 14726558,6978950 14096078,6276004 13432635))
32638;POLYGON((6861223 12012760,6707695 12468138,7351171 12925826,7475903 12383945,6861223 12012760))
32639;POLYGON((7115136 10753326,7061718 11155515,7620947 11381399,7647790 10918646,7115136 10753326))
32640;POLYGON((7121911 9649307,7142684 10000551,7624628 10065044,7579758 9672189,7121911 9649307))
32641;POLYGON((6947931 8691426,7022549 8995176,7434763 8949502,7338613 8617790,6947931 8691426))
32642;POLYGON((6644807 7867850,6757538 8128246,7107702 8009123,6975965 7730443,6644807 7867850))
32643;POLYGON((6252020 7165504,6390902 7386976,6686480 7220300,6530987 6987287,6252020 7165504))
32644;POLYGON((5799208 6571058,5955329 6758029,6203324 6561731,6032795 6367820,5799208 6571058))
32645;POLYGON((5308134 6071627,5475005 6228308,5681803 6014541,5502498 5853986,5308134 6071627))
32646;POLYGON((4794354 5655256,4967389 5785508,5138664 5562299,4954921 5430154,4794354 5655256))
32647;POLYGON((4268610 5311216,4444686 5418466,4585367 5190940,4400059 5083022,4268610 5311216))
32648;POLYGON((3737988 5030156,3915088 5117363,4029357 4888637,3844259 4801473,3737988 5030156))
32649;POLYGON((3206851 4804161,3383773 4873805,3475099 4645632,3291183 4576394,3206851 4804161))
32650;POLYGON((2677585 4626720,2853715 4680818,2924897 4454036,2742567 4400478,2677585 4626720))
32651;POLYGON((2151178 4492661,2326312 4532793,2379538 4307643,2198807 4268036,2151178 4492661))
32652;POLYGON((1627664 4398061,1801874 4425404,1838775 4201740,1659398 4174816,1627664 4398061))
32653;POLYGON((1106456 4340155,1279990 4355506,1301693 4132945,1123261 4117850,1106456 4340155))
32654;POLYGON((586592 4317252,759800 4321059,766962 4099080,588977 4095339,586592 4317252))
32655;POLYGON((66926 4328685,240199 4321059,233037 4099080,54962 4106575,66926 4328685))
32656;POLYGON((-453714 4374787,-279990 4355506,-301693 4132945,-480387 4151911,-453714 4374787))
32657;POLYGON((-976371 4456903,-801874 4425404,-838775 4201740,-1018565 4232777,-976371 4456903))
32658;POLYGON((-1501781 4577431,-1326312 4532793,-1379538 4307643,-1560784 4351738,-1501781 4577431))
32659;POLYGON((-2030149 4739901,-1853715 4680818,-1924897 4454036,-2107773 4512605,-2030149 4739901))
32660;POLYGON((-2560847 4949056,-2383773 4873805,-2475099 4645632,-2659478 4720568,-2560847 4949056))
