32601;POLYGON((-1677002 7371631,-1581755 7302377,-1715994 7108992,-1818378 7181899,-1677002 7371631))
32602;POLYGON((-1950290 7600517,-1861428 7520722,-2017016 7339186,-2112922 7423547,-1950290 7600517))
32603;POLYGON((-2201396 7860441,-2120457 7770429,-2296949 7603585,-2384653 7699177,-2201396 7860441))
32604;POLYGON((-2425253 8149790,-2354004 8050218,-2550312 7901185,-2627774 8007416,-2425253 8149790))
32605;POLYGON((-2616063 8465675,-2556521 8357676,-2770626 8229707,-2835440 8345439,-2616063 8465675))
32606;POLYGON((-2767264 8803444,-2721703 8688800,-2950285 8585029,-2999645 8708361,-2767264 8803444))
32607;POLYGON((-2871502 9156072,-2842461 9037431,-3080437 8960473,-3111094 9088461,-2871502 9156072))
32608;POLYGON((-2920623 9513418,-2910910 9394559,-3150861 9345906,-3159085 9474220,-2920623 9513418))
32609;POLYGON((-2905682 9861318,-2918364 9747472,-3149847 9726637,-3131380 9849141,-2905682 9861318))
32610;POLYGON((-2816968 10180497,-2855366 10078733,-3064068 10082063,-3014086 10190304,-2816968 10180497))
32611;POLYGON((-2644053 10445274,-2711719 10364954,-2878454 10384046,-2791525 10466643,-2644053 10445274))
32612;POLYGON((-2375857 10622025,-2476551 10575344,-2576067 10594959,-2446109 10636874,-2375857 10622025))
32613;POLYGON((-2000738 10667381,-2138397 10670001,-2137973 10665384,-1958208 10647065,-2000738 10667381))
32614;POLYGON((-1506610 10526131,-1685303 10597915,-1543112 10531389,-1306024 10427769,-1506610 10526131))
32615;POLYGON((-881079 10128791,-1104963 10294651,-768163 10111367,-465455 9890696,-881079 10128791))
32616;POLYGON((-111613 9388805,-384868 9679678,212581 9302363,590033 8924866,-111613 9388805))
32617;POLYGON((814264 8199343,487498 8653308,1427358 7975848,1889551 7392180,814264 8199343))
32618;POLYGON((1908748 6429657,1524452 7093198,2907062 5972876,3464911 5122364,1908748 6429657))
32619;POLYGON((3183494 3920947,2737860 4850390,4685392 3098576,5350775 1907223,3183494 3920947))
32620;POLYGON((4649329 481706,4138860 1744833,6798984 -884089,7584790 -2505858,4649329 481706))
32621;POLYGON((6315930 -4117510,5737550 -2439654,9287557 -6261368,10207737 -8421245,6315930 -4117510))
32622;POLYGON((8191463 -10149942,7542641 -7961025,12194058 -13376619,13263670 -16203246,8191463 -10149942))
32623;POLYGON((10282185 -17939138,9561073 -15125287,15564807 -22639148,16800067 -26285289,10282185 -17939138))
32624;POLYGON((12592013 -27866198,11797594 -24293508,19449648 -34534056,20867979 -39180108,12592013 -27866198))
32625;POLYGON((-10027666 -20989990,-10797594 -24293508,-18449648 -34534056,-17094353 -30243215,-10027666 -20989990))
32626;POLYGON((-7864215 -12533583,-8561073 -15125287,-14564807 -22639148,-13386638 -19284782,-7864215 -12533583))
32627;POLYGON((-5917541 -5954199,-6542641 -7961025,-11194058 -13376619,-10175999 -10787955,-5917541 -5954199))
32628;POLYGON((-4182117 -909946,-4737550 -2439654,-8287557 -6261368,-7413785 -4294058,-4182117 -909946))
32629;POLYGON((-2650368 2888422,-3138860 1744833,-5798984 -884089,-5054815 583191,-2650368 2888422))
32630;POLYGON((-1313079 5684270,-1737860 4850390,-3685392 3098576,-3057236 4167181,-1313079 5684270))
32631;POLYGON((-159769 7681139,-524452 7093198,-1907062 5972876,-1382370 6726920,-159769 7681139))
32632;POLYGON((820976 9048187,512501 8653308,-427358 7975848,5421 8484649,820976 9048187))
32633;POLYGON((1641203 9925026,1384868 9679678,787418 9302363,1138889 9622609,1641203 9925026))
32634;POLYGON((2313318 10426033,2104963 10294651,1768163 10111367,2048025 10289027,2313318 10426033))
32635;POLYGON((2849859 10644144,2685303 10597915,2543112 10531389,2760209 10603403,2849859 10644144))
32636;POLYGON((3263287 10654204,3138397 10670001,3137973 10665384,3300338 10661134,3263287 10654204))
32637;POLYGON((3565806 10515894,3476551 10575344,3576067 10594959,3690963 10537554,3565806 10515894))
32638;POLYGON((3769220 10276282,3711719 10364954,3878454 10384046,3952423 10291427,3769220 10276282))
32639;POLYGON((3884808 9972025,3855366 10078733,4064068 10082063,4102972 9967961,3884808 9972025))
32640;POLYGON((3923225 9631269,3918364 9747472,4149847 9726637,4158911 9601383,3923225 9631269))
32641;POLYGON((3894425 9275270,3910910 9394559,4150861 9345906,4134713 9217118,3894425 9275270))
32642;POLYGON((3807615 8919764,3842461 9037431,4080437 8960473,4043155 8833633,3807615 8919764))
32643;POLYGON((3671211 8576124,3721703 8688800,3950285 8585029,3895436 8463961,3671211 8576124))
32644;POLYGON((3492836 8252324,3556521 8357676,3770626 8229707,3701306 8116973,3492836 8252324))
32645;POLYGON((3279314 7953733,3354004 8050218,3550312 7901185,3469188 7798405,3279314 7953733))
32646;POLYGON((3036692 7683768,3120457 7770429,3296949 7603585,3206300 7511692,3036692 7683768))
32647;POLYGON((2770278 7444418,2861428 7520722,3017016 7339186,2918775 7258632,2770278 7444418))
32648;POLYGON((2484683 7236669,2581755 7302377,2715994 7108992,2611783 7039907,2484683 7236669))
32649;POLYGON((2183882 7060831,2285618 7115898,2398474 6913169,2289649 6855484,2183882 7060831))
32650;POLYGON((1871283 6916800,1976604 6961293,2068286 6751382,1955974 6704920,1871283 6916800))
32651;POLYGON((1549804 6804255,1657788 6838296,1728612 6623048,1613752 6587590,1549804 6804255))
32652;POLYGON((1221961 6722801,1331808 6746522,1382108 6527514,1265486 6502853,1221961 6722801))
32653;POLYGON((889956 6672079,1000961 6685590,1031017 6464193,913311 6450163,889956 6672079))
32654;POLYGON((555776 6651832,667294 6655205,677292 6432647,559107 6429147,555776 6651832))
32655;POLYGON((221288 6661953,332705 6655205,322707 6432647,204618 6439651,221288 6661953))
32656;POLYGON((-111654 6702495,-961 6685590,-31017 6464193,-148432 6481751,-111654 6702495))
32657;POLYGON((-441116 6773668,-331808 6746522,-382108 6527514,-498223 6555753,-441116 6773668))
32658;POLYGON((-764978 6875806,-657788 6838296,-728612 6623048,-842717 6662150,-764978 6875806))
32659;POLYGON((-1080840 7009299,-976604 6961293,-1068286 6751382,-1179548 6801562,-1080840 7009299))
32660;POLYGON((-1385927 7174509,-1285618 7115898,-1398474 6913169,-1505896 6974637,-1385927 7174509))
