32701;POLYGON((-3451056 6067196,-3234515 6149333,-3142731 5906193,-3351571 5822033,-3451056 6067196))
32702;POLYGON((-4113519 5777182,-3890529 5881640,-3774020 5632512,-3987578 5526186,-4113519 5777182))
32703;POLYGON((-4795444 5409687,-4566011 5541900,-4419055 5287639,-4636764 5154154,-4795444 5409687))
32704;POLYGON((-5495472 4944929,-5260300 5112122,-5075347 4855154,-5295788 4687997,-5495472 4944929))
32705;POLYGON((-6209606 4356723,-5970378 4568442,-5737534 4313695,-5958105 4104428,-6209606 4356723))
32706;POLYGON((-6930216 3610610,-6689949 3879394,-6396327 3635648,-6612839 3373412,-6930216 3610610))
32707;POLYGON((-7644818 2661520,-7408297 3003739,-7037205 2785543,-7243397 2456435,-7644818 2661520))
32708;POLYGON((-8334609 1450866,-8108907 1887754,-7638857 1718070,-7825800 1304402,-8334609 1450866))
32709;POLYGON((-8972718 -96999,-8767808 461920,-8171307 375692,-8326716 -144914,-8972718 -96999))
32710;POLYGON((-9522161 -2079088,-9351633 -1363127,-8593731 -1314233,-8701158 -1969924,-9522161 -2079088))
32711;POLYGON((-9933476 -4618941,-9815365 -3701454,-8851916 -3442874,-8889823 -4268835,-9933476 -4618941))
32712;POLYGON((-10142012 -7872765,-10099738 -6697629,-8875347 -6123974,-8816046 -7163935,-10142012 -7872765))
32713;POLYGON((-10064838 -12036684,-10128282 -10533593,-8573890 -9498597,-8382340 -10806583,-10064838 -12036684))
32714;POLYGON((-9597271 -17355218,-9803976 -15436709,-7834043 -13740662,-7466507 -15383028,-9597271 -17355218))
32715;POLYGON((-8608976 -24131159,-9005496 -21689156,-6514737 -19063354,-5917269 -21121133,-8608976 -24131159))
32716;POLYGON((-6939626 -32736965,-7583022 -29638803,-4442647 -25726501,-3549421 -28298094,-6939626 -32736965))
32717;POLYGON((-4394097 -43627861,-5353593 -39711719,-1407000 -34045022,-138462 -37249274,-4394097 -43627861))
32718;POLYGON((-737173 -57356798,-2095977 -52426495,2846155 -44398559,4585321 -48378246,-737173 -57356798))
32719;POLYGON((4312264 -74591443,2454964 -68410539,8620243 -57242384,10943343 -62168156,4312264 -74591443))
32720;POLYGON((11087584 -96133407,8614446 -88418532,16275036 -73119719,19315796 -79194540,11087584 -96133407))
32721;POLYGON((19981317 -122939879,16754473 -113353242,26234158 -92675577,30149360 -100139702,19981317 -122939879))
32722;POLYGON((31452646 -156147883,27311142 -144288882,38993217 -116672261,43965563 -125808786,31452646 -156147883))
32723;POLYGON((46035518 -197101365,40792538 -182497233,55128613 -146006640,61369814 -157147686,46035518 -197101365))
32724;POLYGON((64347377 -247381330,57787263 -229476733,75307044 -181729353,83061142 -195262920,64347377 -247381330))
32725;POLYGON((-63347377 -247381330,-70399903 -266525397,-90379869 -209690950,-82061142 -195262920,-63347377 -247381330))
32726;POLYGON((-45035518 -197101365,-50692065 -212739551,-67086501 -169040157,-60369814 -157147686,-45035518 -197101365))
32727;POLYGON((-30452646 -156147883,-34939191 -168865545,-48335812 -135573970,-42965563 -125808786,-30452646 -156147883))
32728;POLYGON((-18981317 -122939879,-22493945 -133236098,-33395277 -108127550,-29149360 -100139702,-18981317 -122939879))
32729;POLYGON((-10087584 -96133407,-12795554 -104431751,-21629396 -85703772,-18315796 -79194540,-10087584 -96133407))
32730;POLYGON((-3312264 -74591443,-5360842 -81249661,-12489722 -67452659,-9943343 -62168156,-3312264 -74591443))
32731;POLYGON((1737173 -57356798,224074 -62675524,-5505585 -52652833,-3585321 -48378246,1737173 -57356798))
32732;POLYGON((5394097 -43627861,4311490 -47858400,-275519 -40694850,1138462 -37249274,5394097 -43627861))
32733;POLYGON((7939626 -32736965,7199207 -36088223,3540665 -31066262,4549421 -28298094,7939626 -32736965))
32734;POLYGON((9608976 -24131159,9137070 -26775800,6229166 -23338307,6917269 -21121133,9608976 -24131159))
32735;POLYGON((10597271 -17355218,10332955 -19435090,8028871 -17154063,8466507 -15383028,10597271 -17355218))
32736;POLYGON((11064838 -12036684,10958228 -13667587,9137460 -12217983,9382340 -10806583,11064838 -12036684))
32737;POLYGON((11142012 -7872765,11152719 -9148626,9716956 -8286671,9816046 -7163935,11142012 -7872765))
32738;POLYGON((10933476 -4618941,11029207 -5615431,9898741 -5160801,9889823 -4268835,10933476 -4618941))
32739;POLYGON((10522161 -2079088,10677465 -2856754,9788086 -2678073,9701158 -1969924,10522161 -2079088))
32740;POLYGON((9972718 -96999,10167879 -703948,9468189 -707103,9326716 -144914,9972718 -96999))
32741;POLYGON((9334609 1450866,9554652 976684,9003784 857835,8825800 1304402,9334609 1450866))
32742;POLYGON((8644818 2661520,8878648 2290378,8444315 2101317,8243397 2456435,8644818 2661520))
32743;POLYGON((7930216 3610610,8169867 3319384,7826726 3090599,7612839 3373412,7930216 3610610))
32744;POLYGON((7209606 4356723,7449593 4127546,7177879 3878848,6958105 4104428,7209606 4356723))
32745;POLYGON((6495472 4944929,6732241 4764088,6516630 4507849,6295788 4687997,6495472 4944929))
32746;POLYGON((5795444 5409687,6026910 5266720,5855593 5010255,5636764 5154154,5795444 5409687))
32747;POLYGON((5113519 5777182,5338687 5664156,5202619 5411430,4987578 5526186,5113519 5777182))
32748;POLYGON((4451056 6067196,4669715 5978130,4562005 5730960,4351571 5822033,4451056 6067196))
32749;POLYGON((3807560 6294572,4020038 6224990,3935479 5983860,3729795 6055413,3807560 6294572))
32750;POLYGON((3181294 6470359,3388278 6416942,3322969 6181540,3121718 6236711,3181294 6470359))
32751;POLYGON((2569734 6602673,2772131 6562998,2723195 6332559,2525761 6373672,2569734 6602673))
32752;POLYGON((1969890 6697345,2168733 6669690,2134101 6443204,1939684 6471930,1969890 6697345))
32753;POLYGON((1378522 6758385,1574909 6741593,1553169 6517926,1360862 6535395,1378522 6758385))
32754;POLYGON((792271 6788302,987329 6781688,977616 6559647,786460 6566533,792271 6788302))
32755;POLYGON((207728 6788302,402597 6791602,404531 6569968,213539 6566533,207728 6788302))
32756;POLYGON((-378522 6758385,-182704 6771731,-169047 6549282,-360862 6535395,-378522 6758385))
32757;POLYGON((-969890 6697345,-771990 6721277,-746074 6496801,-939684 6471930,-969890 6697345))
32758;POLYGON((-1569734 6602673,-1368641 6638181,-1329427 6410500,-1525761 6373672,-1569734 6602673))
32759;POLYGON((-2181294 6470359,-1975947 6518964,-1921819 6286974,-2121718 6236711,-2181294 6470359))
32760;POLYGON((-2807560 6294572,-2597002 6358446,-2525642 6121202,-2729795 6055413,-2807560 6294572))
