32701;POLYGON((-3636129 6569828,-3404776 6646315,-3321963 6396061,-3546024 6316479,-3636129 6569828))
32702;POLYGON((-4350160 6297468,-4108665 6395980,-4002233 6136138,-4234560 6034277,-4350160 6297468))
32703;POLYGON((-5097275 5947248,-4844331 6073893,-4708009 5803956,-4949222 5674003,-5097275 5947248))
32704;POLYGON((-5880891 5496458,-5615460 5659611,-5440697 5380163,-5690917 5214262,-5880891 5496458))
32705;POLYGON((-6703308 4914102,-6424778 5125172,-6199991 4838658,-6458612 4626256,-6703308 4914102))
32706;POLYGON((-7565138 4158151,-7273534 4432571,-6983127 4144456,-7248525 3871466,-7565138 4158151))
32707;POLYGON((-8464595 3172040,-8160830 3530533,-7783953 3250964,-8053137 2898706,-8464595 3172040))
32708;POLYGON((-9396613 1880265,-9082801 2350417,-8591801 2096559,-8859983 1640444,-9396613 1880265))
32709;POLYGON((-10351798 182907,-10031624 801123,-9390124 600350,-9650212 8268,-10351798 182907))
32710;POLYGON((-11315181 -2051063,-10994339 -1237178,-10154895 -1343010,-10396903 -2112662,-11315181 -2051063))
32711;POLYGON((-12264766 -4991919,-11951466 -3920683,-10852737 -3869615,-11063097 -4870299,-12264766 -4991919))
32712;POLYGON((-13169855 -8858921,-12875411 -7451129,-11438768 -7153845,-11599548 -8453702,-13169855 -8858921))
32713;POLYGON((-13989138 -13931902,-13728628 -12086747,-11854143 -11417335,-11942152 -13102519,-13989138 -13931902))
32714;POLYGON((-14668524 -20564924,-14461543 -18155203,-12023265 -16939536,-12009051 -19118127,-14668524 -20564924))
32715;POLYGON((-15138708 -29202249,-15010209 -26068764,-11850656 -24070078,-11697382 -26876634,-15138708 -29202249))
32716;POLYGON((-15312450 -40396872,-15293686 -36341951,-11217458 -33243123,-10879649 -36843944,-15312450 -40396872))
32717;POLYGON((-15081560 -54831911,-15211121 -49611945,-9977548 -44993930,-9399707 -49593113,-15081560 -54831911))
32718;POLYGON((-14313562 -73345121,-14638525 -66662025,-7953246 -59977857,-7068332 -65824205,-14313562 -73345121))
32719;POLYGON((-12848034 -96956848,-13425218 -88448342,-4930602 -78992027,-3658358 -86386914,-12848034 -96956848))
32720;POLYGON((-10492595 -126901728,-11389940 -116130336,-654227 -102999925,1100644 -112306184,-10492595 -126901728))
32721;POLYGON((-7018538 -164664471,-8316601 -151105116,5178337 -133159167,7528157 -144811103,-7018538 -164664471))
32722;POLYGON((-2156086 -212020074,-3949665 -195046162,12922734 -170852725,15999001 -185367336,-2156086 -212020074))
32723;POLYGON((4410748 -271078813,2010856 -249946679,22994419 -217723884,26950130 -235713397,4410748 -271078813))
32724;POLYGON((13049707 -344336403,9914811 -318167997,35875813 -275715231,40887971 -297901042,13049707 -344336403))
32725;POLYGON((-12049707 -344336403,-15461585 -372404646,-45296145 -321666994,-39887971 -297901042,-12049707 -344336403))
32726;POLYGON((-3410748 -271078813,-6040402 -293784973,-30237062 -255015699,-25950130 -235713397,-3410748 -271078813))
32727;POLYGON((3156086 -212020074,1173556 -230291168,-18350284 -200967133,-14999001 -185367336,3156086 -212020074))
32728;POLYGON((8018538 -164664471,6566589 -179286945,-9104504 -157355388,-6528157 -144811103,8018538 -164664471))
32729;POLYGON((11492595 -126901728,10471296 -138539387,-2040450 -122342239,-100644 -112306184,11492595 -126901728))
32730;POLYGON((13848034 -96956848,13172269 -106166984,3236625 -94375298,4658358 -86386914,13848034 -96956848))
32731;POLYGON((15313562 -73345121,14911359 -80592960,7063930 -72150405,8068332 -65824205,15313562 -73345121))
32732;POLYGON((16081560 -54831911,15892549 -60503508,9727574 -54577948,10399707 -49593113,16081560 -54831911))
32733;POLYGON((16312450 -40396872,16286454 -44810569,11468532 -40752819,11879649 -36843944,16312450 -40396872))
32734;POLYGON((16138708 -29202249,16234441 -32618810,12488114 -29927733,12697382 -26876634,16138708 -29202249))
32735;POLYGON((15668524 -20564924,15852408 -23196454,12952977 -21489637,13009051 -19118127,15668524 -20564924))
32736;POLYGON((14989138 -13931902,15234229 -15949655,12999700 -14938956,12942152 -13102519,14989138 -13931902))
32737;POLYGON((14169855 -8858921,14454869 -10400103,12738935 -9871433,12599548 -8453702,14169855 -8858921))
32738;POLYGON((13264766 -4991919,13573208 -6165564,12259164 -5962321,12063097 -4870299,13264766 -4991919))
32739;POLYGON((12315181 -2051063,12634562 -2943089,11630068 -2952723,11396903 -2112662,12315181 -2051063))
32740;POLYGON((11351798 182907,11672942 -494610,10905545 -637848,10650212 8268,11351798 182907))
32741;POLYGON((10396613 1880265,10713046 1365303,10126385 1143000,9859983 1640444,10396613 1880265))
32742;POLYGON((9464595 3172040,9772014 2779784,9322622 2514895,9053137 2898706,9464595 3172040))
32743;POLYGON((8565138 4158151,8860950 3858312,8515597 3574390,8248525 3871466,8565138 4158151))
32744;POLYGON((7703308 4914102,7986237 4683863,7719731 4395426,7458612 4626256,7703308 4914102))
32745;POLYGON((6880891 5496458,7150648 5318776,6944048 5034188,6690917 5214262,6880891 5496458))
32746;POLYGON((6097275 5947248,6354283 5809495,6193454 5533058,5949222 5674003,6097275 5947248))
32747;POLYGON((5350160 6297468,5595336 6190356,5469800 5923786,5234560 6034277,5350160 6297468))
32748;POLYGON((4636129 6569828,4870706 6486565,4772749 6230013,4546024 6316479,4636129 6569828))
32749;POLYGON((3951088 6780860,4176484 6716513,4100458 6469229,3881396 6536409,3951088 6780860))
32750;POLYGON((3290586 6942517,3508309 6893530,3450110 6654291,3237627 6705645,3290586 6942517))
32751;POLYGON((2650042 7063354,2861623 7027195,2818305 6794556,2611187 6832578,2650042 7063354))
32752;POLYGON((2024882 7149380,2231839 7124287,2201330 6896725,1998304 6923168,2024882 7149380))
32753;POLYGON((1410608 7204659,1614430 7189466,1595339 6965442,1395111 6981475,1410608 7204659))
32754;POLYGON((802818 7231699,1004963 7225724,996448 7003714,797726 7010024,802818 7231699))
32755;POLYGON((197181 7231699,399086 7234680,400781 7013171,202273 7010024,197181 7231699))
32756;POLYGON((-410608 7204659,-207506 7216726,-195529 6994212,-395111 6981475,-410608 7204659))
32757;POLYGON((-1024882 7149380,-819133 7171070,-796355 6946037,-998304 6923168,-1024882 7149380))
32758;POLYGON((-1650042 7063354,-1440170 7095661,-1405576 6866578,-1611187 6832578,-1650042 7063354))
32759;POLYGON((-2290586 6942517,-2075081 6986989,-2027071 6752318,-2237627 6705645,-2290586 6942517))
32760;POLYGON((-2951088 6780860,-2728419 6839749,-2664656 6597982,-2881396 6536409,-2951088 6780860))
