32701;POLYGON((218999 349323,231295 358907,365623 180394,359480 175597,218999 349323))
32702;POLYGON((184212 318078,195443 328896,347713 165375,342104 159962,184212 318078))
32703;POLYGON((152873 283358,162914 295295,331470 148565,326457 142595,152873 283358))
32704;POLYGON((125327 245541,134068 258466,317072 130148,312710 123686,125327 245541))
32705;POLYGON((101878 205038,109222 218811,304677 110325,301015 103442,101878 205038))
32706;POLYGON((82783 162290,88650 176761,294422 89313,291499 82084,82783 162290))
32707;POLYGON((68245 117763,72574 132774,286419 67342,284267 59846,68245 117763))
32708;POLYGON((58415 71937,61162 87326,280755 44652,279399 36972,58415 71937))
32709;POLYGON((53379 25303,54522 40907,277493 21491,276945 13710,53379 25303))
32710;POLYGON((53161 -21647,52700 -5991,276665 -1888,276933 -9687,53161 -21647))
32711;POLYGON((57713 -68435,55672 -52886,278280 -25235,279358 -32966,57713 -68435))
32712;POLYGON((66917 -114603,63343 -99309,282317 -48297,284193 -55879,66917 -114603))
32713;POLYGON((80573 -159730,75541 -144827,288728 -70830,291380 -78182,80573 -159730))
32714;POLYGON((98402 -203446,92016 -189051,297438 -92599,300835 -99646,98402 -203446))
32715;POLYGON((120042 -245451,112431 -231655,308347 -113381,312451 -120054,120042 -245451))
32716;POLYGON((145037 -285530,136364 -272393,321330 -132973,326094 -139207,145037 -285530))
32717;POLYGON((172845 -323582,163301 -311125,336240 -151191,341610 -156930,172845 -323582))
32718;POLYGON((202823 -359638,192632 -347833,352911 -167877,358828 -173076,202823 -359638))
32719;POLYGON((234232 -393890,223653 -382654,371157 -182903,377556 -187525,234232 -393890))
32720;POLYGON((266234 -426723,255557 -415904,390782 -196173,397594 -200195,266234 -426723))
32721;POLYGON((297882 -458744,287434 -448112,411578 -207630,418733 -211041,297882 -458744))
32722;POLYGON((328126 -490822,318270 -480057,433332 -217255,440759 -220061,328126 -490822))
32723;POLYGON((355807 -524129,346941 -512804,455831 -225080,463461 -227299,355807 -524129))
32724;POLYGON((379653 -560180,372213 -547749,478870 -231180,486636 -232851,379653 -560180))
32725;POLYGON((620346 -560180,613486 -573125,505566 -234351,513363 -232851,620346 -560180))
32726;POLYGON((644192 -524129,635752 -535755,528856 -229331,536538 -227299,644192 -524129))
32727;POLYGON((671873 -490822,662301 -501721,551738 -222668,559240 -220061,671873 -490822))
32728;POLYGON((702117 -458744,691825 -469379,574012 -214249,581266 -211041,702117 -458744))
32729;POLYGON((733765 -426723,723127 -437449,595470 -204014,602405 -200195,733765 -426723))
32730;POLYGON((765767 -393890,755121 -404967,615899 -191949,622443 -187525,765767 -393890))
32731;POLYGON((797176 -359638,786826 -371241,635087 -178086,641171 -173076,797176 -359638))
32732;POLYGON((827154 -323582,817369 -335817,652829 -162494,658389 -156930,827154 -323582))
32733;POLYGON((854962 -285530,845975 -298441,668933 -145281,673905 -139207,854962 -285530))
32734;POLYGON((879957 -245451,871973 -259032,683219 -126587,687548 -120054,879957 -245451))
32735;POLYGON((901597 -203446,894786 -217650,695526 -106576,699164 -99646,901597 -203446))
32736;POLYGON((919426 -159730,913931 -174475,705714 -85441,708619 -78182,919426 -159730))
32737;POLYGON((933082 -114603,929013 -129780,713668 -63392,715806 -55879,933082 -114603))
32738;POLYGON((942286 -68435,939726 -83915,719294 -40656,720641 -32966,942286 -68435))
32739;POLYGON((946838 -21647,945846 -37284,722528 -17472,723066 -9687,946838 -21647))
32740;POLYGON((946620 25303,947227 9664,723330 5913,723054 13710,946620 25303))
32741;POLYGON((941584 71937,943798 56458,721688 29248,720600 36972,941584 71937))
32742;POLYGON((931754 117763,935559 102608,717620 52280,715732 59846,931754 117763))
32743;POLYGON((917216 162290,922577 147622,711169 74757,708500 82084,917216 162290))
32744;POLYGON((898121 205038,904981 191016,702404 96435,698984 103442,898121 205038))
32745;POLYGON((874672 245541,882957 232317,691422 117075,687289 123686,874672 245541))
32746;POLYGON((847126 283358,856745 271077,678343 136453,673542 142595,847126 283358))
32747;POLYGON((815787 318078,826634 306873,663311 154356,657895 159962,815787 318078))
32748;POLYGON((781000 349323,792956 339316,646492 170589,640519 175597,781000 349323))
32749;POLYGON((743149 376757,756082 368055,628069 184974,621606 189330,743149 376757))
32750;POLYGON((702650 400082,716417 392780,608245 197354,601362 201011,702650 400082))
32751;POLYGON((659946 419049,674398 413225,587237 207594,580010 210512,659946 419049))
32752;POLYGON((615504 433454,630482 429170,565274 215583,557783 217729,615504 433454))
32753;POLYGON((569808 443144,585149 440445,542599 221233,534924 222585,569808 443144))
32754;POLYGON((523353 448014,538891 446931,519457 224483,511684 225026,523353 448014))
32755;POLYGON((476646 448014,492212 448557,496103 225298,488315 225026,476646 448014))
32756;POLYGON((430191 443144,445617 445306,472792 223669,465075 222585,430191 443144))
32757;POLYGON((384495 433454,399612 437214,449778 219614,442216 217729,384495 433454))
32758;POLYGON((340053 419049,354697 424366,427313 213176,419989 210512,340053 419049))
32759;POLYGON((297349 400082,311361 406900,405642 204426,398637 201011,297349 400082))
32760;POLYGON((256850 376757,270077 385002,385004 193459,378393 189330,256850 376757))
