32601;POLYGON((-595897 8576744,-545366 8540141,-674588 8354145,-731648 8395040,-595897 8576744))
32602;POLYGON((-739859 8697052,-693208 8655237,-841647 8482829,-894437 8529647,-739859 8697052))
32603;POLYGON((-871036 8832267,-828835 8785613,-995227 8628910,-1043082 8681258,-871036 8832267))
32604;POLYGON((-987774 8981115,-950563 8930073,-1133350 8791117,-1175625 8848506,-987774 8981115))
32605;POLYGON((-1088545 9142080,-1056816 9087183,-1254120 8967873,-1290214 9029705,-1088545 9142080))
32606;POLYGON((-1172019 9313403,-1146188 9255263,-1355800 9157269,-1385185 9222829,-1172019 9313403))
32607;POLYGON((-1237154 9493084,-1217530 9432394,-1436908 9357044,-1459168 9425500,-1237154 9493084))
32608;POLYGON((-1283304 9678918,-1270049 9616433,-1496344 9564581,-1511224 9634984,-1283304 9678918))
32609;POLYGON((-1310353 9868540,-1303439 9805062,-1533541 9776926,-1540999 9848221,-1310353 9868540))
32610;POLYGON((-1318876 10059501,-1318024 9995850,-1548646 9990823,-1548927 10061870,-1318876 10059501))
32611;POLYGON((-1310320 10249386,-1314938 10186354,-1542737 10202790,-1536449 10272396,-1310320 10249386))
32612;POLYGON((-1287222 10435962,-1296329 10374262,-1518074 10409226,-1506282 10476187,-1287222 10435962))
32613;POLYGON((-1253451 10617374,-1265592 10557568,-1478389 10606560,-1462720 10669728,-1253451 10617374))
32614;POLYGON((-1214485 10792406,-1227637 10734811,-1429215 10791458,-1411977 10849817,-1214485 10792406))
32615;POLYGON((-1177731 10960787,-1189190 10905365,-1378263 10961082,-1362582 11013850,-1177731 10960787))
32616;POLYGON((-1152866 11123580,-1159131 11069802,-1335839 11113419,-1325806 11160177,-1152866 11123580))
32617;POLYGON((-1152232 11283642,-1148867 11230325,-1315314 11247686,-1316154 11288527,-1152232 11283642))
32618;POLYGON((-1191264 11446176,-1172752 11391287,-1333640 11364816,-1351899 11400531,-1191264 11446176))
32619;POLYGON((-1288963 11619373,-1248543 11559805,-1411927 11468045,-1455673 11500341,-1288963 11619373))
32620;POLYGON((-1468415 11815169,-1397904 11746477,-1576071 11563599,-1655115 11595349,-1468415 11815169))
32621;POLYGON((-1757359 12050109,-1646957 11966206,-1857440 11661493,-1983581 11697035,-1757359 12050109))
32622;POLYGON((-2188795 12346348,-2026877 12239159,-2293621 11776461,-2480912 11821936,-2188795 12346348))
32623;POLYGON((-2801655 12732785,-2574541 12591852,-2929240 11929025,-3194266 11992764,-2801655 12732785))
32624;POLYGON((-3641522 13246349,-3333233 13058384,-3816831 12146707,-4179027 12239672,-3641522 13246349))
32625;POLYGON((4980855 13453505,-4353393 13681830,-5017793 12465404,5578469 12345342,4980855 13453505))
32626;POLYGON((4053931 12887766,4333233 13058384,4816831 12146707,4489374 12064884,4053931 12887766))
32627;POLYGON((3370816 12463493,3574541 12591852,3929240 11929025,3692137 11872453,3370816 12463493))
32628;POLYGON((2883545 12140767,3026877 12239159,3293621 11776461,3128426 11735106,2883545 12140767))
32629;POLYGON((2551049 11888164,2646957 11966206,2857440 11661493,2748442 11627800,2551049 11888164))
32630;POLYGON((2338428 11681414,2397904 11746477,2576071 11563599,2510001 11532070,2338428 11681414))
32631;POLYGON((2216260 11502219,2248543 11559805,2411927 11468045,2377676 11434866,2216260 11502219))
32632;POLYGON((2159975 11337209,2172752 11391287,2333640 11364816,2322003 11327531,2159975 11337209))
32633;POLYGON((2149268 11177034,2148867 11230325,2315314 11247686,2318756 11204922,2149268 11177034))
32634;POLYGON((2167571 11015573,2159131 11069802,2335839 11113419,2348276 11064640,2167571 11015573))
32635;POLYGON((2201561 10849251,2189190 10905365,2378263 10961082,2394867 10906383,2201561 10849251))
32636;POLYGON((2240716 10676463,2227637 10734811,2429215 10791458,2446234 10731396,2240716 10676463))
32637;POLYGON((2276916 10497082,2265592 10557568,2478389 10606560,2492986 10542007,2276916 10497082))
32638;POLYGON((2304076 10312047,2296329 10374262,2518074 10409226,2528183 10341252,2304076 10312047))
32639;POLYGON((2317821 10123031,2314938 10186354,2542737 10202790,2546930 10132570,2317821 10123031))
32640;POLYGON((2315201 9932166,2318024 9995850,2548646 9990823,2546021 9919563,2315201 9932166))
32641;POLYGON((2294430 9741825,2303439 9805062,2533541 9776926,2523621 9705806,2294430 9741825))
32642;POLYGON((2254665 9554459,2270049 9616433,2496344 9564581,2478988 9494716,2254665 9554459))
32643;POLYGON((2195810 9372473,2217530 9432394,2436908 9357044,2412235 9289453,2195810 9372473))
32644;POLYGON((2118350 9198131,2146188 9255263,2355800 9157269,2324126 9092865,2118350 9198131))
32645;POLYGON((2023209 9033506,2056816 9087183,2254120 8967873,2215903 8907448,2023209 9033506))
32646;POLYGON((1911632 8880438,1950563 8930073,2133350 8791117,2089146 8735347,1911632 8880438))
32647;POLYGON((1785089 8740526,1828835 8785613,1995227 8628910,1945655 8578356,1785089 8740526))
32648;POLYGON((1645200 8615122,1693208 8655237,1841647 8482829,1787359 8437947,1645200 8615122))
32649;POLYGON((1493671 8505345,1545366 8540141,1674588 8354145,1616253 8315297,1493671 8505345))
32650;POLYGON((1332256 8412101,1387050 8441298,1496056 8243859,1434342 8211323,1332256 8412101))
32651;POLYGON((1162722 8336097,1220026 8359480,1308049 8152736,1243615 8126723,1162722 8336097))
32652;POLYGON((986834 8277872,1046061 8295278,1112532 8081344,1046025 8062006,986834 8277872))
32653;POLYGON((806342 8237811,866910 8249128,911432 8030088,843485 8017526,806342 8237811))
32654;POLYGON((622982 8216166,684314 8221324,706636 7999233,637871 7993511,622982 8216166))
32655;POLYGON((438476 8213070,500000 8212038,500000 7988932,431030 7990077,438476 8213070))
32656;POLYGON((254543 8228541,315685 8221324,293363 7999233,224802 8007240,254543 8228541))
32657;POLYGON((72903 8262485,133089 8249128,88567 8030088,21030 8044917,72903 8262485))
32658;POLYGON((-104712 8314692,-46061 8295278,-112532 8081344,-178419 8102921,-104712 8314692))
32659;POLYGON((-276559 8384821,-220026 8359480,-308049 8152736,-371648 8180942,-276559 8384821))
32660;POLYGON((-440877 8472388,-387050 8441298,-496056 8243859,-556717 8278525,-440877 8472388))
