32701;POLYGON((-1356514 2568862,-1264802 2627711,-1142636 2431894,-1227389 2376538,-1356514 2568862))
32702;POLYGON((-1621114 2372662,-1534802 2441320,-1391879 2256769,-1471377 2192407,-1621114 2372662))
32703;POLYGON((-1867035 2147496,-1787378 2225712,-1624256 2054900,-1697376 1981844,-1867035 2147496))
32704;POLYGON((-2090202 1894556,-2018612 1981849,-1836297 1827409,-1901816 1746171,-2090202 1894556))
32705;POLYGON((-2286076 1615913,-2224117 1711477,-2024241 1576089,-2080847 1487456,-2286076 1615913))
32706;POLYGON((-2449657 1314840,-2399045 1417427,-2184078 1303637,-2230390 1208751,-2449657 1314840))
32707;POLYGON((-2575522 996213,-2538109 1103992,-2311614 1013914,-2346208 914377,-2575522 996213))
32708;POLYGON((-2657878 666988,-2635631 777375,-2402568 712267,-2424021 610251,-2657878 666988))
32709;POLYGON((-2690647 336783,-2685617 446237,-2452709 405894,-2459648 304283,-2690647 336783))
32710;POLYGON((-2667586 18562,-2681865 122342,-2458016 104274,-2449184 6819,-2667586 18562))
32711;POLYGON((-2582428 -270546,-2618096 -178667,-2414895 -180334,-2389230 -268836,-2582428 -270546))
32712;POLYGON((-2429071 -508304,-2488131 -436373,-2320425 -432330,-2277153 -505821,-2429071 -508304))
32713;POLYGON((-2201797 -666243,-2286097 -624516,-2172659 -632107,-2111406 -683040,-2201797 -666243))
32714;POLYGON((-1895535 -708379,-2006676 -709774,-1970970 -755320,-1891889 -774381,-1895535 -708379))
32715;POLYGON((-1506163 -589731,-1645393 -650342,-1716454 -772034,-1620368 -747843,-1506163 -589731))
32716;POLYGON((-1030861 -254612,-1198952 -394305,-1412379 -645776,-1300950 -564541,-1030861 -254612))
32717;POLYGON((-468505 365307,-665616 122220,-1064709 -332460,-940619 -177588,-468505 365307))
32718;POLYGON((179881 1353205,-45640 977201,-682670 220818,-549832 469150,179881 1353205))
32719;POLYGON((910632 2809597,658249 2265078,-279402 1077130,-143182 1442458,910632 2809597))
32720;POLYGON((1716876 4855140,1440314 4099462,127341 2311209,259863 2821320,1716876 4855140))
32721;POLYGON((2587927 7633770,2291212 6616160,514405 4011125,634167 4698654,2587927 7633770))
32722;POLYGON((3508609 11316217,3197344 9976554,852381 6280130,948032 7183213,3508609 11316217))
32723;POLYGON((4458522 16103899,4140135 14371376,1104674 9238698,1162245 10401705,4458522 16103899))
32724;POLYGON((5411235 22233260,5095258 20024886,1226489 13026779,1229039 14501108,5411235 22233260))
32725;POLYGON((-5031787 27199504,6031787 27199504,1163733 17806269,-163733 17806269,-5031787 27199504))
32726;POLYGON((-4095258 20024886,-4411235 22233260,-229039 14501108,-226489 13026779,-4095258 20024886))
32727;POLYGON((-3140135 14371376,-3458522 16103899,-162245 10401705,-104674 9238698,-3140135 14371376))
32728;POLYGON((-2197344 9976554,-2508609 11316217,51967 7183213,147618 6280130,-2197344 9976554))
32729;POLYGON((-1291212 6616160,-1587927 7633770,365832 4698654,485594 4011125,-1291212 6616160))
32730;POLYGON((-440314 4099462,-716876 4855140,740136 2821320,872658 2311209,-440314 4099462))
32731;POLYGON((341750 2265078,89367 2809597,1143182 1442458,1279402 1077130,341750 2265078))
32732;POLYGON((1045640 977201,820118 1353205,1549832 469150,1682670 220818,1045640 977201))
32733;POLYGON((1665616 122220,1468505 365307,1940619 -177588,2064709 -332460,1665616 122220))
32734;POLYGON((2198952 -394305,2030861 -254612,2300950 -564541,2412379 -645776,2198952 -394305))
32735;POLYGON((2645393 -650342,2506163 -589731,2620368 -747843,2716454 -772034,2645393 -650342))
32736;POLYGON((3006676 -709774,2895535 -708379,2891889 -774381,2970970 -755320,3006676 -709774))
32737;POLYGON((3286097 -624516,3201797 -666243,3111406 -683040,3172659 -632107,3286097 -624516))
32738;POLYGON((3488131 -436373,3429071 -508304,3277153 -505821,3320425 -432330,3488131 -436373))
32739;POLYGON((3618096 -178667,3582428 -270546,3389230 -268836,3414895 -180334,3618096 -178667))
32740;POLYGON((3681865 122342,3667586 18562,3449184 6819,3458016 104274,3681865 122342))
32741;POLYGON((3685617 446237,3690647 336783,3459648 304283,3452709 405894,3685617 446237))
32742;POLYGON((3635631 777375,3657878 666988,3424021 610251,3402568 712267,3635631 777375))
32743;POLYGON((3538109 1103992,3575522 996213,3346208 914377,3311614 1013914,3538109 1103992))
32744;POLYGON((3399045 1417427,3449657 1314840,3230390 1208751,3184078 1303637,3399045 1417427))
32745;POLYGON((3224117 1711477,3286076 1615913,3080847 1487456,3024241 1576089,3224117 1711477))
32746;POLYGON((3018612 1981849,3090202 1894556,2901816 1746171,2836297 1827409,3018612 1981849))
32747;POLYGON((2787378 2225712,2867035 2147496,2697376 1981844,2624256 2054900,2787378 2225712))
32748;POLYGON((2534802 2441320,2621114 2372662,2471377 2192407,2391879 2256769,2534802 2441320))
32749;POLYGON((2264802 2627711,2356514 2568862,2227389 2376538,2142636 2431894,2264802 2627711))
32750;POLYGON((1980852 2784463,2076855 2735516,1968679 2533457,1879692 2579640,1980852 2784463))
32751;POLYGON((1686013 2911496,1785330 2872449,1698212 2662769,1605914 2699707,1686013 2911496))
32752;POLYGON((1382983 3008924,1484750 2979726,1418666 2764323,1323893 2792002,1382983 3008924))
32753;POLYGON((1074157 3076939,1177605 3057523,1132473 2838110,1035987 2856544,1074157 3076939))
32754;POLYGON((761700 3115728,866129 3106036,841859 2884183,744369 2893393,761700 3115728))
32755;POLYGON((447624 3125416,552375 3125416,548910 2902602,451089 2902602,447624 3125416))
32756;POLYGON((133870 3106036,238299 3115728,255630 2893393,158140 2884183,133870 3106036))
32757;POLYGON((-177605 3057523,-74157 3076939,-35987 2856544,-132473 2838110,-177605 3057523))
32758;POLYGON((-484750 2979726,-382983 3008924,-323893 2792002,-418666 2764323,-484750 2979726))
32759;POLYGON((-785330 2872449,-686013 2911496,-605914 2699707,-698212 2662769,-785330 2872449))
32760;POLYGON((-1076855 2735516,-980852 2784463,-879692 2579640,-968679 2533457,-1076855 2735516))
