32701;POLYGON((-833342 1950049,-764260 1993554,-646012 1799772,-708321 1760031,-833342 1950049))
32702;POLYGON((-1031998 1805108,-967300 1855794,-829004 1674035,-887219 1627847,-1031998 1805108))
32703;POLYGON((-1215873 1639280,-1156376 1696806,-998996 1529284,-1052399 1476997,-1215873 1639280))
32704;POLYGON((-1382489 1453829,-1329022 1517732,-1153838 1366661,-1201719 1308724,-1382489 1453829))
32705;POLYGON((-1529358 1250441,-1482747 1320107,-1291417 1187631,-1333087 1124613,-1529358 1250441))
32706;POLYGON((-1654061 1031300,-1615099 1105939,-1409716 994025,-1444541 926625,-1654061 1031300))
32707;POLYGON((-1754355 799169,-1723763 877792,-1506909 788080,-1534342 717138,-1754355 799169))
32708;POLYGON((-1828309 557471,-1806686 638859,-1581479 572466,-1601109 498972,-1828309 557471))
32709;POLYGON((-1874470 310358,-1862235 393042,-1632366 350302,-1643969 275396,-1874470 310358))
32710;POLYGON((-1892080 62776,-1889394 145016,-1659142 125155,-1662754 50120,-1892080 62776))
32711;POLYGON((-1881316 -179485,-1887998 -99715,-1662231 -98994,-1658222 -172747,-1881316 -179485))
32712;POLYGON((-1843591 -409766,-1859014 -334784,-1643154 -317806,-1632328 -388768,-1843591 -409766))
32713;POLYGON((-1781889 -620520,-1804860 -552940,-1604829 -526680,-1588523 -593280,-1781889 -620520))
32714;POLYGON((-1701157 -803339,-1729783 -746056,-1551900 -720891,-1532111 -781559,-1701157 -803339))
32715;POLYGON((-1608753 -948998,-1640284 -905174,-1491123 -895782,-1470645 -949019,-1608753 -948998))
32716;POLYGON((-1514940 -1047554,-1545598 -1020576,-1431793 -1047007,-1414370 -1091489,-1514940 -1047554))
32717;POLYGON((-1433452 -1088468,-1458236 -1081904,-1386230 -1170850,-1376732 -1205542,-1433452 -1088468))
32718;POLYGON((-1382116 -1060803,-1394588 -1078330,-1370311 -1264610,-1374923 -1288915,-1382116 -1060803))
32719;POLYGON((-1383541 -953454,-1375589 -998774,-1404069 -1327071,-1430502 -1341010,-1383541 -953454))
32720;POLYGON((-1465881 -755465,-1427453 -832192,-1512343 -1359071,-1570067 -1363490,-1465881 -755465))
32721;POLYGON((-1663661 -456398,-1582487 -567928,-1725496 -1364163,-1825994 -1360982,-1663661 -456398))
32722;POLYGON((-2018690 -46797,-1879965 -196140,-2080198 -1349400,-2237239 -1341901,-2018690 -46797))
32723;POLYGON((-2581046 481270,-2367094 291676,-2620276 -1326239,-2850217 -1319393,-2581046 481270))
32724;POLYGON((-3410144 1133578,-3100054 902092,-3397636 -1311574,-3719743 -1312423,-3410144 1133578))
32725;POLYGON((-4575890 1912988,-4145119 1639030,-4473258 -1328927,-4910059 -1347012,-4575890 1912988))
32726;POLYGON((4757543 1379217,5145119 1639030,5473258 -1328927,5077407 -1317821,4757543 1379217))
32727;POLYGON((3824549 684693,4100054 902092,4397636 -1311574,4108585 -1314216,3824549 684693))
32728;POLYGON((3180374 115725,3367094 291676,3620276 -1326239,3416626 -1333974,3180374 115725))
32729;POLYGON((2762239 -332575,2879965 -196140,3080198 -1349400,2943688 -1355921,2762239 -332575))
32730;POLYGON((2517075 -667499,2582487 -567928,2725496 -1364163,2640667 -1365101,2517075 -667499))
32731;POLYGON((2400432 -898059,2427453 -832192,2512343 -1359071,2466220 -1351634,2400432 -898059))
32732;POLYGON((2375460 -1034421,2375589 -998774,2404069 -1327071,2385870 -1309726,2375460 -1034421))
32733;POLYGON((2411979 -1087414,2394588 -1078330,2370311 -1264610,2371179 -1236811,2411979 -1087414))
32734;POLYGON((2485618 -1068130,2458236 -1081904,2386230 -1170850,2398987 -1132804,2485618 -1068130))
32735;POLYGON((2577038 -987594,2545598 -1020576,2431793 -1047007,2450717 -999474,2577038 -987594))
32736;POLYGON((2671211 -856498,2640284 -905174,2491123 -895782,2511738 -839909,2671211 -856498))
32737;POLYGON((2756784 -685003,2729783 -746056,2551900 -720891,2570797 -658075,2756784 -685003))
32738;POLYGON((2825488 -482585,2804860 -552940,2604829 -526680,2619496 -458451,2825488 -482585))
32739;POLYGON((2871625 -257931,2859014 -334784,2643154 -317806,2651828 -245742,2871625 -257931))
32740;POLYGON((2891603 -18878,2887998 -99715,2662231 -98994,2663765 -24650,2891603 -18878))
32741;POLYGON((2883526 227615,2889394 145016,2659142 125155,2652890 200298,2883526 227615))
32742;POLYGON((2846838 475474,2862235 393042,2632366 350302,2618077 424873,2846838 475474))
32743;POLYGON((2782017 719476,2806686 638859,2581479 572466,2559213 645228,2782017 719476))
32744;POLYGON((2690308 955211,2723763 877792,2506909 788080,2476958 857944,2690308 955211))
32745;POLYGON((2573504 1179021,2615099 1105939,2409716 994025,2372543 1060050,2573504 1179021))
32746;POLYGON((2433761 1387930,2482747 1320107,2291417 1187631,2247603 1249025,2433761 1387930))
32747;POLYGON((2273453 1579569,2329022 1517732,2153838 1366661,2104039 1422771,2273453 1579569))
32748;POLYGON((2095053 1752098,2156376 1696806,1998996 1529284,1943909 1579583,2095053 1752098))
32749;POLYGON((1901052 1904119,1967300 1855794,1829004 1674035,1769345 1718108,1901052 1904119))
32750;POLYGON((1693893 2034606,1764260 1993554,1646012 1799772,1582494 1837301,1693893 2034606))
32751;POLYGON((1475939 2142826,1549648 2109262,1452150 1905623,1385477 1936371,1475939 2142826))
32752;POLYGON((1249453 2228276,1325761 2202346,1249510 1990946,1180365 2014743,1249453 2228276))
32753;POLYGON((1016596 2290627,1094794 2272425,1040123 2055287,969171 2072014,1016596 2290627))
32754;POLYGON((779441 2329676,858846 2319257,825967 2098336,753856 2107918,779441 2329676))
32755;POLYGON((539992 2345312,619941 2342705,608970 2119905,536335 2122303,539992 2345312))
32756;POLYGON((300217 2337493,380058 2342705,391029 2119905,318499 2115109,300217 2337493))
32757;POLYGON((62077 2306240,141153 2319257,174032 2098336,102237 2086366,62077 2306240))
32758;POLYGON((-172438 2251639,-94794 2272425,-40123 2055287,-110545 2036193,-172438 2251639))
32759;POLYGON((-401283 2173859,-325761 2202346,-249510 1990946,-317905 1964818,-401283 2173859))
32760;POLYGON((-622327 2073182,-549648 2109262,-452150 1905623,-517848 1872592,-622327 2073182))
