32601;POLYGON((-2141020 2658656,-1921050 2621928,-1956843 2386811,-2180780 2420951,-2141020 2658656))
32602;POLYGON((-2816371 2793591,-2588459 2744226,-2636913 2500601,-2869621 2546623,-2816371 2793591))
32603;POLYGON((-3519655 2971898,-3281731 2907053,-3345671 2652600,-3589583 2713292,-3519655 2971898))
32604;POLYGON((-4257383 3204416,-4007225 3120051,-4090695 2852296,-4348536 2931660,-4257383 3204416))
32605;POLYGON((-5036527 3506441,-4771762 3396868,-4880494 3113256,-5155334 3216981,-5036527 3506441))
32606;POLYGON((-5864491 3899408,-5582606 3756674,-5724668 3454727,-6019982 3590850,-5864491 3899408))
32607;POLYGON((-6749033 4413160,-6447409 4226216,-6634085 3903830,-6953803 4083625,-6749033 4413160))
32608;POLYGON((-7698142 5088937,-7374101 4842551,-7621043 4498492,-7969615 4737635,-7698142 5088937))
32609;POLYGON((-8719850 5983246,-8370723 5656605,-8699450 5291278,-9081898 5611357,-8719850 5983246))
32610;POLYGON((-9821980 7172790,-9445202 6737728,-9884999 6354308,-10306983 6784744,-9821980 7172790))
32611;POLYGON((-11011823 8760645,-10605046 8179435,-11195351 7785480,-11663228 8365924,-11011823 8760645))
32612;POLYGON((-12295736 10883903,-11856973 10106530,-12650322 9716214,-13171210 10499508,-12295736 10883903))
32613;POLYGON((-13678654 13723001,-13206451 12683850,-14272077 12320961,-14853918 13376752,-13678654 13723001))
32614;POLYGON((-15163512 17512993,-14657153 16126860,-16085323 15828760,-16736955 17247851,-15163512 17512993))
32615;POLYGON((-16750568 22557027,-16210311 20714365,-18117516 20537117,-18848736 22436663,-16750568 22557027))
32616;POLYGON((-18436626 29242317,-17863972 26803618,-20399067 26828517,-21220706 29358172,-18436626 29242317))
32617;POLYGON((-20214140 38058900,-19612148 34848110,-22963561 35189900,-23887558 38539025,-20214140 38058900))
32618;POLYGON((-22070208 49621511,-21443840 45418375,-25847977 46235442,-26887452 50641498,-22070208 49621511))
32619;POLYGON((-23985442 64694912,-23341958 59226124,-29092919 60733019,-30262254 66491270,-23985442 64694912))
32620;POLYGON((-25932704 84223029,-25282093 77152073,-32742856 79634727,-34057774 87109387,-25932704 84223029))
32621;POLYGON((-27875706 109362268,-27231173 100277825,-36846364 104111876,-38324013 113748844,-27875706 109362268))
32622;POLYGON((-29767472 141519418,-29145966 129922199,-41456384 135594893,-43115426 147936215,-29767472 141519418))
32623;POLYGON((-31548649 182394538,-30971439 167682405,-46630481 175818557,-48491181 191518774,-31548649 182394538))
32624;POLYGON((-33145653 234029261,-32638969 215480499,-52431122 226873061,-54515439 246717609,-33145653 234029261))
32625;POLYGON((-34468668 298860968,-34064383 275615545,-58925956 291261373,-61257640 316187187,-34468668 298860968))
32626;POLYGON((-35409467 379783291,-35145844 350821958,-66188103 371963408,-68792798 403081920,-35409467 379783291))
32627;POLYGON((36761552 444334500,-35761552 444334500,-74296463 472507540,75296463 472507540,36761552 444334500))
32628;POLYGON((36145844 350821958,36409467 379783291,69792798 403081920,67188103 371963408,36145844 350821958))
32629;POLYGON((35064383 275615545,35468668 298860968,62257640 316187187,59925956 291261373,35064383 275615545))
32630;POLYGON((33638969 215480499,34145653 234029261,55515439 246717609,53431122 226873061,33638969 215480499))
32631;POLYGON((31971439 167682405,32548649 182394538,49491181 191518774,47630481 175818557,31971439 167682405))
32632;POLYGON((30145966 129922199,30767472 141519418,44115426 147936215,42456384 135594893,30145966 129922199))
32633;POLYGON((28231173 100277825,28875706 109362268,39324013 113748844,37846364 104111876,28231173 100277825))
32634;POLYGON((26282093 77152073,26932704 84223029,35057774 87109387,33742856 79634727,26282093 77152073))
32635;POLYGON((24341958 59226124,24985442 64694912,31262254 66491270,30092919 60733019,24341958 59226124))
32636;POLYGON((22443840 45418375,23070208 49621511,27887452 50641498,26847977 46235442,22443840 45418375))
32637;POLYGON((20612148 34848110,21214140 38058900,24887558 38539025,23963561 35189900,20612148 34848110))
32638;POLYGON((18863972 26803618,19436626 29242317,22220706 29358172,21399067 26828517,18863972 26803618))
32639;POLYGON((17210311 20714365,17750568 22557027,19848736 22436663,19117516 20537117,17210311 20714365))
32640;POLYGON((15657153 16126860,16163512 17512993,17736955 17247851,17085323 15828760,15657153 16126860))
32641;POLYGON((14206451 12683850,14678654 13723001,15853918 13376752,15272077 12320961,14206451 12683850))
32642;POLYGON((12856973 10106530,13295736 10883903,14171210 10499508,13650322 9716214,12856973 10106530))
32643;POLYGON((11605046 8179435,12011823 8760645,12663228 8365924,12195351 7785480,11605046 8179435))
32644;POLYGON((10445202 6737728,10821980 7172790,11306983 6784744,10884999 6354308,10445202 6737728))
32645;POLYGON((9370723 5656605,9719850 5983246,10081898 5611357,9699450 5291278,9370723 5656605))
32646;POLYGON((8374101 4842551,8698142 5088937,8969615 4737635,8621043 4498492,8374101 4842551))
32647;POLYGON((7447409 4226216,7749033 4413160,7953803 4083625,7634085 3903830,7447409 4226216))
32648;POLYGON((6582606 3756674,6864491 3899408,7019982 3590850,6724668 3454727,6582606 3756674))
32649;POLYGON((5771762 3396868,6036527 3506441,6155334 3216981,5880494 3113256,5771762 3396868))
32650;POLYGON((5007225 3120051,5257383 3204416,5348536 2931660,5090695 2852296,5007225 3120051))
32651;POLYGON((4281731 2907053,4519655 2971898,4589583 2713292,4345671 2652600,4281731 2907053))
32652;POLYGON((3588459 2744226,3816371 2793591,3869621 2546623,3636913 2500601,3588459 2744226))
32653;POLYGON((2921050 2621928,3141020 2658656,3180780 2420951,2956843 2386811,2921050 2621928))
32654;POLYGON((2273578 2533436,2487536 2559496,2516012 2328845,2298652 2304672,2273578 2533436))
32655;POLYGON((1640501 2474189,1850256 2490898,1868929 2265245,1656136 2249769,1640501 2474189))
32656;POLYGON((1016579 2441285,1223849 2449448,1233644 2226862,1023538 2219308,1016579 2441285))
32657;POLYGON((396775 2433164,603224 2433164,604609 2211793,395390 2211793,396775 2433164))
32658;POLYGON((-223849 2449448,-16579 2441285,-23538 2219308,-233644 2226862,-223849 2449448))
32659;POLYGON((-850256 2490898,-640501 2474189,-656136 2249769,-868929 2265245,-850256 2490898))
32660;POLYGON((-1487536 2559496,-1273578 2533436,-1298652 2304672,-1516012 2328845,-1487536 2559496))
