32701;POLYGON((-2097884 7104802,-1882183 7143904,-1840327 6910743,-2051472 6869492,-2097884 7104802))
32702;POLYGON((-2758785 6961446,-2535997 7013837,-2479673 6773679,-2697036 6718591,-2758785 6961446))
32703;POLYGON((-3444351 6772737,-3212770 6841270,-3139036 6592496,-3363967 6520752,-3444351 6772737))
32704;POLYGON((-4159755 6527883,-3917653 6616567,-3822388 6357709,-4056138 6265395,-4159755 6527883))
32705;POLYGON((-4910131 6211821,-4655810 6326236,-4533305 6056204,-4776926 5937937,-4910131 6211821))
32706;POLYGON((-5700369 5803684,-5432243 5951545,-5274644 5670004,-5528853 5518445,-5700369 5803684))
32707;POLYGON((-6534818 5274749,-6251521 5466655,-6048092 5174638,-6313094 4979832,-6534818 5274749))
32708;POLYGON((-7416890 4585743,-7117417 4836154,-6853576 4536998,-7128834 4285533,-7416890 4585743))
32709;POLYGON((-8348537 3683377,-8032437 4011864,-7688524 3712580,-7972469 3386512,-8348537 3683377))
32710;POLYGON((-9329615 2495951,-8997214 2928774,-8546935 2642003,-8836619 2217504,-9329615 2495951))
32711;POLYGON((-10357096 927863,-10009779 1499935,-9418270 1246642,-9708949 692334,-10357096 927863))
32712;POLYGON((-11424133 -1147156,-11064671 -389862,-10286121 -576731,-10570759 -1301822,-11424133 -1147156))
32713;POLYGON((-12518955 -3894298,-12151894 -2891818,-11126658 -2962503,-11395357 -3911417,-12518955 -3894298))
32714;POLYGON((-13623587 -7527608,-13255694 -6202474,-11906820 -6084103,-12146160 -7324906,-13623587 -7527608))
32715;POLYGON((-14712377 -12321854,-14353156 -10574911,-12582251 -10163428,-12774538 -11782731,-14712377 -12321854))
32716;POLYGON((-15750320 -18626559,-15412590 -16332030,-13094945 -15481999,-13217361 -17589094,-15750320 -18626559))
32717;POLYGON((-16691164 -26882472,-16391718 -23882180,-13370595 -22394053,-13394243 -25125752,-16691164 -26882472))
32718;POLYGON((-17475291 -37640742,-17235628 -33737400,-13315617 -31341815,-13204460 -34868056,-17475291 -37640742))
32719;POLYGON((-18027355 -51585103,-17874494 -46534565,-12813847 -42873154,-12523520 -47403471,-18027355 -51585103))
32720;POLYGON((-18253662 -69557367,-18221045 -63059745,-11722872 -57661916,-11199386 -63452844,-18253662 -69557367))
32721;POLYGON((-18039289 -92586563,-18167772 -84276087,-9869998 -76531156,-9048305 -83894676,-18039289 -92586563))
32722;POLYGON((-17244920 -121922050,-17583859 -111355568,-7047822 -100479574,-5850251 -109792683,-17244920 -121922050))
32723;POLYGON((-15703396 -159070969,-16311831 -145714957,-3009396 -130711432,-1343948 -142426942,-15703396 -159070969))
32724;POLYGON((-13215949 -205840402,-14163892 -189056363,2537028 -168670258,4778532 -183328922,-13215949 -205840402))
32725;POLYGON((-9548133 -264384631,-10917962 -243412756,9933711 -216076642,12877635 -234320727,-9548133 -264384631))
32726;POLYGON((-4425415 -337257895,-6313381 -311198834,19579587 -274970475,23372637 -297558879,-4425415 -337257895))
32727;POLYGON((1046275 -395267694,-46275 -395267694,31936911 -347757943,-30936911 -347757943,1046275 -395267694))
32728;POLYGON((7313381 -311198834,5425415 -337257895,-22372637 -297558879,-18579587 -274970475,7313381 -311198834))
32729;POLYGON((11917962 -243412756,10548133 -264384631,-11877635 -234320727,-8933711 -216076642,11917962 -243412756))
32730;POLYGON((15163892 -189056363,14215949 -205840402,-3778532 -183328922,-1537028 -168670258,15163892 -189056363))
32731;POLYGON((17311831 -145714957,16703396 -159070969,2343948 -142426942,4009396 -130711432,17311831 -145714957))
32732;POLYGON((18583859 -111355568,18244920 -121922050,6850251 -109792683,8047822 -100479574,18583859 -111355568))
32733;POLYGON((19167772 -84276087,19039289 -92586563,10048305 -83894676,10869998 -76531156,19167772 -84276087))
32734;POLYGON((19221045 -63059745,19253662 -69557367,12199386 -63452844,12722872 -57661916,19221045 -63059745))
32735;POLYGON((18874494 -46534565,19027355 -51585103,13523520 -47403471,13813847 -42873154,18874494 -46534565))
32736;POLYGON((18235628 -33737400,18475291 -37640742,14204460 -34868056,14315617 -31341815,18235628 -33737400))
32737;POLYGON((17391718 -23882180,17691164 -26882472,14394243 -25125752,14370595 -22394053,17391718 -23882180))
32738;POLYGON((16412590 -16332030,16750320 -18626559,14217361 -17589094,14094945 -15481999,16412590 -16332030))
32739;POLYGON((15353156 -10574911,15712377 -12321854,13774538 -11782731,13582251 -10163428,15353156 -10574911))
32740;POLYGON((14255694 -6202474,14623587 -7527608,13146160 -7324906,12906820 -6084103,14255694 -6202474))
32741;POLYGON((13151894 -2891818,13518955 -3894298,12395357 -3911417,12126658 -2962503,13151894 -2891818))
32742;POLYGON((12064671 -389862,12424133 -1147156,11570759 -1301822,11286121 -576731,12064671 -389862))
32743;POLYGON((11009779 1499935,11357096 927863,10708949 692334,10418270 1246642,11009779 1499935))
32744;POLYGON((9997214 2928774,10329615 2495951,9836619 2217504,9546935 2642003,9997214 2928774))
32745;POLYGON((9032437 4011864,9348537 3683377,8972469 3386512,8688524 3712580,9032437 4011864))
32746;POLYGON((8117417 4836154,8416890 4585743,8128834 4285533,7853576 4536998,8117417 4836154))
32747;POLYGON((7251521 5466655,7534818 5274749,7313094 4979832,7048092 5174638,7251521 5466655))
32748;POLYGON((6432243 5951545,6700369 5803684,6528853 5518445,6274644 5670004,6432243 5951545))
32749;POLYGON((5655810 6326236,5910131 6211821,5776926 5937937,5533305 6056204,5655810 6326236))
32750;POLYGON((4917653 6616567,5159755 6527883,5056138 6265395,4822388 6357709,4917653 6616567))
32751;POLYGON((4212770 6841270,4444351 6772737,4363967 6520752,4139036 6592496,4212770 6841270))
32752;POLYGON((3535997 7013837,3758785 6961446,3697036 6718591,3479673 6773679,3535997 7013837))
32753;POLYGON((2882183 7143904,3097884 7104802,3051472 6869492,2840327 6910743,2882183 7143904))
32754;POLYGON((2246294 7238258,2456569 7210450,2423170 6981035,2216848 7010441,2246294 7238258))
32755;POLYGON((1623465 7301541,1829918 7283685,1807944 7058520,1605053 7077432,1623465 7301541))
32756;POLYGON((1008990 7336724,1213172 7327994,1201624 7105465,1000782 7114721,1008990 7336724))
32757;POLYGON((398285 7345412,601714 7345412,600080 7123933,399919 7123933,398285 7345412))
32758;POLYGON((-213172 7327994,-8990 7336724,-782 7114721,-201624 7105465,-213172 7327994))
32759;POLYGON((-829918 7283685,-623465 7301541,-605053 7077432,-807944 7058520,-829918 7283685))
32760;POLYGON((-1456569 7210450,-1246294 7238258,-1216848 7010441,-1423170 6981035,-1456569 7210450))
