32701;POLYGON((-216117908 -211885908,-202423772 -193716684,-183133668 -230532941,-195284709 -251911459,-216117908 -211885908))
32702;POLYGON((-262604344 -275480247,-246159269 -252665200,-221913441 -299881587,-236476338 -326713426,-262604344 -275480247))
32703;POLYGON((299604460 -326518205,-298604460 -326518205,-268326552 -386723456,269326552 -386723456,299604460 -326518205))
32704;POLYGON((247159269 -252665200,263604344 -275480247,237476338 -326713426,222913441 -299881587,247159269 -252665200))
32705;POLYGON((203423772 -193716684,217117908 -211885908,196284709 -251911459,184133668 -230532941,203423772 -193716684))
32706;POLYGON((167104093 -146975977,178459660 -161348128,161958828 -192437000,151860448 -175516996,167104093 -146975977))
32707;POLYGON((137069126 -110171246,146446101 -121459974,133467583 -145468728,125108094 -132170600,137069126 -110171246))
32708;POLYGON((112334312 -81399545,120045551 -90201390,109911509 -108638279,103018006 -98262514,112334312 -81399545))
32709;POLYGON((92046551 -59076638,98362701 -65887138,90509422 -79969350,84845623 -71934716,92046551 -59076638))
32710;POLYGON((75470218 -41892191,80624254 -47120248,74586016 -57823239,69948339 -51649978,75470218 -41892191))
32711;POLYGON((61974228 -28769925,66165652 -32750559,61560384 -40850341,57774315 -36145247,61974228 -28769925))
32712;POLYGON((51020112 -18832348,54418818 -21837968,50935420 -27947149,47852169 -24390378,51020112 -18832348))
32713;POLYGON((42151062 -11369699,44900883 -13620012,42288068 -18218311,39781505 -15551789,42151062 -11369699))
32714;POLYGON((34981908 -5812739,37203858 -7483408,35260385 -10943335,33224233 -8960620,34981908 -5812739))
32715;POLYGON((29189973 -1709062,30985196 -2939235,29551379 -5547533,27896660 -4085003,29189973 -1709062))
32716;POLYGON((24506769 1297401,25959219 398595,24909588 -1576817,23562305 -506063,24506769 1297401))
32717;POLYGON((20710498 3483999,21889352 2831879,21126350 1324005,20025395 2102697,20710498 3483999))
32718;POLYGON((17619307 5064367,18581130 4593973,18029752 3429796,17125032 3992990,17619307 5064367))
32719;POLYGON((15085253 6201134,15875936 5863228,15479198 4950827,14729956 5356614,15085253 6201134))
32720;POLYGON((12988948 7016548,13645419 6774287,13360576 6046011,12733902 6337911,12988948 7016548))
32721;POLYGON((11234826 7601300,11786560 7427485,11581970 6833918,11051495 7044109,11234826 7601300))
32722;POLYGON((9747003 8021747,10217341 7896574,10069901 7401841,9614649 7553787,9747003 8021747))
32723;POLYGON((8465678 8325758,8872969 8235016,8766047 7813168,8369442 7923746,8465678 8325758))
32724;POLYGON((7344038 8547383,7702613 8481013,7624405 8113293,7273419 8194476,7344038 8547383))
32725;POLYGON((6345617 8710513,6666627 8661489,6608863 8334289,6293294 8394459,6345617 8710513))
32726;POLYGON((5442086 8831694,5734192 8795173,5691151 8498528,5403010 8543487,5442086 8831694))
32727;POLYGON((4611401 8922268,4881351 8894942,4849116 8621446,4582127 8655169,4611401 8922268))
32728;POLYGON((3836294 8989935,4089395 8969562,4065306 8713592,3814488 8738781,3836294 8989935))
32729;POLYGON((3103054 9039881,3343546 9024959,3325812 8782118,3087149 8800595,3103054 9039881))
32730;POLYGON((2400549 9075569,2631907 9065098,2619334 8831834,2389507 8844813,2400549 9075569))
32731;POLYGON((1719460 9099258,1944630 9092593,1936441 8865921,1712615 8874186,1719460 9099258))
32732;POLYGON((1051673 9112345,1273257 9109103,1268980 8886400,1048636 8890422,1051673 9112345))
32733;POLYGON((389795 9115568,610204 9115568,609600 8894421,390399 8894421,389795 9115568))
32734;POLYGON((-273257 9109103,-51673 9112345,-48636 8890422,-268980 8886400,-273257 9109103))
32735;POLYGON((-944630 9092593,-719460 9099258,-712615 8874186,-936441 8865921,-944630 9092593))
32736;POLYGON((-1631907 9065098,-1400549 9075569,-1389507 8844813,-1619334 8831834,-1631907 9065098))
32737;POLYGON((-2343546 9024959,-2103054 9039881,-2087149 8800595,-2325812 8782118,-2343546 9024959))
32738;POLYGON((-3089395 8969562,-2836294 8989935,-2814488 8738781,-3065306 8713592,-3089395 8969562))
32739;POLYGON((-3881351 8894942,-3611401 8922268,-3582127 8655169,-3849116 8621446,-3881351 8894942))
32740;POLYGON((-4734192 8795173,-4442086 8831694,-4403010 8543487,-4691151 8498528,-4734192 8795173))
32741;POLYGON((-5666627 8661489,-5345617 8710513,-5293294 8394459,-5608863 8334289,-5666627 8661489))
32742;POLYGON((-6702613 8481013,-6344038 8547383,-6273419 8194476,-6624405 8113293,-6702613 8481013))
32743;POLYGON((-7872969 8235016,-7465678 8325758,-7369442 7923746,-7766047 7813168,-7872969 8235016))
32744;POLYGON((-9217341 7896574,-8747003 8021747,-8614649 7553787,-9069901 7401841,-9217341 7896574))
32745;POLYGON((-10786560 7427485,-10234826 7601300,-10051495 7044109,-10581970 6833918,-10786560 7427485))
32746;POLYGON((-12645419 6774287,-11988948 7016548,-11733902 6337911,-12360576 6046011,-12645419 6774287))
32747;POLYGON((-14875936 5863228,-14085253 6201134,-13729956 5356614,-14479198 4950827,-14875936 5863228))
32748;POLYGON((-17581130 4593973,-16619307 5064367,-16125032 3992990,-17029752 3429796,-17581130 4593973))
32749;POLYGON((-20889352 2831879,-19710498 3483999,-19025395 2102697,-20126350 1324005,-20889352 2831879))
32750;POLYGON((-24959219 398595,-23506769 1297401,-22562305 -506063,-23909588 -1576817,-24959219 398595))
32751;POLYGON((-29985196 -2939235,-28189973 -1709062,-26896660 -4085003,-28551379 -5547533,-29985196 -2939235))
32752;POLYGON((-36203858 -7483408,-33981908 -5812739,-32224233 -8960620,-34260385 -10943335,-36203858 -7483408))
32753;POLYGON((-43900883 -13620012,-41151062 -11369699,-38781505 -15551789,-41288068 -18218311,-43900883 -13620012))
32754;POLYGON((-53418818 -21837968,-50020112 -18832348,-46852169 -24390378,-49935420 -27947149,-53418818 -21837968))
32755;POLYGON((-65165652 -32750559,-60974228 -28769925,-56774315 -36145247,-60560384 -40850341,-65165652 -32750559))
32756;POLYGON((-79624254 -47120248,-74470218 -41892191,-68948339 -51649978,-73586016 -57823239,-79624254 -47120248))
32757;POLYGON((-97362701 -65887138,-91046551 -59076638,-83845623 -71934716,-89509422 -79969350,-97362701 -65887138))
32758;POLYGON((-119045551 -90201390,-111334312 -81399545,-102018006 -98262514,-108911509 -108638279,-119045551 -90201390))
32759;POLYGON((-145446101 -121459974,-136069126 -110171246,-124108094 -132170600,-132467583 -145468728,-145446101 -121459974))
32760;POLYGON((-177459660 -161348128,-166104093 -146975977,-150860448 -175516996,-160958828 -192437000,-177459660 -161348128))
