32701;POLYGON((2674870 13142253,2498227 11706328,-50484 6993986,-90396 7909965,2674870 13142253))
32702;POLYGON((3145303 18213779,3000085 16388031,-239024 9973761,-352431 11130609,3145303 18213779))
32703;POLYGON((-2391736 22313799,3391736 22313799,-670206 13718335,1670206 13718335,-2391736 22313799))
32704;POLYGON((-2000085 16388031,-2145303 18213779,1352431 11130609,1239024 9973761,-2000085 16388031))
32705;POLYGON((-1498227 11706328,-1674870 13142253,1090396 7909965,1050484 6993986,-1498227 11706328))
32706;POLYGON((-930071 8059028,-1124459 9171544,1028717 5372751,1042934 4659607,-930071 8059028))
32707;POLYGON((-331387 5266096,-532436 6112146,1112616 3409860,1164830 2866394,-331387 5266096))
32708;POLYGON((269195 3173623,70291 3801808,1296638 1926294,1373576 1523711,269195 3173623))
32709;POLYGON((849277 1650673,659347 2102268,1543545 839662,1634440 553064,849277 1650673))
32710;POLYGON((1391848 586418,1216011 896297,1823292 78822,1919563 -113226,1391848 586418))
32711;POLYGON((1884515 -112429,1726434 85027,2112088 -417371,2207045 -533231,1884515 -112429))
32712;POLYGON((2318804 -523929,2180909 -414434,2391540 -701209,2480113 -756525,2318804 -523929))
32713;POLYGON((2689521 -712977,2573215 -671157,2647863 -817162,2726357 -825184,2689521 -712977))
32714;POLYGON((2994179 -733147,2900024 -742296,2871176 -802821,2937051 -774701,2994179 -733147))
32715;POLYGON((3232486 -628324,3160364 -674798,3054855 -689754,3106526 -634811,3232486 -628324))
32716;POLYGON((3405884 -434152,3355149 -506903,3194961 -504273,3231622 -430234,3405884 -434152))
32717;POLYGON((3517149 -179307,3486749 -269479,3289730 -268134,3311196 -181346,3517149 -179307))
32718;POLYGON((3570034 113391,3558630 12817,3339118 843,3345686 95216,3570034 113391))
32719;POLYGON((3568968 426002,3575025 320519,3344405 288215,3336736 386019,3568968 426002))
32720;POLYGON((3518796 744620,3540667 638462,3307856 582411,3286871 680351,3518796 744620))
32721;POLYGON((3424559 1058645,3460554 955018,3232425 874293,3199220 969793,3424559 1058645))
32722;POLYGON((3291322 1360157,3339759 1261439,3121512 1156755,3077282 1247838,3291322 1360157))
32723;POLYGON((3124029 1643382,3183280 1551288,2978757 1424382,2924740 1509562,3124029 1643382))
32724;POLYGON((2927396 1904238,2995921 1819966,2807882 1673136,2745312 1751328,2927396 1904238))
32725;POLYGON((2705840 2139951,2782203 2064301,2612558 1900095,2542633 1970530,2705840 2139951))
32726;POLYGON((2463424 2348744,2546311 2282215,2396320 2103215,2320176 2165373,2463424 2348744))
32727;POLYGON((2203842 2529566,2292065 2472441,2162500 2281133,2081195 2334679,2203842 2529566))
32728;POLYGON((1930412 2681880,2022904 2634294,1914194 2432994,1828704 2477732,1930412 2681880))
32729;POLYGON((1646100 2805491,1741910 2767479,1654246 2558311,1565467 2594137,1646100 2805491))
32730;POLYGON((1353553 2900404,1451832 2871950,1385262 2656841,1294012 2683714,1353553 2900404))
32731;POLYGON((1055153 2966721,1155133 2947785,1109632 2728497,1016665 2746407,1055153 2966721))
32732;POLYGON((753073 3004563,854048 2995106,829567 2773268,735590 2782220,753073 3004563))
32733;POLYGON((449348 3014016,550651 3014016,547155 2791172,452844 2791172,449348 3014016))
32734;POLYGON((145951 2995106,246926 3004563,264409 2782220,170432 2773268,145951 2995106))
32735;POLYGON((-155133 2947785,-55153 2966721,-16665 2746407,-109632 2728497,-155133 2947785))
32736;POLYGON((-451832 2871950,-353553 2900404,-294012 2683714,-385262 2656841,-451832 2871950))
32737;POLYGON((-741910 2767479,-646100 2805491,-565467 2594137,-654246 2558311,-741910 2767479))
32738;POLYGON((-1022904 2634294,-930412 2681880,-828704 2477732,-914194 2432994,-1022904 2634294))
32739;POLYGON((-1292065 2472441,-1203842 2529566,-1081195 2334679,-1162500 2281133,-1292065 2472441))
32740;POLYGON((-1546311 2282215,-1463424 2348744,-1320176 2165373,-1396320 2103215,-1546311 2282215))
32741;POLYGON((-1782203 2064301,-1705840 2139951,-1542633 1970530,-1612558 1900095,-1782203 2064301))
32742;POLYGON((-1995921 1819966,-1927396 1904238,-1745312 1751328,-1807882 1673136,-1995921 1819966))
32743;POLYGON((-2183280 1551288,-2124029 1643382,-1924740 1509562,-1978757 1424382,-2183280 1551288))
32744;POLYGON((-2339759 1261439,-2291322 1360157,-2077282 1247838,-2121512 1156755,-2339759 1261439))
32745;POLYGON((-2460554 955018,-2424559 1058645,-2199220 969793,-2232425 874293,-2460554 955018))
32746;POLYGON((-2540667 638462,-2518796 744620,-2286871 680351,-2307856 582411,-2540667 638462))
32747;POLYGON((-2575025 320519,-2568968 426002,-2336736 386019,-2344405 288215,-2575025 320519))
32748;POLYGON((-2558630 12817,-2570034 113391,-2345686 95216,-2339118 843,-2558630 12817))
32749;POLYGON((-2486749 -269479,-2517149 -179307,-2311196 -181346,-2289730 -268134,-2486749 -269479))
32750;POLYGON((-2355149 -506903,-2405884 -434152,-2231622 -430234,-2194961 -504273,-2355149 -506903))
32751;POLYGON((-2160364 -674798,-2232486 -628324,-2106526 -634811,-2054855 -689754,-2160364 -674798))
32752;POLYGON((-1900024 -742296,-1994179 -733147,-1937051 -774701,-1871176 -802821,-1900024 -742296))
32753;POLYGON((-1573215 -671157,-1689521 -712977,-1726357 -825184,-1647863 -817162,-1573215 -671157))
32754;POLYGON((-1180909 -414434,-1318804 -523929,-1480113 -756525,-1391540 -701209,-1180909 -414434))
32755;POLYGON((-726434 85027,-884515 -112429,-1207045 -533231,-1112088 -417371,-726434 85027))
32756;POLYGON((-216011 896297,-391848 586418,-919563 -113226,-823292 78822,-216011 896297))
32757;POLYGON((340652 2102268,150722 1650673,-634440 553064,-543545 839662,340652 2102268))
32758;POLYGON((929708 3801808,730804 3173623,-373576 1523711,-296638 1926294,929708 3801808))
32759;POLYGON((1532436 6112146,1331387 5266096,-164830 2866394,-112616 3409860,1532436 6112146))
32760;POLYGON((2124459 9171544,1930071 8059028,-42934 4659607,-28717 5372751,2124459 9171544))
