32701;POLYGON((-2115464 9279562,-1877030 9289644,-1865961 9053229,-2103054 9039881,-2115464 9279562))
32702;POLYGON((-2853330 9241811,-2603203 9255736,-2587823 9008352,-2836294 8989935,-2853330 9241811))
32703;POLYGON((-3634309 9190602,-3368375 9209380,-3347596 8947070,-3611401 8922268,-3634309 9190602))
32704;POLYGON((-4472730 9121944,-4185845 9147087,-4158035 8864844,-4442086 8831694,-4472730 9121944))
32705;POLYGON((-5386756 9029893,-5072362 9063647,-5035099 8754917,-5345617 8710513,-5386756 9029893))
32706;POLYGON((-6399728 8905672,-6049375 8951346,-5999087 8607314,-6344038 8547383,-6399728 8905672))
32707;POLYGON((-7541823 8736437,-7144575 8798857,-7076046 8407429,-7465678 8325758,-7541823 8736437))
32708;POLYGON((-8852084 8503604,-8393799 8589727,-8299502 8134094,-8747003 8021747,-8852084 8503604))
32709;POLYGON((-10380876 8180632,-9843339 8300352,-9712548 7757010,-10234826 7601300,-10380876 8180632))
32710;POLYGON((-12192789 7730145,-11552688 7897334,-11370335 7233379,-11988948 7016548,-12192789 7730145))
32711;POLYGON((-14370070 7100257,-13597794 7334085,-13343013 6503592,-14085253 6201134,-14370070 7100257))
32712;POLYGON((-17016604 6219971,-16074850 6546554,-15719153 5485803,-16619307 5064367,-17016604 6219971))
32713;POLYGON((-20262501 4993483,-19104675 5447914,-18609708 4069177,-19710498 3483999,-20262501 4993483))
32714;POLYGON((-24269340 3293241,-22837734 3922051,-22152538 2105634,-23506769 1297401,-24269340 3293241))
32715;POLYGON((-29236116 951558,-27459845 1815683,-26517558 -600156,-28189973 -1709062,-29236116 951558))
32716;POLYGON((-35405921 -2249396,-33198608 -1071083,-31912537 -4302755,-33981908 -5812739,-35405921 -2249396))
32717;POLYGON((-43073439 -6589430,-40330629 -4995961,-38589604 -9330171,-41151062 -11369699,-43073439 -6589430))
32718;POLYGON((-52593269 -12424224,-49189554 -10287659,-46852491 -16100566,-50020112 -18832348,-52593269 -12424224))
32719;POLYGON((-64389142 -20201487,-60174990 -17361266,-57064564 -25141769,-60974228 -28769925,-64389142 -20201487))
32720;POLYGON((-78964073 -30479652,-73762336 -26736064,-69657682 -37113857,-74470218 -41892191,-78964073 -30479652))
32721;POLYGON((-96911501 -43949330,-90513590 -39056037,-85141923 -52835158,-91046551 -59076638,-96911501 -43949330))
32722;POLYGON((-118927458 -61457816,-111089168 -55113332,-104116223 -73311984,-111334312 -81399545,-118927458 -61457816))
32723;POLYGON((-145823810 -84036911,-136260785 -75874937,-127279977 -99772460,-136069126 -110171246,-145823810 -84036911))
32724;POLYGON((-178542633 -112934362,-166925445 -102512891,-155445622 -133704793,-166104093 -146975977,-178542633 -112934362))
32725;POLYGON((-218171757 -149649222,-204120592 -136438294,-189552278 -176900393,-202423772 -193716684,-218171757 -149649222))
32726;POLYGON((-265961527 -195971439,-249040460 -179339453,-230680457 -231502206,-246159269 -252665200,-265961527 -195971439))
32727;POLYGON((-323342839 -254026021,-303053677 -233224490,-280067902 -300058705,-298604460 -326518205,-323342839 -254026021))
32728;POLYGON((284946677 -213903865,304053677 -233224490,281067902 -300058705,263604344 -275480247,284946677 -213903865))
32729;POLYGON((234128175 -163924882,250040460 -179339453,231680457 -231502206,217117908 -211885908,234128175 -163924882))
32730;POLYGON((191926296 -124222045,205120592 -136438294,190552278 -176900393,178459660 -161348128,191926296 -124222045))
32731;POLYGON((157032578 -92898860,167925445 -102512891,156445622 -133704793,146446101 -121459974,157032578 -92898860))
32732;POLYGON((128306944 -68363928,137260785 -75874937,128279977 -99772460,120045551 -90201390,128306944 -68363928))
32733;POLYGON((104760519 -49289865,112089168 -55113332,105116223 -73311984,98362701 -65887138,104760519 -49289865))
32734;POLYGON((85539689 -34576567,91513590 -39056037,86141923 -52835158,80624254 -47120248,85539689 -34576567))
32735;POLYGON((69911335 -23318501,74762336 -26736064,70657682 -37113857,66165652 -32750559,69911335 -23318501))
32736;POLYGON((57249227 -14775710,61174990 -17361266,58064564 -25141769,54418818 -21837968,57249227 -14775710))
32737;POLYGON((47021495 -8348230,50189554 -10287659,47852491 -16100566,44900883 -13620012,47021495 -8348230))
32738;POLYGON((38779154 -3553651,41330629 -4995961,39589604 -9330171,37203858 -7483408,38779154 -3553651))
32739;POLYGON((32145633 -7533,34198608 -1071083,32912537 -4302755,30985196 -2939235,32145633 -7533))
32740;POLYGON((26807244 2593571,28459845 1815683,27517558 -600156,25959219 398595,26807244 2593571))
32741;POLYGON((22504569 4486742,23837734 3922051,23152538 2105634,21889352 2831879,22504569 4486742))
32742;POLYGON((19024696 5855180,20104675 5447914,19609708 4069177,18581130 4593973,19024696 5855180))
32743;POLYGON((16194271 6838810,17074850 6546554,16719153 5485803,15875936 5863228,16194271 6838810))
32744;POLYGON((13873310 7543179,14597794 7334085,14343013 6503592,13645419 6774287,13873310 7543179))
32745;POLYGON((11949726 8046862,12552688 7897334,12370335 7233379,11786560 7427485,11949726 8046862))
32746;POLYGON((10334534 8407553,10843339 8300352,10712548 7757010,10217341 7896574,10334534 8407553))
32747;POLYGON((8957663 8667015,9393799 8589727,9299502 8134094,8872969 8235016,8957663 8667015))
32748;POLYGON((7764355 8855043,8144575 8798857,8076046 8407429,7702613 8481013,7764355 8855043))
32749;POLYGON((6712088 8992597,7049375 8951346,6999087 8607314,6666627 8661489,6712088 8992597))
32750;POLYGON((5767973 9094224,6072362 9063647,6035099 8754917,5734192 8795173,5767973 9094224))
32751;POLYGON((4906594 9169901,5185845 9147087,5158035 8864844,4881351 8894942,4906594 9169901))
32752;POLYGON((4108224 9226401,4368375 9209380,4347596 8947070,4089395 8969562,4108224 9226401))
32753;POLYGON((3357389 9268287,3603203 9255736,3587823 9008352,3343546 9024959,3357389 9268287))
32754;POLYGON((2641713 9298606,2877030 9289644,2865961 9053229,2631907 9065098,2641713 9298606))
32755;POLYGON((1951012 9319361,2179031 9313415,2171560 9084714,1944630 9092593,1951012 9319361))
32756;POLYGON((1276590 9331817,1500082 9328533,1495762 9104749,1273257 9109103,1276590 9331817))
32757;POLYGON((610674 9336694,832157 9335885,830743 9114496,610204 9115568,610674 9336694))
32758;POLYGON((-54040 9334263,167842 9335885,169256 9114496,-51673 9112345,-54040 9334263))
32759;POLYGON((-724794 9324390,-500082 9328533,-495762 9104749,-719460 9099258,-724794 9324390))
32760;POLYGON((-1409158 9306512,-1179031 9313415,-1171560 9084714,-1400549 9075569,-1409158 9306512))
