32601;POLYGON((-748782 6749491,-637728 6712946,-704508 6496596,-822425 6534563,-748782 6749491))
32602;POLYGON((-1076626 6880612,-968329 6833305,-1055836 6621751,-1171135 6671031,-1076626 6880612))
32603;POLYGON((-1394319 7044351,-1289737 6986119,-1398381 6781116,-1510090 6841979,-1394319 7044351))
32604;POLYGON((-1698639 7241099,-1598907 7171835,-1729023 6975472,-1835955 7048145,-1698639 7241099))
32605;POLYGON((-1985768 7470944,-1892231 7390665,-2043951 7205406,-2144660 7290000,-1985768 7470944))
32606;POLYGON((-2251196 7733428,-2165441 7642367,-2338522 7471059,-2431248 7567466,-2251196 7733428))
32607;POLYGON((-2489635 8027226,-2413516 7925944,-2607110 7771782,-2689732 7879535,-2489635 8027226))
32608;POLYGON((-2694927 8349727,-2630598 8239267,-2842949 8105678,-2912930 8223770,-2694927 8349727))
32609;POLYGON((-2859972 8696505,-2809908 8578582,-3037970 8469012,-3092303 8595660,-2859972 8696505))
32610;POLYGON((-2976651 9060652,-2943677 8937892,-3182628 8855440,-3217770 8987794,-2976651 9060652))
32611;POLYGON((-3035770 9431962,-3023073 9308192,-3265713 9255058,-3277525 9388824,-3035770 9431962))
32612;POLYGON((-3026999 9795912,-3038152 9676522,-3274158 9653202,-3257834 9782190,-3026999 9795912))
32613;POLYGON((-2938826 10132447,-2977800 10024823,-3192826 10028982,-3142823 10144547,-2938826 10132447))
32614;POLYGON((-2758528 10414514,-2829700 10328553,-3004287 10353501,-2914246 10443872,-2758528 10414514))
32615;POLYGON((-2472139 10606311,-2580304 10555038,-2688586 10587712,-2551249 10637192,-2472139 10606311))
32616;POLYGON((-2064440 10661235,-2214810 10661527,-2222983 10679874,-2030106 10667888,-2064440 10661235))
32617;POLYGON((-1518958 10519471,-1717163 10592898,-1581686 10562541,-1323943 10462524,-1518958 10519471))
32618;POLYGON((-817975 10105187,-1070058 10278996,-735562 10149039,-402450 9927139,-817975 10105187))
32619;POLYGON((57441 9323303,-254963 9631545,348165 9329381,768440 8942954,57441 9323303))
32620;POLYGON((1127406 8055770,747846 8540598,1706249 7965529,2226879 7361416,1127406 8055770))
32621;POLYGON((2413153 6157332,1959240 6870473,3379761 5885982,4015461 4998532,2413153 6157332))
32622;POLYGON((3936970 3450700,3401162 4455132,5414464 2879578,6181596 1628402,3936970 3450700))
32623;POLYGON((5722109 -278889,5096555 1092948,7861199 -1311525,8777912 -3024093,5722109 -278889))
32624;POLYGON((7792683 -5289817,7069256 -3459191,10776308 -6999792,11862678 -9291556,7792683 -5289817))
32625;POLYGON((10173540 -11890944,9343885 -9492511,14222069 -14561229,15500256 -17573340,10173540 -11890944))
32626;POLYGON((12890127 -20449290,11945704 -17353739,18267166 -24445378,19761573 -28345918,12890127 -20449290))
32627;POLYGON((15968324 -31398563,14900469 -27453351,22987182 -37186467,24724625 -42174432,15968324 -31398563))
32628;POLYGON((-13900469 -27453351,-14968324 -31398563,-23724625 -42174432,-21987182 -37186467,-13900469 -27453351))
32629;POLYGON((-10945704 -17353739,-11890127 -20449290,-18761573 -28345918,-17267166 -24445378,-10945704 -17353739))
32630;POLYGON((-8343885 -9492511,-9173540 -11890944,-14500256 -17573340,-13222069 -14561229,-8343885 -9492511))
32631;POLYGON((-6069256 -3459191,-6792683 -5289817,-10862678 -9291556,-9776308 -6999792,-6069256 -3459191))
32632;POLYGON((-4096555 1092948,-4722109 -278889,-7777912 -3024093,-6861199 -1311525,-4096555 1092948))
32633;POLYGON((-2401162 4455132,-2936970 3450700,-5181596 1628402,-4414464 2879578,-2401162 4455132))
32634;POLYGON((-959240 6870473,-1413153 6157332,-3015461 4998532,-2379761 5885982,-959240 6870473))
32635;POLYGON((252153 8540598,-127406 8055770,-1226879 7361416,-706249 7965529,252153 8540598))
32636;POLYGON((1254963 9631545,942558 9323303,231559 8942954,651834 9329381,1254963 9631545))
32637;POLYGON((2070058 10278996,1817975 10105187,1402450 9927139,1735562 10149039,2070058 10278996))
32638;POLYGON((2717163 10592898,2518958 10519471,2323943 10462524,2581686 10562541,2717163 10592898))
32639;POLYGON((3214810 10661527,3064440 10661235,3030106 10667888,3222983 10679874,3214810 10661527))
32640;POLYGON((3580304 10555038,3472139 10606311,3551249 10637192,3688586 10587712,3580304 10555038))
32641;POLYGON((3829700 10328553,3758528 10414514,3914246 10443872,4004287 10353501,3829700 10328553))
32642;POLYGON((3977800 10024823,3938826 10132447,4142823 10144547,4192826 10028982,3977800 10024823))
32643;POLYGON((4038152 9676522,4026999 9795912,4257834 9782190,4274158 9653202,4038152 9676522))
32644;POLYGON((4023073 9308192,4035770 9431962,4277525 9388824,4265713 9255058,4023073 9308192))
32645;POLYGON((3943677 8937892,3976651 9060652,4217770 8987794,4182628 8855440,3943677 8937892))
32646;POLYGON((3809908 8578582,3859972 8696505,4092303 8595660,4037970 8469012,3809908 8578582))
32647;POLYGON((3630598 8239267,3694927 8349727,3912930 8223770,3842949 8105678,3630598 8239267))
32648;POLYGON((3413516 7925944,3489635 8027226,3689732 7879535,3607110 7771782,3413516 7925944))
32649;POLYGON((3165441 7642367,3251196 7733428,3431248 7567466,3338522 7471059,3165441 7642367))
32650;POLYGON((2892231 7390665,2985768 7470944,3144660 7290000,3043951 7205406,2892231 7390665))
32651;POLYGON((2598907 7171835,2698639 7241099,2835955 7048145,2729023 6975472,2598907 7171835))
32652;POLYGON((2289737 6986119,2394319 7044351,2510090 6841979,2398381 6781116,2289737 6986119))
32653;POLYGON((1968329 6833305,2076626 6880612,2171135 6671031,2055836 6621751,1968329 6833305))
32654;POLYGON((1637728 6712946,1748782 6749491,1822425 6534563,1704508 6496596,1637728 6712946))
32655;POLYGON((1300515 6624528,1413511 6650482,1466695 6431771,1346961 6404862,1300515 6624528))
32656;POLYGON((958914 6567582,1073143 6583091,1106212 6361933,985337 6345876,958914 6567582))
32657;POLYGON((614893 6541771,729721 6546929,742911 6324501,621485 6319164,614893 6541771))
32658;POLYGON((270278 6546929,385106 6541771,378514 6319164,257088 6324501,270278 6546929))
32659;POLYGON((-73143 6583091,41085 6567582,14662 6345876,-106212 6361933,-73143 6583091))
32660;POLYGON((-413511 6650482,-300515 6624528,-346961 6404862,-466695 6431771,-413511 6650482))
