32601;POLYGON((-1442728 1970948,-1221813 1951187,-1239901 1722421,-1463412 1740120,-1442728 1970948))
32602;POLYGON((-2118882 2047039,-1890999 2018725,-1917278 1782944,-2148202 1808344,-2118882 2047039))
32603;POLYGON((-2820914 2151964,-2583541 2113435,-2619559 1867971,-2860646 1902614,-2820914 2151964))
32604;POLYGON((-3557106 2292246,-3307351 2241043,-3355416 1982824,-3609872 2029004,-3557106 2292246))
32605;POLYGON((-4337073 2477411,-4071561 2409956,-4135047 2135367,-4406697 2196445,-4337073 2477411))
32606;POLYGON((-5172156 2721231,-4886886 2632366,-4970691 2337087,-5264170 2417946,-5172156 2721231))
32607;POLYGON((-6075883 3043479,-5766072 2925814,-5877243 2604629,-6198234 2712314,-6075883 3043479))
32608;POLYGON((-7064513 3472324,-6724401 3315357,-6873008 2961936,-7228519 3106523,-7064513 3472324))
32609;POLYGON((-8157667 4047546,-7780297 3836489,-7980591 3443134,-8379290 3638893,-8157667 4047546))
32610;POLYGON((-9379069 4824738,-8956027 4538997,-9227955 4096358,-9680563 4363265,-9379069 4824738))
32611;POLYGON((-10757389 5880717,-10278511 5491937,-10649663 4988700,-11169411 5354377,-10757389 5880717))
32612;POLYGON((-12327229 7320358,-11780256 6789975,-12288324 6212512,-12891483 6714672,-12327229 7320358))
32613;POLYGON((-14130232 9285112,-13500426 8561310,-14196257 7893312,-14902749 8582792,-14130232 9285112))
32614;POLYGON((-16216349 11963468,-15486053 10977456,-16437402 10199542,-17271490 11144019,-16216349 11963468))
32615;POLYGON((-18645262 15603659,-17793404 14265168,-19089487 13354479,-20080557 14642972,-18645262 15603659))
32616;POLYGON((-21487979 20528924,-20489526 18720816,-22246473 17650607,-23429918 19398868,-21487979 20528924))
32617;POLYGON((-24828616 27155665,-23653956 24727539,-26021298 23466773,-27439503 25823685,-24828616 27155665))
32618;POLYGON((-28766368 36014846,-27380630 32775517,-30548944 31288481,-32252376 34443590,-28766368 36014846))
32619;POLYGON((-33417696 47777028,-31779997 43485759,-35989826 41731711,-38038249 45924008,-33417696 47777028))
32620;POLYGON((-38918715 63281433,-36981342 57637771,-42533555 55570639,-44997360 61098745,-38918715 63281433))
32621;POLYGON((-45427832 83569459,-43135336 76201542,-50403055 73769693,-53364726 81003581,-45427832 83569459))
32622;POLYGON((-53128610 109923091,-50416819 100374272,-59859093 97520375,-63414799 106914781,-53128610 109923091))
32623;POLYGON((-62232884 143908677,-59027841 131622307,-71205200 128283313,-75466538 140393001,-62232884 143908677))
32624;POLYGON((-72984154 187426556,-69200955 171728759,-84793046 167836031,-89888927 183333071,-72984154 187426556))
32625;POLYGON((-85661236 242767043,-81202781 222847316,-101028245 218326931,-107106933 238020168,-85661236 242767043))
32626;POLYGON((-100582212 312673305,-95337855 287562761,-120376641 282336029,-127607957 307192919,-100582212 312673305))
32627;POLYGON((-118108673 400411686,-111952775 368958749,-143371078 362942982,-151948771 394113987,-118108673 400411686))
32628;POLYGON((-138650270 509850043,-131440646 470693408,-170618682 463802976,-180762965 502648712,-138650270 509850043))
32629;POLYGON((119108673 400411686,125599151 434270075,162022808 427680841,152948771 394113987,119108673 400411686))
32630;POLYGON((101582212 312673305,107115672 339760254,136265285 334016893,128607957 307192919,101582212 312673305))
32631;POLYGON((86661236 242767043,91368654 264300891,114549829 259318618,108106933 238020168,86661236 242767043))
32632;POLYGON((73984154 187426556,77981008 204434257,96294918 200131612,90888927 183333071,73984154 187426556))
32633;POLYGON((63232884 143908677,66620636 157250989,80990821 153550800,76466538 140393001,63232884 143908677))
32634;POLYGON((54128610 109923091,56996084 120317162,68192501 117147223,64414799 106914781,54128610 109923091))
32635;POLYGON((46427832 83569459,48852504 91608998,57512999 88902508,54364726 81003581,46427832 83569459))
32636;POLYGON((39918715 63281433,41967892 69454634,48617315 67150444,45997360 61098745,39918715 63281433))
32637;POLYGON((34417696 47777028,36149621 52482440,41216746 50525128,39038249 45924008,34417696 47777028))
32638;POLYGON((29766368 36014846,31231232 39575347,35063668 37915153,33252376 34443590,29766368 36014846))
32639;POLYGON((25828616 27155665,27069480 29830696,29946743 28423355,28439503 25823685,25828616 27155665))
32640;POLYGON((22487979 20528924,23541632 22525146,25686532 21331628,24429918 19398868,22487979 20528924))
32641;POLYGON((19645262 15603659,20542990 17084173,22131495 16070365,21080557 14642972,19645262 15603659))
32642;POLYGON((17216349 11963468,17984641 13055736,19154362 12192077,18271490 11144019,17216349 11963468))
32643;POLYGON((15130232 9285112,15791415 10087714,16648841 9348799,15902749 8582792,15130232 9285112))
32644;POLYGON((13327229 7320358,13900040 7908702,14526675 7272876,13891483 6714672,13327229 7320358))
32645;POLYGON((11757389 5880717,12257489 6311827,12714988 5760778,12169411 5354377,11757389 5880717))
32646;POLYGON((10379069 4824738,10819497 5141227,11153942 4659583,10680563 4363265,10379069 4824738))
32647;POLYGON((9157667 4047546,9549246 4280872,9794653 3855815,9379290 3638893,9157667 4047546))
32648;POLYGON((8064513 3472324,8416204 3645427,8597370 3266335,8228519 3106523,8064513 3472324))
32649;POLYGON((7075883 3043479,7395099 3172893,7529878 2831000,7198234 2712314,7075883 3043479))
32650;POLYGON((6172156 2721231,6465030 2818741,6566129 2506835,6264170 2417946,6172156 2721231))
32651;POLYGON((5337073 2477411,5608692 2551334,5685062 2263482,5406697 2196445,5337073 2477411))
32652;POLYGON((4557106 2292246,4811711 2348403,4869599 2079712,4609872 2029004,4557106 2292246))
32653;POLYGON((3820914 2151964,4062072 2194398,4105807 1940803,3860646 1902614,3820914 2151964))
32654;POLYGON((3118882 2047039,3349632 2078539,3382190 1836622,3148202 1808344,3118882 2047039))
32655;POLYGON((2442728 1970948,2665704 1993415,2689111 1760252,2463412 1740120,2442728 1970948))
32656;POLYGON((1785171 1919321,2002708 1934012,2018311 1707044,1798381 1693896,1785171 1919321))
32657;POLYGON((1139635 1889372,1353862 1897065,1362505 1673984,1146074 1667104,1139635 1889372))
32658;POLYGON((500000 1879555,712922 1880641,715053 1659297,500000 1658325,500000 1879555))
32659;POLYGON((-139635 1889372,73938 1883908,69665 1662218,-146074 1667104,-139635 1889372))
32660;POLYGON((-785171 1919321,-568966 1907029,-579861 1682897,-798381 1693896,-785171 1919321))
