32601;POLYGON((13165 8277872,72903 8262485,21030 8044917,-46025 8062006,13165 8277872))
32602;POLYGON((-162722 8336097,-104712 8314692,-178419 8102921,-243615 8126723,-162722 8336097))
32603;POLYGON((-332256 8412101,-276559 8384821,-371648 8180942,-434342 8211323,-332256 8412101))
32604;POLYGON((-493671 8505345,-440877 8472388,-556717 8278525,-616253 8315297,-493671 8505345))
32605;POLYGON((-645200 8615122,-595897 8576744,-731648 8395040,-787359 8437947,-645200 8615122))
32606;POLYGON((-785089 8740526,-739859 8697052,-894437 8529647,-945655 8578356,-785089 8740526))
32607;POLYGON((-911632 8880438,-871036 8832267,-1043082 8681258,-1089146 8735347,-911632 8880438))
32608;POLYGON((-1023209 9033506,-987774 8981115,-1175625 8848506,-1215903 8907448,-1023209 9033506))
32609;POLYGON((-1118350 9198131,-1088545 9142080,-1290214 9029705,-1324126 9092865,-1118350 9198131))
32610;POLYGON((-1195810 9372473,-1172019 9313403,-1385185 9222829,-1412235 9289453,-1195810 9372473))
32611;POLYGON((-1254665 9554459,-1237154 9493084,-1459168 9425500,-1478988 9494716,-1254665 9554459))
32612;POLYGON((-1294430 9741825,-1283304 9678918,-1511224 9634984,-1523621 9705806,-1294430 9741825))
32613;POLYGON((-1315201 9932166,-1310353 9868540,-1540999 9848221,-1546021 9919563,-1315201 9932166))
32614;POLYGON((-1317821 10123031,-1318876 10059501,-1548927 10061870,-1546930 10132570,-1317821 10123031))
32615;POLYGON((-1304076 10312047,-1310320 10249386,-1536449 10272396,-1528183 10341252,-1304076 10312047))
32616;POLYGON((-1276916 10497082,-1287222 10435962,-1506282 10476187,-1492986 10542007,-1276916 10497082))
32617;POLYGON((-1240716 10676463,-1253451 10617374,-1462720 10669728,-1446234 10731396,-1240716 10676463))
32618;POLYGON((-1201561 10849251,-1214485 10792406,-1411977 10849817,-1394867 10906383,-1201561 10849251))
32619;POLYGON((-1167571 11015573,-1177731 10960787,-1362582 11013850,-1348276 11064640,-1167571 11015573))
32620;POLYGON((-1149268 11177034,-1152866 11123580,-1325806 11160177,-1318756 11204922,-1149268 11177034))
32621;POLYGON((-1159975 11337209,-1152232 11283642,-1316154 11288527,-1322003 11327531,-1159975 11337209))
32622;POLYGON((-1216260 11502219,-1191264 11446176,-1351899 11400531,-1377676 11434866,-1216260 11502219))
32623;POLYGON((-1338428 11681414,-1288963 11619373,-1455673 11500341,-1510001 11532070,-1338428 11681414))
32624;POLYGON((-1551049 11888164,-1468415 11815169,-1655115 11595349,-1748442 11627800,-1551049 11888164))
32625;POLYGON((-1883545 12140767,-1757359 12050109,-1983581 11697035,-2128426 11735106,-1883545 12140767))
32626;POLYGON((-2370816 12463493,-2188795 12346348,-2480912 11821936,-2692137 11872453,-2370816 12463493))
32627;POLYGON((-3053931 12887766,-2801655 12732785,-3194266 11992764,-3489374 12064884,-3053931 12887766))
32628;POLYGON((-3980855 13453505,-3641522 13246349,-4179027 12239672,-4578469 12345342,-3980855 13453505))
32629;POLYGON((4641522 13246349,4980855 13453505,5578469 12345342,5179027 12239672,4641522 13246349))
32630;POLYGON((3801655 12732785,4053931 12887766,4489374 12064884,4194266 11992764,3801655 12732785))
32631;POLYGON((3188795 12346348,3370816 12463493,3692137 11872453,3480912 11821936,3188795 12346348))
32632;POLYGON((2757359 12050109,2883545 12140767,3128426 11735106,2983581 11697035,2757359 12050109))
32633;POLYGON((2468415 11815169,2551049 11888164,2748442 11627800,2655115 11595349,2468415 11815169))
32634;POLYGON((2288963 11619373,2338428 11681414,2510001 11532070,2455673 11500341,2288963 11619373))
32635;POLYGON((2191264 11446176,2216260 11502219,2377676 11434866,2351899 11400531,2191264 11446176))
32636;POLYGON((2152232 11283642,2159975 11337209,2322003 11327531,2316154 11288527,2152232 11283642))
32637;POLYGON((2152866 11123580,2149268 11177034,2318756 11204922,2325806 11160177,2152866 11123580))
32638;POLYGON((2177731 10960787,2167571 11015573,2348276 11064640,2362582 11013850,2177731 10960787))
32639;POLYGON((2214485 10792406,2201561 10849251,2394867 10906383,2411977 10849817,2214485 10792406))
32640;POLYGON((2253451 10617374,2240716 10676463,2446234 10731396,2462720 10669728,2253451 10617374))
32641;POLYGON((2287222 10435962,2276916 10497082,2492986 10542007,2506282 10476187,2287222 10435962))
32642;POLYGON((2310320 10249386,2304076 10312047,2528183 10341252,2536449 10272396,2310320 10249386))
32643;POLYGON((2318876 10059501,2317821 10123031,2546930 10132570,2548927 10061870,2318876 10059501))
32644;POLYGON((2310353 9868540,2315201 9932166,2546021 9919563,2540999 9848221,2310353 9868540))
32645;POLYGON((2283304 9678918,2294430 9741825,2523621 9705806,2511224 9634984,2283304 9678918))
32646;POLYGON((2237154 9493084,2254665 9554459,2478988 9494716,2459168 9425500,2237154 9493084))
32647;POLYGON((2172019 9313403,2195810 9372473,2412235 9289453,2385185 9222829,2172019 9313403))
32648;POLYGON((2088545 9142080,2118350 9198131,2324126 9092865,2290214 9029705,2088545 9142080))
32649;POLYGON((1987774 8981115,2023209 9033506,2215903 8907448,2175625 8848506,1987774 8981115))
32650;POLYGON((1871036 8832267,1911632 8880438,2089146 8735347,2043082 8681258,1871036 8832267))
32651;POLYGON((1739859 8697052,1785089 8740526,1945655 8578356,1894437 8529647,1739859 8697052))
32652;POLYGON((1595897 8576744,1645200 8615122,1787359 8437947,1731648 8395040,1595897 8576744))
32653;POLYGON((1440877 8472388,1493671 8505345,1616253 8315297,1556717 8278525,1440877 8472388))
32654;POLYGON((1276559 8384821,1332256 8412101,1434342 8211323,1371648 8180942,1276559 8384821))
32655;POLYGON((1104712 8314692,1162722 8336097,1243615 8126723,1178419 8102921,1104712 8314692))
32656;POLYGON((927096 8262485,986834 8277872,1046025 8062006,978969 8044917,927096 8262485))
32657;POLYGON((745456 8228541,806342 8237811,843485 8017526,775197 8007240,745456 8228541))
32658;POLYGON((561523 8213070,622982 8216166,637871 7993511,568969 7990077,561523 8213070))
32659;POLYGON((377017 8216166,438476 8213070,431030 7990077,362128 7993511,377017 8216166))
32660;POLYGON((193657 8237811,254543 8228541,224802 8007240,156514 8017526,193657 8237811))
