32701;POLYGON((-67536 2163821,7045 2181295,54743 1962780,-12561 1946820,-67536 2163821))
32702;POLYGON((-287731 2096575,-215000 2121451,-145558 1908146,-211108 1885454,-287731 2096575))
32703;POLYGON((-500999 2007327,-430808 2039498,-339957 1833433,-403113 1804137,-500999 2007327))
32704;POLYGON((-705225 1896501,-638288 1935807,-526523 1739072,-586630 1703349,-705225 1896501))
32705;POLYGON((-898215 1764708,-835272 1810922,-703282 1625660,-759677 1583755,-898215 1764708))
32706;POLYGON((-1077707 1612800,-1019518 1665607,-868234 1494000,-920247 1446231,-1077707 1612800))
32707;POLYGON((-1241398 1441924,-1188733 1500906,-1019374 1345136,-1066342 1291910,-1241398 1441924))
32708;POLYGON((-1386991 1253585,-1340611 1318196,-1154733 1180386,-1196018 1122212,-1386991 1253585))
32709;POLYGON((-1512262 1049703,-1472895 1119253,-1272436 1001381,-1307446 938875,-1512262 1049703))
32710;POLYGON((-1615156 832673,-1583461 906308,-1370781 810089,-1399004 743985,-1615156 832673))
32711;POLYGON((-1693909 605419,-1670433 682103,-1448341 608829,-1469385 539980,-1693909 605419))
32712;POLYGON((-1747202 371429,-1732324 449934,-1504094 400276,-1517733 329649,-1747202 371429))
32713;POLYGON((-1774352 134790,-1768217 213687,-1537577 187440,-1543813 116105,-1774352 134790))
32714;POLYGON((-1775536 -99810,-1777973 -22150,-1549076 -26382,-1548208 -97272,-1775536 -99810))
32715;POLYGON((-1752061 -327101,-1762490 -252498,-1539848 -237678,-1532555 -306926,-1752061 -327101))
32716;POLYGON((-1706670 -541272,-1723996 -471718,-1512378 -442841,-1499810 -509247,-1706670 -541272))
32717;POLYGON((-1643905 -736057,-1666391 -673684,-1470673 -638325,-1454562 -700756,-1643905 -736057))
32718;POLYGON((-1570510 -904866,-1595636 -851898,-1420603 -820856,-1403383 -878329,-1570510 -904866))
32719;POLYGON((-1495891 -1040955,-1520195 -999644,-1370280 -987711,-1355227 -1039495,-1495891 -1040955))
32720;POLYGON((-1432634 -1137662,-1451533 -1110202,-1330487 -1137051,-1321870 -1182799,-1432634 -1137662))
32721;POLYGON((-1397072 -1188701,-1404667 -1177124,-1315154 -1268342,-1318405 -1308252,-1397072 -1188701))
32722;POLYGON((-1409927 -1188533,-1398782 -1194577,-1341887 -1382859,-1363790 -1417858,-1409927 -1188533))
32723;POLYGON((-1497006 -1132817,-1457907 -1157765,-1432547 -1484285,-1481444 -1516255,-1497006 -1132817))
32724;POLYGON((-1689970 -1018945,-1611664 -1063435,-1613892 -1579418,-1699908 -1611455,-1689970 -1018945))
32725;POLYGON((-2027172 -846684,-1896075 -910487,-1918272 -1678992,-2053565 -1715709,-2027172 -846684))
32726;POLYGON((-2554566 -618919,-2354457 -700676,-2384392 -1798628,-2583414 -1846503,-2554566 -618919))
32727;POLYGON((-3326700 -342519,-3038376 -439439,-3058130 -1959926,-3337921 -2027696,-3326700 -342519))
32728;POLYGON((-4407777 -29332,-4008696 -136846,-3993433 -2191702,-4373930 -2290817,-4407777 -29332))
32729;POLYGON((5407777 -29332,5849422 80334,5792976 -2403463,5373930 -2290817,5407777 -29332))
32730;POLYGON((4326700 -342519,4649261 -241461,4648912 -2104495,4337921 -2027696,4326700 -342519))
32731;POLYGON((3554566 -618919,3781790 -531717,3807328 -1899915,3583414 -1846503,3554566 -618919))
32732;POLYGON((3027172 -846684,3179331 -776681,3208373 -1755323,3053565 -1715709,3027172 -846684))
32733;POLYGON((2689970 -1018945,2784241 -967942,2800892 -1644455,2699908 -1611455,2689970 -1018945))
32734;POLYGON((2497006 -1132817,2547814 -1101389,2541493 -1547835,2481444 -1516255,2497006 -1132817))
32735;POLYGON((2409927 -1188533,2429270 -1176304,2393680 -1451584,2363790 -1417858,2409927 -1188533))
32736;POLYGON((2397072 -1188701,2394814 -1194578,2327047 -1346380,2318405 -1308252,2397072 -1188701))
32737;POLYGON((2432634 -1137662,2416776 -1160042,2316543 -1226548,2321870 -1182799,2432634 -1137662))
32738;POLYGON((2495891 -1040955,2472820 -1077888,2341792 -1089282,2355227 -1039495,2495891 -1040955))
32739;POLYGON((2570510 -904866,2545222 -954198,2386477 -933971,2403383 -878329,2570510 -904866))
32740;POLYGON((2643905 -736057,2620216 -795545,2437772 -761634,2454562 -700756,2643905 -736057))
32741;POLYGON((2706670 -541272,2687395 -608674,2485836 -574449,2499810 -509247,2706670 -541272))
32742;POLYGON((2752061 -327101,2739182 -400250,2523349 -375357,2532555 -306926,2752061 -327101))
32743;POLYGON((2775536 -99810,2770348 -176663,2545102 -167749,2548208 -97272,2775536 -99810))
32744;POLYGON((2774352 134790,2777594 56115,2547631 44788,2543813 116105,2774352 134790))
32745;POLYGON((2747202 371429,2759168 292625,2528890 258663,2517733 329649,2747202 371429))
32746;POLYGON((2693909 605419,2714551 527981,2487975 470425,2469385 539980,2693909 605419))
32747;POLYGON((2615156 832673,2644166 757897,2424871 676865,2399004 743985,2615156 832673))
32748;POLYGON((2512262 1049703,2549141 978687,2340246 875082,2307446 938875,2512262 1049703))
32749;POLYGON((2386991 1253585,2431112 1187243,2235273 1062519,2196018 1122212,2386991 1253585))
32750;POLYGON((2241398 1441924,2292052 1380999,2111485 1236974,2066342 1291910,2241398 1441924))
32751;POLYGON((2077707 1612800,2134141 1557883,1970651 1396594,1920247 1446231,2077707 1612800))
32752;POLYGON((1898215 1764708,1959659 1716257,1814686 1539855,1759677 1583755,1898215 1764708))
32753;POLYGON((1705225 1896501,1770914 1854863,1645575 1665536,1586630 1703349,1705225 1896501))
32754;POLYGON((1500999 2007327,1570186 1972757,1465326 1772676,1403113 1804137,1500999 2007327))
32755;POLYGON((1287731 2096575,1359693 2069253,1275932 1860545,1211108 1885454,1287731 2096575))
32756;POLYGON((1067536 2163821,1141577 2143870,1079352 1928605,1012561 1946820,1067536 2163821))
32757;POLYGON((842457 2208788,917903 2196286,877506 1976476,809380 1987901,842457 2208788))
32758;POLYGON((614473 2231309,690670 2226302,672275 2003913,603433 2008491,614473 2231309))
32759;POLYGON((385526 2231309,461830 2233813,465510 2010781,396566 2008491,385526 2231309))
32760;POLYGON((157542 2208788,233310 2218794,259053 1997048,190619 1987901,157542 2208788))
