32601;POLYGON((-410521 5730724,-270856 5707650,-303856 5486028,-449659 5509421,-410521 5730724))
32602;POLYGON((-827733 5823775,-689014 5788740,-740646 5568292,-885739 5603880,-827733 5823775))
32603;POLYGON((-1240998 5953655,-1103800 5906170,-1174853 5687684,-1318743 5736049,-1240998 5953655))
32604;POLYGON((-1648179 6122093,-1513289 6061543,-1604786 5846122,-1746749 5908012,-1648179 6122093))
32605;POLYGON((-2046358 6331104,-1914852 6256794,-2027984 6045982,-2166983 6122267,-2046358 6331104))
32606;POLYGON((-2431570 6582814,-2304903 6494038,-2440935 6289952,-2575508 6381560,-2431570 6582814))
32607;POLYGON((-2798499 6879174,-2678615 6775324,-2838731 6580801,-2966863 6688617,-2798499 6879174))
32608;POLYGON((-3140120 7221554,-3029575 7102269,-3214656 6921026,-3333623 7045736,-3140120 7221554))
32609;POLYGON((-3447273 7610162,-3349386 7475547,-3559690 7312328,-3665873 7454205,-3447273 7610162))
32610;POLYGON((-3708170 8043248,-3627197 7894162,-3861916 7754887,-3950584 7913488,-3708170 8043248))
32611;POLYGON((-3907813 8516046,-3849149 8354492,-4105827 8246359,-4170873 8420123,-3907813 8516046))
32612;POLYGON((-4027334 9019392,-3997743 8849013,-4271505 8780548,-4305153 8966271,-4027334 9019392))
32613;POLYGON((-4043223 9537951,-4051109 9364672,-4333679 9345693,-4326130 9537852,-4043223 9537951))
32614;POLYGON((-3926458 10047998,-3982167 9880817,-4260633 9922272,-4199671 10112182,-3926458 10047998))
32615;POLYGON((-3641513 10514666,-3757675 10366638,-4012958 10480272,-3883502 10655032,-3641513 10514666))
32616;POLYGON((-3145243 10888583,-3337161 10778012,-3542148 10975809,-3325735 11117025,-3145243 10888583))
32617;POLYGON((-2385635 11101815,-2671714 11053690,-2789001 11347036,-2463218 11429274,-2385635 11101815))
32618;POLYGON((-1300412 11063020,-1702645 11110723,-1681840 11509210,-1219687 11498149,-1300412 11063020))
32619;POLYGON((184506 10651715,-359986 10839039,-134530 11348828,496293 11199082,184506 10651715))
32620;POLYGON((2156719 9711552,1439152 10095057,1955728 10716722,2793603 10369281,2156719 9711552))
32621;POLYGON((4719210 8042497,3792409 8694247,4710823 9419976,5801076 8799237,4719210 8042497))
32622;POLYGON((7992407 5391786,6814156 6402506,8274401 7212567,9670246 6222895,7992407 5391786))
32623;POLYGON((12116424 1443543,10637685 2926237,12814786 3784563,14578356 2306360,12116424 1443543))
32624;POLYGON((17253495 -4193057,15417573 -2098990,18528162 -1250226,20731635 -3365016,17253495 -4193057))
32625;POLYGON((23590622 -11997246,21332259 -9121341,25642035 -8368316,28368844 -11301299,23590622 -11997246))
32626;POLYGON((31342431 -22551837,28586831 -18687299,34418976 -18152471,37765129 -22124552,31342431 -22551837))
32627;POLYGON((40754249 -36560300,37416026 -31458097,45160672 -31309643,49236166 -36587484,40754249 -36560300))
32628;POLYGON((52105420 -54865866,48087464 -48228125,58212282 -48691103,63142631 -55594344,52105420 -54865866))
32629;POLYGON((-59905124 -69945477,60905124 -69945477,73967120 -71314916,-72967120 -71314916,-59905124 -69945477))
32630;POLYGON((-47087464 -48228125,-51105420 -54865866,-62142631 -55594344,-57212282 -48691103,-47087464 -48228125))
32631;POLYGON((-36416026 -31458097,-39754249 -36560300,-48236166 -36587484,-44160672 -31309643,-36416026 -31458097))
32632;POLYGON((-27586831 -18687299,-30342431 -22551837,-36765129 -22124552,-33418976 -18152471,-27586831 -18687299))
32633;POLYGON((-20332259 -9121341,-22590622 -11997246,-27368844 -11301299,-24642035 -8368316,-20332259 -9121341))
32634;POLYGON((-14417573 -2098990,-16253495 -4193057,-19731635 -3365016,-17528162 -1250226,-14417573 -2098990))
32635;POLYGON((-9637685 2926237,-11116424 1443543,-13578356 2306360,-11814786 3784563,-9637685 2926237))
32636;POLYGON((-5814156 6402506,-6992407 5391786,-8670246 6222895,-7274401 7212567,-5814156 6402506))
32637;POLYGON((-2792409 8694247,-3719210 8042497,-4801076 8799237,-3710823 9419976,-2792409 8694247))
32638;POLYGON((-439152 10095057,-1156719 9711552,-1793603 10369281,-955728 10716722,-439152 10095057))
32639;POLYGON((1359986 10839039,815493 10651715,503706 11199082,1134530 11348828,1359986 10839039))
32640;POLYGON((2702645 11110723,2300412 11063020,2219687 11498149,2681840 11509210,2702645 11110723))
32641;POLYGON((3671714 11053690,3385635 11101815,3463218 11429274,3789001 11347036,3671714 11053690))
32642;POLYGON((4337161 10778012,4145243 10888583,4325735 11117025,4542148 10975809,4337161 10778012))
32643;POLYGON((4757675 10366638,4641513 10514666,4883502 10655032,5012958 10480272,4757675 10366638))
32644;POLYGON((4982167 9880817,4926458 10047998,5199671 10112182,5260633 9922272,4982167 9880817))
32645;POLYGON((5051109 9364672,5043223 9537951,5326130 9537852,5333679 9345693,5051109 9364672))
32646;POLYGON((4997743 8849013,5027334 9019392,5305153 8966271,5271505 8780548,4997743 8849013))
32647;POLYGON((4849149 8354492,4907813 8516046,5170873 8420123,5105827 8246359,4849149 8354492))
32648;POLYGON((4627197 7894162,4708170 8043248,4950584 7913488,4861916 7754887,4627197 7894162))
32649;POLYGON((4349386 7475547,4447273 7610162,4665873 7454205,4559690 7312328,4349386 7475547))
32650;POLYGON((4029575 7102269,4140120 7221554,4333623 7045736,4214656 6921026,4029575 7102269))
32651;POLYGON((3678615 6775324,3798499 6879174,3966863 6688617,3838731 6580801,3678615 6775324))
32652;POLYGON((3304903 6494038,3431570 6582814,3575508 6381560,3440935 6289952,3304903 6494038))
32653;POLYGON((2914852 6256794,3046358 6331104,3166983 6122267,3027984 6045982,2914852 6256794))
32654;POLYGON((2513289 6061543,2648179 6122093,2746749 5908012,2604786 5846122,2513289 6061543))
32655;POLYGON((2103800 5906170,2240998 5953655,2318743 5736049,2174853 5687684,2103800 5906170))
32656;POLYGON((1689014 5788740,1827733 5823775,1885739 5603880,1740646 5568292,1689014 5788740))
32657;POLYGON((1270856 5707650,1410521 5730724,1449659 5509421,1303856 5486028,1270856 5707650))
32658;POLYGON((850755 5661732,990931 5673183,1011818 5451106,865648 5439511,850755 5661732))
32659;POLYGON((429831 5650300,570168 5650300,573142 5427937,426857 5427937,429831 5650300))
32660;POLYGON((9068 5673183,149244 5661732,134351 5439511,-11818 5451106,9068 5673183))
