32601;POLYGON((-914697 1587048,-694432 1575716,-704268 1350809,-926458 1360633,-914697 1587048))
32602;POLYGON((-1585991 1633726,-1360209 1615963,-1376052 1385712,-1604019 1401125,-1585991 1633726))
32603;POLYGON((-2278874 1701648,-2045022 1676427,-2067790 1438204,-2304236 1460120,-2278874 1701648))
32604;POLYGON((-3001720 1794954,-2756872 1760699,-2787986 1511483,-3036046 1541310,-3001720 1794954))
32605;POLYGON((-3764332 1919849,-3505031 1874216,-3546618 1610413,-3810047 1650253,-3764332 1919849))
32606;POLYGON((-4578466 2085464,-4300539 2025015,-4355736 1742222,-4639131 1795179,-4578466 2085464))
32607;POLYGON((-5458471 2305125,-5156801 2224855,-5230195 1917547,-5539286 1988166,-5458471 2305125))
32608;POLYGON((-6422077 2598138,-6090325 2490811,-6188575 2151921,-6530568 2246805,-6422077 2598138))
32609;POLYGON((-7491339 2992226,-7121607 2847482,-7254294 2467837,-7638297 2596490,-7491339 2992226))
32610;POLYGON((-8693770 3526810,-8276201 3329968,-8456965 2897544,-8894498 3073491,-8693770 3526810))
32611;POLYGON((-10063680 4257294,-9585991 3987798,-9834014 3486731,-10339608 3728978,-10063680 4257294))
32612;POLYGON((-11643751 5260574,-11090677 4890006,-11432588 4299307,-12024499 4634216,-11643751 5260574))
32613;POLYGON((-13486863 6642002,-12839520 6131586,-13311801 5423478,-14012827 5887117,-13486863 6642002))
32614;POLYGON((-15658194 8544057,-14893348 7841562,-15545316 6979357,-16383750 7620418,-15658194 8544057))
32615;POLYGON((-18237627 11156988,-17326855 10192942,-18224330 9128352,-19235038 10011731,-18237627 11156988))
32616;POLYGON((-21322474 14731733,-20231220 13414846,-21460959 12084618,-22686614 13295733,-21322474 14731733))
32617;POLYGON((-25030545 19595430,-23717057 17807117,-25392078 16128858,-26884537 17778825,-25030545 19595430))
32618;POLYGON((-29503589 26169845,-27917729 23757732,-30183629 21624778,-32005482 23856551,-29503589 26169845))
32619;POLYGON((-34911119 34993097,-32993045 31763397,-36035436 29038557,-38261729 32034137,-34911119 34993097))
32620;POLYGON((-41454660 46745042,-39133361 42453658,-43186555 38961651,-45906695 42950503,-41454660 46745042))
32621;POLYGON((-49372424 62276733,-46564112 56618960,-51921184 52137337,-55241046 57406131,-49372424 62276733))
32622;POLYGON((-58944446 82644366,-55550792 75243050,-62575178 69491374,-66619404 76395194,-58944446 82644366))
32623;POLYGON((-70498210 109148172,-66404413 99540171,-75543173 92167208,-80457699 101142369,-70498210 109148172))
32624;POLYGON((-84414763 143376712,-79487457 130997497,-91286378 121566146,-97241177 133144770,-84414763 143376712))
32625;POLYGON((-101135377 187257071,-95220346 171423311,-110341044 159392966,-117533110 174219475,-101135377 187257071))
32626;POLYGON((-121168740 243111450,-114088463 223001402,-133327650 207707436,-141984220 226557126,-121168740 243111450))
32627;POLYGON((-145098737 313720705,-136649727 288352233,-160960830 268982245,-171342866 292782101,-145098737 313720705))
32628;POLYGON((-173592814 402395371,-163542762 370601400,-194060079 346167848,-206466013 376019803,-173592814 402395371))
32629;POLYGON((196495679 473455975,-195495679 473455975,-233561260 442764791,234561260 442764791,196495679 473455975))
32630;POLYGON((164542762 370601400,174592814 402395371,207466013 376019803,195060079 346167848,164542762 370601400))
32631;POLYGON((137649727 288352233,146098737 313720705,172342866 292782101,161960830 268982245,137649727 288352233))
32632;POLYGON((115088463 223001402,122168740 243111450,142984220 226557126,134327650 207707436,115088463 223001402))
32633;POLYGON((96220346 171423311,102135377 187257071,118533110 174219475,111341044 159392966,96220346 171423311))
32634;POLYGON((80487457 130997497,85414763 143376712,98241177 133144770,92286378 121566146,80487457 130997497))
32635;POLYGON((67404413 99540171,71498210 109148172,81457699 101142369,76543173 92167208,67404413 99540171))
32636;POLYGON((56550792 75243050,59944446 82644366,67619404 76395194,63575178 69491374,56550792 75243050))
32637;POLYGON((47564112 56618960,50372424 62276733,56241046 57406131,52921184 52137337,47564112 56618960))
32638;POLYGON((40133361 42453658,42454660 46745042,46906695 42950503,44186555 38961651,40133361 42453658))
32639;POLYGON((33993045 31763397,35911119 34993097,39261729 32034137,37035436 29038557,33993045 31763397))
32640;POLYGON((28917729 23757732,30503589 26169845,33005482 23856551,31183629 21624778,28917729 23757732))
32641;POLYGON((24717057 17807117,26030545 19595430,27884537 17778825,26392078 16128858,24717057 17807117))
32642;POLYGON((21231220 13414846,22322474 14731733,23686614 13295733,22460959 12084618,21231220 13414846))
32643;POLYGON((18326855 10192942,19237627 11156988,20235038 10011731,19224330 9128352,18326855 10192942))
32644;POLYGON((15893348 7841562,16658194 8544057,17383750 7620418,16545316 6979357,15893348 7841562))
32645;POLYGON((13839520 6131586,14486863 6642002,15012827 5887117,14311801 5423478,13839520 6131586))
32646;POLYGON((12090677 4890006,12643751 5260574,13024499 4634216,12432588 4299307,12090677 4890006))
32647;POLYGON((10585991 3987798,11063680 4257294,11339608 3728978,10834014 3486731,10585991 3987798))
32648;POLYGON((9276201 3329968,9693770 3526810,9894498 3073491,9456965 2897544,9276201 3329968))
32649;POLYGON((8121607 2847482,8491339 2992226,8638297 2596490,8254294 2467837,8121607 2847482))
32650;POLYGON((7090325 2490811,7422077 2598138,7530568 2246805,7188575 2151921,7090325 2490811))
32651;POLYGON((6156801 2224855,6458471 2305125,6539286 1988166,6230195 1917547,6156801 2224855))
32652;POLYGON((5300539 2025015,5578466 2085464,5639131 1795179,5355736 1742222,5300539 2025015))
32653;POLYGON((4505031 1874216,4764332 1919849,4810047 1650253,4546618 1610413,4505031 1874216))
32654;POLYGON((3756872 1760699,4001720 1794954,4036046 1541310,3787986 1511483,3756872 1760699))
32655;POLYGON((3045022 1676427,3278874 1701648,3304236 1460120,3067790 1438204,3045022 1676427))
32656;POLYGON((2360209 1615963,2585991 1633726,2604019 1401125,2376052 1385712,2360209 1615963))
32657;POLYGON((1694432 1575716,1914697 1587048,1926458 1360633,1704268 1350809,1694432 1575716))
32658;POLYGON((1040564 1553443,1257612 1558963,1263762 1336289,1044931 1331506,1040564 1553443))
32659;POLYGON((392004 1547954,607995 1547954,608864 1326751,391135 1326751,392004 1547954))
32660;POLYGON((-257612 1558963,-40564 1553443,-44931 1331506,-263762 1336289,-257612 1558963))
