32701;POLYGON((-840293 7396363,-632157 7413656,-614430 7189466,-819133 7171070,-840293 7396363))
32702;POLYGON((-1472360 7325399,-1260209 7352351,-1231839 7124287,-1440170 7095661,-1472360 7325399))
32703;POLYGON((-2119868 7222922,-1901995 7260865,-1861623 7027195,-2075081 6986989,-2119868 7222922))
32704;POLYGON((-2788109 7083669,-2562720 7134588,-2508309 6893530,-2728419 6839749,-2788109 7083669))
32705;POLYGON((-3482657 6900004,-3247863 6966753,-3176484 6716513,-3404776 6646315,-3482657 6900004))
32706;POLYGON((-4209348 6661090,-3963176 6747700,-3870706 6486565,-4108665 6395980,-4209348 6661090))
32707;POLYGON((-4974229 6351714,-4714647 6463833,-4595336 6190356,-4844331 6073893,-4974229 6351714))
32708;POLYGON((-5783430 5950676,-5508395 6096156,-5354283 5809495,-5615460 5659611,-5783430 5950676))
32709;POLYGON((-6642983 5428624,-6350510 5618316,-6150648 5318776,-6424778 5125172,-6642983 5428624))
32710;POLYGON((-7558548 4745198,-7246812 4993986,-6986237 4683863,-7273534 4432571,-7558548 4745198))
32711;POLYGON((-8535061 3845359,-8202523 4173487,-7860950 3858312,-8160830 3530533,-8535061 3845359))
32712;POLYGON((-9576282 2654703,-9221851 3089459,-8772014 2779784,-9082801 2350417,-9576282 2654703))
32713;POLYGON((-10684231 1073618,-10307467 1651422,-9713046 1365303,-10031624 801123,-10684231 1073618))
32714;POLYGON((-11858514 -1029951,-11459863 -260967,-10672942 -494610,-10994339 -1237178,-11858514 -1029951))
32715;POLYGON((-13095514 -3829315,-12676595 -2806180,-11634562 -2943089,-11951466 -3920683,-13095514 -3829315))
32716;POLYGON((-14387455 -7549681,-13951387 -6190820,-12573208 -6165564,-12875411 -7451129,-14387455 -7549681))
32717;POLYGON((-15721315 -12480862,-15273094 -10681614,-13454869 -10400103,-13728628 -12086747,-15721315 -12480862))
32718;POLYGON((-17077579 -18992331,-16624514 -16619655,-14234229 -15949655,-14461543 -18155203,-17077579 -18992331))
32719;POLYGON((-18428838 -27550887,-17981038 -24437161,-14852408 -23196454,-15010209 -26068764,-18428838 -27550887))
32720;POLYGON((-19738205 -38741249,-19309123 -34677063,-15234441 -32618810,-15293686 -36341951,-19738205 -38741249))
32721;POLYGON((-20957545 -53289888,-20564593 -48015721,-15286454 -44810569,-15211121 -49611945,-20957545 -53289888))
32722;POLYGON((-22025523 -72092428,-21690742 -65289094,-14892549 -60503508,-14638525 -66662025,-22025523 -72092428))
32723;POLYGON((-22865430 -96244978,-22616240 -87522726,-13911359 -80592960,-13425218 -88448342,-22865430 -96244978))
32724;POLYGON((-23382814 -127079755,-23252826 -115965892,-12172269 -106166984,-11389940 -116130336,-23382814 -127079755))
32725;POLYGON((-23462875 -166205375,-23492787 -152130291,-9471296 -138539387,-8316601 -151105116,-23462875 -166205375))
32726;POLYGON((-22967635 -215552245,-23206199 -197833694,-5566589 -179286945,-3949665 -195046162,-22967635 -215552245))
32727;POLYGON((-21732863 -277423429,-22237941 -255248937,-173556 -230291168,2010856 -249946679,-21732863 -277423429))
32728;POLYGON((-19564748 -354551476,-20404445 -326958708,7040402 -293784973,9914811 -318167997,-19564748 -354551476))
32729;POLYGON((18490205 -416016572,-17490205 -416016572,16461585 -372404646,-15461585 -372404646,18490205 -416016572))
32730;POLYGON((21404445 -326958708,20564748 -354551476,-8914811 -318167997,-6040402 -293784973,21404445 -326958708))
32731;POLYGON((23237941 -255248937,22732863 -277423429,-1010856 -249946679,1173556 -230291168,23237941 -255248937))
32732;POLYGON((24206199 -197833694,23967635 -215552245,4949665 -195046162,6566589 -179286945,24206199 -197833694))
32733;POLYGON((24492787 -152130291,24462875 -166205375,9316601 -151105116,10471296 -138539387,24492787 -152130291))
32734;POLYGON((24252826 -115965892,24382814 -127079755,12389940 -116130336,13172269 -106166984,24252826 -115965892))
32735;POLYGON((23616240 -87522726,23865430 -96244978,14425218 -88448342,14911359 -80592960,23616240 -87522726))
32736;POLYGON((22690742 -65289094,23025523 -72092428,15638525 -66662025,15892549 -60503508,22690742 -65289094))
32737;POLYGON((21564593 -48015721,21957545 -53289888,16211121 -49611945,16286454 -44810569,21564593 -48015721))
32738;POLYGON((20309123 -34677063,20738205 -38741249,16293686 -36341951,16234441 -32618810,20309123 -34677063))
32739;POLYGON((18981038 -24437161,19428838 -27550887,16010209 -26068764,15852408 -23196454,18981038 -24437161))
32740;POLYGON((17624514 -16619655,18077579 -18992331,15461543 -18155203,15234229 -15949655,17624514 -16619655))
32741;POLYGON((16273094 -10681614,16721315 -12480862,14728628 -12086747,14454869 -10400103,16273094 -10681614))
32742;POLYGON((14951387 -6190820,15387455 -7549681,13875411 -7451129,13573208 -6165564,14951387 -6190820))
32743;POLYGON((13676595 -2806180,14095514 -3829315,12951466 -3920683,12634562 -2943089,13676595 -2806180))
32744;POLYGON((12459863 -260967,12858514 -1029951,11994339 -1237178,11672942 -494610,12459863 -260967))
32745;POLYGON((11307467 1651422,11684231 1073618,11031624 801123,10713046 1365303,11307467 1651422))
32746;POLYGON((10221851 3089459,10576282 2654703,10082801 2350417,9772014 2779784,10221851 3089459))
32747;POLYGON((9202523 4173487,9535061 3845359,9160830 3530533,8860950 3858312,9202523 4173487))
32748;POLYGON((8246812 4993986,8558548 4745198,8273534 4432571,7986237 4683863,8246812 4993986))
32749;POLYGON((7350510 5618316,7642983 5428624,7424778 5125172,7150648 5318776,7350510 5618316))
32750;POLYGON((6508395 6096156,6783430 5950676,6615460 5659611,6354283 5809495,6508395 6096156))
32751;POLYGON((5714647 6463833,5974229 6351714,5844331 6073893,5595336 6190356,5714647 6463833))
32752;POLYGON((4963176 6747700,5209348 6661090,5108665 6395980,4870706 6486565,4963176 6747700))
32753;POLYGON((4247863 6966753,4482657 6900004,4404776 6646315,4176484 6716513,4247863 6966753))
32754;POLYGON((3562720 7134588,3788109 7083669,3728419 6839749,3508309 6893530,3562720 7134588))
32755;POLYGON((2901995 7260865,3119868 7222922,3075081 6986989,2861623 7027195,2901995 7260865))
32756;POLYGON((2260209 7352351,2472360 7325399,2440170 7095661,2231839 7124287,2260209 7352351))
32757;POLYGON((1632157 7413656,1840293 7396363,1819133 7171070,1614430 7189466,1632157 7413656))
32758;POLYGON((1012862 7447721,1218620 7439269,1207506 7216726,1004963 7225724,1012862 7447721))
32759;POLYGON((397514 7456130,602485 7456130,600913 7234680,399086 7234680,397514 7456130))
32760;POLYGON((-218620 7439269,-12862 7447721,-4963 7225724,-207506 7216726,-218620 7439269))
