32701;POLYGON((-540659 5614078,-366826 5635348,-341601 5412794,-510217 5391287,-540659 5614078))
32702;POLYGON((-1063734 5525757,-889085 5559372,-847911 5336015,-1017012 5302086,-1063734 5525757))
32703;POLYGON((-1589641 5398514,-1414004 5445458,-1355731 5221142,-1525332 5173888,-1589641 5398514))
32704;POLYGON((-2118469 5228627,-1941896 5290274,-1864900 5065123,-2034786 5003296,-2118469 5228627))
32705;POLYGON((-2649416 5011139,-2472296 5089284,-2374454 4863860,-2544063 4785855,-2649416 5011139))
32706;POLYGON((-3180365 4739769,-3003582 4836657,-2882247 4612182,-3050519 4516038,-3180365 4739769))
32707;POLYGON((-3707330 4406836,-3532461 4525187,-3384458 4303854,-3549643 4187267,-3707330 4406836))
32708;POLYGON((-4223738 4003229,-4053313 4146238,-3874959 3931652,-4034370 3792019,-4223738 4003229))
32709;POLYGON((-4719531 3518441,-4557354 3689760,-4344524 3487537,-4494232 3322048,-4719531 3518441))
32710;POLYGON((-5180044 2940705,-5031593 3144383,-4779842 2962972,-4914303 2768752,-5180044 2940705))
32711;POLYGON((-5584659 2257264,-5457563 2497639,-5162326 2349426,-5273933 2123750,-5584659 2257264))
32712;POLYGON((-5905176 1454819,-5809789 1736348,-5466682 1639106,-5545227 1379711,-5905176 1454819))
32713;POLYGON((-6103906 520191,-6053977 847203,-5659213 825992,-5691263 531493,-6103906 520191))
32714;POLYGON((-6131432 -558738,-6144887 -182392,-5695843 -92779,-5664014 -422337,-6131432 -558738))
32715;POLYGON((-5924033 -1791782,-6023877 -1363180,-5519829 -1115108,-5401948 -1477540,-5924033 -1791782))
32716;POLYGON((-5400732 -3184809,-5616073 -2702550,-5059135 -2231631,-4827289 -2621721,-5400732 -3184809))
32717;POLYGON((-4459939 -4737682,-4827155 -4202627,-4223455 -3422841,-3842909 -3831245,-4459939 -4737682))
32718;POLYGON((-2975681 -6441684,-3539723 -5857873,-2900839 -4655558,-2328828 -5067460,-2975681 -6441684))
32719;POLYGON((-793364 -8276373,-1609224 -7652143,-953924 -5878648,-138298 -6272154,-793364 -8276373))
32720;POLYGON((2274931 -10205802,1140598 -9555121,1784273 -7017898,2906550 -7362123,2274931 -10205802))
32721;POLYGON((6455670 -12173999,4922750 -11518059,5515025 -7969952,7019539 -8222771,6455670 -12173999))
32722;POLYGON((12019606 -14099656,9992549 -13468739,10479036 -8595196,12455744 -8700616,12019606 -14099656))
32723;POLYGON((19288095 -15869921,16653748 -15305573,16962091 -8709476,19517329 -8594604,19288095 -15869921))
32724;POLYGON((28639985 -17333213,25265226 -16890750,25301248 -8074549,28559908 -7646100,28639985 -17333213))
32725;POLYGON((40519122 -18290952,36248290 -18042346,35891569 -6387122,39999476 -5527432,40519122 -18290952))
32726;POLYGON((55442495 -18488129,50094605 -18525288,49193438 -3266368,54319923 -1828868,55442495 -18488129))
32727;POLYGON((74009050 -17602589,67374774 -18041076,65740488 1760227,72081163 3956119,74009050 -17602589))
32728;POLYGON((96909187 -15232932,88747614 -16216158,86148146 9272819,93927903 12447445,96909187 -15232932))
32729;POLYGON((124934988 -10884922,114970132 -12588852,111122842 19977108,120599068 24396991,124934988 -10884922))
32730;POLYGON((-95909187 -15232932,-104639352 -14030777,-101242849 16005062,-92927903 12447445,-95909187 -15232932))
32731;POLYGON((-73009050 -17602589,-80123999 -16999963,-77875008 6451632,-71081163 3956119,-73009050 -17602589))
32732;POLYGON((-54442495 -18488129,-60194432 -18331319,-58828021 -160474,-53319923 -1828868,-54442495 -18488129))
32733;POLYGON((-39519122 -18290952,-44127528 -18455602,-43426856 -4492992,-38999476 -5527432,-39519122 -18290952))
32734;POLYGON((-27639985 -17333213,-31294949 -17719966,-31084342 -7088307,-27559908 -7646100,-27639985 -17333213))
32735;POLYGON((-18288095 -15869921,-21153398 -16400547,-21292181 -8386689,-18517329 -8594604,-18288095 -15869921))
32736;POLYGON((-11019606 -14099656,-13235585 -14713624,-13612610 -8741635,-11455744 -8700616,-11019606 -14099656))
32737;POLYGON((-5455670 -12173999,-7141862 -12825470,-7670689 -8433446,-6019539 -8222771,-5455670 -12173999))
32738;POLYGON((-1274931 -10205802,-2532505 -10860998,-3147170 -7681187,-1906550 -7362123,-1274931 -10205802))
32739;POLYGON((1793364 -8276373,879378 -8911294,228043 -6653170,1138298 -6272154,1793364 -8276373))
32740;POLYGON((3975681 -6441684,3334350 -7040142,2681911 -5476065,3328828 -5067460,3975681 -6441684))
32741;POLYGON((5459939 -4737682,5032574 -5289626,4403727 -4242775,4842909 -3831245,5459939 -4737682))
32742;POLYGON((6400732 -3184809,6139203 -3684900,5550106 -3019195,5827289 -2621721,6400732 -3184809))
32743;POLYGON((6924033 -1791782,6789258 -2238209,6249494 -1849950,6401948 -1477540,6924033 -1791782))
32744;POLYGON((7131432 -558738,7092015 -952240,6606228 -763225,6664014 -422337,7131432 -558738))
32745;POLYGON((7103906 520191,7134929 177127,6704170 225213,6691263 531493,7103906 520191))
32746;POLYGON((6905176 1454819,6987127 1158594,6609944 1108711,6545227 1379711,6905176 1454819))
32747;POLYGON((6584659 2257264,6702488 2003666,6375798 1887053,6273933 2123750,6584659 2257264))
32748;POLYGON((6180044 2940705,6322346 2725288,6042108 2564334,5914303 2768752,6180044 2940705))
32749;POLYGON((5719531 3518441,5877836 3336803,5639565 3147300,5494232 3322048,5719531 3518441))
32750;POLYGON((5223738 4003229,5391911 3851210,5191054 3644087,5034370 3792019,5223738 4003229))
32751;POLYGON((4707330 4406836,4881054 4280644,4713256 4063299,4549643 4187267,4707330 4406836))
32752;POLYGON((4180365 4739769,4356726 4636052,4217998 4413352,4050519 4516038,4180365 4739769))
32753;POLYGON((3649416 5011139,3826551 4927019,3713374 4702040,3544063 4785855,3649416 5011139))
32754;POLYGON((3118469 5228627,3295289 5161703,3204664 4936272,3034786 5003296,3118469 5228627))
32755;POLYGON((2589641 5398514,2765610 5346842,2695066 5121932,2525332 5173888,2589641 5398514))
32756;POLYGON((2063734 5525757,2238703 5487827,2186287 5263833,2017012 5302086,2063734 5525757))
32757;POLYGON((1540659 5614078,1714735 5588780,1678983 5365719,1510217 5391287,1540659 5614078))
32758;POLYGON((1019749 5666062,1193202 5652657,1173115 5430304,1004738 5443870,1019749 5666062))
32759;POLYGON((500000 5683223,673190 5681320,668207 5459316,500000 5461242,500000 5683223))
32760;POLYGON((-19749 5666062,153573 5675606,163555 5453531,-4738 5443870,-19749 5666062))
