32701;POLYGON((-20560 2518199,65518 2533602,101570 2313073,22685 2298758,-20560 2518199))
32702;POLYGON((-275783 2455230,-191289 2479010,-133690 2262354,-211029 2240279,-275783 2455230))
32703;POLYGON((-524813 2367209,-442628 2399323,-363625 2188421,-438725 2158660,-524813 2367209))
32704;POLYGON((-765385 2254339,-686280 2294705,-586122 2091535,-658255 2054205,-765385 2254339))
32705;POLYGON((-995084 2116980,-919882 2165457,-798967 1972106,-867374 1927386,-995084 2116980))
32706;POLYGON((-1211334 1955719,-1140911 2012080,-999849 1830744,-1063737 1778891,-1211334 1955719))
32707;POLYGON((-1411396 1771459,-1346682 1835363,-1186359 1668319,-1244909 1609694,-1411396 1771459))
32708;POLYGON((-1592400 1565522,-1534365 1636474,-1356024 1486035,-1408405 1421125,-1592400 1565522))
32709;POLYGON((-1751391 1339766,-1701024 1417080,-1506355 1285499,-1551744 1214945,-1751391 1339766))
32710;POLYGON((-1885400 1096714,-1843687 1179465,-1634915 1068808,-1672529 993429,-1885400 1096714))
32711;POLYGON((-1991557 839701,-1959435 926679,-1739422 838623,-1768556 759447,-1991557 839701))
32712;POLYGON((-2067222 573028,-2045536 662682,-1817881 598251,-1837963 516538,-2067222 573028))
32713;POLYGON((-2110169 302133,-2099603 392513,-1868749 351720,-1879396 268981,-2110169 302133))
32714;POLYGON((-2118799 33764,-2119801 122463,-1891134 103838,-1892235 21861,-2118799 33764))
32715;POLYGON((-2092400 -223824,-2105090 -139736,-1885038 -139749,-1876842 -218890,-2092400 -223824))
32716;POLYGON((-2031455 -460684,-2055519 -384724,-1851646 -372527,-1834865 -446464,-2031455 -460684))
32717;POLYGON((-1938003 -664962,-1972563 -601306,-1793655 -587097,-1769589 -653169,-1938003 -664962))
32718;POLYGON((-1816048 -822693,-1859525 -776243,-1715655 -775191,-1686329 -830456,-1816048 -822693))
32719;POLYGON((-1672031 -917582,-1721975 -894043,-1624569 -927716,-1592891 -968974,-1672031 -917582))
32720;POLYGON((-1515359 -930789,-1568269 -936737,-1530138 -1034840,-1500076 -1058667,-1515359 -930789))
32721;POLYGON((-1358999 -840709,-1410118 -883666,-1445476 -1086113,-1422255 -1088919,-1358999 -840709))
32722;POLYGON((-1220140 -622744,-1263225 -711256,-1387683 -1070647,-1378002 -1048744,-1220140 -622744))
32723;POLYGON((-1120927 -249094,-1147998 -392797,-1378519 -977349,-1390797 -927041,-1120927 -249094))
32724;POLYGON((-1089264 311468,-1090327 101771,-1445158 -795210,-1489793 -712910,-1089264 311468))
32725;POLYGON((-1159703 1093807,-1122444 806078,-1621003 -513679,-1710667 -396044,-1159703 1093807))
32726;POLYGON((-1374404 2136627,-1283861 1757525,-1946583 -123100,-2096535 32800,-1374404 2136627))
32727;POLYGON((-1784189 3482672,-1622391 2997488,-2470524 384755,-2698954 581243,-1784189 3482672))
32728;POLYGON((-2449675 5178910,-2195254 4571508,-3250609 1016069,-3579004 1254626,-2449675 5178910))
32729;POLYGON((-3442505 7276707,-3070275 6529467,-4354910 1774245,-4808459 2055248,-3442505 7276707))
32730;POLYGON((3449675 5178910,3740367 5830892,4946123 1507352,4579004 1254626,3449675 5178910))
32731;POLYGON((2784189 3482672,2974308 4006730,3958143 791638,3698954 581243,2784189 3482672))
32732;POLYGON((2374404 2136627,2486543 2549386,3270471 202008,3096535 32800,2374404 2136627))
32733;POLYGON((2159703 1093807,2212920 1410446,2818595 -265953,2710667 -396044,2159703 1093807))
32734;POLYGON((2089264 311468,2099483 545775,2547909 -619186,2489793 -712910,2089264 311468))
32735;POLYGON((2120927 -249094,2101306 -84653,2412598 -866459,2390797 -927041,2120927 -249094))
32736;POLYGON((2220140 -622744,2181413 -516962,2374613 -1017781,2378002 -1048744,2220140 -622744))
32737;POLYGON((2358999 -840709,2309784 -783568,2402722 -1083901,2422255 -1088919,2358999 -840709))
32738;POLYGON((2515359 -930789,2462449 -913390,2471645 -1075893,2500076 -1058667,2515359 -930789))
32739;POLYGON((2672031 -917582,2620652 -932068,2561253 -1004811,2592891 -968974,2672031 -917582))
32740;POLYGON((2816048 -822693,2770096 -862181,2655847 -881419,2686329 -830456,2816048 -822693))
32741;POLYGON((2938003 -664962,2900255 -723466,2743504 -715980,2769589 -653169,2938003 -664962))
32742;POLYGON((3031455 -460684,3003763 -533041,2815479 -518089,2834865 -446464,3031455 -460684))
32743;POLYGON((3092400 -223824,3075858 -305625,2865678 -296574,2876842 -218890,3092400 -223824))
32744;POLYGON((3118799 33764,3113895 -53750,2890189 -59414,2892235 21861,3118799 33764))
32745;POLYGON((3110169 302133,3116915 212021,2886858 186284,2879396 268981,3110169 302133))
32746;POLYGON((3067222 573028,3085267 482894,2854930 434301,2837963 516538,3067222 573028))
32747;POLYGON((2991557 839701,3020287 751640,2794729 679274,2768556 759447,2991557 839701))
32748;POLYGON((2885400 1096714,2924017 1012403,2707389 916660,2672529 993429,2885400 1096714))
32749;POLYGON((2751391 1339766,2798981 1260524,2594626 1142681,2551744 1214945,2751391 1339766))
32750;POLYGON((2592400 1565522,2647990 1492363,2458546 1354254,2408405 1421125,2592400 1565522))
32751;POLYGON((2411396 1771459,2473993 1705142,2301495 1548913,2244909 1609694,2411396 1771459))
32752;POLYGON((2211334 1955719,2279959 1896799,2125937 1724734,2063737 1778891,2211334 1955719))
32753;POLYGON((1995084 2116980,2068794 2065845,1934364 1880254,1867374 1927386,1995084 2116980))
32754;POLYGON((1765385 2254339,1843283 2211250,1729232 2014388,1658255 2054205,1765385 2254339))
32755;POLYGON((1524813 2367209,1606059 2332333,1512917 2126359,1438725 2158660,1524813 2367209))
32756;POLYGON((1275783 2455230,1359590 2428666,1287701 2215631,1211029 2240279,1275783 2455230))
32757;POLYGON((1020560 2518199,1106188 2500001,1055759 2281849,977314 2298758,1020560 2518199))
32758;POLYGON((761282 2556011,848030 2546206,819180 2324792,739639 2333910,761282 2556011))
32759;POLYGON((500000 2568619,587192 2567218,579976 2344334,500000 2345637,500000 2568619))
32760;POLYGON((238717 2556011,325688 2563016,340119 2340425,260360 2333910,238717 2556011))
