32701;POLYGON((-354342 5524051,-183262 5541471,-162764 5319156,-328606 5301577,-354342 5524051))
32702;POLYGON((-868700 5447626,-697037 5477201,-660579 5254335,-826727 5224538,-868700 5447626))
32703;POLYGON((-1385134 5333162,-1212741 5375718,-1159350 5152172,-1325806 5109399,-1385134 5333162))
32704;POLYGON((-1903717 5177463,-1730642 5234187,-1658900 5010078,-1825464 4953254,-1903717 5177463))
32705;POLYGON((-2423725 4976209,-2250319 5048670,-2158346 4824504,-2324510 4752230,-2423725 4976209))
32706;POLYGON((-2943262 4723901,-2770315 4814066,-2655759 4590930,-2820573 4501487,-2943262 4723901))
32707;POLYGON((-3458752 4413818,-3287680 4524063,-3147719 4303894,-3309621 4195267,-3458752 4413818))
32708;POLYGON((-3964297 4038039,-3797371 4171134,-3628758 3957092,-3785349 3827021,-3964297 4038039))
32709;POLYGON((-4450854 3587538,-4291495 3746605,-4090640 3543576,-4238415 3389660,-4450854 3587538))
32710;POLYGON((-4905223 3052396,-4758365 3240820,-4521485 3056105,-4655492 2875950,-4905223 3052396))
32711;POLYGON((-5308808 2422174,-5181335 2643463,-4904690 2487683,-5018131 2279140,-5308808 2422174))
32712;POLYGON((-5636133 1686482,-5537404 1944048,-5217641 1832344,-5301383 1593832,-5636133 1686482))
32713;POLYGON((-5853083 835803,-5795551 1132658,-5430178 1086245,-5472189 817194,-5853083 835803))
32714;POLYGON((-5914848 -137373,-5914779 200968,-5502802 249124,-5487490 -49441,-5914848 -137373))
32715;POLYGON((-5763538 -1237058,-5841842 -856392,-5384594 -673793,-5292046 -998511,-5763538 -1237058))
32716;POLYGON((-5325451 -2461826,-5508636 -2040053,-5010827 -1669374,-4815936 -2013604,-5325451 -2461826))
32717;POLYGON((-4507964 -3802392,-4829215 -3343654,-4300240 -2713549,-3971723 -3066217,-4507964 -3802392))
32718;POLYGON((-3196022 -5238595,-3696416 -4751032,-3151959 -3767593,-2651249 -4111779,-3196022 -5238595))
32719;POLYGON((-1248200 -6735742,-1978071 -6232789,-1442046 -4773620,-722047 -5084867,-1248200 -6735742))
32720;POLYGON((1507687 -8240196,487234 -7742142,980368 -5649186,1976656 -5893480,1507687 -8240196))
32721;POLYGON((5279456 -9674144,3894871 -9209973,4297366 -6280892,5638379 -6412291,5279456 -9674144))
32722;POLYGON((10315930 -10929437,8479361 -10538991,8726975 -6516878,10494263 -6474743,10315930 -10929437))
32723;POLYGON((16912838 -11860403,14520110 -11596896,14528377 -6158087,16818448 -5863874,16912838 -11860403))
32724;POLYGON((25419280 -12275534,22347675 -12208459,22007604 -4948167,24933941 -4301737,25419280 -12275534))
32725;POLYGON((36244766 -11927938,32350608 -12146390,31523761 -2561892,35219012 -1437297,36244766 -11927938))
32726;POLYGON((49866862 -10504430,44982904 -11120901,43495785 1408051,48114140 3167359,49866862 -10504430))
32727;POLYGON((66839473 -7613161,60772059 -8767838,58409767 7466046,64129532 10052628,66839473 -7613161))
32728;POLYGON((87801778 -2769649,80327793 -4635249,76826870 16230442,83853234 19878960,87801778 -2769649))
32729;POLYGON((113487856 4618918,104351441 1831710,99391847 28452540,107959869 33446569,113487856 4618918))
32730;POLYGON((-103351441 1831710,-112487856 4618918,-106959869 33446569,-98391847 28452540,-103351441 1831710))
32731;POLYGON((-79327793 -4635249,-86801778 -2769649,-82853234 19878960,-75826870 16230442,-79327793 -4635249))
32732;POLYGON((-59772059 -8767838,-65839473 -7613161,-63129532 10052628,-57409767 7466046,-59772059 -8767838))
32733;POLYGON((-43982904 -11120901,-48866862 -10504430,-47114140 3167359,-42495785 1408051,-43982904 -11120901))
32734;POLYGON((-31350608 -12146390,-35244766 -11927938,-34219012 -1437297,-30523761 -2561892,-31350608 -12146390))
32735;POLYGON((-21347675 -12208459,-24419280 -12275534,-23933941 -4301737,-21007604 -4948167,-21347675 -12208459))
32736;POLYGON((-13520110 -11596896,-15912838 -11860403,-15818448 -5863874,-13528377 -6158087,-13520110 -11596896))
32737;POLYGON((-7479361 -10538991,-9315930 -10929437,-9494263 -6474743,-7726975 -6516878,-7479361 -10538991))
32738;POLYGON((-2894871 -9209973,-4279456 -9674144,-4638379 -6412291,-3297366 -6280892,-2894871 -9209973))
32739;POLYGON((512765 -7742142,-507687 -8240196,-976656 -5893480,19631 -5649186,512765 -7742142))
32740;POLYGON((2978071 -6232789,2248200 -6735742,1722047 -5084867,2442046 -4773620,2978071 -6232789))
32741;POLYGON((4696416 -4751032,4196022 -5238595,3651249 -4111779,4151959 -3767593,4696416 -4751032))
32742;POLYGON((5829215 -3343654,5507964 -3802392,4971723 -3066217,5300240 -2713549,5829215 -3343654))
32743;POLYGON((6508636 -2040053,6325451 -2461826,5815936 -2013604,6010827 -1669374,6508636 -2040053))
32744;POLYGON((6841842 -856392,6763538 -1237058,6292046 -998511,6384594 -673793,6841842 -856392))
32745;POLYGON((6914779 200968,6914848 -137373,6487490 -49441,6502802 249124,6914779 200968))
32746;POLYGON((6795551 1132658,6853083 835803,6472189 817194,6430178 1086245,6795551 1132658))
32747;POLYGON((6537404 1944048,6636133 1686482,6301383 1593832,6217641 1832344,6537404 1944048))
32748;POLYGON((6181335 2643463,6308808 2422174,6018131 2279140,5904690 2487683,6181335 2643463))
32749;POLYGON((5758365 3240820,5905223 3052396,5655492 2875950,5521485 3056105,5758365 3240820))
32750;POLYGON((5291495 3746605,5450854 3587538,5238415 3389660,5090640 3543576,5291495 3746605))
32751;POLYGON((4797371 4171134,4964297 4038039,4785349 3827021,4628758 3957092,4797371 4171134))
32752;POLYGON((4287680 4524063,4458752 4413818,4309621 4195267,4147719 4303894,4287680 4524063))
32753;POLYGON((3770315 4814066,3943262 4723901,3820573 4501487,3655759 4590930,3770315 4814066))
32754;POLYGON((3250319 5048670,3423725 4976209,3324510 4752230,3158346 4824504,3250319 5048670))
32755;POLYGON((2730642 5234187,2903717 5177463,2825464 4953254,2658900 5010078,2730642 5234187))
32756;POLYGON((2212741 5375718,2385134 5333162,2325806 5109399,2159350 5152172,2212741 5375718))
32757;POLYGON((1697037 5477201,1868700 5447626,1826727 5224538,1660579 5254335,1697037 5477201))
32758;POLYGON((1183262 5541471,1354342 5524051,1328606 5301577,1162764 5319156,1183262 5541471))
32759;POLYGON((670725 5570327,841487 5564573,831298 5342478,665638 5348288,670725 5570327))
32760;POLYGON((158512 5564573,329274 5570327,334361 5348288,168701 5342478,158512 5564573))
