32701;POLYGON((119774 2202849,195390 2214103,224802 1992759,156514 1982473,119774 2202849))
32702;POLYGON((-104629 2154154,-30308 2172868,21030 1955082,-46025 1937993,-104629 2154154))
32703;POLYGON((-323813 2083219,-251457 2109320,-178419 1897078,-243615 1873276,-323813 2083219))
32704;POLYGON((-535723 1990341,-466024 2023714,-371648 1819057,-434342 1788676,-535723 1990341))
32705;POLYGON((-738231 1875972,-671907 1916447,-556717 1721474,-616253 1684702,-738231 1875972))
32706;POLYGON((-929130 1740760,-866926 1788097,-731648 1604959,-787359 1562052,-929130 1740760))
32707;POLYGON((-1106149 1585602,-1048826 1639470,-894437 1470352,-945655 1421643,-1106149 1585602))
32708;POLYGON((-1266982 1411701,-1215312 1471662,-1043082 1318741,-1089146 1264652,-1266982 1411701))
32709;POLYGON((-1409339 1220626,-1364079 1286112,-1175625 1151493,-1215903 1092551,-1409339 1220626))
32710;POLYGON((-1531017 1014372,-1492885 1084667,-1290214 970294,-1324126 907134,-1531017 1014372))
32711;POLYGON((-1630000 795420,-1599641 869641,-1385185 777170,-1412235 710546,-1630000 795420))
32712;POLYGON((-1704587 566785,-1682523 643864,-1459168 574499,-1478988 505283,-1704587 566785))
32713;POLYGON((-1753550 332054,-1740126 410729,-1511224 365015,-1523621 294193,-1753550 332054))
32714;POLYGON((-1776333 95413,-1771648 174222,-1540999 151778,-1546021 80436,-1776333 95413))
32715;POLYGON((-1773282 -138350,-1777103 -61068,-1548927 -61870,-1546930 -132570,-1773282 -138350))
32716;POLYGON((-1745919 -363872,-1757590 -289968,-1536449 -272396,-1528183 -341252,-1745919 -363872))
32717;POLYGON((-1697263 -575257,-1715589 -506749,-1506282 -476187,-1492986 -542007,-1697263 -575257))
32718;POLYGON((-1632192 -766177,-1655316 -705216,-1462720 -669728,-1446234 -731396,-1632192 -766177))
32719;POLYGON((-1557861 -930002,-1583118 -878821,-1411977 -849817,-1394867 -906383,-1557861 -930002))
32720;POLYGON((-1484168 -1059984,-1507922 -1020832,-1362582 -1013850,-1348276 -1064640,-1484168 -1059984))
32721;POLYGON((-1424282 -1149501,-1441745 -1124553,-1325806 -1160177,-1318756 -1204922,-1424282 -1149501))
32722;POLYGON((-1395222 -1192364,-1400255 -1183613,-1316154 -1288527,-1322003 -1327531,-1395222 -1192364))
32723;POLYGON((-1418507 -1183200,-1403395 -1192320,-1351899 -1400531,-1377676 -1434866,-1418507 -1183200))
32724;POLYGON((-1520865 -1117917,-1476073 -1146097,-1455673 -1500341,-1510001 -1532070,-1520865 -1117917))
32725;POLYGON((-1735012 -994255,-1648918 -1042007,-1655115 -1595349,-1748442 -1627800,-1735012 -994255))
32726;POLYGON((-2100502 -812446,-1959106 -879371,-1983581 -1697035,-2128426 -1735106,-2100502 -812446))
32727;POLYGON((-2664651 -575977,-2451258 -660498,-2480912 -1821936,-2692137 -1872453,-2664651 -575977))
32728;POLYGON((-3483539 -292473,-3178418 -391529,-3194266 -1992764,-3489374 -2064884,-3483539 -292473))
32729;POLYGON((-4623091 25282,-4203102 -83407,-4179027 -2239672,-4578469 -2345342,-4623091 25282))
32730;POLYGON((5203102 -83407,5623091 25282,5578469 -2345342,5179027 -2239672,5203102 -83407))
32731;POLYGON((4178418 -391529,4483539 -292473,4489374 -2064884,4194266 -1992764,4178418 -391529))
32732;POLYGON((3451258 -660498,3664651 -575977,3692137 -1872453,3480912 -1821936,3451258 -660498))
32733;POLYGON((2959106 -879371,3100502 -812446,3128426 -1735106,2983581 -1697035,2959106 -879371))
32734;POLYGON((2648918 -1042007,2735012 -994255,2748442 -1627800,2655115 -1595349,2648918 -1042007))
32735;POLYGON((2476073 -1146097,2520865 -1117917,2510001 -1532070,2455673 -1500341,2476073 -1146097))
32736;POLYGON((2403395 -1192320,2418507 -1183200,2377676 -1434866,2351899 -1400531,2403395 -1192320))
32737;POLYGON((2400255 -1183613,2395222 -1192364,2322003 -1327531,2316154 -1288527,2400255 -1183613))
32738;POLYGON((2441745 -1124553,2424282 -1149501,2318756 -1204922,2325806 -1160177,2441745 -1124553))
32739;POLYGON((2507922 -1020832,2484168 -1059984,2348276 -1064640,2362582 -1013850,2507922 -1020832))
32740;POLYGON((2583118 -878821,2557861 -930002,2394867 -906383,2411977 -849817,2583118 -878821))
32741;POLYGON((2655316 -705216,2632192 -766177,2446234 -731396,2462720 -669728,2655316 -705216))
32742;POLYGON((2715589 -506749,2697263 -575257,2492986 -542007,2506282 -476187,2715589 -506749))
32743;POLYGON((2757590 -289968,2745919 -363872,2528183 -341252,2536449 -272396,2757590 -289968))
32744;POLYGON((2777103 -61068,2773282 -138350,2546930 -132570,2548927 -61870,2777103 -61068))
32745;POLYGON((2771648 174222,2776333 95413,2546021 80436,2540999 151778,2771648 174222))
32746;POLYGON((2740126 410729,2753550 332054,2523621 294193,2511224 365015,2740126 410729))
32747;POLYGON((2682523 643864,2704587 566785,2478988 505283,2459168 574499,2682523 643864))
32748;POLYGON((2599641 869641,2630000 795420,2412235 710546,2385185 777170,2599641 869641))
32749;POLYGON((2492885 1084667,2531017 1014372,2324126 907134,2290214 970294,2492885 1084667))
32750;POLYGON((2364079 1286112,2409339 1220626,2215903 1092551,2175625 1151493,2364079 1286112))
32751;POLYGON((2215312 1471662,2266982 1411701,2089146 1264652,2043082 1318741,2215312 1471662))
32752;POLYGON((2048826 1639470,2106149 1585602,1945655 1421643,1894437 1470352,2048826 1639470))
32753;POLYGON((1866926 1788097,1929130 1740760,1787359 1562052,1731648 1604959,1866926 1788097))
32754;POLYGON((1671907 1916447,1738231 1875972,1616253 1684702,1556717 1721474,1671907 1916447))
32755;POLYGON((1466024 2023714,1535723 1990341,1434342 1788676,1371648 1819057,1466024 2023714))
32756;POLYGON((1251457 2109320,1323813 2083219,1243615 1873276,1178419 1897078,1251457 2109320))
32757;POLYGON((1030308 2172868,1104629 2154154,1046025 1937993,978969 1955082,1030308 2172868))
32758;POLYGON((804609 2214103,880225 2202849,843485 1982473,775197 1992759,804609 2214103))
32759;POLYGON((576330 2232874,652590 2229119,637871 2006488,568969 2009922,576330 2232874))
32760;POLYGON((347409 2229119,423669 2232874,431030 2009922,362128 2006488,347409 2229119))
