32701;POLYGON((29978 2754242,123536 2767673,151969 2546206,65518 2533602,29978 2754242))
32702;POLYGON((-248136 2696030,-155936 2718422,-106188 2500001,-191289 2479010,-248136 2696030))
32703;POLYGON((-520730 2610932,-430617 2642285,-359590 2428666,-442628 2399323,-520730 2610932))
32704;POLYGON((-785507 2498990,-698266 2539281,-606059 2332333,-686280 2294705,-785507 2498990))
32705;POLYGON((-1039974 2360358,-956460 2409518,-843283 2211250,-919882 2165457,-1039974 2360358))
32706;POLYGON((-1281409 2195388,-1202557 2253272,-1068794 2065845,-1140911 2012080,-1281409 2195388))
32707;POLYGON((-1506840 2004734,-1433668 2071082,-1279959 1896799,-1346682 1835363,-1506840 2004734))
32708;POLYGON((-1713051 1789486,-1646657 1863878,-1473993 1705142,-1534365 1636474,-1713051 1789486))
32709;POLYGON((-1896603 1551324,-1838157 1633124,-1647990 1492363,-1701024 1417080,-1896603 1551324))
32710;POLYGON((-2053883 1292704,-2004603 1380994,-1798981 1260524,-1843687 1179465,-2053883 1292704))
32711;POLYGON((-2181180 1017076,-2142309 1110581,-1924017 1012403,-1959435 926679,-2181180 1017076))
32712;POLYGON((-2274796 729129,-2247557 826131,-2020287 751640,-2045536 662682,-2274796 729129))
32713;POLYGON((-2331188 435083,-2316734 533320,-2085267 482894,-2099603 392513,-2331188 435083))
32714;POLYGON((-2347152 143014,-2346500 239565,-2116915 212021,-2119801 122463,-2347152 143014))
32715;POLYGON((-2320044 -136774,-2333998 -45615,-2113895 -53750,-2105090 -139736,-2320044 -136774))
32716;POLYGON((-2248051 -391337,-2277104 -310208,-2075858 -305625,-2055519 -384724,-2248051 -391337))
32717;POLYGON((-2130510 -604606,-2174735 -539240,-2003763 -533041,-1972563 -601306,-2130510 -604606))
32718;POLYGON((-1968273 -756869,-2027191 -714278,-1900255 -723466,-1859525 -776243,-1968273 -756869))
32719;POLYGON((-1764129 -824174,-1836567 -812851,-1770096 -862181,-1721975 -894043,-1764129 -824174))
32720;POLYGON((-1523294 -777671,-1607212 -807821,-1620652 -932068,-1568269 -936737,-1523294 -777671))
32721;POLYGON((-1253943 -582883,-1346250 -666673,-1462449 -913390,-1410118 -883666,-1253943 -582883))
32722;POLYGON((-967825 -198891,-1064169 -350729,-1309784 -783568,-1263225 -711256,-967825 -198891))
32723;POLYGON((-680936 422560,-775467 185715,-1181413 -516962,-1147998 -392797,-680936 422560))
32724;POLYGON((-414266 1338056,-499384 996352,-1101306 -84653,-1090327 101771,-414266 1338056))
32725;POLYGON((-194620 2613590,-260690 2143911,-1099483 545775,-1122444 806078,-194620 2613590))
32726;POLYGON((-55516 4325765,-90560 3701320,-1212920 1410446,-1283861 1757525,-55516 4325765))
32727;POLYGON((-38168 6563097,-27530 5752972,-1486543 2549386,-1622391 2997488,-38168 6563097))
32728;POLYGON((-192549 9427445,-118528 8396111,-1974308 4006730,-2195254 4571508,-192549 9427445))
32729;POLYGON((-578543 13035566,-420002 11742347,-2740367 5830892,-3070275 6529467,-578543 13035566))
32730;POLYGON((1420002 11742347,1578543 13035566,4070275 6529467,3740367 5830892,1420002 11742347))
32731;POLYGON((1118528 8396111,1192549 9427445,3195254 4571508,2974308 4006730,1118528 8396111))
32732;POLYGON((1027530 5752972,1038168 6563097,2622391 2997488,2486543 2549386,1027530 5752972))
32733;POLYGON((1090560 3701320,1055516 4325765,2283861 1757525,2212920 1410446,1090560 3701320))
32734;POLYGON((1260690 2143911,1194620 2613590,2122444 806078,2099483 545775,1260690 2143911))
32735;POLYGON((1499384 996352,1414266 1338056,2090327 101771,2101306 -84653,1499384 996352))
32736;POLYGON((1775467 185715,1680936 422560,2147998 -392797,2181413 -516962,1775467 185715))
32737;POLYGON((2064169 -350729,1967825 -198891,2263225 -711256,2309784 -783568,2064169 -350729))
32738;POLYGON((2346250 -666673,2253943 -582883,2410118 -883666,2462449 -913390,2346250 -666673))
32739;POLYGON((2607212 -807821,2523294 -777671,2568269 -936737,2620652 -932068,2607212 -807821))
32740;POLYGON((2836567 -812851,2764129 -824174,2721975 -894043,2770096 -862181,2836567 -812851))
32741;POLYGON((3027191 -714278,2968273 -756869,2859525 -776243,2900255 -723466,3027191 -714278))
32742;POLYGON((3174735 -539240,3130510 -604606,2972563 -601306,3003763 -533041,3174735 -539240))
32743;POLYGON((3277104 -310208,3248051 -391337,3055519 -384724,3075858 -305625,3277104 -310208))
32744;POLYGON((3333998 -45615,3320044 -136774,3105090 -139736,3113895 -53750,3333998 -45615))
32745;POLYGON((3346500 239565,3347152 143014,3119801 122463,3116915 212021,3346500 239565))
32746;POLYGON((3316734 533320,3331188 435083,3099603 392513,3085267 482894,3316734 533320))
32747;POLYGON((3247557 826131,3274796 729129,3045536 662682,3020287 751640,3247557 826131))
32748;POLYGON((3142309 1110581,3181180 1017076,2959435 926679,2924017 1012403,3142309 1110581))
32749;POLYGON((3004603 1380994,3053883 1292704,2843687 1179465,2798981 1260524,3004603 1380994))
32750;POLYGON((2838157 1633124,2896603 1551324,2701024 1417080,2647990 1492363,2838157 1633124))
32751;POLYGON((2646657 1863878,2713051 1789486,2534365 1636474,2473993 1705142,2646657 1863878))
32752;POLYGON((2433668 2071082,2506840 2004734,2346682 1835363,2279959 1896799,2433668 2071082))
32753;POLYGON((2202557 2253272,2281409 2195388,2140911 2012080,2068794 2065845,2202557 2253272))
32754;POLYGON((1956460 2409518,2039974 2360358,1919882 2165457,1843283 2211250,1956460 2409518))
32755;POLYGON((1698266 2539281,1785507 2498990,1686280 2294705,1606059 2332333,1698266 2539281))
32756;POLYGON((1430617 2642285,1520730 2610932,1442628 2399323,1359590 2428666,1430617 2642285))
32757;POLYGON((1155936 2718422,1248136 2696030,1191289 2479010,1106188 2500001,1155936 2718422))
32758;POLYGON((876463 2767673,970021 2754242,934481 2533602,848030 2546206,876463 2767673))
32759;POLYGON((594301 2790053,688528 2785577,674311 2563016,587192 2567218,594301 2790053))
32760;POLYGON((311471 2785577,405698 2790053,412807 2567218,325688 2563016,311471 2785577))
