32701;POLYGON((343435 994624,378038 999427,404988 777772,378034 774013,343435 994624))
32702;POLYGON((240875 973091,274813 981449,324592 763702,298167 757162,240875 973091))
32703;POLYGON((141028 941047,173943 952880,246065 741352,220451 732099,141028 941047))
32704;POLYGON((44955 898797,76495 913991,170250 710948,145723 699075,44955 898797))
32705;POLYGON((-46309 846752,-16484 865159,97966 672799,74793 658427,-46309 846752))
32706;POLYGON((-131767 785425,-103986 806863,30002 627298,8438 610576,-131767 785425))
32707;POLYGON((-210470 715435,-185043 739685,-32893 574915,-52609 556019,-210470 715435))
32708;POLYGON((-281528 637499,-258743 664312,-90020 516202,-107668 495330,-281528 637499))
32709;POLYGON((-344133 552435,-324250 581528,-140740 451782,-156123 429158,-344133 552435))
32710;POLYGON((-397575 461145,-380818 492207,-184486 382345,-197432 358212,-397575 461145))
32711;POLYGON((-441265 364610,-427816 397308,-220774 308639,-231144 283259,-441265 364610))
32712;POLYGON((-474764 263867,-464750 297850,-249223 231460,-256914 205103,-474764 263867))
32713;POLYGON((-497813 159983,-491299 194894,-269564 151630,-274516 124577,-497813 159983))
32714;POLYGON((-510371 54023,-507343 89510,-281666 69987,-283868 42513,-510371 54023))
32715;POLYGON((-512653 -53000,-513009 -17266,-285550 -12648,-285046 -40279,-512653 -53000))
32716;POLYGON((-505180 -160180,-508709 -124485,-281412 -95505,-278313 -123050,-505180 -160180))
32717;POLYGON((-488831 -266791,-495196 -231352,-269653 -177893,-264141 -205151,-488831 -266791))
32718;POLYGON((-464900 -372376,-473620 -337309,-250899 -259258,-243238 -286081,-464900 -372376))
32719;POLYGON((-435165 -476853,-445590 -442136,-226034 -339230,-216582 -365550,-435165 -476853))
32720;POLYGON((-401958 -580650,-413244 -546075,-196233 -417698,-185453 -443546,-401958 -580650))
32721;POLYGON((-368249 -684849,-379329 -649972,-162998 -494880,-151468 -520418,-368249 -684849))
32722;POLYGON((-337731 -791374,-347288 -755448,-128194 -571420,-116624 -596976,-337731 -791374))
32723;POLYGON((-314918 -903194,-321350 -865099,-94092 -648490,-83337 -674592,-314918 -903194))
32724;POLYGON((-305253 -1024563,-306636 -982722,-63415 -727913,-54493 -755336,-305253 -1024563))
32725;POLYGON((-315219 -1161304,-309269 -1113583,-39389 -812299,-33494 -842114,-315219 -1161304))
32726;POLYGON((-352469 -1321113,-336496 -1264717,-25791 -905201,-24315 -938833,-352469 -1321113))
32727;POLYGON((-425953 -1513925,-396821 -1445270,-27009 -1011296,-31561 -1050588,-425953 -1513925))
32728;POLYGON((-546070 -1752313,-500143 -1666889,-48103 -1136584,-60531 -1183865,-546070 -1752313))
32729;POLYGON((-724821 -2051940,-657911 -1944151,-94870 -1288605,-117280 -1346777,-724821 -2051940))
32730;POLYGON((1724821 -2051940,1799760 -2168639,1143535 -1409334,1117280 -1346777,1724821 -2051940))
32731;POLYGON((1546070 -1752313,1598497 -1844513,1076038 -1234424,1060531 -1183865,1546070 -1752313))
32732;POLYGON((1425953 -1513925,1460252 -1587619,1038521 -1092258,1031561 -1050588,1425953 -1513925))
32733;POLYGON((1352469 -1321113,1372455 -1381154,1024659 -974125,1024315 -938833,1352469 -1321113))
32734;POLYGON((1315219 -1161304,1324190 -1211569,1028907 -873024,1033494 -842114,1315219 -1161304))
32735;POLYGON((1305253 -1024563,1306041 -1068097,1046438 -783421,1054493 -755336,1305253 -1024563))
32736;POLYGON((1314918 -903194,1309938 -942337,1073072 -701034,1083337 -674592,1314918 -903194))
32737;POLYGON((1337731 -791374,1329022 -827878,1105223 -622644,1116624 -596976,1337731 -791374))
32738;POLYGON((1368249 -684849,1357517 -719976,1139838 -545918,1151468 -520418,1368249 -684849))
32739;POLYGON((1401958 -580650,1390611 -615262,1174351 -469265,1185453 -443546,1401958 -580650))
32740;POLYGON((1435165 -476853,1424349 -511489,1206630 -391703,1216582 -365550,1435165 -476853))
32741;POLYGON((1464900 -372376,1455530 -407315,1234935 -312740,1243238 -286081,1464900 -372376))
32742;POLYGON((1488831 -266791,1481619 -302113,1257878 -232277,1264141 -205151,1488831 -266791))
32743;POLYGON((1505180 -160180,1500662 -195809,1274386 -150520,1278313 -123050,1505180 -160180))
32744;POLYGON((1512653 -53000,1511211 -88750,1283662 -67906,1285046 -40279,1512653 -53000))
32745;POLYGON((1510371 54023,1512255 18419,1285160 14958,1283868 42513,1510371 54023))
32746;POLYGON((1497813 159983,1503160 124842,1278550 97352,1274516 124577,1497813 159983))
32747;POLYGON((1474764 263867,1483615 229535,1263696 178483,1256914 205103,1474764 263867))
32748;POLYGON((1441265 364610,1453580 331444,1240630 257522,1231144 283259,1441265 364610))
32749;POLYGON((1397575 461145,1413247 429499,1209533 333634,1197432 358212,1397575 461145))
32750;POLYGON((1344133 552435,1362997 522649,1170711 406003,1156123 429158,1344133 552435))
32751;POLYGON((1281528 637499,1303373 609894,1124582 473849,1107668 495330,1281528 637499))
32752;POLYGON((1210470 715435,1235047 690301,1071659 536440,1052609 556019,1210470 715435))
32753;POLYGON((1131767 785425,1158797 763024,1012535 593108,991561 610576,1131767 785425))
32754;POLYGON((1046309 846752,1075488 827313,947870 643254,925206 658427,1046309 846752))
32755;POLYGON((955044 898797,986050 882514,878380 686354,854276 699075,955044 898797))
32756;POLYGON((858971 941047,891466 928080,804830 721960,779548 732099,858971 941047))
32757;POLYGON((759124 973091,792761 963565,728018 749710,701832 757162,759124 973091))
32758;POLYGON((656564 994624,690986 988629,648774 769321,621965 774013,656564 994624))
32759;POLYGON((552370 1005441,587216 1003034,567945 780596,540799 782480,552370 1005441))
32760;POLYGON((447629 1005441,482536 1006645,486394 783423,459200 782480,447629 1005441))
