32601;POLYGON((-277901 556821,-54970 554778,-56324 332866,-279809 334095,-277901 556821))
32602;POLYGON((-953522 567226,-726892 563025,-729946 337830,-957177 340359,-953522 567226))
32603;POLYGON((-1645571 584565,-1412545 577960,-1417477 346823,-1651190 350801,-1645571 584565))
32604;POLYGON((-2362840 609902,-2120350 600479,-2127466 360387,-2370780 366065,-2362840 609902))
32605;POLYGON((-3115644 644919,-2860041 632034,-2869821 379405,-3126460 387173,-3115644 644919))
32606;POLYGON((-3916551 692178,-3643342 674860,-3656516 405233,-3931077 415684,-3916551 692178))
32607;POLYGON((-4781318 755523,-4484829 732315,-4502490 439917,-4800803 453938,-4781318 755523))
32608;POLYGON((-5730077 840665,-5403025 809410,-5426799 486513,-5756374 505420,-5730077 840665))
32609;POLYGON((-6788834 956023,-6421793 913549,-6454077 549544,-6824666 575278,-6788834 956023))
32610;POLYGON((-7991310 1113887,-7572052 1055581,-7616344 635648,-8040633 671033,-7991310 1113887))
32611;POLYGON((-9381189 1331981,-8893889 1251215,-8955229 754447,-9449680 803546,-9381189 1331981))
32612;POLYGON((-11014816 1635517,-10439099 1522904,-10524652 919711,-11110503 988285,-11014816 1635517))
32613;POLYGON((-12964392 2059856,-12274210 1902290,-12394011 1150864,-13098468 1246961,-12964392 2059856))
32614;POLYGON((-15321724 2653874,-14484040 2433321,-14651941 1474904,-15509560 1609609,-15321724 2653874))
32615;POLYGON((-18202563 3484167,-17175839 3176161,-17410686 1928816,-18464979 2117175,-18202563 3484167))
32616;POLYGON((-21751604 4640220,-20484057 4212025,-20811137 2562555,-22116409 2824710,-21751604 4640220))
32617;POLYGON((-26148168 6240705,-24575794 5649083,-25028595 3442687,-26652030 3805252,-26148168 6240705))
32618;POLYGON((-31612635 8441039,-29656984 7629577,-30279297 4656780,-32303319 5154494,-31612635 8441039))
32619;POLYGON((-38413678 11442389,-35979346 10338328,-36827780 6318654,-39352696 6996333,-38413678 11442389))
32620;POLYGON((-46876332 15502291,-43848176 14012795,-44995105 8574589,-48142053 9489432,-46876332 15502291))
32621;POLYGON((-57390956 20947073,-53631007 18954874,-55168023 11610608,-59082242 12834883,-57390956 20947073))
32622;POLYGON((-70423150 28186284,-65767197 25544641,-67809114 15660956,-72663548 17285115,-70423150 28186284))
32623;POLYGON((-86524645 37729337,-80778492 34256224,-83467961 21017904,-89467224 23154165,-86524645 37729337))
32624;POLYGON((-106345248 50204583,-99280613 45676050,-102793405 28043004,-110178116 30829456,-106345248 50204583))
32625;POLYGON((-130645869 66381050,-121995921 60523664,-126546939 37179952,-135598450 40785216,-130645869 66381050))
32626;POLYGON((-160312693 87193090,-149767194 79675384,-155617296 48969180,-166662822 53597692,-160312693 87193090))
32627;POLYGON((-196372532 113768180,-183572588 104191015,-191036264 64064360,-204454446 69962319,-196372532 113768180))
32628;POLYGON((-240009423 147458146,-224541809 135343909,-233995807 83250956,-250222711 90712995,-240009423 147458146))
32629;POLYGON((-292582505 189874079,-273973560 174654617,-285866521 107467004,-305402101 116843639,-292582505 189874079))
32630;POLYGON((334354308 223928426,-333354308 223928426,-348217496 137826288,349217496 137826288,334354308 223928426))
32631;POLYGON((274973560 174654617,293582505 189874079,306402101 116843639,286866521 107467004,274973560 174654617))
32632;POLYGON((225541809 135343909,241009423 147458146,251222711 90712995,234995807 83250956,225541809 135343909))
32633;POLYGON((184572588 104191015,197372532 113768180,205454446 69962319,192036264 64064360,184572588 104191015))
32634;POLYGON((150767194 79675384,161312693 87193090,167662822 53597692,156617296 48969180,150767194 79675384))
32635;POLYGON((122995921 60523664,131645869 66381050,136598450 40785216,127546939 37179952,122995921 60523664))
32636;POLYGON((100280613 45676050,107345248 50204583,111178116 30829456,103793405 28043004,100280613 45676050))
32637;POLYGON((81778492 34256224,87524645 37729337,90467224 23154165,84467961 21017904,81778492 34256224))
32638;POLYGON((66767197 25544641,71423150 28186284,73663548 17285115,68809114 15660956,66767197 25544641))
32639;POLYGON((54631007 18954874,58390956 20947073,60082242 12834883,56168023 11610608,54631007 18954874))
32640;POLYGON((44848176 14012795,47876332 15502291,49142053 9489432,45995105 8574589,44848176 14012795))
32641;POLYGON((36979346 10338328,39413678 11442389,40352696 6996333,37827780 6318654,36979346 10338328))
32642;POLYGON((30656984 7629577,32612635 8441039,33303319 5154494,31279297 4656780,30656984 7629577))
32643;POLYGON((25575794 5649083,27148168 6240705,27652030 3805252,26028595 3442687,25575794 5649083))
32644;POLYGON((21484057 4212025,22751604 4640220,23116409 2824710,21811137 2562555,21484057 4212025))
32645;POLYGON((18175839 3176161,19202563 3484167,19464979 2117175,18410686 1928816,18175839 3176161))
32646;POLYGON((15484040 2433321,16321724 2653874,16509560 1609609,15651941 1474904,15484040 2433321))
32647;POLYGON((13274210 1902290,13964392 2059856,14098468 1246961,13394011 1150864,13274210 1902290))
32648;POLYGON((11439099 1522904,12014816 1635517,12110503 988285,11524652 919711,11439099 1522904))
32649;POLYGON((9893889 1251215,10381189 1331981,10449680 803546,9955229 754447,9893889 1251215))
32650;POLYGON((8572052 1055581,8991310 1113887,9040633 671033,8616344 635648,8572052 1055581))
32651;POLYGON((7421793 913549,7788834 956023,7824666 575278,7454077 549544,7421793 913549))
32652;POLYGON((6403025 809410,6730077 840665,6756374 505420,6426799 486513,6403025 809410))
32653;POLYGON((5484829 732315,5781318 755523,5800803 453938,5502490 439917,5484829 732315))
32654;POLYGON((4643342 674860,4916551 692178,4931077 415684,4656516 405233,4643342 674860))
32655;POLYGON((3860041 632034,4115644 644919,4126460 387173,3869821 379405,3860041 632034))
32656;POLYGON((3120350 600479,3362840 609902,3370780 366065,3127466 360387,3120350 600479))
32657;POLYGON((2412545 577960,2645571 584565,2651190 350801,2417477 346823,2412545 577960))
32658;POLYGON((1726892 563025,1953522 567226,1957177 340359,1729946 337830,1726892 563025))
32659;POLYGON((1054970 554778,1277901 556821,1279809 334095,1056324 332866,1054970 554778))
32660;POLYGON((389140 552748,610859 552748,611129 331643,388870 331643,389140 552748))
