32601;POLYGON((-67189 3556208,122043 3547434,114051 3325528,-79218 3333984,-67189 3556208))
32602;POLYGON((-637106 3604111,-446664 3584489,-466939 3361248,-661624 3380175,-637106 3604111))
32603;POLYGON((-1212404 3685932,-1019883 3654727,-1053222 3429036,-1250361 3459187,-1212404 3685932))
32604;POLYGON((-1795553 3804786,-1600157 3760801,-1647873 3531612,-1848458 3574218,-1795553 3804786))
32605;POLYGON((-2388684 3965314,-2189754 3906817,-2253783 3673214,-2458709 3730076,-2388684 3965314))
32606;POLYGON((-2993345 4173985,-2790448 4098593,-2873488 3859916,-3083478 3933540,-2993345 4173985))
32607;POLYGON((-3610153 4439503,-3403215 4344036,-3508905 4100078,-3724400 4193862,-3610153 4439503))
32608;POLYGON((-4238300 4773340,-4027785 4653628,-4160956 4404968,-4381956 4523446,-4238300 4773340))
32609;POLYGON((-4874906 5190422,-4662052 5041058,-4829042 4789571,-5054895 4938740,-4874906 5190422))
32610;POLYGON((-5514167 5709982,-5301294 5524014,-5510352 5273653,-5739481 5461388,-5514167 5709982))
32611;POLYGON((-6146293 6356615,-5937184 6125175,-6198972 5883107,-6428533 6119683,-6146293 6356615))
32612;POLYGON((-6756194 7161580,-6556559 6873417,-6884783 6651652,-7110242 6950398,-6756194 7161580))
32613;POLYGON((-7321893 8164357,-7139933 7805289,-7552104 7622938,-7766727 8001045,-7321893 8164357))
32614;POLYGON((-7812635 9414536,-7659707 8966779,-8178073 8853138,-8372319 9332637,-7812635 9414536))
32615;POLYGON((-8186669 10974049,-8078064 10415433,-8730724 10414089,-8891536 11023042,-8186669 10974049))
32616;POLYGON((-8388672 12919821,-8344513 12222856,-9166746 12397080,-9276732 13170998,-8388672 12919821))
32617;POLYGON((-8346788 15346874,-8393063 14477665,-9428900 14917374,-9465383 15900902,-8346788 15346874))
32618;POLYGON((-7969252 18371955,-8138987 17288924,-9443055 18119550,-9377004 19368453,-7969252 18371955))
32619;POLYGON((-7140581 22137730,-7475161 20790157,-9114834 22183788,-8909649 23767272,-7140581 22137730))
32620;POLYGON((-5717296 26817631,-6267942 25143960,-8325831 27333195,-7935987 29336600,-5717296 26817631))
32621;POLYGON((-3523143 32621407,-4352564 30547312,-6929385 33842294,-6298917 36370203,-3523143 32621407))
32622;POLYGON((-343800 39801459,-1528016 37237643,-4745876 42046803,-3806702 45226612,-343800 39801459))
32623;POLYGON((4078964 48660033,2448613 45499726,-1557526 52354829,-227600 56340820,4078964 48660033))
32624;POLYGON((10053722 59557350,7868366 55673493,2897328 65259630,4716047 70237590,10053722 59557350))
32625;POLYGON((17946402 72920759,15077230 68162835,8930510 81354072,11354276 87546523,17946402 72920759))
32626;POLYGON((28187953 89255003,24483593 83445483,16910852 101346950,20076550 109019025,28187953 89255003))
32627;POLYGON((41282662 109153682,36566328 102084066,27271648 126081321,31339411 135547357,41282662 109153682))
32628;POLYGON((57817154 133312016,51883571 124738429,40518732 156555023,45674780 168185911,57817154 133312016))
32629;POLYGON((78470114 162541006,71082194 152179315,57239202 193943551,63698899 208174916,78470114 162541006))
32630;POLYGON((104022744 197783093,94908018 185303515,78110828 239625463,86121973 256966731,104022744 197783093))
32631;POLYGON((-77470114 162541006,-85401507 173569598,-69646511 223382389,-62698899 208174916,-77470114 162541006))
32632;POLYGON((-56817154 133312016,-63207503 142447930,-50239916 180631773,-44674780 168185911,-56817154 133312016))
32633;POLYGON((-40282662 109153682,-45380438 116695641,-34747870 145690780,-30339411 135547357,-40282662 109153682))
32634;POLYGON((-27187953 89255003,-31208654 95459736,-22523916 117251528,-19076550 109019025,-27187953 89255003))
32635;POLYGON((-16946402 72920759,-20075956 78008046,-13009052 94200435,-10354276 87546523,-16946402 72920759))
32636;POLYGON((-9053722 59557350,-11451646 63714581,-5722564 75593678,-3716047 70237590,-9053722 59557350))
32637;POLYGON((-3078964 48660033,-4881287 52046316,-253510 60635123,1227600 56340820,-3078964 48660033))
32638;POLYGON((1343800 39801459,21841 42551303,3747141 48656551,4806702 45226612,1343800 39801459))
32639;POLYGON((4523143 32621407,3584617 34848012,6573761 39100019,7298917 36370203,4523143 32621407))
32640;POLYGON((6717296 26817631,6081310 28615826,8472715 31502170,8935987 29336600,6717296 26817631))
32641;POLYGON((8140581 22137730,7740202 23586574,9648453 25480365,9909649 23767272,8140581 22137730))
32642;POLYGON((8969252 18371955,8749620 19537033,10269053 20720456,10377004 19368453,8969252 18371955))
32643;POLYGON((9346788 15346874,9263413 16282319,10471262 16966079,10465383 15900902,9346788 15346874))
32644;POLYGON((9388672 12919821,9405897 13670082,10365027 14009319,10276732 13170998,9388672 12919821))
32645;POLYGON((9186669 10974049,9276296 11575434,10037580 11682623,9891536 11023042,9186669 10974049))
32646;POLYGON((8812635 9414536,8952707 9896541,9557067 9851833,9372319 9332637,8812635 9414536))
32647;POLYGON((8321893 8164357,8495615 8550814,8975774 8410230,8766727 8001045,8321893 8164357))
32648;POLYGON((7756194 7161580,7950990 7471639,8332962 7273471,8110242 6950398,7756194 7161580))
32649;POLYGON((7146293 6356615,7352990 6605581,7657328 6375329,7428533 6119683,7146293 6356615))
32650;POLYGON((6514167 5709982,6726291 5910014,6969144 5664126,6739481 5461388,6514167 5709982))
32651;POLYGON((5874906 5190422,6088088 5351129,6282069 5099784,6054895 4938740,5874906 5190422))
32652;POLYGON((5238300 4773340,5449780 4902266,5604685 4651405,5381956 4523446,5238300 4773340))
32653;POLYGON((4610153 4439503,4818368 4542532,4941757 4295308,4724400 4193862,4610153 4439503))
32654;POLYGON((3993345 4173985,4197603 4255671,4295271 4013457,4083478 3933540,3993345 4173985))
32655;POLYGON((3388684 3965314,3588903 4029143,3665253 3792208,3458709 3730076,3388684 3965314))
32656;POLYGON((2795553 3804786,2992063 3853387,3050396 3621345,2848458 3574218,2795553 3804786))
32657;POLYGON((2212404 3685932,2405801 3721240,2448542 3493328,2250361 3459187,2212404 3685932))
32658;POLYGON((1637106 3604111,1828148 3627491,1857014 3402738,1661624 3380175,1637106 3604111))
32659;POLYGON((1067189 3556208,1256725 3568543,1272843 3345873,1079218 3333984,1067189 3556208))
32660;POLYGON((500000 3540435,688927 3542183,692915 3320469,500000 3318785,500000 3540435))
