32701;POLYGON((403186 1114251,422516 1115749,437898 893023,422406 891816,403186 1114251))
32702;POLYGON((287986 1098306,307066 1101788,345381 881774,330094 878968,287986 1098306))
32703;POLYGON((174977 1070556,193609 1075991,254496 860995,239576 856618,174977 1070556))
32704;POLYGON((65339 1031255,83328 1038593,166208 830889,151813 824984,65339 1031255))
32705;POLYGON((-39765 980768,-22611 989940,81462 791755,67747 784381,-39765 980768))
32706;POLYGON((-139203 919573,-123071 930492,1176 743982,-11708 735213,-139203 919573))
32707;POLYGON((-231879 848264,-216948 860823,-73769 688055,-85681 677980,-231879 848264))
32708;POLYGON((-316753 767551,-303192 781623,-142542 624548,-153349 613272,-316753 767551))
32709;POLYGON((-392856 678256,-380820 693696,-204371 554125,-213950 541767,-392856 678256))
32710;POLYGON((-459311 581310,-448939 597957,-258557 477532,-266801 464223,-459311 581310))
32711;POLYGON((-515359 477746,-506768 495420,-304493 395587,-311310 381471,-515359 477746))
32712;POLYGON((-560393 368676,-553673 387188,-341680 309174,-346999 294401,-560393 368676))
32713;POLYGON((-593988 255273,-589195 274424,-369749 219218,-373523 203947,-593988 255273))
32714;POLYGON((-615952 138733,-613100 158323,-388486 126669,-390696 111059,-615952 138733))
32715;POLYGON((-626370 20229,-625423 40068,-397856 32472,-398516 16676,-626370 20229))
32716;POLYGON((-625663 -99144,-626524 -79230,-398037 -62474,-397199 -78313,-625663 -99144))
32717;POLYGON((-614651 -218457,-617153 -198608,-389453 -157363,-387215 -173123,-614651 -218457))
32718;POLYGON((-594630 -337034,-598521 -317341,-372812 -251534,-369323 -267125,-594630 -337034))
32719;POLYGON((-567452 -454578,-572381 -435057,-349151 -344546,-344617 -359921,-567452 -454578))
32720;POLYGON((-535619 -571312,-541120 -551884,-319877 -436263,-314574 -451435,-535619 -571312))
32721;POLYGON((-502382 -688155,-507856 -668609,-286827 -526950,-281107 -542011,-502382 -688155))
32722;POLYGON((-471859 -806926,-476554 -786888,-252320 -617397,-246619 -632538,-471859 -806926))
32723;POLYGON((-449156 -930588,-452147 -909471,-219220 -709050,-214074 -724588,-449156 -930588))
32724;POLYGON((-440506 -1063524,-440670 -1040487,-191005 -804177,-187059 -820582,-440506 -1063524))
32725;POLYGON((-453418 -1211866,-449408 -1185751,-171841 -906046,-169861 -923975,-453418 -1211866))
32726;POLYGON((-496835 -1383867,-487053 -1353134,-166662 -1019139,-167551 -1039472,-496835 -1383867))
32727;POLYGON((-581318 -1590321,-563885 -1552974,-181254 -1149387,-186067 -1173273,-581318 -1590321))
32728;POLYGON((-719229 -1845045,-691950 -1798550,-222354 -1304441,-232311 -1333342,-719229 -1845045))
32729;POLYGON((-924940 -2165424,-885271 -2106610,-297744 -1493974,-314252 -1529722,-924940 -2165424))
32730;POLYGON((-1215052 -2573014,-1160062 -2497970,-416362 -1730021,-441032 -1774877,-1215052 -2573014))
32731;POLYGON((2011377 -2290400,2058315 -2356789,1371417 -1645319,1351042 -1605328,2011377 -2290400))
32732;POLYGON((1779494 -1943571,1812627 -1995786,1268277 -1426275,1255232 -1394205,1779494 -1943571))
32733;POLYGON((1620685 -1669086,1642746 -1710653,1205251 -1249448,1198030 -1223260,1620685 -1669086))
32734;POLYGON((1519862 -1448242,1533215 -1482001,1173798 -1103631,1171089 -1081684,1519862 -1448242))
32735;POLYGON((1464014 -1266095,1470693 -1294300,1166496 -979861,1167163 -960856,1464014 -1266095))
32736;POLYGON((1442004 -1110899,1443743 -1135308,1176936 -871091,1180002 -854020,1442004 -1110899))
32737;POLYGON((1444368 -973606,1442637 -995558,1199625 -771903,1204258 -756001,1444368 -973606))
32738;POLYGON((1463139 -847419,1459168 -867909,1229895 -678244,1235392 -662952,1463139 -847419))
32739;POLYGON((1491675 -727411,1486487 -747144,1263819 -587200,1269590 -572130,1491675 -727411))
32740;POLYGON((1524511 -610179,1518940 -629630,1298131 -496799,1303691 -481700,1524511 -610179))
32741;POLYGON((1557214 -493550,1551933 -513008,1330154 -405828,1335111 -390561,1557214 -493550))
32742;POLYGON((1586257 -376332,1581796 -395935,1357739 -313687,1361780 -298202,1586257 -376332))
32743;POLYGON((1608899 -258088,1605665 -277866,1379198 -220256,1382083 -204572,1608899 -258088))
32744;POLYGON((1623084 -138961,1621376 -158857,1393251 -125785,1394803 -109972,1623084 -138961))
32745;POLYGON((1627339 -19514,1627366 -39411,1398977 -30794,1399075 -14960,1627339 -19514))
32746;POLYGON((1620695 99393,1622587 79655,1395767 63997,1394336 79719,1620695 99393))
32747;POLYGON((1602604 216716,1606426 197320,1383283 157748,1380291 173208,1602604 216716))
32748;POLYGON((1572877 331298,1578638 312442,1361423 249538,1356872 264579,1572877 331298))
32749;POLYGON((1531619 441944,1539284 423827,1330282 338418,1324206 352882,1531619 441944))
32750;POLYGON((1479183 547471,1488678 530288,1290131 423443,1282590 437175,1479183 547471))
32751;POLYGON((1416120 646742,1427340 630677,1241384 503699,1232459 516550,1416120 646742))
32752;POLYGON((1343141 738695,1355958 723920,1184578 578324,1174370 590156,1343141 738695))
32753;POLYGON((1261087 822366,1275354 809034,1120352 646520,1108977 657209,1261087 822366))
32754;POLYGON((1170899 896895,1186453 885141,1049433 707569,1037017 717004,1170899 896895))
32755;POLYGON((1073596 961532,1090262 951474,972612 760838,959293 768920,1073596 961532))
32756;POLYGON((970256 1015647,987851 1007382,890739 805781,876665 812428,970256 1015647))
32757;POLYGON((862001 1058723,880336 1052329,804709 841944,790031 847091,862001 1058723))
32758;POLYGON((749984 1090357,768865 1085893,715449 868969,700325 872565,749984 1090357))
32759;POLYGON((635382 1110258,654612 1107765,623912 886590,608502 888598,635382 1110258))
32760;POLYGON((519384 1118247,538764 1117747,531069 894633,515536 895036,519384 1118247))
32601;POLYGON((403186 -8885748,422516 -8884250,437898 -9106976,422406 -9108183,403186 -8885748))
32602;POLYGON((287986 -8901693,307066 -8898211,345381 -9118225,330094 -9121031,287986 -8901693))
32603;POLYGON((174977 -8929443,193609 -8924008,254496 -9139004,239576 -9143381,174977 -8929443))
32604;POLYGON((65339 -8968744,83328 -8961406,166208 -9169110,151813 -9175015,65339 -8968744))
32605;POLYGON((-39765 -9019231,-22611 -9010059,81462 -9208244,67747 -9215618,-39765 -9019231))
32606;POLYGON((-139203 -9080426,-123071 -9069507,1176 -9256017,-11708 -9264786,-139203 -9080426))
32607;POLYGON((-231879 -9151735,-216948 -9139176,-73769 -9311944,-85681 -9322019,-231879 -9151735))
32608;POLYGON((-316753 -9232448,-303192 -9218376,-142542 -9375451,-153349 -9386727,-316753 -9232448))
32609;POLYGON((-392856 -9321743,-380820 -9306303,-204371 -9445874,-213950 -9458232,-392856 -9321743))
32610;POLYGON((-459311 -9418689,-448939 -9402042,-258557 -9522467,-266801 -9535776,-459311 -9418689))
32611;POLYGON((-515359 -9522253,-506768 -9504579,-304493 -9604412,-311310 -9618528,-515359 -9522253))
32612;POLYGON((-560393 -9631323,-553673 -9612811,-341680 -9690825,-346999 -9705598,-560393 -9631323))
32613;POLYGON((-593988 -9744726,-589195 -9725575,-369749 -9780781,-373523 -9796052,-593988 -9744726))
32614;POLYGON((-615952 -9861266,-613100 -9841676,-388486 -9873330,-390696 -9888940,-615952 -9861266))
32615;POLYGON((-626370 -9979770,-625423 -9959931,-397856 -9967527,-398516 -9983323,-626370 -9979770))
32616;POLYGON((-625663 -10099144,-626524 -10079230,-398037 -10062474,-397199 -10078313,-625663 -10099144))
32617;POLYGON((-614651 -10218457,-617153 -10198608,-389453 -10157363,-387215 -10173123,-614651 -10218457))
32618;POLYGON((-594630 -10337034,-598521 -10317341,-372812 -10251534,-369323 -10267125,-594630 -10337034))
32619;POLYGON((-567452 -10454578,-572381 -10435057,-349151 -10344546,-344617 -10359921,-567452 -10454578))
32620;POLYGON((-535619 -10571312,-541120 -10551884,-319877 -10436263,-314574 -10451435,-535619 -10571312))
32621;POLYGON((-502382 -10688155,-507856 -10668609,-286827 -10526950,-281107 -10542011,-502382 -10688155))
32622;POLYGON((-471859 -10806926,-476554 -10786888,-252320 -10617397,-246619 -10632538,-471859 -10806926))
32623;POLYGON((-449156 -10930588,-452147 -10909471,-219220 -10709050,-214074 -10724588,-449156 -10930588))
32624;POLYGON((-440506 -11063524,-440670 -11040487,-191005 -10804177,-187059 -10820582,-440506 -11063524))
32625;POLYGON((-453418 -11211866,-449408 -11185751,-171841 -10906046,-169861 -10923975,-453418 -11211866))
32626;POLYGON((-496835 -11383867,-487053 -11353134,-166662 -11019139,-167551 -11039472,-496835 -11383867))
32627;POLYGON((-581318 -11590321,-563885 -11552974,-181254 -11149387,-186067 -11173273,-581318 -11590321))
32628;POLYGON((-719229 -11845045,-691950 -11798550,-222354 -11304441,-232311 -11333342,-719229 -11845045))
32629;POLYGON((-924940 -12165424,-885271 -12106610,-297744 -11493974,-314252 -11529722,-924940 -12165424))
32630;POLYGON((-1215052 -12573014,-1160062 -12497970,-416362 -11730021,-441032 -11774877,-1215052 -12573014))
32631;POLYGON((2011377 -12290400,2058315 -12356789,1371417 -11645319,1351042 -11605328,2011377 -12290400))
32632;POLYGON((1779494 -11943571,1812627 -11995786,1268277 -11426275,1255232 -11394205,1779494 -11943571))
32633;POLYGON((1620685 -11669086,1642746 -11710653,1205251 -11249448,1198030 -11223260,1620685 -11669086))
32634;POLYGON((1519862 -11448242,1533215 -11482001,1173798 -11103631,1171089 -11081684,1519862 -11448242))
32635;POLYGON((1464014 -11266095,1470693 -11294300,1166496 -10979861,1167163 -10960856,1464014 -11266095))
32636;POLYGON((1442004 -11110899,1443743 -11135308,1176936 -10871091,1180002 -10854020,1442004 -11110899))
32637;POLYGON((1444368 -10973606,1442637 -10995558,1199625 -10771903,1204258 -10756001,1444368 -10973606))
32638;POLYGON((1463139 -10847419,1459168 -10867909,1229895 -10678244,1235392 -10662952,1463139 -10847419))
32639;POLYGON((1491675 -10727411,1486487 -10747144,1263819 -10587200,1269590 -10572130,1491675 -10727411))
32640;POLYGON((1524511 -10610179,1518940 -10629630,1298131 -10496799,1303691 -10481700,1524511 -10610179))
32641;POLYGON((1557214 -10493550,1551933 -10513008,1330154 -10405828,1335111 -10390561,1557214 -10493550))
32642;POLYGON((1586257 -10376332,1581796 -10395935,1357739 -10313687,1361780 -10298202,1586257 -10376332))
32643;POLYGON((1608899 -10258088,1605665 -10277866,1379198 -10220256,1382083 -10204572,1608899 -10258088))
32644;POLYGON((1623084 -10138961,1621376 -10158857,1393251 -10125785,1394803 -10109972,1623084 -10138961))
32645;POLYGON((1627339 -10019514,1627366 -10039411,1398977 -10030794,1399075 -10014960,1627339 -10019514))
32646;POLYGON((1620695 -9900606,1622587 -9920344,1395767 -9936002,1394336 -9920280,1620695 -9900606))
32647;POLYGON((1602604 -9783283,1606426 -9802679,1383283 -9842251,1380291 -9826791,1602604 -9783283))
32648;POLYGON((1572877 -9668701,1578638 -9687557,1361423 -9750461,1356872 -9735420,1572877 -9668701))
32649;POLYGON((1531619 -9558055,1539284 -9576172,1330282 -9661581,1324206 -9647117,1531619 -9558055))
32650;POLYGON((1479183 -9452528,1488678 -9469711,1290131 -9576556,1282590 -9562824,1479183 -9452528))
32651;POLYGON((1416120 -9353257,1427340 -9369322,1241384 -9496300,1232459 -9483449,1416120 -9353257))
32652;POLYGON((1343141 -9261304,1355958 -9276079,1184578 -9421675,1174370 -9409843,1343141 -9261304))
32653;POLYGON((1261087 -9177633,1275354 -9190965,1120352 -9353479,1108977 -9342790,1261087 -9177633))
32654;POLYGON((1170899 -9103104,1186453 -9114858,1049433 -9292430,1037017 -9282995,1170899 -9103104))
32655;POLYGON((1073596 -9038467,1090262 -9048525,972612 -9239161,959293 -9231079,1073596 -9038467))
32656;POLYGON((970256 -8984352,987851 -8992617,890739 -9194218,876665 -9187571,970256 -8984352))
32657;POLYGON((862001 -8941276,880336 -8947670,804709 -9158055,790031 -9152908,862001 -8941276))
32658;POLYGON((749984 -8909642,768865 -8914106,715449 -9131030,700325 -9127434,749984 -8909642))
32659;POLYGON((635382 -8889741,654612 -8892234,623912 -9113409,608502 -9111401,635382 -8889741))
32660;POLYGON((519384 -8881752,538764 -8882252,531069 -9105366,515536 -9104963,519384 -8881752))
