32701;POLYGON((229752 3226889,283749 3230606,297486 3008108,246926 3004563,229752 3226889))
32702;POLYGON((-92992 3187200,-39394 3195889,-5006 2975002,-55153 2966721,-92992 3187200))
32703;POLYGON((-412173 3117565,-359312 3131261,-304166 2913439,-353553 2900404,-412173 3117565))
32704;POLYGON((-725643 3017728,-673893 3036477,-597847 2823301,-646100 2805491,-725643 3017728))
32705;POLYGON((-1030999 2887399,-980782 2911249,-883707 2704477,-930412 2681880,-1030999 2887399))
32706;POLYGON((-1325501 2726347,-1277300 2755328,-1159148 2556940,-1203842 2529566,-1325501 2726347))
32707;POLYGON((-1605999 2534520,-1560369 2568622,-1421259 2380843,-1463424 2348744,-1605999 2534520))
32708;POLYGON((-1868864 2312212,-1826447 2351352,-1666781 2176655,-1705840 2139951,-1868864 2312212))
32709;POLYGON((-2109945 2060277,-2071471 2104265,-1892087 1945328,-1927396 1904238,-2109945 2060277))
32710;POLYGON((-2324520 1780407,-2290816 1828887,-2093171 1688501,-2124029 1643382,-2324520 1780407))
32711;POLYGON((-2507280 1475473,-2479272 1527869,-2265674 1408761,-2291322 1360157,-2507280 1475473))
32712;POLYGON((-2652322 1149961,-2631035 1205391,-2404926 1109946,-2424559 1058645,-2652322 1149961))
32713;POLYGON((-2753164 810493,-2739718 867681,-2506012 797520,-2518796 744620,-2753164 810493))
32714;POLYGON((-2802784 466476,-2798384 523628,-2563882 479011,-2568968 426002,-2802784 466476))
32715;POLYGON((-2793676 130869,-2799603 185542,-2573476 164531,-2570034 113391,-2793676 130869))
32716;POLYGON((-2717941 -178887,-2735535 -129955,-2529905 -132612,-2517149 -179307,-2717941 -178887))
32717;POLYGON((-2567403 -439780,-2598039 -400864,-2428652 -395208,-2405884 -434152,-2567403 -439780))
32718;POLYGON((-2333746 -621936,-2378813 -598552,-2265833 -601312,-2232486 -628324,-2333746 -621936))
32719;POLYGON((-2008699 -687112,-2069565 -686286,-2038485 -723299,-1994179 -733147,-2008699 -687112))
32720;POLYGON((-1584244 -586955,-1662217 -617530,-1744917 -726770,-1689521 -712977,-1584244 -586955))
32721;POLYGON((-1052860 -260983,-1149147 -333976,-1385103 -569307,-1318804 -523929,-1052860 -260983))
32722;POLYGON((-407812 365722,-523468 236714,-961128 -199062,-884515 -112429,-407812 365722))
32723;POLYGON((356528 1385159,220657 1183495,-477699 446853,-391848 586418,356528 1385159))
32724;POLYGON((1244313 2909396,1087654 2614865,57300 1444167,150722 1650673,1244313 2909396))
32725;POLYGON((2257807 5073958,2080133 4662188,632178 2883476,730804 3173623,2257807 5073958))
32726;POLYGON((3396932 8041639,3198439 7483429,1230744 4872512,1331387 5266096,3396932 8041639))
32727;POLYGON((4658759 12006774,4440156 11267347,1831554 7538671,1930071 8059028,4658759 12006774))
32728;POLYGON((6036956 17200005,5799560 16238182,2407077 11031820,2498227 11706328,6036956 17200005))
32729;POLYGON((7521179 23893592,7267020 22660864,2922801 15527409,3000085 16388031,7521179 23893592))
32730;POLYGON((9096406 32407294,8828343 30846802,3336246 21229903,3391736 22313799,9096406 32407294))
32731;POLYGON((-7037033 26511977,-7298557 27900914,-2212777 19181044,-2145303 18213779,-7037033 26511977))
32732;POLYGON((-5520555 19249741,-5766635 20340455,-1759985 13905513,-1674870 13142253,-5520555 19249741))
32733;POLYGON((-4105650 13588861,-4333857 14433902,-1220022 9765282,-1124459 9171544,-4105650 13588861))
32734;POLYGON((-2804144 9241928,-3012817 9886020,-632599 6565959,-532436 6112146,-2804144 9241928))
32735;POLYGON((-1623638 5965045,-1811776 6446055,-29797 4140989,70291 3801808,-1623638 5965045))
32736;POLYGON((-568128 3552330,-735291 3902148,562979 2348324,659347 2102268,-568128 3552330))
32737;POLYGON((361413 1830974,215200 2076300,1126126 1067422,1216011 896297,361413 1830974))
32738;POLYGON((1166525 656807,1040851 819853,1645033 196528,1726434 85027,1166525 656807))
32739;POLYGON((1850777 -89661,1744926 9461,2109351 -349756,2180909 -414434,1850777 -89661))
32740;POLYGON((2419349 -506767,2332361 -456511,2512321 -642666,2573215 -671157,2419349 -506767))
32741;POLYGON((2878644 -674813,2809382 -661170,2850171 -741220,2900024 -742296,2878644 -674813))
32742;POLYGON((3235955 -658820,3183156 -671909,3121572 -693954,3160364 -674798,3235955 -658820))
32743;POLYGON((3499163 -510948,3461484 -542875,3327152 -540465,3355149 -506903,3499163 -510948))
32744;POLYGON((3676483 -272601,3652541 -317131,3469068 -312762,3486749 -269479,3676483 -272601))
32745;POLYGON((3776233 23734,3764643 -28533,3550625 -36464,3558630 12817,3776233 23734))
32746;POLYGON((3806656 352913,3806056 296648,3575949 268162,3575025 320519,3806656 352913))
32747;POLYGON((3775757 695768,3784835 638337,3549708 585292,3540667 638462,3775757 695768))
32748;POLYGON((3691183 1037955,3708695 981457,3476868 902758,3460554 955018,3691183 1037955))
32749;POLYGON((3560126 1368978,3584907 1314932,3362503 1211371,3339759 1261439,3560126 1368978))
32750;POLYGON((3389254 1681363,3420232 1630836,3211631 1504346,3183280 1551288,3389254 1681363))
32751;POLYGON((3184665 1969977,3220863 1923687,3029096 1776806,2995921 1819966,3184665 1969977))
32752;POLYGON((2951866 2231462,2992409 2189865,2819471 2025368,2782203 2064301,2951866 2231462))
32753;POLYGON((2695773 2463776,2739882 2427139,2587000 2247792,2546311 2282215,2695773 2463776))
32754;POLYGON((2420725 2665819,2467715 2634273,2335563 2442694,2292065 2472441,2420725 2665819))
32755;POLYGON((2130519 2837136,2179793 2810723,2068665 2609305,2022904 2634294,2130519 2837136))
32756;POLYGON((1828458 2977686,1879498 2956392,1789444 2747277,1741910 2767479,1828458 2977686))
32757;POLYGON((1517411 3087656,1569765 3071440,1500702 2856529,1451832 2871950,1517411 3087656))
32758;POLYGON((1199884 3167327,1253158 3156140,1204945 2937129,1155133 2947785,1199884 3167327))
32759;POLYGON((878100 3216974,931938 3210775,904444 2989194,854048 2995106,878100 3216974))
32760;POLYGON((554084 3236799,608160 3235561,601293 3012835,550651 3014016,554084 3236799))
32601;POLYGON((229752 -6773110,283749 -6769393,297486 -6991891,246926 -6995436,229752 -6773110))
32602;POLYGON((-92992 -6812799,-39394 -6804110,-5006 -7024997,-55153 -7033278,-92992 -6812799))
32603;POLYGON((-412173 -6882434,-359312 -6868738,-304166 -7086560,-353553 -7099595,-412173 -6882434))
32604;POLYGON((-725643 -6982271,-673893 -6963522,-597847 -7176698,-646100 -7194508,-725643 -6982271))
32605;POLYGON((-1030999 -7112600,-980782 -7088750,-883707 -7295522,-930412 -7318119,-1030999 -7112600))
32606;POLYGON((-1325501 -7273652,-1277300 -7244671,-1159148 -7443059,-1203842 -7470433,-1325501 -7273652))
32607;POLYGON((-1605999 -7465479,-1560369 -7431377,-1421259 -7619156,-1463424 -7651255,-1605999 -7465479))
32608;POLYGON((-1868864 -7687787,-1826447 -7648647,-1666781 -7823344,-1705840 -7860048,-1868864 -7687787))
32609;POLYGON((-2109945 -7939722,-2071471 -7895734,-1892087 -8054671,-1927396 -8095761,-2109945 -7939722))
32610;POLYGON((-2324520 -8219592,-2290816 -8171112,-2093171 -8311498,-2124029 -8356617,-2324520 -8219592))
32611;POLYGON((-2507280 -8524526,-2479272 -8472130,-2265674 -8591238,-2291322 -8639842,-2507280 -8524526))
32612;POLYGON((-2652322 -8850038,-2631035 -8794608,-2404926 -8890053,-2424559 -8941354,-2652322 -8850038))
32613;POLYGON((-2753164 -9189506,-2739718 -9132318,-2506012 -9202479,-2518796 -9255379,-2753164 -9189506))
32614;POLYGON((-2802784 -9533523,-2798384 -9476371,-2563882 -9520988,-2568968 -9573997,-2802784 -9533523))
32615;POLYGON((-2793676 -9869130,-2799603 -9814457,-2573476 -9835468,-2570034 -9886608,-2793676 -9869130))
32616;POLYGON((-2717941 -10178887,-2735535 -10129955,-2529905 -10132612,-2517149 -10179307,-2717941 -10178887))
32617;POLYGON((-2567403 -10439780,-2598039 -10400864,-2428652 -10395208,-2405884 -10434152,-2567403 -10439780))
32618;POLYGON((-2333746 -10621936,-2378813 -10598552,-2265833 -10601312,-2232486 -10628324,-2333746 -10621936))
32619;POLYGON((-2008699 -10687112,-2069565 -10686286,-2038485 -10723299,-1994179 -10733147,-2008699 -10687112))
32620;POLYGON((-1584244 -10586955,-1662217 -10617530,-1744917 -10726770,-1689521 -10712977,-1584244 -10586955))
32621;POLYGON((-1052860 -10260983,-1149147 -10333976,-1385103 -10569307,-1318804 -10523929,-1052860 -10260983))
32622;POLYGON((-407812 -9634277,-523468 -9763285,-961128 -10199062,-884515 -10112429,-407812 -9634277))
32623;POLYGON((356528 -8614840,220657 -8816504,-477699 -9553146,-391848 -9413581,356528 -8614840))
32624;POLYGON((1244313 -7090603,1087654 -7385134,57300 -8555832,150722 -8349326,1244313 -7090603))
32625;POLYGON((2257807 -4926041,2080133 -5337811,632178 -7116523,730804 -6826376,2257807 -4926041))
32626;POLYGON((3396932 -1958360,3198439 -2516570,1230744 -5127487,1331387 -4733903,3396932 -1958360))
32627;POLYGON((4658759 2006774,4440156 1267347,1831554 -2461328,1930071 -1940971,4658759 2006774))
32628;POLYGON((6036956 7200005,5799560 6238182,2407077 1031820,2498227 1706328,6036956 7200005))
32629;POLYGON((7521179 13893592,7267020 12660864,2922801 5527409,3000085 6388031,7521179 13893592))
32630;POLYGON((9096406 22407294,8828343 20846802,3336246 11229903,3391736 12313799,9096406 22407294))
32631;POLYGON((-7037033 16511977,-7298557 17900914,-2212777 9181044,-2145303 8213779,-7037033 16511977))
32632;POLYGON((-5520555 9249741,-5766635 10340455,-1759985 3905513,-1674870 3142253,-5520555 9249741))
32633;POLYGON((-4105650 3588861,-4333857 4433902,-1220022 -234717,-1124459 -828455,-4105650 3588861))
32634;POLYGON((-2804144 -758071,-3012817 -113979,-632599 -3434040,-532436 -3887853,-2804144 -758071))
32635;POLYGON((-1623638 -4034954,-1811776 -3553944,-29797 -5859010,70291 -6198191,-1623638 -4034954))
32636;POLYGON((-568128 -6447669,-735291 -6097851,562979 -7651675,659347 -7897731,-568128 -6447669))
32637;POLYGON((361413 -8169025,215200 -7923699,1126126 -8932577,1216011 -9103702,361413 -8169025))
32638;POLYGON((1166525 -9343192,1040851 -9180146,1645033 -9803471,1726434 -9914972,1166525 -9343192))
32639;POLYGON((1850777 -10089661,1744926 -9990538,2109351 -10349756,2180909 -10414434,1850777 -10089661))
32640;POLYGON((2419349 -10506767,2332361 -10456511,2512321 -10642666,2573215 -10671157,2419349 -10506767))
32641;POLYGON((2878644 -10674813,2809382 -10661170,2850171 -10741220,2900024 -10742296,2878644 -10674813))
32642;POLYGON((3235955 -10658820,3183156 -10671909,3121572 -10693954,3160364 -10674798,3235955 -10658820))
32643;POLYGON((3499163 -10510948,3461484 -10542875,3327152 -10540465,3355149 -10506903,3499163 -10510948))
32644;POLYGON((3676483 -10272601,3652541 -10317131,3469068 -10312762,3486749 -10269479,3676483 -10272601))
32645;POLYGON((3776233 -9976265,3764643 -10028533,3550625 -10036464,3558630 -9987182,3776233 -9976265))
32646;POLYGON((3806656 -9647086,3806056 -9703351,3575949 -9731837,3575025 -9679480,3806656 -9647086))
32647;POLYGON((3775757 -9304231,3784835 -9361662,3549708 -9414707,3540667 -9361537,3775757 -9304231))
32648;POLYGON((3691183 -8962044,3708695 -9018542,3476868 -9097241,3460554 -9044981,3691183 -8962044))
32649;POLYGON((3560126 -8631021,3584907 -8685067,3362503 -8788628,3339759 -8738560,3560126 -8631021))
32650;POLYGON((3389254 -8318636,3420232 -8369163,3211631 -8495653,3183280 -8448711,3389254 -8318636))
32651;POLYGON((3184665 -8030022,3220863 -8076312,3029096 -8223193,2995921 -8180033,3184665 -8030022))
32652;POLYGON((2951866 -7768537,2992409 -7810134,2819471 -7974631,2782203 -7935698,2951866 -7768537))
32653;POLYGON((2695773 -7536223,2739882 -7572860,2587000 -7752207,2546311 -7717784,2695773 -7536223))
32654;POLYGON((2420725 -7334180,2467715 -7365726,2335563 -7557305,2292065 -7527558,2420725 -7334180))
32655;POLYGON((2130519 -7162863,2179793 -7189276,2068665 -7390694,2022904 -7365705,2130519 -7162863))
32656;POLYGON((1828458 -7022313,1879498 -7043607,1789444 -7252722,1741910 -7232520,1828458 -7022313))
32657;POLYGON((1517411 -6912343,1569765 -6928559,1500702 -7143470,1451832 -7128049,1517411 -6912343))
32658;POLYGON((1199884 -6832672,1253158 -6843859,1204945 -7062870,1155133 -7052214,1199884 -6832672))
32659;POLYGON((878100 -6783025,931938 -6789224,904444 -7010805,854048 -7004893,878100 -6783025))
32660;POLYGON((554084 -6763200,608160 -6764438,601293 -6987164,550651 -6985983,554084 -6763200))
