32701;POLYGON((480542 224483,484426 224789,500000 2035,499999 2035,480542 224483))
32702;POLYGON((457400 221233,461232 221943,499999 2035,499999 2035,457400 221233))
32703;POLYGON((434725 215583,438461 216689,499999 2035,499999 2035,434725 215583))
32704;POLYGON((412762 207594,416363 209084,499999 2035,499999 2035,412762 207594))
32705;POLYGON((391754 197354,395179 199212,499999 2035,499999 2035,391754 197354))
32706;POLYGON((371930 184974,375143 187180,499999 2035,499999 2035,371930 184974))
32707;POLYGON((353507 170589,356472 173119,499999 2035,499999 2035,353507 170589))
32708;POLYGON((336688 154356,339371 157183,499999 2035,499999 2035,336688 154356))
32709;POLYGON((321656 136453,324030 139545,499999 2035,499999 2035,321656 136453))
32710;POLYGON((308577 117075,310615 120399,499999 2035,499999 2035,308577 117075))
32711;POLYGON((297595 96435,299274 99953,499999 2035,499999 2035,297595 96435))
32712;POLYGON((288830 74757,290133 78432,499999 2035,499999 2035,288830 74757))
32713;POLYGON((282379 52280,283290 56071,499999 2035,499999 2035,282379 52280))
32714;POLYGON((278311 29248,278821 33115,499999 2035,499999 2035,278311 29248))
32715;POLYGON((276669 5913,276773 9813,499999 2035,499999 2035,276669 5913))
32716;POLYGON((277471 -17472,277168 -13581,499999 2035,499999 2035,277471 -17472))
32717;POLYGON((280705 -40656,279998 -36817,499999 2035,499999 2035,280705 -40656))
32718;POLYGON((286331 -63392,285230 -59644,499999 2035,499999 2035,286331 -63392))
32719;POLYGON((294285 -85441,292801 -81824,499999 2035,499999 2035,294285 -85441))
32720;POLYGON((304473 -106576,302625 -103126,499999 2035,499999 2035,304473 -106576))
32721;POLYGON((316780 -126587,314588 -123338,499999 2035,499999 2035,316780 -126587))
32722;POLYGON((331066 -145281,328554 -142264,499999 2035,499999 2035,331066 -145281))
32723;POLYGON((347170 -162494,344367 -159735,499999 2035,499999 2035,347170 -162494))
32724;POLYGON((364912 -178086,361849 -175605,499999 2035,499999 2035,364912 -178086))
32725;POLYGON((384100 -191949,380810 -189762,499999 2035,499999 2035,384100 -191949))
32726;POLYGON((404529 -204014,401047 -202130,499999 2035,499999 2035,404529 -204014))
32727;POLYGON((425987 -214249,422348 -212671,499999 2035,499999 2035,425987 -214249))
32728;POLYGON((448261 -222668,444501 -221389,499999 2035,499999 2035,448261 -222668))
32729;POLYGON((471143 -229331,467296 -228338,499999 2035,499999 2035,471143 -229331))
32730;POLYGON((494433 -234351,490531 -233622,499999 2035,499999 2035,494433 -234351))
32731;POLYGON((521129 -231180,517250 -232037,500000 2035,500000 2035,521129 -231180))
32732;POLYGON((544168 -225080,540360 -226213,500000 2035,500000 2035,544168 -225080))
32733;POLYGON((566667 -217255,562964 -218683,500000 2035,500000 2035,566667 -217255))
32734;POLYGON((588421 -207630,584856 -209361,500000 2035,500000 2035,588421 -207630))
32735;POLYGON((609217 -196173,605826 -198210,500000 2035,500000 2035,609217 -196173))
32736;POLYGON((628842 -182903,625661 -185239,500000 2035,500000 2035,628842 -182903))
32737;POLYGON((647088 -167877,644151 -170500,500000 2035,500000 2035,647088 -167877))
32738;POLYGON((663759 -151191,661098 -154082,500000 2035,500000 2035,663759 -151191))
32739;POLYGON((678669 -132973,676314 -136109,500000 2035,500000 2035,678669 -132973))
32740;POLYGON((691652 -113381,689629 -116734,500000 2035,500000 2035,691652 -113381))
32741;POLYGON((702561 -92599,700893 -96137,500000 2035,500000 2035,702561 -92599))
32742;POLYGON((711271 -70830,709977 -74517,500000 2035,500000 2035,711271 -70830))
32743;POLYGON((717682 -48297,716777 -52096,500000 2035,500000 2035,717682 -48297))
32744;POLYGON((721719 -25235,721213 -29105,500000 2035,500000 2035,721719 -25235))
32745;POLYGON((723334 -1888,723234 -5788,500000 2035,500000 2035,723334 -1888))
32746;POLYGON((722506 21491,722814 17603,500000 2035,500000 2035,722506 21491))
32747;POLYGON((719244 44652,719956 40818,500000 2035,500000 2035,719244 44652))
32748;POLYGON((713580 67342,714689 63603,500000 2035,500000 2035,713580 67342))
32749;POLYGON((705577 89313,707070 85711,500000 2035,500000 2035,705577 89313))
32750;POLYGON((695322 110325,697183 106899,500000 2035,500000 2035,695322 110325))
32751;POLYGON((682927 130148,685136 126936,500000 2035,500000 2035,682927 130148))
32752;POLYGON((668529 148565,671062 145602,500000 2035,500000 2035,668529 148565))
32753;POLYGON((652286 165375,655114 162693,500000 2035,500000 2035,652286 165375))
32754;POLYGON((634376 180394,637469 178023,500000 2035,500000 2035,634376 180394))
32755;POLYGON((614995 193459,618319 191423,500000 2035,500000 2035,614995 193459))
32756;POLYGON((594357 204426,597875 202749,500000 2035,500000 2035,594357 204426))
32757;POLYGON((572686 213176,576360 211876,500000 2035,500000 2035,572686 213176))
32758;POLYGON((550221 219614,554010 218704,500000 2035,500000 2035,550221 219614))
32759;POLYGON((527207 223669,531070 223161,500000 2035,500000 2035,527207 223669))
32760;POLYGON((503896 225298,507791 225196,500000 2035,500000 2035,503896 225298))
32601;POLYGON((480542 -9775516,484426 -9775210,500000 -9997964,499999 -9997964,480542 -9775516))
32602;POLYGON((457400 -9778766,461232 -9778056,499999 -9997964,499999 -9997964,457400 -9778766))
32603;POLYGON((434725 -9784416,438461 -9783310,499999 -9997964,499999 -9997964,434725 -9784416))
32604;POLYGON((412762 -9792405,416363 -9790915,499999 -9997964,499999 -9997964,412762 -9792405))
32605;POLYGON((391754 -9802645,395179 -9800787,499999 -9997964,499999 -9997964,391754 -9802645))
32606;POLYGON((371930 -9815025,375143 -9812819,499999 -9997964,499999 -9997964,371930 -9815025))
32607;POLYGON((353507 -9829410,356472 -9826880,499999 -9997964,499999 -9997964,353507 -9829410))
32608;POLYGON((336688 -9845643,339371 -9842816,499999 -9997964,499999 -9997964,336688 -9845643))
32609;POLYGON((321656 -9863546,324030 -9860454,499999 -9997964,499999 -9997964,321656 -9863546))
32610;POLYGON((308577 -9882924,310615 -9879600,499999 -9997964,499999 -9997964,308577 -9882924))
32611;POLYGON((297595 -9903564,299274 -9900046,499999 -9997964,499999 -9997964,297595 -9903564))
32612;POLYGON((288830 -9925242,290133 -9921567,499999 -9997964,499999 -9997964,288830 -9925242))
32613;POLYGON((282379 -9947719,283290 -9943928,499999 -9997964,499999 -9997964,282379 -9947719))
32614;POLYGON((278311 -9970751,278821 -9966884,499999 -9997964,499999 -9997964,278311 -9970751))
32615;POLYGON((276669 -9994086,276773 -9990186,499999 -9997964,499999 -9997964,276669 -9994086))
32616;POLYGON((277471 -10017472,277168 -10013581,499999 -9997964,499999 -9997964,277471 -10017472))
32617;POLYGON((280705 -10040656,279998 -10036817,499999 -9997964,499999 -9997964,280705 -10040656))
32618;POLYGON((286331 -10063392,285230 -10059644,499999 -9997964,499999 -9997964,286331 -10063392))
32619;POLYGON((294285 -10085441,292801 -10081824,499999 -9997964,499999 -9997964,294285 -10085441))
32620;POLYGON((304473 -10106576,302625 -10103126,499999 -9997964,499999 -9997964,304473 -10106576))
32621;POLYGON((316780 -10126587,314588 -10123338,499999 -9997964,499999 -9997964,316780 -10126587))
32622;POLYGON((331066 -10145281,328554 -10142264,499999 -9997964,499999 -9997964,331066 -10145281))
32623;POLYGON((347170 -10162494,344367 -10159735,499999 -9997964,499999 -9997964,347170 -10162494))
32624;POLYGON((364912 -10178086,361849 -10175605,499999 -9997964,499999 -9997964,364912 -10178086))
32625;POLYGON((384100 -10191949,380810 -10189762,499999 -9997964,499999 -9997964,384100 -10191949))
32626;POLYGON((404529 -10204014,401047 -10202130,499999 -9997964,499999 -9997964,404529 -10204014))
32627;POLYGON((425987 -10214249,422348 -10212671,499999 -9997964,499999 -9997964,425987 -10214249))
32628;POLYGON((448261 -10222668,444501 -10221389,499999 -9997964,499999 -9997964,448261 -10222668))
32629;POLYGON((471143 -10229331,467296 -10228338,499999 -9997964,499999 -9997964,471143 -10229331))
32630;POLYGON((494433 -10234351,490531 -10233622,499999 -9997964,499999 -9997964,494433 -10234351))
32631;POLYGON((521129 -10231180,517250 -10232037,500000 -9997964,500000 -9997964,521129 -10231180))
32632;POLYGON((544168 -10225080,540360 -10226213,500000 -9997964,500000 -9997964,544168 -10225080))
32633;POLYGON((566667 -10217255,562964 -10218683,500000 -9997964,500000 -9997964,566667 -10217255))
32634;POLYGON((588421 -10207630,584856 -10209361,500000 -9997964,500000 -9997964,588421 -10207630))
32635;POLYGON((609217 -10196173,605826 -10198210,500000 -9997964,500000 -9997964,609217 -10196173))
32636;POLYGON((628842 -10182903,625661 -10185239,500000 -9997964,500000 -9997964,628842 -10182903))
32637;POLYGON((647088 -10167877,644151 -10170500,500000 -9997964,500000 -9997964,647088 -10167877))
32638;POLYGON((663759 -10151191,661098 -10154082,500000 -9997964,500000 -9997964,663759 -10151191))
32639;POLYGON((678669 -10132973,676314 -10136109,500000 -9997964,500000 -9997964,678669 -10132973))
32640;POLYGON((691652 -10113381,689629 -10116734,500000 -9997964,500000 -9997964,691652 -10113381))
32641;POLYGON((702561 -10092599,700893 -10096137,500000 -9997964,500000 -9997964,702561 -10092599))
32642;POLYGON((711271 -10070830,709977 -10074517,500000 -9997964,500000 -9997964,711271 -10070830))
32643;POLYGON((717682 -10048297,716777 -10052096,500000 -9997964,500000 -9997964,717682 -10048297))
32644;POLYGON((721719 -10025235,721213 -10029105,500000 -9997964,500000 -9997964,721719 -10025235))
32645;POLYGON((723334 -10001888,723234 -10005788,500000 -9997964,500000 -9997964,723334 -10001888))
32646;POLYGON((722506 -9978508,722814 -9982396,500000 -9997964,500000 -9997964,722506 -9978508))
32647;POLYGON((719244 -9955347,719956 -9959181,500000 -9997964,500000 -9997964,719244 -9955347))
32648;POLYGON((713580 -9932657,714689 -9936396,500000 -9997964,500000 -9997964,713580 -9932657))
32649;POLYGON((705577 -9910686,707070 -9914288,500000 -9997964,500000 -9997964,705577 -9910686))
32650;POLYGON((695322 -9889674,697183 -9893100,500000 -9997964,500000 -9997964,695322 -9889674))
32651;POLYGON((682927 -9869851,685136 -9873063,500000 -9997964,500000 -9997964,682927 -9869851))
32652;POLYGON((668529 -9851434,671062 -9854397,500000 -9997964,500000 -9997964,668529 -9851434))
32653;POLYGON((652286 -9834624,655114 -9837306,500000 -9997964,500000 -9997964,652286 -9834624))
32654;POLYGON((634376 -9819605,637469 -9821976,500000 -9997964,500000 -9997964,634376 -9819605))
32655;POLYGON((614995 -9806540,618319 -9808576,500000 -9997964,500000 -9997964,614995 -9806540))
32656;POLYGON((594357 -9795573,597875 -9797250,500000 -9997964,500000 -9997964,594357 -9795573))
32657;POLYGON((572686 -9786823,576360 -9788123,500000 -9997964,500000 -9997964,572686 -9786823))
32658;POLYGON((550221 -9780385,554010 -9781295,500000 -9997964,500000 -9997964,550221 -9780385))
32659;POLYGON((527207 -9776330,531070 -9776838,500000 -9997964,500000 -9997964,527207 -9776330))
32660;POLYGON((503896 -9774701,507791 -9774803,500000 -9997964,500000 -9997964,503896 -9774701))
