32701;POLYGON((403186 18885748,422516 18884250,407229 18661538,384085 18663320,403186 18885748))
32702;POLYGON((287986 18901693,307066 18898211,268977 18678144,246124 18682287,287986 18901693))
32703;POLYGON((174977 18929443,193609 18924008,133048 18708842,110716 18715312,174977 18929443))
32704;POLYGON((65339 18968744,83328 18961406,827 18753378,-20751 18762121,65339 18968744))
32705;POLYGON((-39765 19019231,-22611 19010059,-126309 18811372,-146908 18822312,-39765 19019231))
32706;POLYGON((-139203 19080426,-123071 19069507,-247007 18882316,-266404 18895355,-139203 19080426))
32707;POLYGON((-231879 19151735,-216948 19139176,-359943 18965564,-377920 18980582,-231879 19151735))
32708;POLYGON((-316753 19232448,-303192 19218376,-463840 19060331,-480192 19077183,-316753 19232448))
32709;POLYGON((-392856 19321743,-380820 19306303,-557493 19165688,-572026 19184204,-392856 19321743))
32710;POLYGON((-459311 19418689,-448939 19402042,-639793 19280562,-652335 19300550,-459311 19418689))
32711;POLYGON((-515359 19522253,-506768 19504579,-709767 19403744,-720172 19424990,-515359 19522253))
32712;POLYGON((-560393 19631323,-553673 19612811,-766619 19533905,-774775 19556179,-560393 19631323))
32713;POLYGON((-593988 19744726,-589195 19725575,-809787 19669624,-815628 19692680,-593988 19744726))
32714;POLYGON((-615952 19861266,-613100 19841676,-839007 19809423,-842522 19833016,-615952 19861266))
32715;POLYGON((-626370 19979770,-625423 19959931,-854386 19951832,-855637 19975722,-626370 19979770))
32716;POLYGON((-625663 20099144,-626524 20079230,-856496 20095464,-855628 20119433,-625663 20099144))
32717;POLYGON((-614651 20218457,-617153 20198608,-846469 20239113,-843735 20262989,-614651 20218457))
32718;POLYGON((-594630 20337034,-598521 20317341,-826121 20381895,-821897 20405571,-594630 20337034))
32719;POLYGON((-567452 20454578,-572381 20435057,-798076 20523403,-792890 20546871,-567452 20454578))
32720;POLYGON((-535619 20571312,-541120 20551884,-765921 20663911,-760475 20687300,-535619 20571312))
32721;POLYGON((-502382 20688155,-507856 20668609,-734367 20804619,-729568 20828238,-502382 20688155))
32722;POLYGON((-471859 20806926,-476554 20786888,-709435 20947941,-706428 20972334,-471859 20806926))
32723;POLYGON((-449156 20930588,-452147 20909471,-698658 21097850,-698861 21123859,-449156 20930588))
32724;POLYGON((-440506 21063524,-440670 21040487,-711305 21260280,-716449 21289116,-440506 21063524))
32725;POLYGON((-453418 21211866,-449408 21185751,-758628 21443593,-770798 21476922,-453418 21211866))
32726;POLYGON((-496835 21383867,-487053 21353134,-854124 21659116,-875810 21699156,-496835 21383867))
32727;POLYGON((-581318 21590321,-563885 21552974,-1013833 21921757,-1047975 21971389,-581318 21590321))
32728;POLYGON((-719229 21845045,-691950 21798550,-1256643 22250705,-1306691 22313598,-719229 21845045))
32729;POLYGON((-924940 22165424,-885271 22106610,-1604639 22670222,-1674610 22750973,-924940 22165424))
32730;POLYGON((-1215052 22573014,-1160062 22497970,-2083465 23210532,-2178006 23314827,-1215052 22573014))
32731;POLYGON((2011377 22290400,2058315 22356789,2907579 23014867,2825946 22923130,2011377 22290400))
32732;POLYGON((1779494 21943571,1812627 21995786,2475447 22518588,2415978 22447405,1779494 21943571))
32733;POLYGON((1620685 21669086,1642746 21710653,2165179 22132304,2123549 22076555,1620685 21669086))
32734;POLYGON((1519862 21448242,1533215 21482001,1952358 21827886,1924842 21783456,1519862 21448242))
32735;POLYGON((1464014 21266095,1470693 21294300,1816005 21582857,1799415 21546488,1464014 21266095))
32736;POLYGON((1442004 21110899,1443743 21135308,1738217 21379536,1729844 21348694,1442004 21110899))
32737;POLYGON((1444368 20973606,1442637 20995558,1703836 21204284,1701400 21177040,1444368 20973606))
32738;POLYGON((1463139 20847419,1459168 20867909,1700143 21046827,1701741 21021752,1463139 20847419))
32739;POLYGON((1491675 20727411,1486487 20747144,1716578 20899667,1720640 20875746,1491675 20727411))
32740;POLYGON((1524511 20610179,1518940 20629630,1744476 20757573,1749725 20734121,1524511 20610179))
32741;POLYGON((1557214 20493550,1551933 20513008,1776830 20617134,1782246 20593732,1557214 20493550))
32742;POLYGON((1586257 20376332,1581796 20395935,1808080 20476375,1812861 20452810,1586257 20376332))
32743;POLYGON((1608899 20258088,1605665 20277866,1833907 20334435,1837442 20310652,1608899 20258088))
32744;POLYGON((1623084 20138961,1621376 20158857,1851063 20191291,1852904 20167351,1623084 20138961))
32745;POLYGON((1627339 20019514,1627366 20039411,1857210 20047530,1857044 20023576,1627339 20019514))
32746;POLYGON((1620695 19900606,1622587 19920344,1850773 19904161,1848403 19880391,1620695 19900606))
32747;POLYGON((1602604 19783283,1606426 19802679,1830819 19762461,1826144 19739106,1602604 19783283))
32748;POLYGON((1572877 19668701,1578638 19687557,1796941 19623857,1789938 19601161,1572877 19668701))
32749;POLYGON((1531619 19558055,1539284 19576172,1749166 19489829,1739874 19468039,1531619 19558055))
32750;POLYGON((1479183 19452528,1488678 19469711,1687865 19361840,1676375 19341195,1479183 19452528))
32751;POLYGON((1416120 19353257,1427340 19369322,1613684 19241285,1600126 19222008,1416120 19353257))
32752;POLYGON((1343141 19261304,1355958 19276079,1527484 19129456,1512019 19111750,1343141 19261304))
32753;POLYGON((1261087 19177633,1275354 19190965,1430288 19027517,1413099 19011562,1261087 19177633))
32754;POLYGON((1170899 19103104,1186453 19114858,1323240 18936493,1304526 18922447,1170899 19103104))
32755;POLYGON((1073596 19038467,1090262 19048525,1207572 18857266,1187546 18845262,1073596 19038467))
32756;POLYGON((970256 18984352,987851 18992617,1084579 18790574,1063461 18780721,970256 18984352))
32757;POLYGON((862001 18941276,880336 18947670,955595 18737016,933611 18729401,862001 18941276))
32758;POLYGON((749984 18909642,768865 18914106,821985 18697057,799363 18691744,749984 18909642))
32759;POLYGON((635382 18889741,654612 18892234,685127 18671033,662099 18668068,635382 18889741))
32760;POLYGON((519384 18881752,538764 18882252,546411 18659161,523208 18658567,519384 18881752))
32601;POLYGON((403186 8885748,422516 8884250,407229 8661538,384085 8663320,403186 8885748))
32602;POLYGON((287986 8901693,307066 8898211,268977 8678144,246124 8682287,287986 8901693))
32603;POLYGON((174977 8929443,193609 8924008,133048 8708842,110716 8715312,174977 8929443))
32604;POLYGON((65339 8968744,83328 8961406,827 8753378,-20751 8762121,65339 8968744))
32605;POLYGON((-39765 9019231,-22611 9010059,-126309 8811372,-146908 8822312,-39765 9019231))
32606;POLYGON((-139203 9080426,-123071 9069507,-247007 8882316,-266404 8895355,-139203 9080426))
32607;POLYGON((-231879 9151735,-216948 9139176,-359943 8965564,-377920 8980582,-231879 9151735))
32608;POLYGON((-316753 9232448,-303192 9218376,-463840 9060331,-480192 9077183,-316753 9232448))
32609;POLYGON((-392856 9321743,-380820 9306303,-557493 9165688,-572026 9184204,-392856 9321743))
32610;POLYGON((-459311 9418689,-448939 9402042,-639793 9280562,-652335 9300550,-459311 9418689))
32611;POLYGON((-515359 9522253,-506768 9504579,-709767 9403744,-720172 9424990,-515359 9522253))
32612;POLYGON((-560393 9631323,-553673 9612811,-766619 9533905,-774775 9556179,-560393 9631323))
32613;POLYGON((-593988 9744726,-589195 9725575,-809787 9669624,-815628 9692680,-593988 9744726))
32614;POLYGON((-615952 9861266,-613100 9841676,-839007 9809423,-842522 9833016,-615952 9861266))
32615;POLYGON((-626370 9979770,-625423 9959931,-854386 9951832,-855637 9975722,-626370 9979770))
32616;POLYGON((-625663 10099144,-626524 10079230,-856496 10095464,-855628 10119433,-625663 10099144))
32617;POLYGON((-614651 10218457,-617153 10198608,-846469 10239113,-843735 10262989,-614651 10218457))
32618;POLYGON((-594630 10337034,-598521 10317341,-826121 10381895,-821897 10405571,-594630 10337034))
32619;POLYGON((-567452 10454578,-572381 10435057,-798076 10523403,-792890 10546871,-567452 10454578))
32620;POLYGON((-535619 10571312,-541120 10551884,-765921 10663911,-760475 10687300,-535619 10571312))
32621;POLYGON((-502382 10688155,-507856 10668609,-734367 10804619,-729568 10828238,-502382 10688155))
32622;POLYGON((-471859 10806926,-476554 10786888,-709435 10947941,-706428 10972334,-471859 10806926))
32623;POLYGON((-449156 10930588,-452147 10909471,-698658 11097850,-698861 11123859,-449156 10930588))
32624;POLYGON((-440506 11063524,-440670 11040487,-711305 11260280,-716449 11289116,-440506 11063524))
32625;POLYGON((-453418 11211866,-449408 11185751,-758628 11443593,-770798 11476922,-453418 11211866))
32626;POLYGON((-496835 11383867,-487053 11353134,-854124 11659116,-875810 11699156,-496835 11383867))
32627;POLYGON((-581318 11590321,-563885 11552974,-1013833 11921757,-1047975 11971389,-581318 11590321))
32628;POLYGON((-719229 11845045,-691950 11798550,-1256643 12250705,-1306691 12313598,-719229 11845045))
32629;POLYGON((-924940 12165424,-885271 12106610,-1604639 12670222,-1674610 12750973,-924940 12165424))
32630;POLYGON((-1215052 12573014,-1160062 12497970,-2083465 13210532,-2178006 13314827,-1215052 12573014))
32631;POLYGON((2011377 12290400,2058315 12356789,2907579 13014867,2825946 12923130,2011377 12290400))
32632;POLYGON((1779494 11943571,1812627 11995786,2475447 12518588,2415978 12447405,1779494 11943571))
32633;POLYGON((1620685 11669086,1642746 11710653,2165179 12132304,2123549 12076555,1620685 11669086))
32634;POLYGON((1519862 11448242,1533215 11482001,1952358 11827886,1924842 11783456,1519862 11448242))
32635;POLYGON((1464014 11266095,1470693 11294300,1816005 11582857,1799415 11546488,1464014 11266095))
32636;POLYGON((1442004 11110899,1443743 11135308,1738217 11379536,1729844 11348694,1442004 11110899))
32637;POLYGON((1444368 10973606,1442637 10995558,1703836 11204284,1701400 11177040,1444368 10973606))
32638;POLYGON((1463139 10847419,1459168 10867909,1700143 11046827,1701741 11021752,1463139 10847419))
32639;POLYGON((1491675 10727411,1486487 10747144,1716578 10899667,1720640 10875746,1491675 10727411))
32640;POLYGON((1524511 10610179,1518940 10629630,1744476 10757573,1749725 10734121,1524511 10610179))
32641;POLYGON((1557214 10493550,1551933 10513008,1776830 10617134,1782246 10593732,1557214 10493550))
32642;POLYGON((1586257 10376332,1581796 10395935,1808080 10476375,1812861 10452810,1586257 10376332))
32643;POLYGON((1608899 10258088,1605665 10277866,1833907 10334435,1837442 10310652,1608899 10258088))
32644;POLYGON((1623084 10138961,1621376 10158857,1851063 10191291,1852904 10167351,1623084 10138961))
32645;POLYGON((1627339 10019514,1627366 10039411,1857210 10047530,1857044 10023576,1627339 10019514))
32646;POLYGON((1620695 9900606,1622587 9920344,1850773 9904161,1848403 9880391,1620695 9900606))
32647;POLYGON((1602604 9783283,1606426 9802679,1830819 9762461,1826144 9739106,1602604 9783283))
32648;POLYGON((1572877 9668701,1578638 9687557,1796941 9623857,1789938 9601161,1572877 9668701))
32649;POLYGON((1531619 9558055,1539284 9576172,1749166 9489829,1739874 9468039,1531619 9558055))
32650;POLYGON((1479183 9452528,1488678 9469711,1687865 9361840,1676375 9341195,1479183 9452528))
32651;POLYGON((1416120 9353257,1427340 9369322,1613684 9241285,1600126 9222008,1416120 9353257))
32652;POLYGON((1343141 9261304,1355958 9276079,1527484 9129456,1512019 9111750,1343141 9261304))
32653;POLYGON((1261087 9177633,1275354 9190965,1430288 9027517,1413099 9011562,1261087 9177633))
32654;POLYGON((1170899 9103104,1186453 9114858,1323240 8936493,1304526 8922447,1170899 9103104))
32655;POLYGON((1073596 9038467,1090262 9048525,1207572 8857266,1187546 8845262,1073596 9038467))
32656;POLYGON((970256 8984352,987851 8992617,1084579 8790574,1063461 8780721,970256 8984352))
32657;POLYGON((862001 8941276,880336 8947670,955595 8737016,933611 8729401,862001 8941276))
32658;POLYGON((749984 8909642,768865 8914106,821985 8697057,799363 8691744,749984 8909642))
32659;POLYGON((635382 8889741,654612 8892234,685127 8671033,662099 8668068,635382 8889741))
32660;POLYGON((519384 8881752,538764 8882252,546411 8659161,523208 8658567,519384 8881752))
