32701;POLYGON((-57002 9889044,54603 9889198,55144 9667593,-56324 9667133,-57002 9889044))
32702;POLYGON((-731474 9887387,-618308 9887753,-616926 9663265,-729946 9662169,-731474 9887387))
32703;POLYGON((-1419946 9884384,-1303877 9884984,-1301574 9654974,-1417477 9653176,-1419946 9884384))
32704;POLYGON((-2131028 9879853,-2010542 9880725,-2007176 9642222,-2127466 9639612,-2131028 9879853))
32705;POLYGON((-2874720 9873500,-2748025 9874703,-2743371 9624193,-2869821 9620594,-2874720 9873500))
32706;POLYGON((-3663119 9864869,-3528017 9866491,-3521732 9599620,-3656516 9594766,-3663119 9864869))
32707;POLYGON((-4511348 9853272,-4365063 9855449,-4356630 9566592,-4502490 9560082,-4511348 9853272))
32708;POLYGON((-5438735 9837683,-5277694 9840615,-5266343 9522249,-5426799 9513486,-5438735 9837683))
32709;POLYGON((-6470304 9816580,-6289867 9820565,-6274460 9462351,-6454077 9450455,-6470304 9816580))
32710;POLYGON((-7638634 9787730,-7432755 9793199,-7411628 9380668,-7616344 9364351,-7638634 9787730))
32711;POLYGON((-8986139 9747892,-8746956 9755471,-8717701 9268146,-8955229 9245552,-8986139 9747892))
32712;POLYGON((-10567817 9692424,-10285157 9703004,-10244343 9111801,-10524652 9080288,-10567817 9692424))
32713;POLYGON((-12454527 9614780,-12115323 9629610,-12058128 8893273,-12394011 8849135,-12454527 9614780))
32714;POLYGON((-14736847 9505851,-14324450 9526660,-14244197 8586979,-14651941 8525095,-14736847 9505851))
32715;POLYGON((-17529562 9353161,-17022950 9382302,-16910530 8157790,-17410686 8071183,-17529562 9353161))
32716;POLYGON((-20976843 9139850,-20349706 9180486,-20192863 7558146,-20811137 7437444,-20976843 9139850))
32717;POLYGON((-25258165 8843449,-24477863 8899774,-24260328 6724533,-25028595 6557312,-25258165 8843449))
32718;POLYGON((-30595016 8434390,-29621408 8511898,-29321854 5573224,-30279297 5343219,-30595016 8434390))
32719;POLYGON((-37258458 7874240,-36042576 7980036,-35633379 3995178,-36827780 3681345,-37258458 7874240))
32720;POLYGON((-45577586 7113594,-44060163 7256773,-43505933 1849999,-44995105 1425410,-45577586 7113594))
32721;POLYGON((-55948942 6089617,-54058775 6281701,-53314642 -1041154,-55168023 -1610608,-55948942 6089617))
32722;POLYGON((-68846939 4723178,-66499078 4978622,-65508702 -4903849,-67809114 -5660956,-68846939 4723178))
32723;POLYGON((-84835344 2915534,-81929102 3252312,-80622371 -10019943,-83467961 -11017904,-84835344 2915534))
32724;POLYGON((-104579876 544525,-100996650 984801,-99287050 -16738595,-102793405 -18043004,-104579876 544525))
32725;POLYGON((-128861977 -2539772,-124462870 -1968881,-122244477 -25488844,-126546939 -27179952,-128861977 -2539772))
32726;POLYGON((-158593796 -6519984,-153217032 -5785540,-150361113 -36793908,-155617296 -38969180,-158593796 -6519984))
32727;POLYGON((-194834462 -11617012,-188292583 -10679284,-184643751 -51287354,-191036264 -54064360,-194834462 -11617012))
32728;POLYGON((-238807671 -18096310,-230884511 -16907673,-226256413 -69731300,-233995807 -73250956,-238807671 -18096310))
32729;POLYGON((-291920669 -26274910,-282368093 -24778621,-276538584 -93036811,-285866521 -97467004,-291920669 -26274910))
32730;POLYGON((-355784664 -36529259,-344319062 -34658093,-337024830 -122286662,-348217496 -127826288,-355784664 -36529259))
32731;POLYGON((312928259 -29441924,323399536 -31116535,316625582 -111801579,306402101 -106843639,312928259 -29441924))
32732;POLYGON((256421306 -20616411,265126026 -21951159,259724094 -84665095,251222711 -80712995,256421306 -20616411))
32733;POLYGON((209567499 -13608669,216771079 -14665359,212492214 -63091439,205454446 -59962319,209567499 -13608669))
32734;POLYGON((170893946 -8082774,176828115 -8913427,173462670 -46057756,167662822 -43597692,170893946 -8082774))
32735;POLYGON((139117944 -3756900,143984121 -4405050,141356575 -32705037,136598450 -30785216,139117944 -3756900))
32736;POLYGON((113127531 -396024,117099969 -897877,115064276 -22316171,111178116 -20829456,113127531 -396024))
32737;POLYGON((91963437 2194581,95192136 1809115,93627570 -14296291,90467224 -13154165,91963437 2194581))
32738;POLYGON((74802378 4175164,77415778 3881544,76223243 -8155274,73663548 -7285115,74802378 4175164))
32739;POLYGON((60941651 5676627,63049111 5454875,62147876 -3492209,60082242 -2834883,60941651 5676627))
32740;POLYGON((49784959 6805070,51479039 6639049,50803856 18313,49142053 510567,49784959 6805070))
32741;POLYGON((40829436 7645769,42187975 7522560,41686569 2638237,40352696 3003666,40829436 7645769))
32742;POLYGON((33653793 8266654,34741810 8176005,34372677 4576557,33303319 4845505,33653793 8266654))
32743;POLYGON((27907546 8721310,28778965 8655173,28509481 5998441,27652030 6194747,27907546 8721310))
32744;POLYGON((23301275 9051580,24000475 9003698,23805267 7033101,23116409 7175289,23301275 9051580))
32745;POLYGON((19597851 9289774,20161067 9255340,20020621 7780515,19464979 7882824,19597851 9289774))
32746;POLYGON((16604580 9460549,17061149 9435914,16960641 8317152,16509560 8390390,16604580 9460549))
32747;POLYGON((14166220 9582484,14539687 9564916,14467998 8700772,14098468 8753038,14166220 9582484))
32748;POLYGON((12158801 9669397,12467894 9656875,12416799 8974432,12110503 9011714,12158801 9669397))
32749;POLYGON((10484208 9731418,10743692 9722469,10707190 9169789,10449680 9196453,10484208 9731418))
32750;POLYGON((9065466 9775868,9286883 9769437,9260662 9309786,9040633 9328966,9065466 9775868))
32751;POLYGON((7842684 9807961,8034983 9803299,8015989 9410806,7824666 9424721,7842684 9807961))
32752;POLYGON((6769582 9831355,6939662 9827941,6925763 9484381,6756374 9494579,6769582 9831355))
32753;POLYGON((5810580 9848582,5963737 9846058,5953463 9538515,5800803 9546061,5810580 9848582))
32754;POLYGON((4938359 9861375,5078661 9859496,5071014 9578694,4931077 9584315,4938359 9861375))
32755;POLYGON((4131877 9870905,4262469 9869506,4256774 9608640,4126460 9612826,4131877 9870905))
32756;POLYGON((3374756 9877957,3498101 9876929,3493907 9630856,3370780 9633934,3374756 9877957))
32757;POLYGON((2654002 9883055,2772076 9882325,2769084 9647011,2651190 9649198,2654002 9883055))
32758;POLYGON((1959006 9886542,2073447 9886062,2071464 9658203,1957177 9659640,1959006 9886542))
32759;POLYGON((1280763 9888634,1392989 9888376,1391894 9665131,1279809 9665904,1280763 9888634))
32760;POLYGON((611263 9889452,722561 9889402,722292 9668203,611129 9668356,611263 9889452))
32601;POLYGON((-57002 -110955,54603 -110801,55144 -332406,-56324 -332866,-57002 -110955))
32602;POLYGON((-731474 -112612,-618308 -112246,-616926 -336734,-729946 -337830,-731474 -112612))
32603;POLYGON((-1419946 -115615,-1303877 -115015,-1301574 -345025,-1417477 -346823,-1419946 -115615))
32604;POLYGON((-2131028 -120146,-2010542 -119274,-2007176 -357777,-2127466 -360387,-2131028 -120146))
32605;POLYGON((-2874720 -126499,-2748025 -125296,-2743371 -375806,-2869821 -379405,-2874720 -126499))
32606;POLYGON((-3663119 -135130,-3528017 -133508,-3521732 -400379,-3656516 -405233,-3663119 -135130))
32607;POLYGON((-4511348 -146727,-4365063 -144550,-4356630 -433407,-4502490 -439917,-4511348 -146727))
32608;POLYGON((-5438735 -162316,-5277694 -159384,-5266343 -477750,-5426799 -486513,-5438735 -162316))
32609;POLYGON((-6470304 -183419,-6289867 -179434,-6274460 -537648,-6454077 -549544,-6470304 -183419))
32610;POLYGON((-7638634 -212269,-7432755 -206800,-7411628 -619331,-7616344 -635648,-7638634 -212269))
32611;POLYGON((-8986139 -252107,-8746956 -244528,-8717701 -731853,-8955229 -754447,-8986139 -252107))
32612;POLYGON((-10567817 -307575,-10285157 -296995,-10244343 -888198,-10524652 -919711,-10567817 -307575))
32613;POLYGON((-12454527 -385219,-12115323 -370389,-12058128 -1106726,-12394011 -1150864,-12454527 -385219))
32614;POLYGON((-14736847 -494148,-14324450 -473339,-14244197 -1413020,-14651941 -1474904,-14736847 -494148))
32615;POLYGON((-17529562 -646838,-17022950 -617697,-16910530 -1842209,-17410686 -1928816,-17529562 -646838))
32616;POLYGON((-20976843 -860149,-20349706 -819513,-20192863 -2441853,-20811137 -2562555,-20976843 -860149))
32617;POLYGON((-25258165 -1156550,-24477863 -1100225,-24260328 -3275466,-25028595 -3442687,-25258165 -1156550))
32618;POLYGON((-30595016 -1565609,-29621408 -1488101,-29321854 -4426775,-30279297 -4656780,-30595016 -1565609))
32619;POLYGON((-37258458 -2125759,-36042576 -2019963,-35633379 -6004821,-36827780 -6318654,-37258458 -2125759))
32620;POLYGON((-45577586 -2886405,-44060163 -2743226,-43505933 -8150000,-44995105 -8574589,-45577586 -2886405))
32621;POLYGON((-55948942 -3910382,-54058775 -3718298,-53314642 -11041154,-55168023 -11610608,-55948942 -3910382))
32622;POLYGON((-68846939 -5276821,-66499078 -5021377,-65508702 -14903849,-67809114 -15660956,-68846939 -5276821))
32623;POLYGON((-84835344 -7084465,-81929102 -6747687,-80622371 -20019943,-83467961 -21017904,-84835344 -7084465))
32624;POLYGON((-104579876 -9455474,-100996650 -9015198,-99287050 -26738595,-102793405 -28043004,-104579876 -9455474))
32625;POLYGON((-128861977 -12539772,-124462870 -11968881,-122244477 -35488844,-126546939 -37179952,-128861977 -12539772))
32626;POLYGON((-158593796 -16519984,-153217032 -15785540,-150361113 -46793908,-155617296 -48969180,-158593796 -16519984))
32627;POLYGON((-194834462 -21617012,-188292583 -20679284,-184643751 -61287354,-191036264 -64064360,-194834462 -21617012))
32628;POLYGON((-238807671 -28096310,-230884511 -26907673,-226256413 -79731300,-233995807 -83250956,-238807671 -28096310))
32629;POLYGON((-291920669 -36274910,-282368093 -34778621,-276538584 -103036811,-285866521 -107467004,-291920669 -36274910))
32630;POLYGON((-355784664 -46529259,-344319062 -44658093,-337024830 -132286662,-348217496 -137826288,-355784664 -46529259))
32631;POLYGON((312928259 -39441924,323399536 -41116535,316625582 -121801579,306402101 -116843639,312928259 -39441924))
32632;POLYGON((256421306 -30616411,265126026 -31951159,259724094 -94665095,251222711 -90712995,256421306 -30616411))
32633;POLYGON((209567499 -23608669,216771079 -24665359,212492214 -73091439,205454446 -69962319,209567499 -23608669))
32634;POLYGON((170893946 -18082774,176828115 -18913427,173462670 -56057756,167662822 -53597692,170893946 -18082774))
32635;POLYGON((139117944 -13756900,143984121 -14405050,141356575 -42705037,136598450 -40785216,139117944 -13756900))
32636;POLYGON((113127531 -10396024,117099969 -10897877,115064276 -32316171,111178116 -30829456,113127531 -10396024))
32637;POLYGON((91963437 -7805418,95192136 -8190884,93627570 -24296291,90467224 -23154165,91963437 -7805418))
32638;POLYGON((74802378 -5824835,77415778 -6118455,76223243 -18155274,73663548 -17285115,74802378 -5824835))
32639;POLYGON((60941651 -4323372,63049111 -4545124,62147876 -13492209,60082242 -12834883,60941651 -4323372))
32640;POLYGON((49784959 -3194929,51479039 -3360950,50803856 -9981686,49142053 -9489432,49784959 -3194929))
32641;POLYGON((40829436 -2354230,42187975 -2477439,41686569 -7361762,40352696 -6996333,40829436 -2354230))
32642;POLYGON((33653793 -1733345,34741810 -1823994,34372677 -5423442,33303319 -5154494,33653793 -1733345))
32643;POLYGON((27907546 -1278689,28778965 -1344826,28509481 -4001558,27652030 -3805252,27907546 -1278689))
32644;POLYGON((23301275 -948419,24000475 -996301,23805267 -2966898,23116409 -2824710,23301275 -948419))
32645;POLYGON((19597851 -710225,20161067 -744659,20020621 -2219484,19464979 -2117175,19597851 -710225))
32646;POLYGON((16604580 -539450,17061149 -564085,16960641 -1682847,16509560 -1609609,16604580 -539450))
32647;POLYGON((14166220 -417515,14539687 -435083,14467998 -1299227,14098468 -1246961,14166220 -417515))
32648;POLYGON((12158801 -330602,12467894 -343124,12416799 -1025567,12110503 -988285,12158801 -330602))
32649;POLYGON((10484208 -268581,10743692 -277530,10707190 -830210,10449680 -803546,10484208 -268581))
32650;POLYGON((9065466 -224131,9286883 -230562,9260662 -690213,9040633 -671033,9065466 -224131))
32651;POLYGON((7842684 -192038,8034983 -196700,8015989 -589193,7824666 -575278,7842684 -192038))
32652;POLYGON((6769582 -168644,6939662 -172058,6925763 -515618,6756374 -505420,6769582 -168644))
32653;POLYGON((5810580 -151417,5963737 -153941,5953463 -461484,5800803 -453938,5810580 -151417))
32654;POLYGON((4938359 -138624,5078661 -140503,5071014 -421305,4931077 -415684,4938359 -138624))
32655;POLYGON((4131877 -129094,4262469 -130493,4256774 -391359,4126460 -387173,4131877 -129094))
32656;POLYGON((3374756 -122042,3498101 -123070,3493907 -369143,3370780 -366065,3374756 -122042))
32657;POLYGON((2654002 -116944,2772076 -117674,2769084 -352988,2651190 -350801,2654002 -116944))
32658;POLYGON((1959006 -113457,2073447 -113937,2071464 -341796,1957177 -340359,1959006 -113457))
32659;POLYGON((1280763 -111365,1392989 -111623,1391894 -334868,1279809 -334095,1280763 -111365))
32660;POLYGON((611263 -110547,722561 -110597,722292 -331796,611129 -331643,611263 -110547))
