32701;POLYGON((255630 2893393,304449 2896847,318552 2674300,273260 2671044,255630 2893393))
32702;POLYGON((-35987 2856544,12413 2864607,47681 2643907,2808 2636310,-35987 2856544))
32703;POLYGON((-323893 2792002,-276257 2804685,-219810 2587473,-263916 2575538,-323893 2792002))
32704;POLYGON((-605914 2699707,-559417 2717019,-481797 2505036,-524769 2488775,-605914 2699707))
32705;POLYGON((-879692 2579640,-834741 2601578,-736015 2396703,-777462 2376143,-879692 2579640))
32706;POLYGON((-1142636 2431894,-1099682 2458431,-980037 2262706,-1019534 2237904,-1142636 2431894))
32707;POLYGON((-1391879 2256769,-1351420 2287836,-1211235 2103477,-1248326 2074531,-1391879 2256769))
32708;POLYGON((-1624256 2054900,-1586841 2090362,-1426784 1919744,-1460978 1886812,-1624256 2054900))
32709;POLYGON((-1836297 1827409,-1802525 1867037,-1623664 1712643,-1654441 1675962,-1836297 1827409))
32710;POLYGON((-2024241 1576089,-1994758 1619529,-1798695 1483852,-1825513 1443767,-2024241 1576089))
32711;POLYGON((-2184078 1303637,-2159567 1350366,-1948597 1235747,-1970905 1192732,-2184078 1303637))
32712;POLYGON((-2311614 1013914,-2292782 1063195,-2070076 971576,-2087333 926271,-2311614 1013914))
32713;POLYGON((-2402568 712267,-2390131 763090,-2159947 695655,-2171642 648899,-2402568 712267))
32714;POLYGON((-2452709 405894,-2447361 456914,-2215288 413596,-2220972 366466,-2452709 405894))
32715;POLYGON((-2458016 104274,-2460404 153732,-2233634 132546,-2232959 86402,-2458016 104274))
32716;POLYGON((-2414895 -180334,-2425579 -134697,-2213222 -138536,-2205979 -182005,-2414895 -180334))
32717;POLYGON((-2320425 -432330,-2339833 -393373,-2153266 -388589,-2139444 -427311,-2320425 -432330))
32718;POLYGON((-2172659 -632107,-2201033 -603406,-2054301 -604114,-2034142 -635578,-2172659 -632107))
32719;POLYGON((-1970970 -755320,-2008308 -741296,-1918559 -768822,-1892632 -790016,-1970970 -755320))
32720;POLYGON((-1716454 -772034,-1762433 -778104,-1750421 -863249,-1719698 -870591,-1716454 -772034))
32721;POLYGON((-1412379 -645776,-1466284 -678516,-1556913 -864333,-1522861 -853599,-1412379 -645776))
32722;POLYGON((-1064709 -332460,-1125334 -399797,-1348272 -744961,-1312954 -711204,-1064709 -332460))
32723;POLYGON((-682670 220818,-748226 109400,-1138582 -473478,-1104766 -410942,-682670 220818))
32724;POLYGON((-279402 1077130,-347397 910351,-946467 -13154,-917753 84813,-279402 1077130))
32725;POLYGON((127341 2311209,60219 2075735,-795873 678380,-776826 819432,127341 2311209))
32726;POLYGON((514405 4011125,452425 3691276,-716911 1649750,-713215 1842644,514405 4011125))
32727;POLYGON((852381 6280130,800917 5857558,-746793 2956493,-765409 3211206,852381 6280130))
32728;POLYGON((1104674 9238698,1070367 8692036,-930841 4661762,-980187 4989611,1104674 9238698))
32729;POLYGON((1226489 13026779,1217420 12331247,-1323587 6837079,-1413731 7250856,1226489 13026779))
32730;POLYGON((1163733 17806269,1189612 16933248,-1989966 9563145,-2132829 10077250,1163733 17806269))
32731;POLYGON((-229039 14501108,-221958 15281550,2732962 8587878,2618074 8125843,-229039 14501108))
32732;POLYGON((-162245 10401705,-185041 11019476,2165703 6054962,2097327 5685846,-162245 10401705))
32733;POLYGON((51967 7183213,8166 7664956,1849198 4044824,1816367 3755047,51967 7183213))
32734;POLYGON((365832 4698654,308363 5067391,1722120 2479915,1715617 2257440,365832 4698654))
32735;POLYGON((740136 2821320,674986 3096863,1733133 1291589,1745290 1125785,740136 2821320))
32736;POLYGON((1143182 1442458,1075154 1641777,1839736 419313,1864253 300826,1143182 1442458))
32737;POLYGON((1549832 469150,1482697 606716,2007193 -190070,2038965 -269430,1549832 469150))
32738;POLYGON((1940619 -177588,1877264 -89503,2207547 -583030,2242509 -630404,1940619 -177588))
32739;POLYGON((2300950 -564541,2243500 -515585,2418718 -799991,2453702 -821570,2300950 -564541))
32740;POLYGON((2620368 -747843,2570308 -729340,2623675 -875928,2656280 -877053,2620368 -747843))
32741;POLYGON((2891889 -774381,2850168 -779103,2809693 -840927,2838169 -826172,2891889 -774381))
32742;POLYGON((3111406 -683040,3078532 -705013,2967672 -720697,2990809 -693957,3111406 -683040))
32743;POLYGON((3277153 -505821,3253278 -540147,3091525 -537053,3108565 -501616,3277153 -505821))
32744;POLYGON((3389230 -268836,3374227 -311532,3177643 -308355,3188189 -266974,3389230 -268836))
32745;POLYGON((3449184 6819,3442711 -41045,3224404 -49919,3228348 -4879,3449184 6819))
32746;POLYGON((3459648 304283,3461204 253795,3231755 225605,3229215 272431,3459648 304283))
32747;POLYGON((3424021 610251,3432999 559138,3200841 507891,3192101 554985,3424021 610251))
32748;POLYGON((3346208 914377,3361931 864180,3133690 788617,3119154 834766,3346208 914377))
32749;POLYGON((3230390 1208751,3252150 1160639,3032942 1061176,3013093 1105428,3230390 1208751))
32750;POLYGON((3080847 1487456,3107932 1442294,2901626 1320415,2876994 1362034,3080847 1487456))
32751;POLYGON((2901816 1746171,2933526 1704583,2742980 1562395,2714114 1600828,2901816 1746171))
32752;POLYGON((2697376 1981844,2733047 1944263,2560305 1784182,2527753 1819024,2697376 1981844))
32753;POLYGON((2471377 2192407,2510385 2159121,2356856 1983650,2321151 2014613,2471377 2192407))
32754;POLYGON((2227389 2376538,2269160 2347723,2135764 2159319,2097411 2186208,2227389 2376538))
32755;POLYGON((1968679 2533457,2012690 2509214,1899987 2310201,1859460 2332891,1968679 2533457))
32756;POLYGON((1698212 2662769,1743989 2643143,1652285 2435680,1610024 2454096,1698212 2662769))
32757;POLYGON((1418666 2764323,1465782 2749326,1395216 2535400,1351630 2549501,1418666 2764323))
32758;POLYGON((1132473 2838110,1180537 2827738,1131151 2609177,1086617 2618944,1132473 2838110))
32759;POLYGON((841859 2884183,890512 2878426,862301 2656933,817176 2662360,841859 2884183))
32760;POLYGON((548910 2902602,597812 2901451,590760 2678642,545385 2679728,548910 2902602))
32601;POLYGON((255630 -7106606,304449 -7103152,318552 -7325699,273260 -7328955,255630 -7106606))
32602;POLYGON((-35987 -7143455,12413 -7135392,47681 -7356092,2808 -7363689,-35987 -7143455))
32603;POLYGON((-323893 -7207997,-276257 -7195314,-219810 -7412526,-263916 -7424461,-323893 -7207997))
32604;POLYGON((-605914 -7300292,-559417 -7282980,-481797 -7494963,-524769 -7511224,-605914 -7300292))
32605;POLYGON((-879692 -7420359,-834741 -7398421,-736015 -7603296,-777462 -7623856,-879692 -7420359))
32606;POLYGON((-1142636 -7568105,-1099682 -7541568,-980037 -7737293,-1019534 -7762095,-1142636 -7568105))
32607;POLYGON((-1391879 -7743230,-1351420 -7712163,-1211235 -7896522,-1248326 -7925468,-1391879 -7743230))
32608;POLYGON((-1624256 -7945099,-1586841 -7909637,-1426784 -8080255,-1460978 -8113187,-1624256 -7945099))
32609;POLYGON((-1836297 -8172590,-1802525 -8132962,-1623664 -8287356,-1654441 -8324037,-1836297 -8172590))
32610;POLYGON((-2024241 -8423910,-1994758 -8380470,-1798695 -8516147,-1825513 -8556232,-2024241 -8423910))
32611;POLYGON((-2184078 -8696362,-2159567 -8649633,-1948597 -8764252,-1970905 -8807267,-2184078 -8696362))
32612;POLYGON((-2311614 -8986085,-2292782 -8936804,-2070076 -9028423,-2087333 -9073728,-2311614 -8986085))
32613;POLYGON((-2402568 -9287732,-2390131 -9236909,-2159947 -9304344,-2171642 -9351100,-2402568 -9287732))
32614;POLYGON((-2452709 -9594105,-2447361 -9543085,-2215288 -9586403,-2220972 -9633533,-2452709 -9594105))
32615;POLYGON((-2458016 -9895725,-2460404 -9846267,-2233634 -9867453,-2232959 -9913597,-2458016 -9895725))
32616;POLYGON((-2414895 -10180334,-2425579 -10134697,-2213222 -10138536,-2205979 -10182005,-2414895 -10180334))
32617;POLYGON((-2320425 -10432330,-2339833 -10393373,-2153266 -10388589,-2139444 -10427311,-2320425 -10432330))
32618;POLYGON((-2172659 -10632107,-2201033 -10603406,-2054301 -10604114,-2034142 -10635578,-2172659 -10632107))
32619;POLYGON((-1970970 -10755320,-2008308 -10741296,-1918559 -10768822,-1892632 -10790016,-1970970 -10755320))
32620;POLYGON((-1716454 -10772034,-1762433 -10778104,-1750421 -10863249,-1719698 -10870591,-1716454 -10772034))
32621;POLYGON((-1412379 -10645776,-1466284 -10678516,-1556913 -10864333,-1522861 -10853599,-1412379 -10645776))
32622;POLYGON((-1064709 -10332460,-1125334 -10399797,-1348272 -10744961,-1312954 -10711204,-1064709 -10332460))
32623;POLYGON((-682670 -9779181,-748226 -9890599,-1138582 -10473478,-1104766 -10410942,-682670 -9779181))
32624;POLYGON((-279402 -8922869,-347397 -9089648,-946467 -10013154,-917753 -9915186,-279402 -8922869))
32625;POLYGON((127341 -7688790,60219 -7924264,-795873 -9321619,-776826 -9180567,127341 -7688790))
32626;POLYGON((514405 -5988874,452425 -6308723,-716911 -8350249,-713215 -8157355,514405 -5988874))
32627;POLYGON((852381 -3719869,800917 -4142441,-746793 -7043506,-765409 -6788793,852381 -3719869))
32628;POLYGON((1104674 -761301,1070367 -1307963,-930841 -5338237,-980187 -5010388,1104674 -761301))
32629;POLYGON((1226489 3026779,1217420 2331247,-1323587 -3162920,-1413731 -2749143,1226489 3026779))
32630;POLYGON((1163733 7806269,1189612 6933248,-1989966 -436854,-2132829 77250,1163733 7806269))
32631;POLYGON((-229039 4501108,-221958 5281550,2732962 -1412121,2618074 -1874156,-229039 4501108))
32632;POLYGON((-162245 401705,-185041 1019476,2165703 -3945037,2097327 -4314153,-162245 401705))
32633;POLYGON((51967 -2816786,8166 -2335043,1849198 -5955175,1816367 -6244952,51967 -2816786))
32634;POLYGON((365832 -5301345,308363 -4932608,1722120 -7520084,1715617 -7742559,365832 -5301345))
32635;POLYGON((740136 -7178679,674986 -6903136,1733133 -8708410,1745290 -8874214,740136 -7178679))
32636;POLYGON((1143182 -8557541,1075154 -8358222,1839736 -9580686,1864253 -9699173,1143182 -8557541))
32637;POLYGON((1549832 -9530849,1482697 -9393283,2007193 -10190070,2038965 -10269430,1549832 -9530849))
32638;POLYGON((1940619 -10177588,1877264 -10089503,2207547 -10583030,2242509 -10630404,1940619 -10177588))
32639;POLYGON((2300950 -10564541,2243500 -10515585,2418718 -10799991,2453702 -10821570,2300950 -10564541))
32640;POLYGON((2620368 -10747843,2570308 -10729340,2623675 -10875928,2656280 -10877053,2620368 -10747843))
32641;POLYGON((2891889 -10774381,2850168 -10779103,2809693 -10840927,2838169 -10826172,2891889 -10774381))
32642;POLYGON((3111406 -10683040,3078532 -10705013,2967672 -10720697,2990809 -10693957,3111406 -10683040))
32643;POLYGON((3277153 -10505821,3253278 -10540147,3091525 -10537053,3108565 -10501616,3277153 -10505821))
32644;POLYGON((3389230 -10268836,3374227 -10311532,3177643 -10308355,3188189 -10266974,3389230 -10268836))
32645;POLYGON((3449184 -9993180,3442711 -10041045,3224404 -10049919,3228348 -10004879,3449184 -9993180))
32646;POLYGON((3459648 -9695716,3461204 -9746204,3231755 -9774394,3229215 -9727568,3459648 -9695716))
32647;POLYGON((3424021 -9389748,3432999 -9440861,3200841 -9492108,3192101 -9445014,3424021 -9389748))
32648;POLYGON((3346208 -9085622,3361931 -9135819,3133690 -9211382,3119154 -9165233,3346208 -9085622))
32649;POLYGON((3230390 -8791248,3252150 -8839360,3032942 -8938823,3013093 -8894571,3230390 -8791248))
32650;POLYGON((3080847 -8512543,3107932 -8557705,2901626 -8679584,2876994 -8637965,3080847 -8512543))
32651;POLYGON((2901816 -8253828,2933526 -8295416,2742980 -8437604,2714114 -8399171,2901816 -8253828))
32652;POLYGON((2697376 -8018155,2733047 -8055736,2560305 -8215817,2527753 -8180975,2697376 -8018155))
32653;POLYGON((2471377 -7807592,2510385 -7840878,2356856 -8016349,2321151 -7985386,2471377 -7807592))
32654;POLYGON((2227389 -7623461,2269160 -7652276,2135764 -7840680,2097411 -7813791,2227389 -7623461))
32655;POLYGON((1968679 -7466542,2012690 -7490785,1899987 -7689798,1859460 -7667108,1968679 -7466542))
32656;POLYGON((1698212 -7337230,1743989 -7356856,1652285 -7564319,1610024 -7545903,1698212 -7337230))
32657;POLYGON((1418666 -7235676,1465782 -7250673,1395216 -7464599,1351630 -7450498,1418666 -7235676))
32658;POLYGON((1132473 -7161889,1180537 -7172261,1131151 -7390822,1086617 -7381055,1132473 -7161889))
32659;POLYGON((841859 -7115816,890512 -7121573,862301 -7343066,817176 -7337639,841859 -7115816))
32660;POLYGON((548910 -7097397,597812 -7098548,590760 -7321357,545385 -7320271,548910 -7097397))
