32701;POLYGON((-23538 12219308,81316 12216485,76269 11994761,-29860 11997342,-23538 12219308))
32702;POLYGON((-656136 12249769,-550165 12243050,-563025 12019061,-670349 12025209,-656136 12249769))
32703;POLYGON((-1298652 12304672,-1190638 12293724,-1211956 12065452,-1321475 12075482,-1298652 12304672))
32704;POLYGON((-1956843 12386811,-1845799 12371066,-1876696 12136358,-1989484 12150808,-1956843 12386811))
32705;POLYGON((-2636913 12500601,-2521768 12479191,-2563968 12235693,-2681219 12255392,-2636913 12500601))
32706;POLYGON((-3345671 12652600,-3225241 12624254,-3281292 12369351,-3404351 12395521,-3345671 12652600))
32707;POLYGON((-4090695 12852296,-3963658 12815186,-4037240 12545953,-4167661 12580367,-4090695 12852296))
32708;POLYGON((-4880494 13113256,-4745358 13064776,-4841747 12777950,-4981341 12823157,-4880494 13113256))
32709;POLYGON((-5724668 13454727,-5579752 13391189,-5706453 13083185,-5857353 13142826,-5724668 13454727))
32710;POLYGON((-6634085 13903830,-6477482 13820053,-6645097 13487052,-6809829 13566283,-6634085 13903830))
32711;POLYGON((-7621043 14498492,-7450596 14387255,-7673980 14025392,-7855543 14131456,-7621043 14498492))
32712;POLYGON((-8699450 15291278,-8512722 15142610,-8812478 14748318,-9014444 14891284,-8699450 15291278))
32713;POLYGON((-9884999 16354308,-9679243 16154583,-10083648 15725152,-10310262 15918859,-9884999 16354308))
32714;POLYGON((-11195351 17785480,-10967479 17516286,-11514902 17050688,-11771210 17313937,-11195351 17785480))
32715;POLYGON((-12650322 19716214,-12396874 19352938,-13138777 18853037,-13430759 19211067,-12650322 19716214))
32716;POLYGON((-14272077 22320961,-13989187 21831077,-14993804 21303286,-15328530 21789585,-14272077 22320961))
32717;POLYGON((-16085323 25828760,-15768688 25169746,-17125474 24627284,-17511280 25285774,-16085323 25828760))
32718;POLYGON((-18117516 30537117,-17762360 29653967,-19587331 29119823,-20034004 30007484,-18117516 30537117))
32719;POLYGON((-20399067 36828517,-20000108 35650796,-22442171 35161566,-22961169 36351547,-20399067 36828517))
32720;POLYGON((-22963561 45189900,-22514971 43628273,-25763378 43239049,-26368062 44824325,-22963561 45189900))
32721;POLYGON((-25847977 56235442,-25343347 54177637,-29636393 53968130,-30342287 56065773,-25847977 56235442))
32722;POLYGON((-29092919 70733019,-28525221 68039141,-34160331 68121273,-34985405 70877400,-29092919 70733019))
32723;POLYGON((-32742856 89634727,-32104400 86131872,-39449741 86659068,-40414720 90254537,-32742856 89634727))
32724;POLYGON((-36846364 114111876,-36128758 109587973,-45636535 110766428,-46765236 115423355,-36846364 114111876))
32725;POLYGON((-41456384 145594893,-40650489 139791694,-52872075 141893906,-54191773 147883083,-41456384 145594893))
32726;POLYGON((-46630481 185818557,-45726371 178423704,-61329443 181804603,-62871265 189453896,-46630481 185818557))
32727;POLYGON((-52431122 236873061,-51418034 227511155,-71205884 232627174,-73005238 242330981,-52431122 236873061))
32728;POLYGON((-58925956 301261373,-57792242 289483952,-82725450 296915427,-84822478 309145295,-58925956 301261373))
32729;POLYGON((-66188103 381963408,-64921185 367237758,-96141831 377715072,-98581907 393031551,-66188103 381963408))
32730;POLYGON((-74296463 482507540,-72882776 464204244,-111741395 478638159,-114575651 497704000,-74296463 482507540))
32731;POLYGON((69792798 413081920,71131341 429511149,107279846 442512481,104649453 425411106,69792798 413081920))
32732;POLYGON((62257640 326187187,63456323 339366397,92441977 348736816,90179444 335039773,62257640 326187187))
32733;POLYGON((55515439 256717609,56587327 267226226,79688008 273812720,77745151 262910096,55515439 256717609))
32734;POLYGON((49491181 201518774,50448380 209845910,68742814 214325693,67076937 205703002,49491181 201518774))
32735;POLYGON((44115426 157936215,44969136 164492477,59362911 167401872,57936299 160627544,44115426 157936215))
32736;POLYGON((39324013 123748844,40084574 128876930,51333490 130636219,50112931 125350374,39324013 123748844))
32737;POLYGON((35057774 97109387,35734711 101093545,44465642 102028216,43421987 97932640,35057774 97109387))
32738;POLYGON((31262254 76491270,31864327 79565730,38593789 79924523,37701538 76773747,31262254 76491270))
32739;POLYGON((27887452 60641498,28422696 62997926,33573294 62968058,32810221 60561466,27887452 60641498))
32740;POLYGON((24887558 48539025,25363329 50333098,29278258 50053014,28625055 48227878,24887558 48539025))
32741;POLYGON((22220706 39358172,22643717 40715348,25599481 40285288,25039439 38910680,22220706 39358172))
32742;POLYGON((19848736 32436663,20225100 33457201,22442597 32947905,21961307 31919374,19848736 32436663))
32743;POLYGON((17736955 27247851,18072222 28011168,19726353 27470947,19311437 26705926,17736955 27247851))
32744;POLYGON((15853918 23376752,16153115 23945170,17381052 23405597,17021914 22839442,15853918 23376752))
32745;POLYGON((14171210 20499508,14438870 20921451,15347124 20401878,15034729 19984496,14171210 20499508))
32746;POLYGON((12663228 18365924,12903431 18678632,13573838 18189718,13300505 17882702,12663228 18365924))
32747;POLYGON((11306983 16784744,11523388 17016550,12018136 16562973,11777361 16337210,11306983 16784744))
32748;POLYGON((10081898 15611357,10277776 15783580,10643589 15366080,10429876 15199752,10081898 15611357))
32749;POLYGON((8969615 14737635,9147879 14866136,9419458 14483012,9228179 14359966,8969615 14737635))
32750;POLYGON((7953803 14083625,8117042 14180076,8319866 13828253,8147126 13736667,7953803 14083625))
32751;POLYGON((7019982 13590850,7170488 13663747,7323052 13339510,7165580 13270834,7019982 13590850))
32752;POLYGON((6155334 13216981,6295136 13272447,6410729 12971918,6265771 12920032,6155334 13216981))
32753;POLYGON((5348536 12931660,5479425 12974071,5567503 12693493,5432740 12654060,5348536 12931660))
32754;POLYGON((4589583 12713292,4713142 12745750,4780384 12481639,4653852 12451612,4589583 12713292))
32755;POLYGON((3869621 12546623,3987252 12571311,4038341 12320519,3918366 12297768,3869621 12546623))
32756;POLYGON((3180780 12420951,3293733 12439398,3331929 12199107,3217067 12182157,3180780 12420951))
32757;POLYGON((2516012 12328845,2625413 12342104,2652958 12109792,2541945 12097635,2516012 12328845))
32758;POLYGON((1868929 12265245,1975803 12274024,1994203 12047411,1885910 12039374,1868929 12265245))
32759;POLYGON((1233644 12226862,1338944 12231604,1349149 12008589,1242543 12004252,1233644 12226862))
32760;POLYGON((604609 12211793,709243 12212730,711760 11991327,605866 11990471,604609 12211793))
32601;POLYGON((-23538 2219308,81316 2216485,76269 1994761,-29860 1997342,-23538 2219308))
32602;POLYGON((-656136 2249769,-550165 2243050,-563025 2019061,-670349 2025209,-656136 2249769))
32603;POLYGON((-1298652 2304672,-1190638 2293724,-1211956 2065452,-1321475 2075482,-1298652 2304672))
32604;POLYGON((-1956843 2386811,-1845799 2371066,-1876696 2136358,-1989484 2150808,-1956843 2386811))
32605;POLYGON((-2636913 2500601,-2521768 2479191,-2563968 2235693,-2681219 2255392,-2636913 2500601))
32606;POLYGON((-3345671 2652600,-3225241 2624254,-3281292 2369351,-3404351 2395521,-3345671 2652600))
32607;POLYGON((-4090695 2852296,-3963658 2815186,-4037240 2545953,-4167661 2580367,-4090695 2852296))
32608;POLYGON((-4880494 3113256,-4745358 3064776,-4841747 2777950,-4981341 2823157,-4880494 3113256))
32609;POLYGON((-5724668 3454727,-5579752 3391189,-5706453 3083185,-5857353 3142826,-5724668 3454727))
32610;POLYGON((-6634085 3903830,-6477482 3820053,-6645097 3487052,-6809829 3566283,-6634085 3903830))
32611;POLYGON((-7621043 4498492,-7450596 4387255,-7673980 4025392,-7855543 4131456,-7621043 4498492))
32612;POLYGON((-8699450 5291278,-8512722 5142610,-8812478 4748318,-9014444 4891284,-8699450 5291278))
32613;POLYGON((-9884999 6354308,-9679243 6154583,-10083648 5725152,-10310262 5918859,-9884999 6354308))
32614;POLYGON((-11195351 7785480,-10967479 7516286,-11514902 7050688,-11771210 7313937,-11195351 7785480))
32615;POLYGON((-12650322 9716214,-12396874 9352938,-13138777 8853037,-13430759 9211067,-12650322 9716214))
32616;POLYGON((-14272077 12320961,-13989187 11831077,-14993804 11303286,-15328530 11789585,-14272077 12320961))
32617;POLYGON((-16085323 15828760,-15768688 15169746,-17125474 14627284,-17511280 15285774,-16085323 15828760))
32618;POLYGON((-18117516 20537117,-17762360 19653967,-19587331 19119823,-20034004 20007484,-18117516 20537117))
32619;POLYGON((-20399067 26828517,-20000108 25650796,-22442171 25161566,-22961169 26351547,-20399067 26828517))
32620;POLYGON((-22963561 35189900,-22514971 33628273,-25763378 33239049,-26368062 34824325,-22963561 35189900))
32621;POLYGON((-25847977 46235442,-25343347 44177637,-29636393 43968130,-30342287 46065773,-25847977 46235442))
32622;POLYGON((-29092919 60733019,-28525221 58039141,-34160331 58121273,-34985405 60877400,-29092919 60733019))
32623;POLYGON((-32742856 79634727,-32104400 76131872,-39449741 76659068,-40414720 80254537,-32742856 79634727))
32624;POLYGON((-36846364 104111876,-36128758 99587973,-45636535 100766428,-46765236 105423355,-36846364 104111876))
32625;POLYGON((-41456384 135594893,-40650489 129791694,-52872075 131893906,-54191773 137883083,-41456384 135594893))
32626;POLYGON((-46630481 175818557,-45726371 168423704,-61329443 171804603,-62871265 179453896,-46630481 175818557))
32627;POLYGON((-52431122 226873061,-51418034 217511155,-71205884 222627174,-73005238 232330981,-52431122 226873061))
32628;POLYGON((-58925956 291261373,-57792242 279483952,-82725450 286915427,-84822478 299145295,-58925956 291261373))
32629;POLYGON((-66188103 371963408,-64921185 357237758,-96141831 367715072,-98581907 383031551,-66188103 371963408))
32630;POLYGON((-74296463 472507540,-72882776 454204244,-111741395 468638159,-114575651 487704000,-74296463 472507540))
32631;POLYGON((69792798 403081920,71131341 419511149,107279846 432512481,104649453 415411106,69792798 403081920))
32632;POLYGON((62257640 316187187,63456323 329366397,92441977 338736816,90179444 325039773,62257640 316187187))
32633;POLYGON((55515439 246717609,56587327 257226226,79688008 263812720,77745151 252910096,55515439 246717609))
32634;POLYGON((49491181 191518774,50448380 199845910,68742814 204325693,67076937 195703002,49491181 191518774))
32635;POLYGON((44115426 147936215,44969136 154492477,59362911 157401872,57936299 150627544,44115426 147936215))
32636;POLYGON((39324013 113748844,40084574 118876930,51333490 120636219,50112931 115350374,39324013 113748844))
32637;POLYGON((35057774 87109387,35734711 91093545,44465642 92028216,43421987 87932640,35057774 87109387))
32638;POLYGON((31262254 66491270,31864327 69565730,38593789 69924523,37701538 66773747,31262254 66491270))
32639;POLYGON((27887452 50641498,28422696 52997926,33573294 52968058,32810221 50561466,27887452 50641498))
32640;POLYGON((24887558 38539025,25363329 40333098,29278258 40053014,28625055 38227878,24887558 38539025))
32641;POLYGON((22220706 29358172,22643717 30715348,25599481 30285288,25039439 28910680,22220706 29358172))
32642;POLYGON((19848736 22436663,20225100 23457201,22442597 22947905,21961307 21919374,19848736 22436663))
32643;POLYGON((17736955 17247851,18072222 18011168,19726353 17470947,19311437 16705926,17736955 17247851))
32644;POLYGON((15853918 13376752,16153115 13945170,17381052 13405597,17021914 12839442,15853918 13376752))
32645;POLYGON((14171210 10499508,14438870 10921451,15347124 10401878,15034729 9984496,14171210 10499508))
32646;POLYGON((12663228 8365924,12903431 8678632,13573838 8189718,13300505 7882702,12663228 8365924))
32647;POLYGON((11306983 6784744,11523388 7016550,12018136 6562973,11777361 6337210,11306983 6784744))
32648;POLYGON((10081898 5611357,10277776 5783580,10643589 5366080,10429876 5199752,10081898 5611357))
32649;POLYGON((8969615 4737635,9147879 4866136,9419458 4483012,9228179 4359966,8969615 4737635))
32650;POLYGON((7953803 4083625,8117042 4180076,8319866 3828253,8147126 3736667,7953803 4083625))
32651;POLYGON((7019982 3590850,7170488 3663747,7323052 3339510,7165580 3270834,7019982 3590850))
32652;POLYGON((6155334 3216981,6295136 3272447,6410729 2971918,6265771 2920032,6155334 3216981))
32653;POLYGON((5348536 2931660,5479425 2974071,5567503 2693493,5432740 2654060,5348536 2931660))
32654;POLYGON((4589583 2713292,4713142 2745750,4780384 2481639,4653852 2451612,4589583 2713292))
32655;POLYGON((3869621 2546623,3987252 2571311,4038341 2320519,3918366 2297768,3869621 2546623))
32656;POLYGON((3180780 2420951,3293733 2439398,3331929 2199107,3217067 2182157,3180780 2420951))
32657;POLYGON((2516012 2328845,2625413 2342104,2652958 2109792,2541945 2097635,2516012 2328845))
32658;POLYGON((1868929 2265245,1975803 2274024,1994203 2047411,1885910 2039374,1868929 2265245))
32659;POLYGON((1233644 2226862,1338944 2231604,1349149 2008589,1242543 2004252,1233644 2226862))
32660;POLYGON((604609 2211793,709243 2212730,711760 1991327,605866 1990471,604609 2211793))
