32701;POLYGON((393619 1225466,414859 1227107,430196 1004388,412783 1003034,393619 1225466))
32702;POLYGON((267021 1207999,287991 1211815,326198 991775,309013 988629,267021 1207999))
32703;POLYGON((142800 1177595,163284 1183551,224016 968474,207238 963565,142800 1177595))
32704;POLYGON((22240 1134518,42025 1142562,124725 934704,108533 928080,22240 1134518))
32705;POLYGON((-93388 1079154,-74512 1089215,29383 890791,13949 882514,-93388 1079154))
32706;POLYGON((-202844 1012011,-185082 1023994,-60981 837160,-75488 827313,-202844 1012011))
32707;POLYGON((-304922 933721,-288471 947513,-145378 774344,-158797 763024,-304922 933721))
32708;POLYGON((-398468 845048,-383516 860511,-222866 702976,-235047 690301,-398468 845048))
32709;POLYGON((-482406 746880,-469126 763859,-292570 623794,-303373 609894,-482406 746880))
32710;POLYGON((-555754 640234,-544302 658551,-353694 537626,-362997 522649,-555754 640234))
32711;POLYGON((-617663 526240,-608170 545698,-405548 445393,-413247 429499,-617663 526240))
32712;POLYGON((-667453 406126,-660019 426515,-447565 348083,-453580 331444,-667453 406126))
32713;POLYGON((-704656 281190,-699342 302291,-479335 246742,-483615 229535,-704656 281190))
32714;POLYGON((-729075 152766,-725892 174356,-500633 142439,-503160 124842,-729075 152766))
32715;POLYGON((-740843 22162,-739743 44027,-511455 36233,-512255 18419,-740843 22162))
32716;POLYGON((-740497 -109406,-741359 -87458,-512066 -70875,-511211 -88750,-740497 -109406))
32717;POLYGON((-729063 -240911,-731678 -219033,-503042 -178004,-500662 -195809,-729063 -240911))
32718;POLYGON((-708148 -371625,-712204 -349912,-485327 -284467,-481619 -302113,-708148 -371625))
32719;POLYGON((-680052 -501271,-685113 -479732,-460292 -389861,-455530 -407315,-680052 -501271))
32720;POLYGON((-647883 -630198,-653368 -608722,-429800 -494180,-424349 -511489,-647883 -630198))
32721;POLYGON((-615692 -759588,-620855 -737910,-396285 -597948,-390611 -615262,-615692 -759588))
32722;POLYGON((-588622 -891716,-592523 -869369,-362830 -702376,-357517 -719976,-588622 -891716))
32723;POLYGON((-573072 -1030243,-574550 -1006506,-333259 -809546,-329022 -827878,-573072 -1030243))
32724;POLYGON((-576874 -1180562,-574516 -1154400,-312232 -922623,-309938 -942337,-576874 -1180562))
32725;POLYGON((-609490 -1350200,-601597 -1320191,-305359 -1046103,-306041 -1068097,-609490 -1350200))
32726;POLYGON((-682226 -1549277,-666776 -1513534,-319308 -1186098,-324190 -1211569,-682226 -1549277))
32727;POLYGON((-808463 -1791036,-783072 -1747110,-361937 -1350652,-372455 -1381154,-808463 -1791036))
32728;POLYGON((-1003908 -2092433,-965785 -2037212,-442430 -1550109,-460252 -1587619,-1003908 -2092433))
32729;POLYGON((-1286865 -2474816,-1232767 -2404406,-571441 -1797526,-598497 -1844513,-1286865 -2474816))
32730;POLYGON((-1678526 -2964677,-1604707 -2874271,-761253 -2109126,-799760 -2168639,-1678526 -2964677))
32731;POLYGON((2404205 -2624688,2467662 -2704432,1690396 -1996981,1657911 -1944151,2404205 -2624688))
32732;POLYGON((2087519 -2209701,2133194 -2271976,1522324 -1708794,1500143 -1666889,2087519 -2209701))
32733;POLYGON((1865073 -1883918,1896454 -1933057,1410767 -1479000,1396821 -1445270,1865073 -1883918))
32734;POLYGON((1717635 -1624366,1737732 -1663856,1344003 -1292485,1336496 -1264717,1717635 -1624366))
32735;POLYGON((1628661 -1412703,1640058 -1445311,1311886 -1137145,1309269 -1113583,1628661 -1412703))
32736;POLYGON((1584026 -1234520,1588919 -1262400,1305689 -1003446,1306636 -982722,1584026 -1234520))
32737;POLYGON((1571757 -1078716,1572003 -1103513,1317966 -884027,1321350 -865099,1571757 -1078716))
32738;POLYGON((1581803 -936954,1578953 -959888,1342415 -773347,1347288 -755448,1581803 -936954))
32739;POLYGON((1605811 -803177,1601148 -825117,1373755 -667385,1379329 -649972,1605811 -803177))
32740;POLYGON((1636925 -673189,1631496 -694721,1407616 -563361,1413244 -546075,1636925 -673189))
32741;POLYGON((1669603 -544288,1664247 -565773,1440432 -459506,1445590 -442136,1669603 -544288))
32742;POLYGON((1699445 -414957,1694824 -436577,1469346 -354858,1473620 -337309,1699445 -414957))
32743;POLYGON((1723046 -284594,1719664 -306396,1492123 -249086,1495196 -231352,1723046 -284594))
32744;POLYGON((1737851 -153292,1736080 -175221,1507071 -142340,1508709 -124485,1737851 -153292))
32745;POLYGON((1742034 -21642,1742133 -43571,1512968 -35129,1513009 -17266,1742034 -21642))
32746;POLYGON((1734386 109411,1736517 87657,1509001 71783,1507343 89510,1734386 109411))
32747;POLYGON((1714217 238704,1718464 217331,1494702 177470,1491299 194894,1714217 238704))
32748;POLYGON((1681268 364951,1687647 344178,1469902 280905,1464750 297850,1681268 364951))
32749;POLYGON((1635634 486819,1644107 466868,1434681 381020,1427816 397308,1635634 486819))
32750;POLYGON((1577698 602994,1588185 584081,1389331 476751,1380818 492207,1577698 602994))
32751;POLYGON((1508076 712220,1520460 694549,1334317 567070,1324250 581528,1508076 712220))
32752;POLYGON((1427566 813332,1441702 797090,1270251 651007,1258743 664312,1427566 813332))
32753;POLYGON((1337107 905276,1352831 890630,1197860 727672,1185043 739685,1337107 905276))
32754;POLYGON((1237748 987118,1254879 974215,1117969 796266,1103986 806863,1237748 987118))
32755;POLYGON((1130620 1058053,1148964 1047018,1031475 856086,1016484 865159,1130620 1058053))
32756;POLYGON((1016911 1117406,1036268 1108343,939338 906532,923504 913991,1016911 1117406))
32757;POLYGON((897855 1164627,918016 1157619,842564 947106,826056 952880,897855 1164627))
32758;POLYGON((774712 1199291,795466 1194400,742190 977417,725186 981449,774712 1199291))
32759;POLYGON((648763 1221093,669895 1218362,639283 997175,621961 999427,648763 1221093))
32760;POLYGON((521300 1229843,542594 1229296,534921 1006193,517463 1006645,521300 1229843))
32601;POLYGON((393619 -8774533,414859 -8772892,430196 -8995611,412783 -8996965,393619 -8774533))
32602;POLYGON((267021 -8792000,287991 -8788184,326198 -9008224,309013 -9011370,267021 -8792000))
32603;POLYGON((142800 -8822404,163284 -8816448,224016 -9031525,207238 -9036434,142800 -8822404))
32604;POLYGON((22240 -8865481,42025 -8857437,124725 -9065295,108533 -9071919,22240 -8865481))
32605;POLYGON((-93388 -8920845,-74512 -8910784,29383 -9109208,13949 -9117485,-93388 -8920845))
32606;POLYGON((-202844 -8987988,-185082 -8976005,-60981 -9162839,-75488 -9172686,-202844 -8987988))
32607;POLYGON((-304922 -9066278,-288471 -9052486,-145378 -9225655,-158797 -9236975,-304922 -9066278))
32608;POLYGON((-398468 -9154951,-383516 -9139488,-222866 -9297023,-235047 -9309698,-398468 -9154951))
32609;POLYGON((-482406 -9253119,-469126 -9236140,-292570 -9376205,-303373 -9390105,-482406 -9253119))
32610;POLYGON((-555754 -9359765,-544302 -9341448,-353694 -9462373,-362997 -9477350,-555754 -9359765))
32611;POLYGON((-617663 -9473759,-608170 -9454301,-405548 -9554606,-413247 -9570500,-617663 -9473759))
32612;POLYGON((-667453 -9593873,-660019 -9573484,-447565 -9651916,-453580 -9668555,-667453 -9593873))
32613;POLYGON((-704656 -9718809,-699342 -9697708,-479335 -9753257,-483615 -9770464,-704656 -9718809))
32614;POLYGON((-729075 -9847233,-725892 -9825643,-500633 -9857560,-503160 -9875157,-729075 -9847233))
32615;POLYGON((-740843 -9977837,-739743 -9955972,-511455 -9963766,-512255 -9981580,-740843 -9977837))
32616;POLYGON((-740497 -10109406,-741359 -10087458,-512066 -10070875,-511211 -10088750,-740497 -10109406))
32617;POLYGON((-729063 -10240911,-731678 -10219033,-503042 -10178004,-500662 -10195809,-729063 -10240911))
32618;POLYGON((-708148 -10371625,-712204 -10349912,-485327 -10284467,-481619 -10302113,-708148 -10371625))
32619;POLYGON((-680052 -10501271,-685113 -10479732,-460292 -10389861,-455530 -10407315,-680052 -10501271))
32620;POLYGON((-647883 -10630198,-653368 -10608722,-429800 -10494180,-424349 -10511489,-647883 -10630198))
32621;POLYGON((-615692 -10759588,-620855 -10737910,-396285 -10597948,-390611 -10615262,-615692 -10759588))
32622;POLYGON((-588622 -10891716,-592523 -10869369,-362830 -10702376,-357517 -10719976,-588622 -10891716))
32623;POLYGON((-573072 -11030243,-574550 -11006506,-333259 -10809546,-329022 -10827878,-573072 -11030243))
32624;POLYGON((-576874 -11180562,-574516 -11154400,-312232 -10922623,-309938 -10942337,-576874 -11180562))
32625;POLYGON((-609490 -11350200,-601597 -11320191,-305359 -11046103,-306041 -11068097,-609490 -11350200))
32626;POLYGON((-682226 -11549277,-666776 -11513534,-319308 -11186098,-324190 -11211569,-682226 -11549277))
32627;POLYGON((-808463 -11791036,-783072 -11747110,-361937 -11350652,-372455 -11381154,-808463 -11791036))
32628;POLYGON((-1003908 -12092433,-965785 -12037212,-442430 -11550109,-460252 -11587619,-1003908 -12092433))
32629;POLYGON((-1286865 -12474816,-1232767 -12404406,-571441 -11797526,-598497 -11844513,-1286865 -12474816))
32630;POLYGON((-1678526 -12964677,-1604707 -12874271,-761253 -12109126,-799760 -12168639,-1678526 -12964677))
32631;POLYGON((2404205 -12624688,2467662 -12704432,1690396 -11996981,1657911 -11944151,2404205 -12624688))
32632;POLYGON((2087519 -12209701,2133194 -12271976,1522324 -11708794,1500143 -11666889,2087519 -12209701))
32633;POLYGON((1865073 -11883918,1896454 -11933057,1410767 -11479000,1396821 -11445270,1865073 -11883918))
32634;POLYGON((1717635 -11624366,1737732 -11663856,1344003 -11292485,1336496 -11264717,1717635 -11624366))
32635;POLYGON((1628661 -11412703,1640058 -11445311,1311886 -11137145,1309269 -11113583,1628661 -11412703))
32636;POLYGON((1584026 -11234520,1588919 -11262400,1305689 -11003446,1306636 -10982722,1584026 -11234520))
32637;POLYGON((1571757 -11078716,1572003 -11103513,1317966 -10884027,1321350 -10865099,1571757 -11078716))
32638;POLYGON((1581803 -10936954,1578953 -10959888,1342415 -10773347,1347288 -10755448,1581803 -10936954))
32639;POLYGON((1605811 -10803177,1601148 -10825117,1373755 -10667385,1379329 -10649972,1605811 -10803177))
32640;POLYGON((1636925 -10673189,1631496 -10694721,1407616 -10563361,1413244 -10546075,1636925 -10673189))
32641;POLYGON((1669603 -10544288,1664247 -10565773,1440432 -10459506,1445590 -10442136,1669603 -10544288))
32642;POLYGON((1699445 -10414957,1694824 -10436577,1469346 -10354858,1473620 -10337309,1699445 -10414957))
32643;POLYGON((1723046 -10284594,1719664 -10306396,1492123 -10249086,1495196 -10231352,1723046 -10284594))
32644;POLYGON((1737851 -10153292,1736080 -10175221,1507071 -10142340,1508709 -10124485,1737851 -10153292))
32645;POLYGON((1742034 -10021642,1742133 -10043571,1512968 -10035129,1513009 -10017266,1742034 -10021642))
32646;POLYGON((1734386 -9890588,1736517 -9912342,1509001 -9928216,1507343 -9910489,1734386 -9890588))
32647;POLYGON((1714217 -9761295,1718464 -9782668,1494702 -9822529,1491299 -9805105,1714217 -9761295))
32648;POLYGON((1681268 -9635048,1687647 -9655821,1469902 -9719094,1464750 -9702149,1681268 -9635048))
32649;POLYGON((1635634 -9513180,1644107 -9533131,1434681 -9618979,1427816 -9602691,1635634 -9513180))
32650;POLYGON((1577698 -9397005,1588185 -9415918,1389331 -9523248,1380818 -9507792,1577698 -9397005))
32651;POLYGON((1508076 -9287779,1520460 -9305450,1334317 -9432929,1324250 -9418471,1508076 -9287779))
32652;POLYGON((1427566 -9186667,1441702 -9202909,1270251 -9348992,1258743 -9335687,1427566 -9186667))
32653;POLYGON((1337107 -9094723,1352831 -9109369,1197860 -9272327,1185043 -9260314,1337107 -9094723))
32654;POLYGON((1237748 -9012881,1254879 -9025784,1117969 -9203733,1103986 -9193136,1237748 -9012881))
32655;POLYGON((1130620 -8941946,1148964 -8952981,1031475 -9143913,1016484 -9134840,1130620 -8941946))
32656;POLYGON((1016911 -8882593,1036268 -8891656,939338 -9093467,923504 -9086008,1016911 -8882593))
32657;POLYGON((897855 -8835372,918016 -8842380,842564 -9052893,826056 -9047119,897855 -8835372))
32658;POLYGON((774712 -8800708,795466 -8805599,742190 -9022582,725186 -9018550,774712 -8800708))
32659;POLYGON((648763 -8778906,669895 -8781637,639283 -9002824,621961 -9000572,648763 -8778906))
32660;POLYGON((521300 -8770156,542594 -8770703,534921 -8993806,517463 -8993354,521300 -8770156))
