32701;POLYGON((-35538 11775388,71736 11773060,67724 11551381,-40564 11553443,-35538 11775388))
32702;POLYGON((-683121 11800520,-574578 11794974,-584810 11570800,-694432 11575716,-683121 11800520))
32703;POLYGON((-1342006 11845900,-1231129 11836842,-1248125 11607927,-1360209 11615963,-1342006 11845900))
32704;POLYGON((-2018900 11913988,-1904529 11900918,-1929238 11664813,-2045022 11676427,-2018900 11913988))
32705;POLYGON((-2721246 12008715,-2602075 11990856,-2635978 11744797,-2756872 11760699,-2721246 12008715))
32706;POLYGON((-3457543 12135993,-3332068 12112192,-3377373 11852963,-3505031 11874216,-3457543 12135993))
32707;POLYGON((-4237732 12304509,-4104177 12273082,-4164131 11996849,-4300539 12025015,-4237732 12304509))
32708;POLYGON((-5073653 12526889,-4929891 12485395,-5009216 12187497,-5156801 12224855,-5073653 12526889))
32709;POLYGON((-5979587 12821344,-5823042 12766273,-5928559 12440961,-6090325 12490811,-5979587 12821344))
32710;POLYGON((-6972906 13213948,-6800437 13140289,-6941924 12780402,-7121607 12847482,-6972906 13213948))
32711;POLYGON((-8074843 13741697,-7882607 13642368,-8073941 13238926,-8276201 13329968,-8074843 13741697))
32712;POLYGON((-9311398 14456536,-9094687 14321636,-9355339 13863337,-9585991 13987798,-9311398 14456536))
32713;POLYGON((-10714384 15430558,-10467442 15246412,-10824403 14719010,-11090677 14890006,-10714384 15430558))
32714;POLYGON((-12322652 16762601,-12038460 16510551,-12528668 15896099,-12839520 16131586,-12322652 16762601))
32715;POLYGON((-14183488 18586486,-13853513 18241394,-14526883 17517320,-14893348 17841562,-14183488 18586486))
32716;POLYGON((-16354208 21081173,-15968127 20609583,-16891258 19747570,-17326855 20192942,-16354208 21081173))
32717;POLYGON((-18903961 24483121,-18449345 23841032,-19710030 22805674,-20231220 23414846,-18903961 24483121))
32718;POLYGON((-21915764 29101163,-21377719 28231361,-23090351 26978558,-23717057 27807117,-21915764 29101163))
32719;POLYGON((-25488771 35334237,-24849547 34163130,-27161549 32638171,-27917729 33757732,-25488771 35334237))
32720;POLYGON((-29740807 43692329,-28979355 42126214,-32078751 40261522,-32993045 41763397,-29740807 43692329))
32721;POLYGON((-34811168 54820999,-33902653 52741710,-38026918 50454179,-39133361 52453658,-34811168 54820999))
32722;POLYGON((-40863707 69529898,-39778975 66789757,-45225306 63977646,-46564112 66618960,-40863707 69529898))
32723;POLYGON((-48090227 88825697,-46795216 85241704,-53932366 81781003,-55550792 85243050,-48090227 88825697))
32724;POLYGON((-56714190 113949872,-55169292 109297049,-64451126 105037278,-66404413 109540171,-56714190 113949872))
32725;POLYGON((-66994759 146421807,-65154117 140425623,-77135051 135184972,-79487457 140997497,-66994759 146421807))
32726;POLYGON((-79231183 188087707,-77041943 180415504,-92394438 173975246,-95220346 181423311,-79231183 188087707))
32727;POLYGON((-93767556 241175831,-91169041 231427154,-110703329 223525248,-114088463 233001402,-93767556 241175831))
32728;POLYGON((-110997944 308358572,-107920777 296054326,-132607005 286378110,-136649727 298352233,-110997944 308358572))
32729;POLYGON((-131371912 392821945,-127737065 377392276,-158730045 365570158,-163542762 380601400,-131371912 392821945))
32730;POLYGON((-155400459 498343048,-151118234 479113851,-189785009 464705899,-195495679 483455975,-155400459 498343048))
32731;POLYGON((139948240 425450743,143894855 442688831,179837480 429196347,174592814 412395371,139948240 425450743))
32732;POLYGON((118416069 334419387,121761555 348208929,150511471 337147412,146098737 323720705,118416069 334419387))
32733;POLYGON((100190680 261857952,103019268 272819153,125869529 263772569,122168740 253111450,100190680 261857952))
32734;POLYGON((84802710 204392415,87188481 213048152,105229424 205665543,102135377 197257071,84802710 204392415))
32735;POLYGON((71840227 159187278,73848092 165975893,87993943 159962339,85414763 153376712,71840227 159187278))
32736;POLYGON((60943070 123873489,62629689 129160257,73642418 124268922,71498210 119148172,60943070 123873489))
32737;POLYGON((51797587 96483956,53212217 100571333,61722859 96596465,59944446 92644366,51797587 96483956))
32738;POLYGON((44131758 75396090,45317041 78532824,51844657 75303639,50372424 72276733,44131758 75396090))
32739;POLYGON((37710688 59280845,38703375 61670039,43671839 59045386,42454660 56745042,37710688 59280845))
32740;POLYGON((32332448 47057734,33164070 48863948,36916867 46727679,35911119 44993097,32332448 47057734))
32741;POLYGON((27824260 37855321,28521742 39210800,31334927 37467759,30503589 36169845,27824260 37855321))
32742;POLYGON((24039001 30976726,24625222 31986818,26718717 30559400,26030545 29595430,24039001 30976726))
32743;POLYGON((20852015 25869687,21346316 26617537,22893694 25442728,22322474 24731733,20852015 25869687))
32744;POLYGON((18158218 22100745,18576867 22651327,19713760 21678185,19237627 21156988,18158218 22100745))
32745;POLYGON((15869477 19333152,16226091 19736710,17057362 18924230,16658194 18544057,15869477 19333152))
32746;POLYGON((13912260 17308114,14218172 17603070,14823997 16918373,14486863 16642002,13912260 17308114))
32747;POLYGON((12225517 15828993,12490117 16044392,12931074 15461215,12643751 15260574,12225517 15828993))
32748;POLYGON((10758806 14748153,10989839 14905687,11311139 14403112,11063680 14257294,10758806 14748153))
32749;POLYGON((9470630 13956100,9674455 14071767,9909418 13633176,9693770 13526810,9470630 13956100))
32750;POLYGON((8326973 13372635,8508795 13458088,8681662 13070294,8491339 12992226,8326973 13372635))
32751;POLYGON((7300022 12939738,7464096 13003363,7592281 12655900,7422077 12598138,7300022 12939738))
32752;POLYGON((6367064 12615932,6516863 12663693,6612730 12348238,6458471 12305125,6367064 12615932))
32753;POLYGON((5509531 12371885,5647898 12407982,5720126 12117885,5578466 12085464,5509531 12371885))
32754;POLYGON((4712188 12187054,4841461 12214416,4896092 11944323,4764332 11919849,4712188 12187054))
32755;POLYGON((3962448 12047162,4084567 12067819,4125770 11813372,4001720 11794954,3962448 12047162))
32756;POLYGON((3249793 11942359,3366389 11957707,3397023 11715298,3278874 11701648,3249793 11942359))
32757;POLYGON((2565286 11865913,2677757 11876899,2699761 11643480,2585991 11633726,2565286 11865913))
32758;POLYGON((1901174 11813302,2010745 11820555,2025403 11593480,1914697 11587048,1901174 11813302))
32759;POLYGON((1250536 11781618,1358315 11785530,1366431 11562429,1257612 11558963,1250536 11781618))
32760;POLYGON((606996 11769192,714020 11769965,716020 11548638,607995 11547954,606996 11769192))
32601;POLYGON((-35538 1775388,71736 1773060,67724 1551381,-40564 1553443,-35538 1775388))
32602;POLYGON((-683121 1800520,-574578 1794974,-584810 1570800,-694432 1575716,-683121 1800520))
32603;POLYGON((-1342006 1845900,-1231129 1836842,-1248125 1607927,-1360209 1615963,-1342006 1845900))
32604;POLYGON((-2018900 1913988,-1904529 1900918,-1929238 1664813,-2045022 1676427,-2018900 1913988))
32605;POLYGON((-2721246 2008715,-2602075 1990856,-2635978 1744797,-2756872 1760699,-2721246 2008715))
32606;POLYGON((-3457543 2135993,-3332068 2112192,-3377373 1852963,-3505031 1874216,-3457543 2135993))
32607;POLYGON((-4237732 2304509,-4104177 2273082,-4164131 1996849,-4300539 2025015,-4237732 2304509))
32608;POLYGON((-5073653 2526889,-4929891 2485395,-5009216 2187497,-5156801 2224855,-5073653 2526889))
32609;POLYGON((-5979587 2821344,-5823042 2766273,-5928559 2440961,-6090325 2490811,-5979587 2821344))
32610;POLYGON((-6972906 3213948,-6800437 3140289,-6941924 2780402,-7121607 2847482,-6972906 3213948))
32611;POLYGON((-8074843 3741697,-7882607 3642368,-8073941 3238926,-8276201 3329968,-8074843 3741697))
32612;POLYGON((-9311398 4456536,-9094687 4321636,-9355339 3863337,-9585991 3987798,-9311398 4456536))
32613;POLYGON((-10714384 5430558,-10467442 5246412,-10824403 4719010,-11090677 4890006,-10714384 5430558))
32614;POLYGON((-12322652 6762601,-12038460 6510551,-12528668 5896099,-12839520 6131586,-12322652 6762601))
32615;POLYGON((-14183488 8586486,-13853513 8241394,-14526883 7517320,-14893348 7841562,-14183488 8586486))
32616;POLYGON((-16354208 11081173,-15968127 10609583,-16891258 9747570,-17326855 10192942,-16354208 11081173))
32617;POLYGON((-18903961 14483121,-18449345 13841032,-19710030 12805674,-20231220 13414846,-18903961 14483121))
32618;POLYGON((-21915764 19101163,-21377719 18231361,-23090351 16978558,-23717057 17807117,-21915764 19101163))
32619;POLYGON((-25488771 25334237,-24849547 24163130,-27161549 22638171,-27917729 23757732,-25488771 25334237))
32620;POLYGON((-29740807 33692329,-28979355 32126214,-32078751 30261522,-32993045 31763397,-29740807 33692329))
32621;POLYGON((-34811168 44820999,-33902653 42741710,-38026918 40454179,-39133361 42453658,-34811168 44820999))
32622;POLYGON((-40863707 59529898,-39778975 56789757,-45225306 53977646,-46564112 56618960,-40863707 59529898))
32623;POLYGON((-48090227 78825697,-46795216 75241704,-53932366 71781003,-55550792 75243050,-48090227 78825697))
32624;POLYGON((-56714190 103949872,-55169292 99297049,-64451126 95037278,-66404413 99540171,-56714190 103949872))
32625;POLYGON((-66994759 136421807,-65154117 130425623,-77135051 125184972,-79487457 130997497,-66994759 136421807))
32626;POLYGON((-79231183 178087707,-77041943 170415504,-92394438 163975246,-95220346 171423311,-79231183 178087707))
32627;POLYGON((-93767556 231175831,-91169041 221427154,-110703329 213525248,-114088463 223001402,-93767556 231175831))
32628;POLYGON((-110997944 298358572,-107920777 286054326,-132607005 276378110,-136649727 288352233,-110997944 298358572))
32629;POLYGON((-131371912 382821945,-127737065 367392276,-158730045 355570158,-163542762 370601400,-131371912 382821945))
32630;POLYGON((-155400459 488343048,-151118234 469113851,-189785009 454705899,-195495679 473455975,-155400459 488343048))
32631;POLYGON((139948240 415450743,143894855 432688831,179837480 419196347,174592814 402395371,139948240 415450743))
32632;POLYGON((118416069 324419387,121761555 338208929,150511471 327147412,146098737 313720705,118416069 324419387))
32633;POLYGON((100190680 251857952,103019268 262819153,125869529 253772569,122168740 243111450,100190680 251857952))
32634;POLYGON((84802710 194392415,87188481 203048152,105229424 195665543,102135377 187257071,84802710 194392415))
32635;POLYGON((71840227 149187278,73848092 155975893,87993943 149962339,85414763 143376712,71840227 149187278))
32636;POLYGON((60943070 113873489,62629689 119160257,73642418 114268922,71498210 109148172,60943070 113873489))
32637;POLYGON((51797587 86483956,53212217 90571333,61722859 86596465,59944446 82644366,51797587 86483956))
32638;POLYGON((44131758 65396090,45317041 68532824,51844657 65303639,50372424 62276733,44131758 65396090))
32639;POLYGON((37710688 49280845,38703375 51670039,43671839 49045386,42454660 46745042,37710688 49280845))
32640;POLYGON((32332448 37057734,33164070 38863948,36916867 36727679,35911119 34993097,32332448 37057734))
32641;POLYGON((27824260 27855321,28521742 29210800,31334927 27467759,30503589 26169845,27824260 27855321))
32642;POLYGON((24039001 20976726,24625222 21986818,26718717 20559400,26030545 19595430,24039001 20976726))
32643;POLYGON((20852015 15869687,21346316 16617537,22893694 15442728,22322474 14731733,20852015 15869687))
32644;POLYGON((18158218 12100745,18576867 12651327,19713760 11678185,19237627 11156988,18158218 12100745))
32645;POLYGON((15869477 9333152,16226091 9736710,17057362 8924230,16658194 8544057,15869477 9333152))
32646;POLYGON((13912260 7308114,14218172 7603070,14823997 6918373,14486863 6642002,13912260 7308114))
32647;POLYGON((12225517 5828993,12490117 6044392,12931074 5461215,12643751 5260574,12225517 5828993))
32648;POLYGON((10758806 4748153,10989839 4905687,11311139 4403112,11063680 4257294,10758806 4748153))
32649;POLYGON((9470630 3956100,9674455 4071767,9909418 3633176,9693770 3526810,9470630 3956100))
32650;POLYGON((8326973 3372635,8508795 3458088,8681662 3070294,8491339 2992226,8326973 3372635))
32651;POLYGON((7300022 2939738,7464096 3003363,7592281 2655900,7422077 2598138,7300022 2939738))
32652;POLYGON((6367064 2615932,6516863 2663693,6612730 2348238,6458471 2305125,6367064 2615932))
32653;POLYGON((5509531 2371885,5647898 2407982,5720126 2117885,5578466 2085464,5509531 2371885))
32654;POLYGON((4712188 2187054,4841461 2214416,4896092 1944323,4764332 1919849,4712188 2187054))
32655;POLYGON((3962448 2047162,4084567 2067819,4125770 1813372,4001720 1794954,3962448 2047162))
32656;POLYGON((3249793 1942359,3366389 1957707,3397023 1715298,3278874 1701648,3249793 1942359))
32657;POLYGON((2565286 1865913,2677757 1876899,2699761 1643480,2585991 1633726,2565286 1865913))
32658;POLYGON((1901174 1813302,2010745 1820555,2025403 1593480,1914697 1587048,1901174 1813302))
32659;POLYGON((1250536 1781618,1358315 1785530,1366431 1562429,1257612 1558963,1250536 1781618))
32660;POLYGON((606996 1769192,714020 1769965,716020 1548638,607995 1547954,606996 1769192))
