32701;POLYGON((99111 14884039,179294 14879655,168701 14657521,85856 14661883,99111 14884039))
32702;POLYGON((-382084 14931064,-301872 14920736,-328606 14698422,-411561 14708711,-382084 14931064))
32703;POLYGON((-863427 15014523,-783201 14998012,-826727 14775461,-909843 14791938,-863427 15014523))
32704;POLYGON((-1344592 15136329,-1264439 15113259,-1325806 14890600,-1409063 14913684,-1344592 15136329))
32705;POLYGON((-1824680 15299225,-1744802 15269081,-1825464 15046745,-1908727 15077014,-1824680 15299225))
32706;POLYGON((-2301934 15506762,-2222697 15468898,-2324510 15247769,-2407479 15285962,-2301934 15506762))
32707;POLYGON((-2773371 15763243,-2695376 15716895,-2820573 15498512,-2902707 15545528,-2773371 15763243))
32708;POLYGON((-3234317 16073593,-3158483 16017904,-3309621 15804732,-3390044 15861613,-3234317 16073593))
32709;POLYGON((-3677826 16443117,-3605498 16377192,-3785349 16172978,-3862739 16240875,-3677826 16443117))
32710;POLYGON((-4093959 16877122,-4027036 16800097,-4238415 16610339,-4310855 16690464,-4093959 16877122))
32711;POLYGON((-4468903 17380325,-4409999 17291488,-4655492 17124049,-4720298 17217578,-4468903 17380325))
32712;POLYGON((-4783914 17956021,-4736546 17854966,-5018131 17720859,-5071636 17828816,-4783914 17956021))
32713;POLYGON((-5014055 18604926,-4982870 18491772,-5301383 18406167,-5338688 18529239,-5014055 18604926))
32714;POLYGON((-5126721 19323639,-5117754 19199318,-5472189 19182805,-5486867 19321109,-5126721 19323639))
32715;POLYGON((-5079917 20102644,-5100900 19969267,-5487490 20049441,-5471244 20202212,-5079917 20102644))
32716;POLYGON((-4820281 20923765,-4880991 20785088,-5292046 20998511,-5234313 21163709,-4820281 20923765))
32717;POLYGON((-4280826 21756992,-4393477 21618996,-4815936 22013604,-4703442 22187415,-4280826 21756992))
32718;POLYGON((-3378376 22556580,-3558073 22428171,-3971723 23066217,-3787973 23242447,-3378376 22556580))
32719;POLYGON((-2010685 23256312,-2275927 23150176,-2651249 24111779,-2375957 24281116,-2010685 23256312))
32720;POLYGON((-53216 23763830,-426454 23697447,-722047 25084867,-330497 25233991,-53216 23763830))
32721;POLYGON((2644446 23953906,2136182 23950750,1976656 25893480,2514318 26004016,2644446 23953906))
32722;POLYGON((6262564 23660534,5586978 23751479,5638379 26412291,6357924 26459574,6262564 23660534))
32723;POLYGON((11015611 22667722,10134383 22892670,10494263 26474743,11438243 26426381,11015611 22667722))
32724;POLYGON((17157073 20698831,16025030 21108600,16818448 25863874,18037138 25678084,17157073 20698831))
32725;POLYGON((24984673 17404341,23548886 18062816,24933941 24301737,26486368 23925441,24984673 17404341))
32726;POLYGON((34846079 12347869,33044879 13334461,35219012 21437297,37174073 20803939,34846079 12347869))
32727;POLYGON((47145082 4990311,44906996 6402738,48114140 16832640,50551815 15859721,47145082 4990311))
32728;POLYGON((62348282 -5328082,59590881 -3370657,64129532 9947371,67142195 8533658,62348282 -5328082))
32729;POLYGON((80992298 -19407841,77620962 -16761295,83853234 121039,87547066 -1856565,80992298 -19407841))
32730;POLYGON((103691525 -38212818,99598108 -34704135,107959869 -13446569,112456372 -16136533,103691525 -38212818))
32731;POLYGON((-87075390 -25098372,-90793349 -28152389,-98391847 -8452540,-94312888 -6139047,-87075390 -25098372))
32732;POLYGON((-67151978 -9559398,-70203706 -11841659,-75826870 3769557,-72487816 5448329,-67151978 -9559398))
32733;POLYGON((-50865140 1916258,-53351848 247700,-57409767 12533953,-54696974 13713326,-50865140 1916258))
32734;POLYGON((-37653220 10180940,-39663273 8994908,-42495785 18591948,-40310158 19383673,-37653220 10180940))
32735;POLYGON((-27027106 15938972,-28637305 15127440,-30523761 22561892,-28779293 23057465,-27027106 15938972))
32736;POLYGON((-18562840 19767575,-19839617 19242348,-21007604 24948167,-19630013 25221788,-18562840 19767575))
32737;POLYGON((-11894758 22135512,-12895284 21825268,-13528377 26158087,-12453848 26269282,-11894758 22135512))
32738;POLYGON((-6709143 23419615,-7482352 23267291,-7726975 26516878,-6900991 26512824,-6709143 23419615))
32739;POLYGON((-2738369 23919373,-3325899 23879861,-3297366 26280892,-2673636 26198453,-2738369 23919373))
32740;POLYGON((244486 23869736,-192573 23907867,19631 25649186,480155 25516698,244486 23869736))
32741;POLYGON((2430585 23452279,2114422 23541067,2442046 24773620,2772074 24612436,2430585 23452279))
32742;POLYGON((3979831 22804882,3759906 22924014,4151959 23767593,4378683 23593417,3979831 22804882))
32743;POLYGON((5024969 22030058,4880883 22164588,5300240 22713549,5446076 22537578,5024969 22030058))
32744;POLYGON((5675302 21202056,5590318 21341304,6010827 21669374,6094092 21499260,5675302 21202056))
32745;POLYGON((6020024 20372876,5980542 20509496,6384594 20673793,6420106 20514455,6020024 20372876))
32746;POLYGON((6131219 19577300,6126296 19706504,6502802 19750875,6502417 19605172,6131219 19577300))
32747;POLYGON((6066526 18837063,6087455 18955981,6430178 18913754,6403275 18783034,6066526 18837063))
32748;POLYGON((5871495 18164255,5911433 18271418,6217641 18167655,6171536 18052197,5871495 18164255))
32749;POLYGON((5581657 17564068,5635298 17658990,5904690 17512316,5845006 17411685,5581657 17564068))
32750;POLYGON((5224330 17036966,5287622 17119823,5521485 16943894,5452470 16857209,5224330 17036966))
32751;POLYGON((4820172 16580369,4890076 16651743,5090640 16456423,5015442 16382564,4820172 16580369))
32752;POLYGON((4384512 16189926,4458793 16250621,4628758 16042907,4549653 15980668,4384512 16189926))
32753;POLYGON((3928476 15860451,4005529 15911358,4147719 15696105,4066307 15644295,3928476 15860451))
32754;POLYGON((3459917 15586585,3538626 15628589,3655759 15409069,3573121 15366586,3459917 15586585))
32755;POLYGON((2984198 15363246,3063814 15397161,3158346 15175495,3075178 15141367,2984198 15363246))
32756;POLYGON((2504807 15185903,2584856 15212437,2658900 14989921,2575614 14963328,2504807 15185903))
32757;POLYGON((2023865 15050746,2104071 15070480,2159350 14847827,2076155 14828109,2023865 15050746))
32758;POLYGON((1542522 14954758,1622747 14968139,1660579 14745664,1577546 14732323,1542522 14954758))
32759;POLYGON((1061266 14895750,1141463 14903085,1162764 14680843,1079874 14673541,1061266 14895750))
32760;POLYGON((580174 14872358,660349 14873817,665638 14651711,582818 14650259,580174 14872358))
32601;POLYGON((99111 4884039,179294 4879655,168701 4657521,85856 4661883,99111 4884039))
32602;POLYGON((-382084 4931064,-301872 4920736,-328606 4698422,-411561 4708711,-382084 4931064))
32603;POLYGON((-863427 5014523,-783201 4998012,-826727 4775461,-909843 4791938,-863427 5014523))
32604;POLYGON((-1344592 5136329,-1264439 5113259,-1325806 4890600,-1409063 4913684,-1344592 5136329))
32605;POLYGON((-1824680 5299225,-1744802 5269081,-1825464 5046745,-1908727 5077014,-1824680 5299225))
32606;POLYGON((-2301934 5506762,-2222697 5468898,-2324510 5247769,-2407479 5285962,-2301934 5506762))
32607;POLYGON((-2773371 5763243,-2695376 5716895,-2820573 5498512,-2902707 5545528,-2773371 5763243))
32608;POLYGON((-3234317 6073593,-3158483 6017904,-3309621 5804732,-3390044 5861613,-3234317 6073593))
32609;POLYGON((-3677826 6443117,-3605498 6377192,-3785349 6172978,-3862739 6240875,-3677826 6443117))
32610;POLYGON((-4093959 6877122,-4027036 6800097,-4238415 6610339,-4310855 6690464,-4093959 6877122))
32611;POLYGON((-4468903 7380325,-4409999 7291488,-4655492 7124049,-4720298 7217578,-4468903 7380325))
32612;POLYGON((-4783914 7956021,-4736546 7854966,-5018131 7720859,-5071636 7828816,-4783914 7956021))
32613;POLYGON((-5014055 8604926,-4982870 8491772,-5301383 8406167,-5338688 8529239,-5014055 8604926))
32614;POLYGON((-5126721 9323639,-5117754 9199318,-5472189 9182805,-5486867 9321109,-5126721 9323639))
32615;POLYGON((-5079917 10102644,-5100900 9969267,-5487490 10049441,-5471244 10202212,-5079917 10102644))
32616;POLYGON((-4820281 10923765,-4880991 10785088,-5292046 10998511,-5234313 11163709,-4820281 10923765))
32617;POLYGON((-4280826 11756992,-4393477 11618996,-4815936 12013604,-4703442 12187415,-4280826 11756992))
32618;POLYGON((-3378376 12556580,-3558073 12428171,-3971723 13066217,-3787973 13242447,-3378376 12556580))
32619;POLYGON((-2010685 13256312,-2275927 13150176,-2651249 14111779,-2375957 14281116,-2010685 13256312))
32620;POLYGON((-53216 13763830,-426454 13697447,-722047 15084867,-330497 15233991,-53216 13763830))
32621;POLYGON((2644446 13953906,2136182 13950750,1976656 15893480,2514318 16004016,2644446 13953906))
32622;POLYGON((6262564 13660534,5586978 13751479,5638379 16412291,6357924 16459574,6262564 13660534))
32623;POLYGON((11015611 12667722,10134383 12892670,10494263 16474743,11438243 16426381,11015611 12667722))
32624;POLYGON((17157073 10698831,16025030 11108600,16818448 15863874,18037138 15678084,17157073 10698831))
32625;POLYGON((24984673 7404341,23548886 8062816,24933941 14301737,26486368 13925441,24984673 7404341))
32626;POLYGON((34846079 2347869,33044879 3334461,35219012 11437297,37174073 10803939,34846079 2347869))
32627;POLYGON((47145082 -5009688,44906996 -3597261,48114140 6832640,50551815 5859721,47145082 -5009688))
32628;POLYGON((62348282 -15328082,59590881 -13370657,64129532 -52628,67142195 -1466341,62348282 -15328082))
32629;POLYGON((80992298 -29407841,77620962 -26761295,83853234 -9878960,87547066 -11856565,80992298 -29407841))
32630;POLYGON((103691525 -48212818,99598108 -44704135,107959869 -23446569,112456372 -26136533,103691525 -48212818))
32631;POLYGON((-87075390 -35098372,-90793349 -38152389,-98391847 -18452540,-94312888 -16139047,-87075390 -35098372))
32632;POLYGON((-67151978 -19559398,-70203706 -21841659,-75826870 -6230442,-72487816 -4551670,-67151978 -19559398))
32633;POLYGON((-50865140 -8083741,-53351848 -9752299,-57409767 2533953,-54696974 3713326,-50865140 -8083741))
32634;POLYGON((-37653220 180940,-39663273 -1005091,-42495785 8591948,-40310158 9383673,-37653220 180940))
32635;POLYGON((-27027106 5938972,-28637305 5127440,-30523761 12561892,-28779293 13057465,-27027106 5938972))
32636;POLYGON((-18562840 9767575,-19839617 9242348,-21007604 14948167,-19630013 15221788,-18562840 9767575))
32637;POLYGON((-11894758 12135512,-12895284 11825268,-13528377 16158087,-12453848 16269282,-11894758 12135512))
32638;POLYGON((-6709143 13419615,-7482352 13267291,-7726975 16516878,-6900991 16512824,-6709143 13419615))
32639;POLYGON((-2738369 13919373,-3325899 13879861,-3297366 16280892,-2673636 16198453,-2738369 13919373))
32640;POLYGON((244486 13869736,-192573 13907867,19631 15649186,480155 15516698,244486 13869736))
32641;POLYGON((2430585 13452279,2114422 13541067,2442046 14773620,2772074 14612436,2430585 13452279))
32642;POLYGON((3979831 12804882,3759906 12924014,4151959 13767593,4378683 13593417,3979831 12804882))
32643;POLYGON((5024969 12030058,4880883 12164588,5300240 12713549,5446076 12537578,5024969 12030058))
32644;POLYGON((5675302 11202056,5590318 11341304,6010827 11669374,6094092 11499260,5675302 11202056))
32645;POLYGON((6020024 10372876,5980542 10509496,6384594 10673793,6420106 10514455,6020024 10372876))
32646;POLYGON((6131219 9577300,6126296 9706504,6502802 9750875,6502417 9605172,6131219 9577300))
32647;POLYGON((6066526 8837063,6087455 8955981,6430178 8913754,6403275 8783034,6066526 8837063))
32648;POLYGON((5871495 8164255,5911433 8271418,6217641 8167655,6171536 8052197,5871495 8164255))
32649;POLYGON((5581657 7564068,5635298 7658990,5904690 7512316,5845006 7411685,5581657 7564068))
32650;POLYGON((5224330 7036966,5287622 7119823,5521485 6943894,5452470 6857209,5224330 7036966))
32651;POLYGON((4820172 6580369,4890076 6651743,5090640 6456423,5015442 6382564,4820172 6580369))
32652;POLYGON((4384512 6189926,4458793 6250621,4628758 6042907,4549653 5980668,4384512 6189926))
32653;POLYGON((3928476 5860451,4005529 5911358,4147719 5696105,4066307 5644295,3928476 5860451))
32654;POLYGON((3459917 5586585,3538626 5628589,3655759 5409069,3573121 5366586,3459917 5586585))
32655;POLYGON((2984198 5363246,3063814 5397161,3158346 5175495,3075178 5141367,2984198 5363246))
32656;POLYGON((2504807 5185903,2584856 5212437,2658900 4989921,2575614 4963328,2504807 5185903))
32657;POLYGON((2023865 5050746,2104071 5070480,2159350 4847827,2076155 4828109,2023865 5050746))
32658;POLYGON((1542522 4954758,1622747 4968139,1660579 4745664,1577546 4732323,1542522 4954758))
32659;POLYGON((1061266 4895750,1141463 4903085,1162764 4680843,1079874 4673541,1061266 4895750))
32660;POLYGON((580174 4872358,660349 4873817,665638 4651711,582818 4650259,580174 4872358))
