32701;POLYGON((-46867 8779458,62692 8781104,65915 8559451,-42830 8557526,-46867 8779458))
32702;POLYGON((-708629 8761678,-597650 8765604,-589426 8541316,-699536 8536724,-708629 8761678))
32703;POLYGON((-1383079 8729518,-1269474 8735943,-1255798 8506634,-1368427 8499124,-1383079 8729518))
32704;POLYGON((-2077899 8681129,-1960327 8690431,-1940404 8453466,-2056829 8442606,-2077899 8681129))
32705;POLYGON((-2801819 8613527,-2678731 8626297,-2651321 8378650,-2772999 8363767,-2801819 8613527))
32706;POLYGON((-3565143 8522171,-3434687 8539300,-3397918 8277362,-3526574 8257446,-3565143 8522171))
32707;POLYGON((-4380382 8400293,-4240288 8423101,-4191390 8142430,-4329109 8115991,-4380382 8400293))
32708;POLYGON((-5263063 8237907,-5110495 8268335,-5045400 7963313,-5194753 7928173,-5263063 8237907))
32709;POLYGON((-6232727 8020398,-6064099 8061279,-5976878 7724644,-6141070 7677638,-6232727 8020398))
32710;POLYGON((-7314150 7726550,-7124910 7781982,-7006998 7404189,-7190050 7340763,-7314150 7726550))
32711;POLYGON((-8538839 7325889,-8323196 7401732,-8162351 6970089,-8369318 6883756,-8538839 7325889))
32712;POLYGON((-9946807 6775161,-9697417 6879690,-9476354 6377204,-9713579 6258832,-9946807 6775161))
32713;POLYGON((-11588690 6013772,-11296275 6158520,-10990905 5562361,-11266329 5399265,-11588690 6013772))
32714;POLYGON((-13528213 4957986,-13181127 5158804,-12758333 4438302,-13081845 4213090,-13528213 4957986))
32715;POLYGON((-15845063 3493652,-15428783 3772036,-14843644 2886092,-15227488 2575230,-15845063 3493652))
32716;POLYGON((-18638184 1467233,-18134728 1851946,-17327108 745721,-17786347 317775,-18638184 1467233))
32717;POLYGON((-22029531 -1325142,-21416800 -796096,-20307206 -2195362,-20860252 -2781859,-22029531 -1325142))
32718;POLYGON((-26168324 -5150876,-25419359 -4427885,-23903962 -6216094,-24573171 -7015206,-26168324 -5150876))
32719;POLYGON((-31235831 -10356642,-30317976 -9375669,-28262694 -11678339,-29075031 -12759764,-31235831 -10356642))
32720;POLYGON((-37450709 -17387000,-36324680 -16066270,-33558200 -19046461,-34545984 -20499119,-37450709 -17387000))
32721;POLYGON((-45074943 -26806223,-43693797 -25042346,-39999412 -28910303,-41201138 -30846521,-45074943 -26806223))
32722;POLYGON((-54420412 -39323688,-52728405 -36987164,-47834546 -42011947,-49295793 -44572314,-54420412 -39323688))
32723;POLYGON((-65856117 -55823220,-63787455 -52753258,-57356769 -59276658,-59131197 -62635619,-65856117 -55823220))
32724;POLYGON((-79816107 -77396778,-77293573 -73395361,-68910414 -81848444,-71060853 -86220708,-79816107 -77396778))
32725;POLYGON((-96808131 -105382907,-93741592 -100208035,-82897761 -111130678,-85497402 -116778511,-96808131 -105382907))
32726;POLYGON((-117423050 -141410397,-113707835 -134768430,-99786428 -148832245,-102920111 -156073735,-117423050 -141410397))
32727;POLYGON((-142345054 -187447592,-137860192 -178984619,-120117376 -197019712,-123882991 -206238082,-142345054 -187447592))
32728;POLYGON((-172362693 -245857846,-166969018 -235149993,-144513572 -258176017,-149023567 -269830079,-172362693 -245857846))
32729;POLYGON((-208380787 -319461602,-201918889 -306004208,-173689332 -335266227,-179072333 -349902067,-208380787 -319461602))
32730;POLYGON((-251433216 -411605631,-243721248 -394801185,-208460359 -431810902,-214862921 -450074888,-251433216 -411605631))
32731;POLYGON((222894972 -347934380,229957682 -362984302,197193476 -397225154,191320206 -380862851,222894972 -347934380))
32732;POLYGON((184653735 -268550526,190560247 -280564561,164384866 -307594026,159455524 -294523282,184653735 -268550526))
32733;POLYGON((152742581 -205413650,157663238 -214941297,136887706 -236177263,132764928 -225803564,152742581 -205413650))
32734;POLYGON((126215137 -155535925,130298963 -163040024,113921250 -179648113,110484709 -171470551,126215137 -155535925))
32735;POLYGON((104245462 -116408876,107622279 -122277037,94802712 -135209983,91947437 -128808922,104245462 -116408876))
32736;POLYGON((86115849 -85938966,88898250 -90493823,78937465 -100525673,76572271 -95551691,86115849 -85938966))
32737;POLYGON((71205501 -62389994,73490676 -65898351,65809924 -73654031,63855963 -69818047,71205501 -62389994))
32738;POLYGON((58980049 -44331787,60851479 -47012753,54975110 -52993498,53364526 -50057996,58980049 -44331787))
32739;POLYGON((48981877 -30594710,50510889 -32626897,46050848 -37232000,44725539 -35003257,48981877 -30594710))
32740;POLYGON((40821217 -20229530,42068415 -21757392,38710587 -25302699,37621063 -23623946,40821217 -20229530))
32741;POLYGON((34167985 -12472188,35184564 -13611565,32676805 -16345104,31781150 -15090535,34167985 -12472188))
32742;POLYGON((28744328 -6713051,29573265 -7556004,27714985 -9671104,26977900 -8740659,28744328 -6713051))
32743;POLYGON((24317835 -2470247,24994978 -3089234,23628120 -4735459,23020059 -4050313,24317835 -2470247))
32744;POLYGON((20695399 633306,21250445 181842,20251732 -1110349,19748123 -609033,20695399 633306))
32745;POLYGON((17717674 2889549,18175054 2562123,17449378 1536428,17029916 1901330,17717674 2889549))
32746;POLYGON((15254115 4521944,15633781 4285442,15108610 3459984,14756626 3724631,15254115 4521944))
32747;POLYGON((13198549 5699487,13516676 5529004,13137368 4853941,12839272 5045574,13198549 5699487))
32748;POLYGON((11465259 6548368,11734865 6425413,11460779 5863452,11205559 6002335,11465259 6548368))
32749;POLYGON((9985538 7161573,10217025 7072603,10018333 6595943,9797123 6696956,9985538 7161573))
32750;POLYGON((8704679 7606699,8906308 7541927,8761414 7129882,8567110 7203805,8704679 7606699))
32751;POLYGON((7579382 7932215,7757676 7884667,7651149 7521827,7478088 7576367,7579382 7932215))
32752;POLYGON((6575517 8172418,6735612 8137187,6656570 7812021,6500244 7852623,6575517 8172418))
32753;POLYGON((5666244 8351275,5812178 8324948,5753035 8028758,5609857 8059221,5666244 8351275))
32754;POLYGON((4830425 8485352,4965384 8465582,4920907 8191713,4788007 8214666,4830425 8485352))
32755;POLYGON((4051317 8585995,4177834 8571179,4144441 8314451,4019509 8331698,4051317 8585995))
32756;POLYGON((3315501 8660916,3435621 8649970,3410879 8406251,3292024 8419020,3315501 8660916))
32757;POLYGON((2612018 8715312,2727427 8707508,2709700 8473408,2595342 8482525,2612018 8715312))
32758;POLYGON((1931673 8752627,2043807 8747488,2032018 8520131,1920799 8526140,1931673 8752627))
32759;POLYGON((1266488 8775053,1376612 8772286,1370091 8549134,1260803 8552371,1266488 8775053))
32760;POLYGON((609249 8783838,718529 8783292,716922 8562012,608446 8562651,609249 8783838))
32601;POLYGON((-46867 -1220541,62692 -1218895,65915 -1440548,-42830 -1442473,-46867 -1220541))
32602;POLYGON((-708629 -1238321,-597650 -1234395,-589426 -1458683,-699536 -1463275,-708629 -1238321))
32603;POLYGON((-1383079 -1270481,-1269474 -1264056,-1255798 -1493365,-1368427 -1500875,-1383079 -1270481))
32604;POLYGON((-2077899 -1318870,-1960327 -1309568,-1940404 -1546533,-2056829 -1557393,-2077899 -1318870))
32605;POLYGON((-2801819 -1386472,-2678731 -1373702,-2651321 -1621349,-2772999 -1636232,-2801819 -1386472))
32606;POLYGON((-3565143 -1477828,-3434687 -1460699,-3397918 -1722637,-3526574 -1742553,-3565143 -1477828))
32607;POLYGON((-4380382 -1599706,-4240288 -1576898,-4191390 -1857569,-4329109 -1884008,-4380382 -1599706))
32608;POLYGON((-5263063 -1762092,-5110495 -1731664,-5045400 -2036686,-5194753 -2071826,-5263063 -1762092))
32609;POLYGON((-6232727 -1979601,-6064099 -1938720,-5976878 -2275355,-6141070 -2322361,-6232727 -1979601))
32610;POLYGON((-7314150 -2273449,-7124910 -2218017,-7006998 -2595810,-7190050 -2659236,-7314150 -2273449))
32611;POLYGON((-8538839 -2674110,-8323196 -2598267,-8162351 -3029910,-8369318 -3116243,-8538839 -2674110))
32612;POLYGON((-9946807 -3224838,-9697417 -3120309,-9476354 -3622795,-9713579 -3741167,-9946807 -3224838))
32613;POLYGON((-11588690 -3986227,-11296275 -3841479,-10990905 -4437638,-11266329 -4600734,-11588690 -3986227))
32614;POLYGON((-13528213 -5042013,-13181127 -4841195,-12758333 -5561697,-13081845 -5786909,-13528213 -5042013))
32615;POLYGON((-15845063 -6506347,-15428783 -6227963,-14843644 -7113907,-15227488 -7424769,-15845063 -6506347))
32616;POLYGON((-18638184 -8532766,-18134728 -8148053,-17327108 -9254278,-17786347 -9682224,-18638184 -8532766))
32617;POLYGON((-22029531 -11325142,-21416800 -10796096,-20307206 -12195362,-20860252 -12781859,-22029531 -11325142))
32618;POLYGON((-26168324 -15150876,-25419359 -14427885,-23903962 -16216094,-24573171 -17015206,-26168324 -15150876))
32619;POLYGON((-31235831 -20356642,-30317976 -19375669,-28262694 -21678339,-29075031 -22759764,-31235831 -20356642))
32620;POLYGON((-37450709 -27387000,-36324680 -26066270,-33558200 -29046461,-34545984 -30499119,-37450709 -27387000))
32621;POLYGON((-45074943 -36806223,-43693797 -35042346,-39999412 -38910303,-41201138 -40846521,-45074943 -36806223))
32622;POLYGON((-54420412 -49323688,-52728405 -46987164,-47834546 -52011947,-49295793 -54572314,-54420412 -49323688))
32623;POLYGON((-65856117 -65823220,-63787455 -62753258,-57356769 -69276658,-59131197 -72635619,-65856117 -65823220))
32624;POLYGON((-79816107 -87396778,-77293573 -83395361,-68910414 -91848444,-71060853 -96220708,-79816107 -87396778))
32625;POLYGON((-96808131 -115382907,-93741592 -110208035,-82897761 -121130678,-85497402 -126778511,-96808131 -115382907))
32626;POLYGON((-117423050 -151410397,-113707835 -144768430,-99786428 -158832245,-102920111 -166073735,-117423050 -151410397))
32627;POLYGON((-142345054 -197447592,-137860192 -188984619,-120117376 -207019712,-123882991 -216238082,-142345054 -197447592))
32628;POLYGON((-172362693 -255857846,-166969018 -245149993,-144513572 -268176017,-149023567 -279830079,-172362693 -255857846))
32629;POLYGON((-208380787 -329461602,-201918889 -316004208,-173689332 -345266227,-179072333 -359902067,-208380787 -329461602))
32630;POLYGON((-251433216 -421605631,-243721248 -404801185,-208460359 -441810902,-214862921 -460074888,-251433216 -421605631))
32631;POLYGON((222894972 -357934380,229957682 -372984302,197193476 -407225154,191320206 -390862851,222894972 -357934380))
32632;POLYGON((184653735 -278550526,190560247 -290564561,164384866 -317594026,159455524 -304523282,184653735 -278550526))
32633;POLYGON((152742581 -215413650,157663238 -224941297,136887706 -246177263,132764928 -235803564,152742581 -215413650))
32634;POLYGON((126215137 -165535925,130298963 -173040024,113921250 -189648113,110484709 -181470551,126215137 -165535925))
32635;POLYGON((104245462 -126408876,107622279 -132277037,94802712 -145209983,91947437 -138808922,104245462 -126408876))
32636;POLYGON((86115849 -95938966,88898250 -100493823,78937465 -110525673,76572271 -105551691,86115849 -95938966))
32637;POLYGON((71205501 -72389994,73490676 -75898351,65809924 -83654031,63855963 -79818047,71205501 -72389994))
32638;POLYGON((58980049 -54331787,60851479 -57012753,54975110 -62993498,53364526 -60057996,58980049 -54331787))
32639;POLYGON((48981877 -40594710,50510889 -42626897,46050848 -47232000,44725539 -45003257,48981877 -40594710))
32640;POLYGON((40821217 -30229530,42068415 -31757392,38710587 -35302699,37621063 -33623946,40821217 -30229530))
32641;POLYGON((34167985 -22472188,35184564 -23611565,32676805 -26345104,31781150 -25090535,34167985 -22472188))
32642;POLYGON((28744328 -16713051,29573265 -17556004,27714985 -19671104,26977900 -18740659,28744328 -16713051))
32643;POLYGON((24317835 -12470247,24994978 -13089234,23628120 -14735459,23020059 -14050313,24317835 -12470247))
32644;POLYGON((20695399 -9366693,21250445 -9818157,20251732 -11110349,19748123 -10609033,20695399 -9366693))
32645;POLYGON((17717674 -7110450,18175054 -7437876,17449378 -8463571,17029916 -8098669,17717674 -7110450))
32646;POLYGON((15254115 -5478055,15633781 -5714557,15108610 -6540015,14756626 -6275368,15254115 -5478055))
32647;POLYGON((13198549 -4300512,13516676 -4470995,13137368 -5146058,12839272 -4954425,13198549 -4300512))
32648;POLYGON((11465259 -3451631,11734865 -3574586,11460779 -4136547,11205559 -3997664,11465259 -3451631))
32649;POLYGON((9985538 -2838426,10217025 -2927396,10018333 -3404056,9797123 -3303043,9985538 -2838426))
32650;POLYGON((8704679 -2393300,8906308 -2458072,8761414 -2870117,8567110 -2796194,8704679 -2393300))
32651;POLYGON((7579382 -2067784,7757676 -2115332,7651149 -2478172,7478088 -2423632,7579382 -2067784))
32652;POLYGON((6575517 -1827581,6735612 -1862812,6656570 -2187978,6500244 -2147376,6575517 -1827581))
32653;POLYGON((5666244 -1648724,5812178 -1675051,5753035 -1971241,5609857 -1940778,5666244 -1648724))
32654;POLYGON((4830425 -1514647,4965384 -1534417,4920907 -1808286,4788007 -1785333,4830425 -1514647))
32655;POLYGON((4051317 -1414004,4177834 -1428820,4144441 -1685548,4019509 -1668301,4051317 -1414004))
32656;POLYGON((3315501 -1339083,3435621 -1350029,3410879 -1593748,3292024 -1580979,3315501 -1339083))
32657;POLYGON((2612018 -1284687,2727427 -1292491,2709700 -1526591,2595342 -1517474,2612018 -1284687))
32658;POLYGON((1931673 -1247372,2043807 -1252511,2032018 -1479868,1920799 -1473859,1931673 -1247372))
32659;POLYGON((1266488 -1224946,1376612 -1227713,1370091 -1450865,1260803 -1447628,1266488 -1224946))
32660;POLYGON((609249 -1216161,718529 -1216707,716922 -1437987,608446 -1437348,609249 -1216161))
