32701;POLYGON((229752 16773110,283749 16769393,270278 16546929,212909 16550799,229752 16773110))
32702;POLYGON((-92992 16812799,-39394 16804110,-73143 16583091,-130135 16592146,-92992 16812799))
32703;POLYGON((-412173 16882434,-359312 16868738,-413511 16650482,-469802 16664776,-412173 16882434))
32704;POLYGON((-725643 16982271,-673893 16963522,-748782 16749491,-804007 16769101,-725643 16982271))
32705;POLYGON((-1030999 17112600,-980782 17088750,-1076626 16880612,-1130361 16905623,-1030999 17112600))
32706;POLYGON((-1325501 17273652,-1277300 17244671,-1394319 17044351,-1446063 17074843,-1325501 17273652))
32707;POLYGON((-1605999 17465479,-1560369 17431377,-1698639 17241099,-1747800 17277112,-1605999 17465479))
32708;POLYGON((-1868864 17687787,-1826447 17648647,-1985768 17470944,-2031645 17512448,-1868864 17687787))
32709;POLYGON((-2109945 17939722,-2071471 17895734,-2251196 17733428,-2292966 17780272,-2109945 17939722))
32710;POLYGON((-2324520 18219592,-2290816 18171112,-2489635 18027226,-2526332 18079077,-2324520 18219592))
32711;POLYGON((-2507280 18524526,-2479272 18472130,-2694927 18349727,-2725436 18405989,-2507280 18524526))
32712;POLYGON((-2652322 18850038,-2631035 18794608,-2859972 18696505,-2883012 18756219,-2652322 18850038))
32713;POLYGON((-2753164 19189506,-2739718 19132318,-2976651 19060652,-2990766 19122373,-2753164 19189506))
32714;POLYGON((-2802784 19533523,-2798384 19476371,-3035770 19431962,-3039319 19493597,-2802784 19533523))
32715;POLYGON((-2793676 19869130,-2799603 19814457,-3026999 19795912,-3018146 19854540,-2793676 19869130))
32716;POLYGON((-2717941 20178887,-2735535 20129955,-2938826 20132447,-2915536 20184090,-2717941 20178887))
32717;POLYGON((-2567403 20439780,-2598039 20400864,-2758528 20414514,-2718560 20453862,-2567403 20439780))
32718;POLYGON((-2333746 20621936,-2378813 20598552,-2472139 20606311,-2413043 20626408,-2333746 20621936))
32719;POLYGON((-2008699 20687112,-2069565 20686286,-2064440 20661235,-1983558 20653100,-2008699 20687112))
32720;POLYGON((-1584244 20586955,-1662217 20617530,-1518958 20519471,-1413423 20471659,-1584244 20586955))
32721;POLYGON((-1052860 20260983,-1149147 20333976,-817975 20105187,-684715 20003283,-1052860 20260983))
32722;POLYGON((-407812 19634277,-523468 19763285,57441 19323303,221699 19149335,-407812 19634277))
32723;POLYGON((356528 18614840,220657 18816504,1127406 18055770,1326123 17787541,356528 18614840))
32724;POLYGON((1244313 17090603,1087654 17385134,2413153 16157332,2649974 15767656,1244313 17090603))
32725;POLYGON((2257807 14926041,2080133 15337811,3936970 13450700,4215705 12906544,2257807 14926041))
32726;POLYGON((3396932 11958360,3198439 12516570,5722109 9721110,6046720 8982614,3396932 11958360))
32727;POLYGON((4658759 7993225,4440156 8732652,7792683 4710182,8167264 3729573,4658759 7993225))
32728;POLYGON((6036956 2799994,5799560 3761817,10173540 -1890944,10602296 -3170578,6036956 2799994))
32729;POLYGON((7521179 -3893592,7267020 -2660864,12890127 -10449290,13377344 -12095359,7521179 -3893592))
32730;POLYGON((9096406 -12407294,8828343 -10846802,15968324 -21398563,16518346 -23490486,9096406 -12407294))
32731;POLYGON((-7037033 -6511977,-7298557 -7900914,-13900469 -17453351,-13382394 -15595097,-7037033 -6511977))
32732;POLYGON((-5520555 750258,-5766635 -340455,-10945704 -7353739,-10488258 -5900027,-5520555 750258))
32733;POLYGON((-4105650 6411138,-4333857 5566097,-8343885 507488,-7942748 1629873,-4105650 6411138))
32734;POLYGON((-2804144 10758071,-3012817 10113979,-6069256 6540808,-5720179 7393848,-2804144 10758071))
32735;POLYGON((-1623638 14034954,-1811776 13553944,-4096555 11092948,-3795386 11728825,-1623638 14034954))
32736;POLYGON((-568128 16447669,-735291 16097851,-2401162 14455132,-2143871 14917516,-568128 16447669))
32737;POLYGON((361413 18169025,215200 17923699,-959240 16870473,-741938 17195683,361413 18169025))
32738;POLYGON((1166525 19343192,1040851 19180146,252153 18540598,433195 18758630,1166525 19343192))
32739;POLYGON((1850777 20089661,1744926 19990538,1254963 19631545,1403301 19766988,1850777 20089661))
32740;POLYGON((2419349 20506767,2332361 20456511,2070058 20278996,2189059 20351844,2419349 20506767))
32741;POLYGON((2878644 20674813,2809382 20661170,2717163 20592898,2810001 20619268,2878644 20674813))
32742;POLYGON((3235955 20658820,3183156 20671909,3214810 20661527,3284454 20654280,3235955 20658820))
32743;POLYGON((3499163 20510948,3461484 20542875,3580304 20555038,3629517 20524329,3499163 20510948))
32744;POLYGON((3676483 20272601,3652541 20317131,3829700 20328553,3861037 20282299,3676483 20272601))
32745;POLYGON((3776233 19976265,3764643 20028533,3977800 20024823,3993604 19969114,3776233 19976265))
32746;POLYGON((3806656 19647086,3806056 19703351,4038152 19676522,4040562 19615964,3806656 19647086))
32747;POLYGON((3775757 19304231,3784835 19361662,4023073 19308192,4014024 19246205,3775757 19304231))
32748;POLYGON((3691183 18962044,3708695 19018542,3943677 18937892,3924906 18876957,3691183 18962044))
32749;POLYGON((3560126 18631021,3584907 18685067,3809908 18578582,3782963 18520446,3560126 18631021))
32750;POLYGON((3389254 18318636,3420232 18369163,3630598 18239267,3596845 18185116,3389254 18318636))
32751;POLYGON((3184665 18030022,3220863 18076312,3413516 17925944,3374153 17876541,3184665 18030022))
32752;POLYGON((2951866 17768537,2992409 17810134,3165441 17642367,3121506 17598164,2951866 17768537))
32753;POLYGON((2695773 17536223,2739882 17572860,2892231 17390665,2844617 17351897,2695773 17536223))
32754;POLYGON((2420725 17334180,2467715 17365726,2598907 17171835,2548374 17138584,2420725 17334180))
32755;POLYGON((2130519 17162863,2179793 17189276,2289737 16986119,2236930 16958375,2130519 17162863))
32756;POLYGON((1828458 17022313,1879498 17043607,1968329 16833305,1913792 16811005,1828458 17022313))
32757;POLYGON((1517411 16912343,1569765 16928559,1637728 16712946,1581921 16696005,1517411 16912343))
32758;POLYGON((1199884 16832672,1253158 16843859,1300515 16624528,1243831 16612862,1199884 16832672))
32759;POLYGON((878100 16783025,931938 16789224,958914 16567582,901694 16561125,878100 16783025))
32760;POLYGON((554084 16763200,608160 16764438,614893 16541771,557450 16540481,554084 16763200))
32601;POLYGON((229752 6773110,283749 6769393,270278 6546929,212909 6550799,229752 6773110))
32602;POLYGON((-92992 6812799,-39394 6804110,-73143 6583091,-130135 6592146,-92992 6812799))
32603;POLYGON((-412173 6882434,-359312 6868738,-413511 6650482,-469802 6664776,-412173 6882434))
32604;POLYGON((-725643 6982271,-673893 6963522,-748782 6749491,-804007 6769101,-725643 6982271))
32605;POLYGON((-1030999 7112600,-980782 7088750,-1076626 6880612,-1130361 6905623,-1030999 7112600))
32606;POLYGON((-1325501 7273652,-1277300 7244671,-1394319 7044351,-1446063 7074843,-1325501 7273652))
32607;POLYGON((-1605999 7465479,-1560369 7431377,-1698639 7241099,-1747800 7277112,-1605999 7465479))
32608;POLYGON((-1868864 7687787,-1826447 7648647,-1985768 7470944,-2031645 7512448,-1868864 7687787))
32609;POLYGON((-2109945 7939722,-2071471 7895734,-2251196 7733428,-2292966 7780272,-2109945 7939722))
32610;POLYGON((-2324520 8219592,-2290816 8171112,-2489635 8027226,-2526332 8079077,-2324520 8219592))
32611;POLYGON((-2507280 8524526,-2479272 8472130,-2694927 8349727,-2725436 8405989,-2507280 8524526))
32612;POLYGON((-2652322 8850038,-2631035 8794608,-2859972 8696505,-2883012 8756219,-2652322 8850038))
32613;POLYGON((-2753164 9189506,-2739718 9132318,-2976651 9060652,-2990766 9122373,-2753164 9189506))
32614;POLYGON((-2802784 9533523,-2798384 9476371,-3035770 9431962,-3039319 9493597,-2802784 9533523))
32615;POLYGON((-2793676 9869130,-2799603 9814457,-3026999 9795912,-3018146 9854540,-2793676 9869130))
32616;POLYGON((-2717941 10178887,-2735535 10129955,-2938826 10132447,-2915536 10184090,-2717941 10178887))
32617;POLYGON((-2567403 10439780,-2598039 10400864,-2758528 10414514,-2718560 10453862,-2567403 10439780))
32618;POLYGON((-2333746 10621936,-2378813 10598552,-2472139 10606311,-2413043 10626408,-2333746 10621936))
32619;POLYGON((-2008699 10687112,-2069565 10686286,-2064440 10661235,-1983558 10653100,-2008699 10687112))
32620;POLYGON((-1584244 10586955,-1662217 10617530,-1518958 10519471,-1413423 10471659,-1584244 10586955))
32621;POLYGON((-1052860 10260983,-1149147 10333976,-817975 10105187,-684715 10003283,-1052860 10260983))
32622;POLYGON((-407812 9634277,-523468 9763285,57441 9323303,221699 9149335,-407812 9634277))
32623;POLYGON((356528 8614840,220657 8816504,1127406 8055770,1326123 7787541,356528 8614840))
32624;POLYGON((1244313 7090603,1087654 7385134,2413153 6157332,2649974 5767656,1244313 7090603))
32625;POLYGON((2257807 4926041,2080133 5337811,3936970 3450700,4215705 2906544,2257807 4926041))
32626;POLYGON((3396932 1958360,3198439 2516570,5722109 -278889,6046720 -1017385,3396932 1958360))
32627;POLYGON((4658759 -2006774,4440156 -1267347,7792683 -5289817,8167264 -6270426,4658759 -2006774))
32628;POLYGON((6036956 -7200005,5799560 -6238182,10173540 -11890944,10602296 -13170578,6036956 -7200005))
32629;POLYGON((7521179 -13893592,7267020 -12660864,12890127 -20449290,13377344 -22095359,7521179 -13893592))
32630;POLYGON((9096406 -22407294,8828343 -20846802,15968324 -31398563,16518346 -33490486,9096406 -22407294))
32631;POLYGON((-7037033 -16511977,-7298557 -17900914,-13900469 -27453351,-13382394 -25595097,-7037033 -16511977))
32632;POLYGON((-5520555 -9249741,-5766635 -10340455,-10945704 -17353739,-10488258 -15900027,-5520555 -9249741))
32633;POLYGON((-4105650 -3588861,-4333857 -4433902,-8343885 -9492511,-7942748 -8370126,-4105650 -3588861))
32634;POLYGON((-2804144 758071,-3012817 113979,-6069256 -3459191,-5720179 -2606151,-2804144 758071))
32635;POLYGON((-1623638 4034954,-1811776 3553944,-4096555 1092948,-3795386 1728825,-1623638 4034954))
32636;POLYGON((-568128 6447669,-735291 6097851,-2401162 4455132,-2143871 4917516,-568128 6447669))
32637;POLYGON((361413 8169025,215200 7923699,-959240 6870473,-741938 7195683,361413 8169025))
32638;POLYGON((1166525 9343192,1040851 9180146,252153 8540598,433195 8758630,1166525 9343192))
32639;POLYGON((1850777 10089661,1744926 9990538,1254963 9631545,1403301 9766988,1850777 10089661))
32640;POLYGON((2419349 10506767,2332361 10456511,2070058 10278996,2189059 10351844,2419349 10506767))
32641;POLYGON((2878644 10674813,2809382 10661170,2717163 10592898,2810001 10619268,2878644 10674813))
32642;POLYGON((3235955 10658820,3183156 10671909,3214810 10661527,3284454 10654280,3235955 10658820))
32643;POLYGON((3499163 10510948,3461484 10542875,3580304 10555038,3629517 10524329,3499163 10510948))
32644;POLYGON((3676483 10272601,3652541 10317131,3829700 10328553,3861037 10282299,3676483 10272601))
32645;POLYGON((3776233 9976265,3764643 10028533,3977800 10024823,3993604 9969114,3776233 9976265))
32646;POLYGON((3806656 9647086,3806056 9703351,4038152 9676522,4040562 9615964,3806656 9647086))
32647;POLYGON((3775757 9304231,3784835 9361662,4023073 9308192,4014024 9246205,3775757 9304231))
32648;POLYGON((3691183 8962044,3708695 9018542,3943677 8937892,3924906 8876957,3691183 8962044))
32649;POLYGON((3560126 8631021,3584907 8685067,3809908 8578582,3782963 8520446,3560126 8631021))
32650;POLYGON((3389254 8318636,3420232 8369163,3630598 8239267,3596845 8185116,3389254 8318636))
32651;POLYGON((3184665 8030022,3220863 8076312,3413516 7925944,3374153 7876541,3184665 8030022))
32652;POLYGON((2951866 7768537,2992409 7810134,3165441 7642367,3121506 7598164,2951866 7768537))
32653;POLYGON((2695773 7536223,2739882 7572860,2892231 7390665,2844617 7351897,2695773 7536223))
32654;POLYGON((2420725 7334180,2467715 7365726,2598907 7171835,2548374 7138584,2420725 7334180))
32655;POLYGON((2130519 7162863,2179793 7189276,2289737 6986119,2236930 6958375,2130519 7162863))
32656;POLYGON((1828458 7022313,1879498 7043607,1968329 6833305,1913792 6811005,1828458 7022313))
32657;POLYGON((1517411 6912343,1569765 6928559,1637728 6712946,1581921 6696005,1517411 6912343))
32658;POLYGON((1199884 6832672,1253158 6843859,1300515 6624528,1243831 6612862,1199884 6832672))
32659;POLYGON((878100 6783025,931938 6789224,958914 6567582,901694 6561125,878100 6783025))
32660;POLYGON((554084 6763200,608160 6764438,614893 6541771,557450 6540481,554084 6763200))
