32701;POLYGON((264409 2782220,311471 2785577,325688 2563016,282180 2559863,264409 2782220))
32702;POLYGON((-16665 2746407,29978 2754242,65518 2533602,22427 2526250,-16665 2746407))
32703;POLYGON((-294012 2683714,-248136 2696030,-191289 2479010,-233617 2467469,-294012 2683714))
32704;POLYGON((-565467 2594137,-520730 2610932,-442628 2399323,-483832 2383612,-565467 2594137))
32705;POLYGON((-828704 2477732,-785507 2498990,-686280 2294705,-725977 2274864,-828704 2477732))
32706;POLYGON((-1081195 2334679,-1039974 2360358,-919882 2165457,-957663 2141552,-1081195 2334679))
32707;POLYGON((-1320176 2165373,-1281409 2195388,-1140911 2012080,-1176340 1984222,-1320176 2165373))
32708;POLYGON((-1542633 1970530,-1506840 2004734,-1346682 1835363,-1379297 1803716,-1542633 1970530))
32709;POLYGON((-1745312 1751328,-1713051 1789486,-1534365 1636474,-1563681 1601279,-1745312 1751328))
32710;POLYGON((-1924740 1509562,-1896603 1551324,-1701024 1417080,-1726548 1378670,-1924740 1509562))
32711;POLYGON((-2077282 1247838,-2053883 1292704,-1843687 1179465,-1864924 1138293,-2077282 1247838))
32712;POLYGON((-2199220 969793,-2181180 1017076,-1959435 926679,-1975914 883336,-2199220 969793))
32713;POLYGON((-2286871 680351,-2274796 729129,-2045536 662682,-2056829 617929,-2286871 680351))
32714;POLYGON((-2336736 386019,-2331188 435083,-2099603 392513,-2105361 347306,-2336736 386019))
32715;POLYGON((-2345686 95216,-2347152 143014,-2119801 122463,-2119787 77987,-2345686 95216))
32716;POLYGON((-2311196 -181346,-2320044 -136774,-2105090 -139736,-2099229 -182041,-2311196 -181346))
32717;POLYGON((-2231622 -430234,-2248051 -391337,-2055519 -384724,-2043947 -423125,-2231622 -430234))
32718;POLYGON((-2106526 -634811,-2130510 -604606,-1972563 -601306,-1955693 -633744,-2106526 -634811))
32719;POLYGON((-1937051 -774701,-1968273 -756869,-1859525 -776243,-1838113 -800298,-1937051 -774701))
32720;POLYGON((-1726357 -825184,-1764129 -824174,-1721975 -894043,-1697208 -906897,-1726357 -825184))
32721;POLYGON((-1480113 -756525,-1523294 -777671,-1568269 -936737,-1541848 -935142,-1480113 -756525))
32722;POLYGON((-1207045 -533231,-1253943 -582883,-1410118 -883666,-1384365 -863900,-1207045 -533231))
32723;POLYGON((-919563 -113226,-967825 -198891,-1263225 -711256,-1241195 -669091,-919563 -113226))
32724;POLYGON((-634440 553064,-680936 422560,-1147998 -392797,-1133602 -323462,-634440 553064))
32725;POLYGON((-373576 1523711,-414266 1338056,-1090327 101771,-1088473 203628,-373576 1523711))
32726;POLYGON((-164830 2866394,-194620 2613590,-1122444 806078,-1139185 946422,-164830 2866394))
32727;POLYGON((-42934 4659607,-55516 4325765,-1283861 1757525,-1326561 1942972,-42934 4659607))
32728;POLYGON((-50484 6993986,-38168 6563097,-1622391 2997488,-1699901 3235334,-50484 6993986))
32729;POLYGON((-239024 9973761,-192549 9427445,-2195254 4571508,-2318109 4869760,-239024 9973761))
32730;POLYGON((-670206 13718335,-578543 13035566,-3070275 6529467,-3250899 6896873,-670206 13718335))
32731;POLYGON((1352431 11130609,1420002 11742347,3740367 5830892,3590307 5499204,1352431 11130609))
32732;POLYGON((1090396 7909965,1118528 8396111,2974308 4006730,2875555 3739727,1090396 7909965))
32733;POLYGON((1028717 5372751,1027530 5752972,2486543 2549386,2427645 2338696,1028717 5372751))
32734;POLYGON((1112616 3409860,1090560 3701320,2212920 1410446,2184209 1248418,1112616 3409860))
32735;POLYGON((1296638 1926294,1260690 2143911,2099483 545775,2092874 425460,1296638 1926294))
32736;POLYGON((1543545 839662,1499384 996352,2101306 -84653,2110113 -169542,1543545 839662))
32737;POLYGON((1823292 78822,1775467 185715,2181413 -516962,2200174 -572081,1823292 78822))
32738;POLYGON((2112088 -417371,2064169 -350729,2309784 -783568,2334108 -813972,2112088 -417371))
32739;POLYGON((2391540 -701209,2346250 -666673,2462449 -913390,2488869 -923575,2391540 -701209))
32740;POLYGON((2647863 -817162,2607212 -807821,2620652 -932068,2646495 -926003,2647863 -817162))
32741;POLYGON((2871176 -802821,2836567 -812851,2770096 -862181,2793363 -843348,2871176 -802821))
32742;POLYGON((3054855 -689754,3027191 -714278,2900255 -723466,2919515 -694893,3054855 -689754))
32743;POLYGON((3194961 -504273,3174735 -539240,3003763 -533041,3018055 -497343,3194961 -504273))
32744;POLYGON((3289730 -268134,3277104 -310208,3075858 -305625,3084607 -265036,3289730 -268134))
32745;POLYGON((3339118 843,3333998 -45615,3113895 -53750,3116835 -10161,3339118 843))
32746;POLYGON((3344405 288215,3346500 239565,3116915 212021,3114023 257026,3344405 288215))
32747;POLYGON((3307856 582411,3316734 533320,3085267 482894,3076704 528007,3307856 582411))
32748;POLYGON((3232425 874293,3247557 826131,3020287 751640,3006351 795794,3232425 874293))
32749;POLYGON((3121512 1156755,3142309 1110581,2924017 1012403,2905102 1054744,3121512 1156755))
32750;POLYGON((2978757 1424382,3004603 1380994,2798981 1260524,2775540 1300379,2978757 1424382))
32751;POLYGON((2807882 1673136,2838157 1633124,2647990 1492363,2620508 1529213,2807882 1673136))
32752;POLYGON((2612558 1900095,2646657 1863878,2473993 1705142,2442966 1738599,2612558 1900095))
32753;POLYGON((2396320 2103215,2433668 2071082,2279959 1896799,2245877 1926576,2396320 2103215))
32754;POLYGON((2162500 2281133,2202557 2253272,2068794 2065845,2032132 2091743,2162500 2281133))
32755;POLYGON((1914194 2432994,1956460 2409518,1843283 2211250,1804491 2233134,1914194 2432994))
32756;POLYGON((1654246 2558311,1698266 2539281,1606059 2332333,1565559 2350116,1654246 2558311))
32757;POLYGON((1385262 2656841,1430617 2642285,1359590 2428666,1317777 2442296,1385262 2656841))
32758;POLYGON((1109632 2728497,1155936 2718422,1106188 2500001,1063435 2509450,1109632 2728497))
32759;POLYGON((829567 2773268,876463 2767673,848030 2546206,804688 2551459,829567 2773268))
32760;POLYGON((547155 2791172,594301 2790053,587192 2567218,543600 2568269,547155 2791172))
32601;POLYGON((264409 -7217779,311471 -7214422,325688 -7436983,282180 -7440136,264409 -7217779))
32602;POLYGON((-16665 -7253592,29978 -7245757,65518 -7466397,22427 -7473749,-16665 -7253592))
32603;POLYGON((-294012 -7316285,-248136 -7303969,-191289 -7520989,-233617 -7532530,-294012 -7316285))
32604;POLYGON((-565467 -7405862,-520730 -7389067,-442628 -7600676,-483832 -7616387,-565467 -7405862))
32605;POLYGON((-828704 -7522267,-785507 -7501009,-686280 -7705294,-725977 -7725135,-828704 -7522267))
32606;POLYGON((-1081195 -7665320,-1039974 -7639641,-919882 -7834542,-957663 -7858447,-1081195 -7665320))
32607;POLYGON((-1320176 -7834626,-1281409 -7804611,-1140911 -7987919,-1176340 -8015777,-1320176 -7834626))
32608;POLYGON((-1542633 -8029469,-1506840 -7995265,-1346682 -8164636,-1379297 -8196283,-1542633 -8029469))
32609;POLYGON((-1745312 -8248671,-1713051 -8210513,-1534365 -8363525,-1563681 -8398720,-1745312 -8248671))
32610;POLYGON((-1924740 -8490437,-1896603 -8448675,-1701024 -8582919,-1726548 -8621329,-1924740 -8490437))
32611;POLYGON((-2077282 -8752161,-2053883 -8707295,-1843687 -8820534,-1864924 -8861706,-2077282 -8752161))
32612;POLYGON((-2199220 -9030206,-2181180 -8982923,-1959435 -9073320,-1975914 -9116663,-2199220 -9030206))
32613;POLYGON((-2286871 -9319648,-2274796 -9270870,-2045536 -9337317,-2056829 -9382070,-2286871 -9319648))
32614;POLYGON((-2336736 -9613980,-2331188 -9564916,-2099603 -9607486,-2105361 -9652693,-2336736 -9613980))
32615;POLYGON((-2345686 -9904783,-2347152 -9856985,-2119801 -9877536,-2119787 -9922012,-2345686 -9904783))
32616;POLYGON((-2311196 -10181346,-2320044 -10136774,-2105090 -10139736,-2099229 -10182041,-2311196 -10181346))
32617;POLYGON((-2231622 -10430234,-2248051 -10391337,-2055519 -10384724,-2043947 -10423125,-2231622 -10430234))
32618;POLYGON((-2106526 -10634811,-2130510 -10604606,-1972563 -10601306,-1955693 -10633744,-2106526 -10634811))
32619;POLYGON((-1937051 -10774701,-1968273 -10756869,-1859525 -10776243,-1838113 -10800298,-1937051 -10774701))
32620;POLYGON((-1726357 -10825184,-1764129 -10824174,-1721975 -10894043,-1697208 -10906897,-1726357 -10825184))
32621;POLYGON((-1480113 -10756525,-1523294 -10777671,-1568269 -10936737,-1541848 -10935142,-1480113 -10756525))
32622;POLYGON((-1207045 -10533231,-1253943 -10582883,-1410118 -10883666,-1384365 -10863900,-1207045 -10533231))
32623;POLYGON((-919563 -10113226,-967825 -10198891,-1263225 -10711256,-1241195 -10669091,-919563 -10113226))
32624;POLYGON((-634440 -9446935,-680936 -9577439,-1147998 -10392797,-1133602 -10323462,-634440 -9446935))
32625;POLYGON((-373576 -8476288,-414266 -8661943,-1090327 -9898228,-1088473 -9796371,-373576 -8476288))
32626;POLYGON((-164830 -7133605,-194620 -7386409,-1122444 -9193921,-1139185 -9053577,-164830 -7133605))
32627;POLYGON((-42934 -5340392,-55516 -5674234,-1283861 -8242474,-1326561 -8057027,-42934 -5340392))
32628;POLYGON((-50484 -3006013,-38168 -3436902,-1622391 -7002511,-1699901 -6764665,-50484 -3006013))
32629;POLYGON((-239024 -26238,-192549 -572554,-2195254 -5428491,-2318109 -5130239,-239024 -26238))
32630;POLYGON((-670206 3718335,-578543 3035566,-3070275 -3470532,-3250899 -3103126,-670206 3718335))
32631;POLYGON((1352431 1130609,1420002 1742347,3740367 -4169107,3590307 -4500795,1352431 1130609))
32632;POLYGON((1090396 -2090034,1118528 -1603888,2974308 -5993269,2875555 -6260272,1090396 -2090034))
32633;POLYGON((1028717 -4627248,1027530 -4247027,2486543 -7450613,2427645 -7661303,1028717 -4627248))
32634;POLYGON((1112616 -6590139,1090560 -6298679,2212920 -8589553,2184209 -8751581,1112616 -6590139))
32635;POLYGON((1296638 -8073705,1260690 -7856088,2099483 -9454224,2092874 -9574539,1296638 -8073705))
32636;POLYGON((1543545 -9160337,1499384 -9003647,2101306 -10084653,2110113 -10169542,1543545 -9160337))
32637;POLYGON((1823292 -9921177,1775467 -9814284,2181413 -10516962,2200174 -10572081,1823292 -9921177))
32638;POLYGON((2112088 -10417371,2064169 -10350729,2309784 -10783568,2334108 -10813972,2112088 -10417371))
32639;POLYGON((2391540 -10701209,2346250 -10666673,2462449 -10913390,2488869 -10923575,2391540 -10701209))
32640;POLYGON((2647863 -10817162,2607212 -10807821,2620652 -10932068,2646495 -10926003,2647863 -10817162))
32641;POLYGON((2871176 -10802821,2836567 -10812851,2770096 -10862181,2793363 -10843348,2871176 -10802821))
32642;POLYGON((3054855 -10689754,3027191 -10714278,2900255 -10723466,2919515 -10694893,3054855 -10689754))
32643;POLYGON((3194961 -10504273,3174735 -10539240,3003763 -10533041,3018055 -10497343,3194961 -10504273))
32644;POLYGON((3289730 -10268134,3277104 -10310208,3075858 -10305625,3084607 -10265036,3289730 -10268134))
32645;POLYGON((3339118 -9999156,3333998 -10045615,3113895 -10053750,3116835 -10010161,3339118 -9999156))
32646;POLYGON((3344405 -9711784,3346500 -9760434,3116915 -9787978,3114023 -9742973,3344405 -9711784))
32647;POLYGON((3307856 -9417588,3316734 -9466679,3085267 -9517105,3076704 -9471992,3307856 -9417588))
32648;POLYGON((3232425 -9125706,3247557 -9173868,3020287 -9248359,3006351 -9204205,3232425 -9125706))
32649;POLYGON((3121512 -8843244,3142309 -8889418,2924017 -8987596,2905102 -8945255,3121512 -8843244))
32650;POLYGON((2978757 -8575617,3004603 -8619005,2798981 -8739475,2775540 -8699620,2978757 -8575617))
32651;POLYGON((2807882 -8326863,2838157 -8366875,2647990 -8507636,2620508 -8470786,2807882 -8326863))
32652;POLYGON((2612558 -8099904,2646657 -8136121,2473993 -8294857,2442966 -8261400,2612558 -8099904))
32653;POLYGON((2396320 -7896784,2433668 -7928917,2279959 -8103200,2245877 -8073423,2396320 -7896784))
32654;POLYGON((2162500 -7718866,2202557 -7746727,2068794 -7934154,2032132 -7908256,2162500 -7718866))
32655;POLYGON((1914194 -7567005,1956460 -7590481,1843283 -7788749,1804491 -7766865,1914194 -7567005))
32656;POLYGON((1654246 -7441688,1698266 -7460718,1606059 -7667666,1565559 -7649883,1654246 -7441688))
32657;POLYGON((1385262 -7343158,1430617 -7357714,1359590 -7571333,1317777 -7557703,1385262 -7343158))
32658;POLYGON((1109632 -7271502,1155936 -7281577,1106188 -7499998,1063435 -7490549,1109632 -7271502))
32659;POLYGON((829567 -7226731,876463 -7232326,848030 -7453793,804688 -7448540,829567 -7226731))
32660;POLYGON((547155 -7208827,594301 -7209946,587192 -7432781,543600 -7431730,547155 -7208827))
