32701;POLYGON((43542 13884483,134891 13880360,126212 13658400,32678 13662409,43542 13884483))
32702;POLYGON((-505876 13928831,-414103 13919073,-436094 13696054,-530148 13705550,-505876 13928831))
32703;POLYGON((-1058958 14008043,-966447 13992321,-1002521 13767385,-1097491 13782711,-1058958 14008043))
32704;POLYGON((-1617422 14124832,-1523909 14102603,-1575353 13875002,-1671592 13896726,-1617422 14124832))
32705;POLYGON((-2182557 14283259,-2087869 14253746,-2156552 14022927,-2254342 14051871,-2182557 14283259))
32706;POLYGON((-2754953 14488929,-2659054 14451080,-2747533 14216828,-2847034 14254119,-2754953 14488929))
32707;POLYGON((-3334114 14749249,-3237182 14701692,-3348826 14464356,-3450013 14511490,-3334114 14749249))
32708;POLYGON((-3917942 15073738,-3820466 15014725,-3959623 14775563,-4062186 14834486,-3917942 15073738))
32709;POLYGON((-4502048 15474399,-4404952 15401739,-4577143 15163448,-4680376 15236656,-4502048 15474399))
32710;POLYGON((-5078868 15966143,-4983678 15877129,-5195834 15644614,-5298473 15735281,-5078868 15966143))
32711;POLYGON((-5636561 16567271,-5545602 16458596,-5806341 16240087,-5906371 16352211,-5636561 16567271))
32712;POLYGON((-6157647 17300011,-6074289 17167673,-6394238 16976282,-6488659 17114869,-6157647 17300011))
32713;POLYGON((-6617369 18191103,-6546323 18030306,-6938493 17886172,-7023032 18057450,-6617369 18191103))
32714;POLYGON((-6981747 19272445,-6929409 19077485,-7409621 19010663,-7478394 19222328,-6981747 19272445))
32715;POLYGON((-7205288 20581776,-7180147 20345928,-7767520 20400206,-7812641 20661725,-7205288 20581776))
32716;POLYGON((-7228332 22163422,-7241441 21878807,-7958948 22116691,-7970067 22439639,-7228332 22163422))
32717;POLYGON((-6974010 24069076,-7039516 23726532,-7914614 24235636,-7878395 24634096,-6974010 24069076))
32718;POLYGON((-6344764 26358632,-6480525 25947571,-7545857 26848714,-7445383 27339735,-6344764 26358632))
32719;POLYGON((-5218428 29101058,-5446694 28609317,-6740889 30066668,-6554990 30670788,-5218428 29101058))
32720;POLYGON((-3443821 32375313,-3792006 31788999,-5360562 34022630,-5063064 34764472,-3443821 32375313))
32721;POLYGON((-835833 36271295,-1337370 35574622,-3233649 38875905,-2792533 39784860,-835833 36271295))
32722;POLYGON((2830026 40890835,2134739 40065961,-151590 44816265,471931 45927253,2830026 40890835))
32723;POLYGON((7823651 46348720,6886206 45375570,4137307 52068785,4989817 53423123,7823651 46348720))
32724;POLYGON((14466947 52773747,13229781 51629835,9934253 60899288,11071249 62545662,14466947 52773747))
32725;POLYGON((23141072 60309806,21536219 58970055,17596966 71620448,19084086 73615992,23141072 60309806))
32726;POLYGON((34294329 69116985,32242053 67553543,27547297 84598598,29461658 87010103,34294329 69116985))
32727;POLYGON((48450730 79372710,45858053 77554753,40279530 100261304,42711176 103166563,48450730 79372710))
32728;POLYGON((66219282 91272886,62978385 89166429,56369364 119105777,59422830 122595069,66219282 91272886))
32729;POLYGON((88304001 105033067,84290503 102600771,76483623 141708166,80279630 145885895,88304001 105033067))
32730;POLYGON((115514701 120889637,110585803 118090608,101390712 168733811,106067980 173720315,115514701 120889637))
32731;POLYGON((-95761425 110073363,-100213547 112683684,-91503866 159188716,-87285769 154622713,-95761425 110073363))
32732;POLYGON((-72063575 95641713,-75674119 97906204,-68286489 133717374,-64877924 129897865,-72063575 95641713))
32733;POLYGON((-52939519 83146490,-55841835 85104244,-49593844 112436924,-46865325 109251775,-52939519 83146490))
32734;POLYGON((-37651214 72365328,-39961179 74051983,-34692593 94712957,-32531713 92065042,-37651214 72365328))
32735;POLYGON((-25559132 63095902,-27376938 64543836,-22947414 79996727,-21257085 77802206,-25559132 63095902))
32736;POLYGON((-16111997 55154757,-17523808 56393285,-13810788 67815226,-12507620 66001983,-16111997 55154757))
32737;POLYGON((-8837255 48376151,-9916745 49431715,-6813539 57762190,-5826327 56268420,-8837255 48376151))
32738;POLYGON((-3332279 42610919,-4142049 43507276,-1556081 49489976,-824417 48262914,-3332279 42610919))
32739;POLYGON((743754 37725354,150867 38483762,2299652 42702248,2826661 41697021,743754 37725354))
32740;POLYGON((3677310 33600119,3257040 34239515,5037619 37147408,5402524 36326010,3677310 33600119))
32741;POLYGON((5707315 30129180,5422871 30666356,6894454 32612725,7132536 31943102,5707315 30129180))
32742;POLYGON((7031374 27218770,6852446 27668547,8065656 28919090,8205902 28374328,7031374 27218770))
32743;POLYGON((7811406 24786395,7713262 25161779,8711204 25916375,8777186 25473970,7811406 24786395))
32744;POLYGON((8178733 22759858,8141411 23072207,8960623 23479307,8971297 23120537,8178733 22759858))
32745;POLYGON((8238657 21076341,8246234 21335511,8917548 21503848,8887961 21213208,8238657 21076341))
32746;POLYGON((8074536 19681511,8114485 19896005,8663787 19904012,8605712 19668727,8074536 19681511))
32747;POLYGON((7751408 18528675,7814020 18705780,8262934 18609090,8185428 18418684,7751408 18528675))
32748;POLYGON((7319173 17577984,7397061 17723898,7763548 17561231,7673442 17407162,7319173 17577984))
32749;POLYGON((6815379 16795672,6903035 16915631,7201928 16713361,7104255 16588702,6815379 16795672))
32750;POLYGON((6267624 16153354,6361048 16251743,6604518 16027387,6502876 15926550,6267624 16153354))
32751;POLYGON((5695616 15627364,5791994 15707827,5989960 15472664,5886824 15391171,5695616 15627364))
32752;POLYGON((5112912 15198156,5210347 15263689,5370831 15024691,5267813 14958976,5112912 15198156))
32753;POLYGON((4528367 14849744,4625656 14902785,4755091 14664017,4653156 14611263,4528367 14849744))
32754;POLYGON((3947320 14569207,4043774 14611716,4147266 14375322,4046903 14333322,3947320 14569207))
32755;POLYGON((3372547 14346240,3467848 14379771,3549397 14146658,3450761 14113703,3372547 14346240))
32756;POLYGON((2805012 14172772,2899099 14198529,2961788 13968827,2864802 13943614,2805012 14172772))
32757;POLYGON((2244440 14042626,2337424 14061520,2383568 13834881,2288004 13816442,2244440 14042626))
32758;POLYGON((1689739 13951253,1781845 13963939,1813108 13739732,1718644 13727378,1689739 13951253))
32759;POLYGON((1139307 13895509,1230827 13902420,1248319 13679853,1154576 13673130,1139307 13895509))
32760;POLYGON((591253 13873499,682516 13874870,686847 13653063,593417 13651730,591253 13873499))
32601;POLYGON((43542 3884483,134891 3880360,126212 3658400,32678 3662409,43542 3884483))
32602;POLYGON((-505876 3928831,-414103 3919073,-436094 3696054,-530148 3705550,-505876 3928831))
32603;POLYGON((-1058958 4008043,-966447 3992321,-1002521 3767385,-1097491 3782711,-1058958 4008043))
32604;POLYGON((-1617422 4124832,-1523909 4102603,-1575353 3875002,-1671592 3896726,-1617422 4124832))
32605;POLYGON((-2182557 4283259,-2087869 4253746,-2156552 4022927,-2254342 4051871,-2182557 4283259))
32606;POLYGON((-2754953 4488929,-2659054 4451080,-2747533 4216828,-2847034 4254119,-2754953 4488929))
32607;POLYGON((-3334114 4749249,-3237182 4701692,-3348826 4464356,-3450013 4511490,-3334114 4749249))
32608;POLYGON((-3917942 5073738,-3820466 5014725,-3959623 4775563,-4062186 4834486,-3917942 5073738))
32609;POLYGON((-4502048 5474399,-4404952 5401739,-4577143 5163448,-4680376 5236656,-4502048 5474399))
32610;POLYGON((-5078868 5966143,-4983678 5877129,-5195834 5644614,-5298473 5735281,-5078868 5966143))
32611;POLYGON((-5636561 6567271,-5545602 6458596,-5806341 6240087,-5906371 6352211,-5636561 6567271))
32612;POLYGON((-6157647 7300011,-6074289 7167673,-6394238 6976282,-6488659 7114869,-6157647 7300011))
32613;POLYGON((-6617369 8191103,-6546323 8030306,-6938493 7886172,-7023032 8057450,-6617369 8191103))
32614;POLYGON((-6981747 9272445,-6929409 9077485,-7409621 9010663,-7478394 9222328,-6981747 9272445))
32615;POLYGON((-7205288 10581776,-7180147 10345928,-7767520 10400206,-7812641 10661725,-7205288 10581776))
32616;POLYGON((-7228332 12163422,-7241441 11878807,-7958948 12116691,-7970067 12439639,-7228332 12163422))
32617;POLYGON((-6974010 14069076,-7039516 13726532,-7914614 14235636,-7878395 14634096,-6974010 14069076))
32618;POLYGON((-6344764 16358632,-6480525 15947571,-7545857 16848714,-7445383 17339735,-6344764 16358632))
32619;POLYGON((-5218428 19101058,-5446694 18609317,-6740889 20066668,-6554990 20670788,-5218428 19101058))
32620;POLYGON((-3443821 22375313,-3792006 21788999,-5360562 24022630,-5063064 24764472,-3443821 22375313))
32621;POLYGON((-835833 26271295,-1337370 25574622,-3233649 28875905,-2792533 29784860,-835833 26271295))
32622;POLYGON((2830026 30890835,2134739 30065961,-151590 34816265,471931 35927253,2830026 30890835))
32623;POLYGON((7823651 36348720,6886206 35375570,4137307 42068785,4989817 43423123,7823651 36348720))
32624;POLYGON((14466947 42773747,13229781 41629835,9934253 50899288,11071249 52545662,14466947 42773747))
32625;POLYGON((23141072 50309806,21536219 48970055,17596966 61620448,19084086 63615992,23141072 50309806))
32626;POLYGON((34294329 59116985,32242053 57553543,27547297 74598598,29461658 77010103,34294329 59116985))
32627;POLYGON((48450730 69372710,45858053 67554753,40279530 90261304,42711176 93166563,48450730 69372710))
32628;POLYGON((66219282 81272886,62978385 79166429,56369364 109105777,59422830 112595069,66219282 81272886))
32629;POLYGON((88304001 95033067,84290503 92600771,76483623 131708166,80279630 135885895,88304001 95033067))
32630;POLYGON((115514701 110889637,110585803 108090608,101390712 158733811,106067980 163720315,115514701 110889637))
32631;POLYGON((-95761425 100073363,-100213547 102683684,-91503866 149188716,-87285769 144622713,-95761425 100073363))
32632;POLYGON((-72063575 85641713,-75674119 87906204,-68286489 123717374,-64877924 119897865,-72063575 85641713))
32633;POLYGON((-52939519 73146490,-55841835 75104244,-49593844 102436924,-46865325 99251775,-52939519 73146490))
32634;POLYGON((-37651214 62365328,-39961179 64051983,-34692593 84712957,-32531713 82065042,-37651214 62365328))
32635;POLYGON((-25559132 53095902,-27376938 54543836,-22947414 69996727,-21257085 67802206,-25559132 53095902))
32636;POLYGON((-16111997 45154757,-17523808 46393285,-13810788 57815226,-12507620 56001983,-16111997 45154757))
32637;POLYGON((-8837255 38376151,-9916745 39431715,-6813539 47762190,-5826327 46268420,-8837255 38376151))
32638;POLYGON((-3332279 32610919,-4142049 33507276,-1556081 39489976,-824417 38262914,-3332279 32610919))
32639;POLYGON((743754 27725354,150867 28483762,2299652 32702248,2826661 31697021,743754 27725354))
32640;POLYGON((3677310 23600119,3257040 24239515,5037619 27147408,5402524 26326010,3677310 23600119))
32641;POLYGON((5707315 20129180,5422871 20666356,6894454 22612725,7132536 21943102,5707315 20129180))
32642;POLYGON((7031374 17218770,6852446 17668547,8065656 18919090,8205902 18374328,7031374 17218770))
32643;POLYGON((7811406 14786395,7713262 15161779,8711204 15916375,8777186 15473970,7811406 14786395))
32644;POLYGON((8178733 12759858,8141411 13072207,8960623 13479307,8971297 13120537,8178733 12759858))
32645;POLYGON((8238657 11076341,8246234 11335511,8917548 11503848,8887961 11213208,8238657 11076341))
32646;POLYGON((8074536 9681511,8114485 9896005,8663787 9904012,8605712 9668727,8074536 9681511))
32647;POLYGON((7751408 8528675,7814020 8705780,8262934 8609090,8185428 8418684,7751408 8528675))
32648;POLYGON((7319173 7577984,7397061 7723898,7763548 7561231,7673442 7407162,7319173 7577984))
32649;POLYGON((6815379 6795672,6903035 6915631,7201928 6713361,7104255 6588702,6815379 6795672))
32650;POLYGON((6267624 6153354,6361048 6251743,6604518 6027387,6502876 5926550,6267624 6153354))
32651;POLYGON((5695616 5627364,5791994 5707827,5989960 5472664,5886824 5391171,5695616 5627364))
32652;POLYGON((5112912 5198156,5210347 5263689,5370831 5024691,5267813 4958976,5112912 5198156))
32653;POLYGON((4528367 4849744,4625656 4902785,4755091 4664017,4653156 4611263,4528367 4849744))
32654;POLYGON((3947320 4569207,4043774 4611716,4147266 4375322,4046903 4333322,3947320 4569207))
32655;POLYGON((3372547 4346240,3467848 4379771,3549397 4146658,3450761 4113703,3372547 4346240))
32656;POLYGON((2805012 4172772,2899099 4198529,2961788 3968827,2864802 3943614,2805012 4172772))
32657;POLYGON((2244440 4042626,2337424 4061520,2383568 3834881,2288004 3816442,2244440 4042626))
32658;POLYGON((1689739 3951253,1781845 3963939,1813108 3739732,1718644 3727378,1689739 3951253))
32659;POLYGON((1139307 3895509,1230827 3902420,1248319 3679853,1154576 3673130,1139307 3895509))
32660;POLYGON((591253 3873499,682516 3874870,686847 3653063,593417 3651730,591253 3873499))
