32701;POLYGON((22383 6559647,117989 6563523,126212 6341599,32678 6337590,22383 6559647))
32702;POLYGON((-553169 6517926,-456947 6527113,-436094 6303945,-530148 6294449,-553169 6517926))
32703;POLYGON((-1134101 6443204,-1036785 6458056,-1002521 6232614,-1097491 6217288,-1134101 6443204))
32704;POLYGON((-1723195 6332559,-1624334 6353662,-1575353 6124997,-1671592 6103273,-1723195 6332559))
32705;POLYGON((-2322969 6181540,-2222170 6209754,-2156552 5977072,-2254342 5948128,-2322969 6181540))
32706;POLYGON((-2935479 5983860,-2832443 6020378,-2747533 5783171,-2847034 5745880,-2935479 5983860))
32707;POLYGON((-3562005 5730960,-3456589 5777388,-3348826 5535643,-3450013 5488509,-3562005 5730960))
32708;POLYGON((-4202619 5411430,-4094918 5469898,-3959623 5224436,-4062186 5165513,-4202619 5411430))
32709;POLYGON((-4855593 5010255,-4746050 5083554,-4577143 4836551,-4680376 4763343,-4855593 5010255))
32710;POLYGON((-5516630 4507849,-5406178 4599608,-5195834 4355385,-5298473 4264718,-5516630 4507849))
32711;POLYGON((-6177879 3878848,-6068123 3993756,-5806341 3759912,-5906371 3647788,-6177879 3878848))
32712;POLYGON((-6826726 3090599,-6720158 3234679,-6394238 3023717,-6488659 2885130,-6826726 3090599))
32713;POLYGON((-7444315 2101317,-7344581 2282256,-6938493 2113827,-7023032 1942549,-7444315 2101317))
32714;POLYGON((-8003784 857835,-7916002 1085393,-7409621 989336,-7478394 777671,-8003784 857835))
32715;POLYGON((-8468189 -707103,-8399315 -420607,-7767520 -400206,-7812641 -661725,-8468189 -707103))
32716;POLYGON((-8788086 -2678073,-8747342 -2317186,-7958948 -2116691,-7970067 -2439639,-8788086 -2678073))
32717;POLYGON((-8898741 -5160801,-8898107 -4706251,-7914614 -4235636,-7878395 -4634096,-8898741 -5160801))
32718;POLYGON((-8716956 -8286671,-8771729 -7714566,-7545857 -6848714,-7445383 -7339735,-8716956 -8286671))
32719;POLYGON((-8137460 -12217983,-8266883 -11498877,-6740889 -10066668,-6554990 -10670788,-8137460 -12217983))
32720;POLYGON((-7028871 -17154063,-7256841 -16251877,-5360562 -14022630,-5063064 -14764472,-7028871 -17154063))
32721;POLYGON((-5229166 -23338307,-5585021 -22209086,-3233649 -18875905,-2792533 -19784860,-5229166 -23338307))
32722;POLYGON((-2540665 -31066262,-3060057 -29656750,-151590 -24816265,471931 -25927253,-2540665 -31066262))
32723;POLYGON((1275519 -40694850,549662 -38940869,4137307 -32068785,4989817 -33423123,1275519 -40694850))
32724;POLYGON((6505585 -52652833,5522002 -50477450,9934253 -40899288,11071249 -42545662,6505585 -52652833))
32725;POLYGON((13489722 -67452659,12187664 -64764108,17596966 -51620448,19084086 -53615992,13489722 -67452659))
32726;POLYGON((22629396 -85703772,20937368 -82393131,27547297 -64598598,29461658 -67010103,22629396 -85703772))
32727;POLYGON((34395277 -108127550,32229672 -104066131,40279530 -80261304,42711176 -83166563,34395277 -108127550))
32728;POLYGON((49335812 -135573970,46599437 -130610416,56369364 -99105777,59422830 -102595069,49335812 -135573970))
32729;POLYGON((68086501 -169040157,64666979 -162997216,76483623 -121708166,80279630 -125885895,68086501 -169040157))
32730;POLYGON((91379869 -209690950,87147929 -202361898,101390712 -148733811,106067980 -153720315,91379869 -209690950))
32731;POLYGON((-74307044 -181729353,-78115489 -188387518,-91503866 -139188716,-87285769 -134622713,-74307044 -181729353))
32732;POLYGON((-54128613 -146006640,-57191501 -151485977,-68286489 -113717374,-64877924 -109897865,-54128613 -146006640))
32733;POLYGON((-37993217 -116672261,-40431147 -121164289,-49593844 -92436924,-46865325 -89251775,-37993217 -116672261))
32734;POLYGON((-25234158 -92675577,-27151711 -96344177,-34692593 -74712957,-32531713 -72065042,-25234158 -92675577))
32735;POLYGON((-15275036 -73119719,-16762419 -76104529,-22947414 -59996727,-21257085 -57802206,-15275036 -73119719))
32736;POLYGON((-7620243 -57242384,-8754829 -59661866,-13810788 -47815226,-12507620 -46001983,-7620243 -57242384))
32737;POLYGON((-1846155 -44398559,-2693903 -46352749,-6813539 -37762190,-5826327 -36268420,-1846155 -44398559))
32738;POLYGON((2407000 -34045022,1790236 -35617995,-1556081 -29489976,-824417 -28262914,2407000 -34045022))
32739;POLYGON((5442647 -25726501,5009911 -26988568,2299652 -22702248,2826661 -21697021,5442647 -25726501))
32740;POLYGON((7514737 -19063354,7226865 -20073017,5037619 -17147408,5402524 -16326010,7514737 -19063354))
32741;POLYGON((8834043 -13740662,8658654 -14546337,6894454 -12612725,7132536 -11943102,8834043 -13740662))
32742;POLYGON((9573890 -9498597,9484470 -10140134,8065656 -8919090,8205902 -8374328,9573890 -9498597))
32743;POLYGON((9875347 -6123974,9850420 -6633991,8711204 -5916375,8777186 -5473970,9875347 -6123974))
32744;POLYGON((9851916 -3442874,9874296 -3847915,8960623 -3479307,8971297 -3120537,9851916 -3442874))
32745;POLYGON((9593731 -1314233,9649853 -1635771,8917548 -1503848,8887961 -1213208,9593731 -1314233))
32746;POLYGON((9171307 375692,9250636 120386,8663787 95987,8605712 331272,9171307 375692))
32747;POLYGON((8638857 1718070,8733360 1515189,8262934 1390909,8185428 1581315,8638857 1718070))
32748;POLYGON((8037205 2785543,8140896 2624114,7763548 2438768,7673442 2592837,8037205 2785543))
32749;POLYGON((7396327 3635648,7504866 3507003,7201928 3286638,7104255 3411297,7396327 3635648))
32750;POLYGON((6737534 4313695,6847889 4211023,6604518 3972612,6502876 4073449,6737534 4313695))
32751;POLYGON((6075347 4855154,6185498 4773139,5989960 4527335,5886824 4608828,6075347 4855154))
32752;POLYGON((5419055 5287639,5527759 5222152,5370831 4975308,5267813 5041023,5419055 5287639))
32753;POLYGON((4774020 5632512,4880609 5580367,4755091 5335982,4653156 5388736,4774020 5632512))
32754;POLYGON((4142731 5906193,4246951 5864950,4147266 5624677,4046903 5666677,4142731 5906193))
32755;POLYGON((3525642 6121202,3627530 6089008,3549397 5853341,3450761 5886296,3525642 6121202))
32756;POLYGON((2921819 6286974,3021604 6262441,2961788 6031172,2864802 6056385,2921819 6286974))
32757;POLYGON((2329427 6410500,2427462 6392611,2383568 6165118,2288004 6183557,2329427 6410500))
32758;POLYGON((1746074 6496801,1842784 6484840,1813108 6260267,1718644 6272621,1746074 6496801))
32759;POLYGON((1169047 6549282,1264900 6542782,1248319 6320146,1154576 6326869,1169047 6549282))
32760;POLYGON((595468 6569968,690950 6568681,686847 6346936,593417 6348269,595468 6569968))
32601;POLYGON((22383 -3440352,117989 -3436476,126212 -3658400,32678 -3662409,22383 -3440352))
32602;POLYGON((-553169 -3482073,-456947 -3472886,-436094 -3696054,-530148 -3705550,-553169 -3482073))
32603;POLYGON((-1134101 -3556795,-1036785 -3541943,-1002521 -3767385,-1097491 -3782711,-1134101 -3556795))
32604;POLYGON((-1723195 -3667440,-1624334 -3646337,-1575353 -3875002,-1671592 -3896726,-1723195 -3667440))
32605;POLYGON((-2322969 -3818459,-2222170 -3790245,-2156552 -4022927,-2254342 -4051871,-2322969 -3818459))
32606;POLYGON((-2935479 -4016139,-2832443 -3979621,-2747533 -4216828,-2847034 -4254119,-2935479 -4016139))
32607;POLYGON((-3562005 -4269039,-3456589 -4222611,-3348826 -4464356,-3450013 -4511490,-3562005 -4269039))
32608;POLYGON((-4202619 -4588569,-4094918 -4530101,-3959623 -4775563,-4062186 -4834486,-4202619 -4588569))
32609;POLYGON((-4855593 -4989744,-4746050 -4916445,-4577143 -5163448,-4680376 -5236656,-4855593 -4989744))
32610;POLYGON((-5516630 -5492150,-5406178 -5400391,-5195834 -5644614,-5298473 -5735281,-5516630 -5492150))
32611;POLYGON((-6177879 -6121151,-6068123 -6006243,-5806341 -6240087,-5906371 -6352211,-6177879 -6121151))
32612;POLYGON((-6826726 -6909400,-6720158 -6765320,-6394238 -6976282,-6488659 -7114869,-6826726 -6909400))
32613;POLYGON((-7444315 -7898682,-7344581 -7717743,-6938493 -7886172,-7023032 -8057450,-7444315 -7898682))
32614;POLYGON((-8003784 -9142164,-7916002 -8914606,-7409621 -9010663,-7478394 -9222328,-8003784 -9142164))
32615;POLYGON((-8468189 -10707103,-8399315 -10420607,-7767520 -10400206,-7812641 -10661725,-8468189 -10707103))
32616;POLYGON((-8788086 -12678073,-8747342 -12317186,-7958948 -12116691,-7970067 -12439639,-8788086 -12678073))
32617;POLYGON((-8898741 -15160801,-8898107 -14706251,-7914614 -14235636,-7878395 -14634096,-8898741 -15160801))
32618;POLYGON((-8716956 -18286671,-8771729 -17714566,-7545857 -16848714,-7445383 -17339735,-8716956 -18286671))
32619;POLYGON((-8137460 -22217983,-8266883 -21498877,-6740889 -20066668,-6554990 -20670788,-8137460 -22217983))
32620;POLYGON((-7028871 -27154063,-7256841 -26251877,-5360562 -24022630,-5063064 -24764472,-7028871 -27154063))
32621;POLYGON((-5229166 -33338307,-5585021 -32209086,-3233649 -28875905,-2792533 -29784860,-5229166 -33338307))
32622;POLYGON((-2540665 -41066262,-3060057 -39656750,-151590 -34816265,471931 -35927253,-2540665 -41066262))
32623;POLYGON((1275519 -50694850,549662 -48940869,4137307 -42068785,4989817 -43423123,1275519 -50694850))
32624;POLYGON((6505585 -62652833,5522002 -60477450,9934253 -50899288,11071249 -52545662,6505585 -62652833))
32625;POLYGON((13489722 -77452659,12187664 -74764108,17596966 -61620448,19084086 -63615992,13489722 -77452659))
32626;POLYGON((22629396 -95703772,20937368 -92393131,27547297 -74598598,29461658 -77010103,22629396 -95703772))
32627;POLYGON((34395277 -118127550,32229672 -114066131,40279530 -90261304,42711176 -93166563,34395277 -118127550))
32628;POLYGON((49335812 -145573970,46599437 -140610416,56369364 -109105777,59422830 -112595069,49335812 -145573970))
32629;POLYGON((68086501 -179040157,64666979 -172997216,76483623 -131708166,80279630 -135885895,68086501 -179040157))
32630;POLYGON((91379869 -219690950,87147929 -212361898,101390712 -158733811,106067980 -163720315,91379869 -219690950))
32631;POLYGON((-74307044 -191729353,-78115489 -198387518,-91503866 -149188716,-87285769 -144622713,-74307044 -191729353))
32632;POLYGON((-54128613 -156006640,-57191501 -161485977,-68286489 -123717374,-64877924 -119897865,-54128613 -156006640))
32633;POLYGON((-37993217 -126672261,-40431147 -131164289,-49593844 -102436924,-46865325 -99251775,-37993217 -126672261))
32634;POLYGON((-25234158 -102675577,-27151711 -106344177,-34692593 -84712957,-32531713 -82065042,-25234158 -102675577))
32635;POLYGON((-15275036 -83119719,-16762419 -86104529,-22947414 -69996727,-21257085 -67802206,-15275036 -83119719))
32636;POLYGON((-7620243 -67242384,-8754829 -69661866,-13810788 -57815226,-12507620 -56001983,-7620243 -67242384))
32637;POLYGON((-1846155 -54398559,-2693903 -56352749,-6813539 -47762190,-5826327 -46268420,-1846155 -54398559))
32638;POLYGON((2407000 -44045022,1790236 -45617995,-1556081 -39489976,-824417 -38262914,2407000 -44045022))
32639;POLYGON((5442647 -35726501,5009911 -36988568,2299652 -32702248,2826661 -31697021,5442647 -35726501))
32640;POLYGON((7514737 -29063354,7226865 -30073017,5037619 -27147408,5402524 -26326010,7514737 -29063354))
32641;POLYGON((8834043 -23740662,8658654 -24546337,6894454 -22612725,7132536 -21943102,8834043 -23740662))
32642;POLYGON((9573890 -19498597,9484470 -20140134,8065656 -18919090,8205902 -18374328,9573890 -19498597))
32643;POLYGON((9875347 -16123974,9850420 -16633991,8711204 -15916375,8777186 -15473970,9875347 -16123974))
32644;POLYGON((9851916 -13442874,9874296 -13847915,8960623 -13479307,8971297 -13120537,9851916 -13442874))
32645;POLYGON((9593731 -11314233,9649853 -11635771,8917548 -11503848,8887961 -11213208,9593731 -11314233))
32646;POLYGON((9171307 -9624307,9250636 -9879613,8663787 -9904012,8605712 -9668727,9171307 -9624307))
32647;POLYGON((8638857 -8281929,8733360 -8484810,8262934 -8609090,8185428 -8418684,8638857 -8281929))
32648;POLYGON((8037205 -7214456,8140896 -7375885,7763548 -7561231,7673442 -7407162,8037205 -7214456))
32649;POLYGON((7396327 -6364351,7504866 -6492996,7201928 -6713361,7104255 -6588702,7396327 -6364351))
32650;POLYGON((6737534 -5686304,6847889 -5788976,6604518 -6027387,6502876 -5926550,6737534 -5686304))
32651;POLYGON((6075347 -5144845,6185498 -5226860,5989960 -5472664,5886824 -5391171,6075347 -5144845))
32652;POLYGON((5419055 -4712360,5527759 -4777847,5370831 -5024691,5267813 -4958976,5419055 -4712360))
32653;POLYGON((4774020 -4367487,4880609 -4419632,4755091 -4664017,4653156 -4611263,4774020 -4367487))
32654;POLYGON((4142731 -4093806,4246951 -4135049,4147266 -4375322,4046903 -4333322,4142731 -4093806))
32655;POLYGON((3525642 -3878797,3627530 -3910991,3549397 -4146658,3450761 -4113703,3525642 -3878797))
32656;POLYGON((2921819 -3713025,3021604 -3737558,2961788 -3968827,2864802 -3943614,2921819 -3713025))
32657;POLYGON((2329427 -3589499,2427462 -3607388,2383568 -3834881,2288004 -3816442,2329427 -3589499))
32658;POLYGON((1746074 -3503198,1842784 -3515159,1813108 -3739732,1718644 -3727378,1746074 -3503198))
32659;POLYGON((1169047 -3450717,1264900 -3457217,1248319 -3679853,1154576 -3673130,1169047 -3450717))
32660;POLYGON((595468 -3430031,690950 -3431318,686847 -3653063,593417 -3651730,595468 -3430031))
