32701;POLYGON((-54970 10554778,56225 10554016,55144 10332406,-56324 10332866,-54970 10554778))
32702;POLYGON((-726892 10563025,-614165 10561204,-616926 10336734,-729946 10337830,-726892 10563025))
32703;POLYGON((-1412545 10577960,-1296972 10574974,-1301574 10345025,-1417477 10346823,-1412545 10577960))
32704;POLYGON((-2120350 10600479,-2000452 10596145,-2007176 10357777,-2127466 10360387,-2120350 10600479))
32705;POLYGON((-2860041 10632034,-2734077 10626064,-2743371 10375806,-2869821 10379405,-2860041 10632034))
32706;POLYGON((-3643342 10674860,-3509187 10666814,-3521732 10400379,-3656516 10405233,-3643342 10674860))
32707;POLYGON((-4484829 10732315,-4339812 10721536,-4356630 10433407,-4502490 10439917,-4484829 10732315))
32708;POLYGON((-5403025 10809410,-5243730 10794918,-5266343 10477750,-5426799 10486513,-5403025 10809410))
32709;POLYGON((-6421793 10913549,-6243803 10893905,-6274460 10537648,-6454077 10549544,-6421793 10913549))
32710;POLYGON((-7572052 11055581,-7369640 11028683,-7411628 10619331,-7616344 10635648,-7572052 11055581))
32711;POLYGON((-8893889 11251215,-8659634 11214033,-8717701 10731853,-8955229 10754447,-8893889 11251215))
32712;POLYGON((-10439099 11522904,-10163434 11471132,-10244343 10888198,-10524652 10919711,-10439099 11522904))
32713;POLYGON((-12274210 11902290,-11944880 11829893,-12058128 11106726,-12394011 11150864,-12274210 11902290))
32714;POLYGON((-14484040 12433321,-14085471 12331964,-14244197 11413020,-14651941 11474904,-14484040 12433321))
32715;POLYGON((-17175839 13176161,-16688403 13034498,-16910530 11842209,-17410686 11928816,-17175839 13176161))
32716;POLYGON((-20484057 14212025,-19883234 14014822,-20192863 12441853,-20811137 12562555,-20484057 14212025))
32717;POLYGON((-24575794 15649083,-23831215 15376154,-24260328 13275466,-25028595 13442687,-24575794 15649083))
32718;POLYGON((-29656984 17629577,-28731343 17254506,-29321854 14426775,-30279297 14656780,-29656984 17629577))
32719;POLYGON((-35979346 20338328,-34827192 19826949,-35633379 16004821,-36827780 16318654,-35979346 20338328))
32720;POLYGON((-43848176 24012795,-42414549 23321397,-43505933 18150000,-44995105 18574589,-43848176 24012795))
32721;POLYGON((-53631007 28954874,-51849934 28028110,-53314642 21041154,-55168023 21610608,-53631007 28954874))
32722;POLYGON((-65767197 35544641,-63560028 34313088,-65508702 24903849,-67809114 25660956,-65767197 35544641))
32723;POLYGON((-80778492 44256224,-78052068 42633587,-80622371 30019943,-83467961 31017904,-80778492 44256224))
32724;POLYGON((-99280613 55676050,-95925266 53555943,-99287050 36738595,-102793405 38043004,-99280613 55676050))
32725;POLYGON((-121995921 70523664,-117883280 67775951,-122244477 45488844,-126546939 47179952,-121995921 70523664))
32726;POLYGON((-149767194 89675384,-144747814 86142031,-150361113 56793908,-155617296 58969180,-149767194 89675384))
32727;POLYGON((-183572588 114191015,-177473372 109681414,-184643751 71287354,-191036264 74064360,-183572588 114191015))
32728;POLYGON((-224541809 145343909,-217163223 139629623,-226256413 89731300,-233995807 93250956,-224541809 145343909))
32729;POLYGON((-273973560 184654617,-265086638 177463511,-276538584 113036811,-285866521 117467004,-273973560 184654617))
32730;POLYGON((-333354308 233928426,-322697429 224938129,-337024830 142286662,-348217496 147826288,-333354308 233928426))
32731;POLYGON((293582505 199874079,303319530 207921071,316625582 131801579,306402101 126843639,293582505 199874079))
32732;POLYGON((241009423 157458146,249111594 163873847,259724094 104665095,251222711 100712995,241009423 157458146))
32733;POLYGON((197372532 123768180,204084725 128848984,212492214 83091439,205454446 79962319,197372532 123768180))
32734;POLYGON((161312693 97193090,166848769 101188507,173462670 66057756,167662822 63597692,161312693 97193090))
32735;POLYGON((131645869 76381050,136191783 79499909,141356575 52705037,136598450 50785216,131645869 76381050))
32736;POLYGON((107345248 60204583,111061937 62620585,115064276 42316171,111178116 40829456,107345248 60204583))
32737;POLYGON((87524645 47729337,90550707 49586017,93627570 34296291,90467224 33154165,87524645 47729337))
32738;POLYGON((71423150 38186284,73877319 39601416,76223243 28155274,73663548 27285115,71423150 38186284))
32739;POLYGON((58390956 30947073,60374385 32016570,62147876 23492209,60082242 22834883,58390956 30947073))
32740;POLYGON((47876332 25502291,49474684 26303636,50803856 19981686,49142053 19489432,47876332 25502291))
32741;POLYGON((39413678 21442389,40699048 22037640,41686569 17361762,40352696 16996333,39413678 21442389))
32742;POLYGON((32612635 18441039,33645290 18879442,34372677 15423442,33303319 15154494,32612635 18441039))
32743;POLYGON((27148168 16240705,27978135 16560957,28509481 14001558,27652030 13805252,27148168 16240705))
32744;POLYGON((22751604 14640220,23420102 14872406,23805267 12966898,23116409 12824710,22751604 14640220))
32745;POLYGON((19202563 13484167,19743286 13651413,20020621 12219484,19464979 12117175,19202563 13484167))
32746;POLYGON((16321724 12653874,16761988 12773746,16960641 11682847,16509560 11609609,16321724 12653874))
32747;POLYGON((13964392 12059856,14326160 12145522,14467998 11299227,14098468 11246961,13964392 12059856))
32748;POLYGON((12014816 11635517,12315590 11696718,12416799 11025567,12110503 10988285,12014816 11635517))
32749;POLYGON((10381189 11331981,10634799 11375823,10707190 10830210,10449680 10803546,10381189 11331981))
32750;POLYGON((8991310 11113887,9208593 11145478,9260662 10690213,9040633 10671033,8991310 11113887))
32751;POLYGON((7788834 10956023,7978223 10978980,8015989 10589193,7824666 10575278,7788834 10956023))
32752;POLYGON((6730077 10840665,6898093 10857516,6925763 10515618,6756374 10505420,6730077 10840665))
32753;POLYGON((5781318 10755523,5932991 10768011,5953463 10461484,5800803 10453938,5781318 10755523))
32754;POLYGON((4916551 10692178,5055762 10701492,5071014 10421305,4931077 10415684,4916551 10692178))
32755;POLYGON((4115644 10644919,4245408 10651860,4256774 10391359,4126460 10387173,4115644 10644919))
32756;POLYGON((3362840 10609902,3485532 10615009,3493907 10369143,3370780 10366065,3362840 10609902))
32757;POLYGON((2645571 10584565,2763108 10588196,2769084 10352988,2651190 10350801,2645571 10584565))
32758;POLYGON((1953522 10567226,2067500 10569612,2071464 10341796,1957177 10340359,1953522 10567226))
32759;POLYGON((1277901 10556821,1389705 10558104,1391894 10334868,1279809 10334095,1277901 10556821))
32760;POLYGON((610859 10552748,721753 10553001,722292 10331796,611129 10331643,610859 10552748))
32601;POLYGON((-54970 554778,56225 554016,55144 332406,-56324 332866,-54970 554778))
32602;POLYGON((-726892 563025,-614165 561204,-616926 336734,-729946 337830,-726892 563025))
32603;POLYGON((-1412545 577960,-1296972 574974,-1301574 345025,-1417477 346823,-1412545 577960))
32604;POLYGON((-2120350 600479,-2000452 596145,-2007176 357777,-2127466 360387,-2120350 600479))
32605;POLYGON((-2860041 632034,-2734077 626064,-2743371 375806,-2869821 379405,-2860041 632034))
32606;POLYGON((-3643342 674860,-3509187 666814,-3521732 400379,-3656516 405233,-3643342 674860))
32607;POLYGON((-4484829 732315,-4339812 721536,-4356630 433407,-4502490 439917,-4484829 732315))
32608;POLYGON((-5403025 809410,-5243730 794918,-5266343 477750,-5426799 486513,-5403025 809410))
32609;POLYGON((-6421793 913549,-6243803 893905,-6274460 537648,-6454077 549544,-6421793 913549))
32610;POLYGON((-7572052 1055581,-7369640 1028683,-7411628 619331,-7616344 635648,-7572052 1055581))
32611;POLYGON((-8893889 1251215,-8659634 1214033,-8717701 731853,-8955229 754447,-8893889 1251215))
32612;POLYGON((-10439099 1522904,-10163434 1471132,-10244343 888198,-10524652 919711,-10439099 1522904))
32613;POLYGON((-12274210 1902290,-11944880 1829893,-12058128 1106726,-12394011 1150864,-12274210 1902290))
32614;POLYGON((-14484040 2433321,-14085471 2331964,-14244197 1413020,-14651941 1474904,-14484040 2433321))
32615;POLYGON((-17175839 3176161,-16688403 3034498,-16910530 1842209,-17410686 1928816,-17175839 3176161))
32616;POLYGON((-20484057 4212025,-19883234 4014822,-20192863 2441853,-20811137 2562555,-20484057 4212025))
32617;POLYGON((-24575794 5649083,-23831215 5376154,-24260328 3275466,-25028595 3442687,-24575794 5649083))
32618;POLYGON((-29656984 7629577,-28731343 7254506,-29321854 4426775,-30279297 4656780,-29656984 7629577))
32619;POLYGON((-35979346 10338328,-34827192 9826949,-35633379 6004821,-36827780 6318654,-35979346 10338328))
32620;POLYGON((-43848176 14012795,-42414549 13321397,-43505933 8150000,-44995105 8574589,-43848176 14012795))
32621;POLYGON((-53631007 18954874,-51849934 18028110,-53314642 11041154,-55168023 11610608,-53631007 18954874))
32622;POLYGON((-65767197 25544641,-63560028 24313088,-65508702 14903849,-67809114 15660956,-65767197 25544641))
32623;POLYGON((-80778492 34256224,-78052068 32633587,-80622371 20019943,-83467961 21017904,-80778492 34256224))
32624;POLYGON((-99280613 45676050,-95925266 43555943,-99287050 26738595,-102793405 28043004,-99280613 45676050))
32625;POLYGON((-121995921 60523664,-117883280 57775951,-122244477 35488844,-126546939 37179952,-121995921 60523664))
32626;POLYGON((-149767194 79675384,-144747814 76142031,-150361113 46793908,-155617296 48969180,-149767194 79675384))
32627;POLYGON((-183572588 104191015,-177473372 99681414,-184643751 61287354,-191036264 64064360,-183572588 104191015))
32628;POLYGON((-224541809 135343909,-217163223 129629623,-226256413 79731300,-233995807 83250956,-224541809 135343909))
32629;POLYGON((-273973560 174654617,-265086638 167463511,-276538584 103036811,-285866521 107467004,-273973560 174654617))
32630;POLYGON((-333354308 223928426,-322697429 214938129,-337024830 132286662,-348217496 137826288,-333354308 223928426))
32631;POLYGON((293582505 189874079,303319530 197921071,316625582 121801579,306402101 116843639,293582505 189874079))
32632;POLYGON((241009423 147458146,249111594 153873847,259724094 94665095,251222711 90712995,241009423 147458146))
32633;POLYGON((197372532 113768180,204084725 118848984,212492214 73091439,205454446 69962319,197372532 113768180))
32634;POLYGON((161312693 87193090,166848769 91188507,173462670 56057756,167662822 53597692,161312693 87193090))
32635;POLYGON((131645869 66381050,136191783 69499909,141356575 42705037,136598450 40785216,131645869 66381050))
32636;POLYGON((107345248 50204583,111061937 52620585,115064276 32316171,111178116 30829456,107345248 50204583))
32637;POLYGON((87524645 37729337,90550707 39586017,93627570 24296291,90467224 23154165,87524645 37729337))
32638;POLYGON((71423150 28186284,73877319 29601416,76223243 18155274,73663548 17285115,71423150 28186284))
32639;POLYGON((58390956 20947073,60374385 22016570,62147876 13492209,60082242 12834883,58390956 20947073))
32640;POLYGON((47876332 15502291,49474684 16303636,50803856 9981686,49142053 9489432,47876332 15502291))
32641;POLYGON((39413678 11442389,40699048 12037640,41686569 7361762,40352696 6996333,39413678 11442389))
32642;POLYGON((32612635 8441039,33645290 8879442,34372677 5423442,33303319 5154494,32612635 8441039))
32643;POLYGON((27148168 6240705,27978135 6560957,28509481 4001558,27652030 3805252,27148168 6240705))
32644;POLYGON((22751604 4640220,23420102 4872406,23805267 2966898,23116409 2824710,22751604 4640220))
32645;POLYGON((19202563 3484167,19743286 3651413,20020621 2219484,19464979 2117175,19202563 3484167))
32646;POLYGON((16321724 2653874,16761988 2773746,16960641 1682847,16509560 1609609,16321724 2653874))
32647;POLYGON((13964392 2059856,14326160 2145522,14467998 1299227,14098468 1246961,13964392 2059856))
32648;POLYGON((12014816 1635517,12315590 1696718,12416799 1025567,12110503 988285,12014816 1635517))
32649;POLYGON((10381189 1331981,10634799 1375823,10707190 830210,10449680 803546,10381189 1331981))
32650;POLYGON((8991310 1113887,9208593 1145478,9260662 690213,9040633 671033,8991310 1113887))
32651;POLYGON((7788834 956023,7978223 978980,8015989 589193,7824666 575278,7788834 956023))
32652;POLYGON((6730077 840665,6898093 857516,6925763 515618,6756374 505420,6730077 840665))
32653;POLYGON((5781318 755523,5932991 768011,5953463 461484,5800803 453938,5781318 755523))
32654;POLYGON((4916551 692178,5055762 701492,5071014 421305,4931077 415684,4916551 692178))
32655;POLYGON((4115644 644919,4245408 651860,4256774 391359,4126460 387173,4115644 644919))
32656;POLYGON((3362840 609902,3485532 615009,3493907 369143,3370780 366065,3362840 609902))
32657;POLYGON((2645571 584565,2763108 588196,2769084 352988,2651190 350801,2645571 584565))
32658;POLYGON((1953522 567226,2067500 569612,2071464 341796,1957177 340359,1953522 567226))
32659;POLYGON((1277901 556821,1389705 558104,1391894 334868,1279809 334095,1277901 556821))
32660;POLYGON((610859 552748,721753 553001,722292 331796,611129 331643,610859 552748))
