32701;POLYGON((-20138 7669704,84031 7672642,89840 7450879,-12862 7447721,-20138 7669704))
32702;POLYGON((-648495 7638002,-543250 7644993,-528464 7421166,-632157 7413656,-648495 7638002))
32703;POLYGON((-1286394 7580890,-1179185 7592276,-1154717 7364567,-1260209 7352351,-1286394 7580890))
32704;POLYGON((-1939336 7495515,-1829223 7511874,-1793859 7278381,-1901995 7260865,-1939336 7495515))
32705;POLYGON((-2613196 7377381,-2499170 7399596,-2451055 7158306,-2562720 7134588,-2613196 7377381))
32706;POLYGON((-3314344 7219835,-3195303 7249193,-3131736 6997979,-3247863 6966753,-3314344 7219835))
32707;POLYGON((-4049748 7013290,-3924486 7051636,-3841610 6788285,-3963176 6747700,-4049748 7013290))
32708;POLYGON((-4827072 6744110,-4694259 6794057,-4586632 6516372,-4714647 6463833,-4827072 6744110))
32709;POLYGON((-5654742 6393037,-5512918 6458269,-5372907 6164266,-5508395 6096156,-5654742 6393037))
32710;POLYGON((-6542005 5933069,-6389572 6018733,-6206546 5707003,-6350510 5618316,-6542005 5933069))
32711;POLYGON((-7498956 5326608,-7334171 5439853,-7093433 5110129,-7246812 4993986,-7498956 5326608))
32712;POLYGON((-8536538 4521762,-8357519 4672416,-8038917 4326464,-8202523 4173487,-8536538 4521762))
32713;POLYGON((-9666512 3447581,-9471245 3649031,-9047409 3291941,-9221851 3089459,-9666512 3447581))
32714;POLYGON((-10901397 2008064,-10687745 2278346,-10121875 1920362,-10307467 1651422,-10901397 2008064))
32715;POLYGON((-12254364 74693,-12020094 437852,-11263221 96893,-11459863 -260967,-12254364 74693))
32716;POLYGON((-13739106 -2522726,-13481906 -2034986,-12469551 -2329938,-12676595 -2806180,-13739106 -2522726))
32717;POLYGON((-15369646 -6007183,-15087164 -5353493,-13735294 -5557938,-13951387 -6190820,-15369646 -6007183))
32718;POLYGON((-17160112 -10667800,-16849999 -9794741,-15050197 -9842888,-15273094 -10681614,-17160112 -10667800))
32719;POLYGON((-19124464 -16875704,-18784417 -15714971,-16398156 -15512393,-16624514 -16619655,-19124464 -16875704))
32720;POLYGON((-21276154 -25102731,-20903982 -23567803,-17755898 -22982205,-17981038 -24437161,-21276154 -25102731))
32721;POLYGON((-23627751 -35943294,-23221439 -33925559,-19091481 -32775313,-19309123 -34677063,-23627751 -35943294))
32722;POLYGON((-26190491 -50139781,-25748279 -47504039,-20362628 -45544119,-20564593 -48015721,-26190491 -50139781))
32723;POLYGON((-28973774 -68611832,-28494247 -65191133,-21514862 -62096007,-21690742 -65289094,-28973774 -68611832))
32724;POLYGON((-31984593 -92489909,-31466779 -88079639,-22479443 -83422670,-22616240 -87522726,-31984593 -92489909))
32725;POLYGON((-35226900 -123153545,-34670380 -117504712,-23171103 -110733534,-23252826 -115965892,-35226900 -123153545))
32726;POLYGON((-38700893 -162274721,-38105927 -155086347,-23485555 -145493669,-23492787 -152130291,-38700893 -162274721))
32727;POLYGON((-42402235 -211866795,-41769896 -202777360,-23296779 -189466582,-23206199 -197833694,-42402235 -211866795))
32728;POLYGON((-46321196 -274339478,-45653520 -262917313,-22454070 -244762288,-22237941 -255248937,-46321196 -274339478))
32729;POLYGON((-50441714 -352560318,-49741860 -338292887,-20778838 -313891102,-20404445 -326958708,-50441714 -352560318))
32730;POLYGON((-54740369 -449923207,-54012796 -432205180,-18061155 -399823594,-17490205 -416016572,-54740369 -449923207))
32731;POLYGON((52856196 -382703539,53570556 -398614302,20097236 -369108083,20564748 -354551476,52856196 -382703539))
32732;POLYGON((48673302 -298507224,49357540 -311282449,22442025 -289137954,22732863 -277423429,48673302 -298507224))
32733;POLYGON((44685029 -231128284,45335357 -241325336,23818045 -224926207,23967635 -215552245,44685029 -231128284))
32734;POLYGON((40909773 -177531698,41523616 -185621266,24424379 -173662750,24462875 -166205375,40909773 -177531698))
32735;POLYGON((37359268 -135162311,37935091 -141539720,24429950 -132977047,24382814 -127079755,37359268 -135162311))
32736;POLYGON((34039547 -101881065,34576702 -106876433,23976892 -100880273,23865430 -96244978,34039547 -101881065))
32737;POLYGON((30951834 -75907915,31450415 -79795216,23183663 -75713472,23025523 -72092428,30951834 -75907915))
32738;POLYGON((28093346 -55770927,28554064 -58776072,22147922 -56101294,21957545 -53289888,28093346 -55770927))
32739;POLYGON((25458030 -40261112,25882091 -42569095,20949162 -40910873,20738205 -38741249,25458030 -40261112))
32740;POLYGON((23037221 -28392507,23426225 -30153713,19651126 -29215456,19428838 -27550887,23037221 -28392507))
32741;POLYGON((20820235 -19367096,21176080 -20702829,18304006 -20262386,18077579 -18992331,20820235 -19367096))
32742;POLYGON((18794897 -12544148,19119696 -13551452,16946437 -13445066,16721315 -12480862,18794897 -12544148))
32743;POLYGON((16948003 -7413564,17244008 -8169402,15607294 -8278556,15387455 -7549681,16948003 -7413564))
32744;POLYGON((15265722 -3572876,15535268 -4137727,14307303 -4378465,14095514 -3829315,15265722 -3572876))
32745;POLYGON((13733949 -707522,13979392 -1128455,13060478 -1442816,12858514 -1029951,13733949 -707522))
32746;POLYGON((12338598 1425929,12562275 1112651,11875392 763424,11684231 1073618,12338598 1425929))
32747;POLYGON((11065845 3013932,11270031 2780662,10756283 2421424,10576282 2654703,11065845 3013932))
32748;POLYGON((9902327 4197788,10089211 4023671,9704025 3669455,9535061 3845359,9902327 4197788))
32749;POLYGON((8835293 5083429,9006952 4952907,8716948 4611995,8558548 4745198,8835293 5083429))
32750;POLYGON((7852723 5749420,8011105 5651008,7791543 5327208,7642983 5428624,7852723 5749420))
32751;POLYGON((6943394 6253421,7090313 6178728,6923033 5873008,6783430 5950676,6943394 6253421))
32752;POLYGON((6096928 6637335,6234055 6580287,6105852 6291918,5974229 6351714,6096928 6637335))
32753;POLYGON((5303799 6931341,5432662 6887579,5334011 6614909,5209348 6661090,5303799 6931341))
32754;POLYGON((4555309 7157008,4677302 7123429,4601378 6864371,4482657 6900004,4555309 7157008))
32755;POLYGON((3843549 7329649,3959938 7304053,3901886 7056390,3788109 7083669,3843549 7329649))
32756;POLYGON((3161328 7460055,3273266 7440900,3229655 7202441,3119868 7222922,3161328 7460055))
32757;POLYGON((2502088 7555756,2610627 7541973,2579066 7310625,2472360 7325399,2502088 7555756))
32758;POLYGON((1859802 7621899,1965915 7612766,1944782 7386558,1840293 7396363,1859802 7621899))
32759;POLYGON((1228858 7661841,1333456 7656905,1321718 7433965,1218620 7439269,1228858 7661841))
32760;POLYGON((603932 7677527,707889 7676551,704992 7455081,602485 7456130,603932 7677527))
32601;POLYGON((-20138 -2330295,84031 -2327357,89840 -2549120,-12862 -2552278,-20138 -2330295))
32602;POLYGON((-648495 -2361997,-543250 -2355006,-528464 -2578833,-632157 -2586343,-648495 -2361997))
32603;POLYGON((-1286394 -2419109,-1179185 -2407723,-1154717 -2635432,-1260209 -2647648,-1286394 -2419109))
32604;POLYGON((-1939336 -2504484,-1829223 -2488125,-1793859 -2721618,-1901995 -2739134,-1939336 -2504484))
32605;POLYGON((-2613196 -2622618,-2499170 -2600403,-2451055 -2841693,-2562720 -2865411,-2613196 -2622618))
32606;POLYGON((-3314344 -2780164,-3195303 -2750806,-3131736 -3002020,-3247863 -3033246,-3314344 -2780164))
32607;POLYGON((-4049748 -2986709,-3924486 -2948363,-3841610 -3211714,-3963176 -3252299,-4049748 -2986709))
32608;POLYGON((-4827072 -3255889,-4694259 -3205942,-4586632 -3483627,-4714647 -3536166,-4827072 -3255889))
32609;POLYGON((-5654742 -3606962,-5512918 -3541730,-5372907 -3835733,-5508395 -3903843,-5654742 -3606962))
32610;POLYGON((-6542005 -4066930,-6389572 -3981266,-6206546 -4292996,-6350510 -4381683,-6542005 -4066930))
32611;POLYGON((-7498956 -4673391,-7334171 -4560146,-7093433 -4889870,-7246812 -5006013,-7498956 -4673391))
32612;POLYGON((-8536538 -5478237,-8357519 -5327583,-8038917 -5673535,-8202523 -5826512,-8536538 -5478237))
32613;POLYGON((-9666512 -6552418,-9471245 -6350968,-9047409 -6708058,-9221851 -6910540,-9666512 -6552418))
32614;POLYGON((-10901397 -7991935,-10687745 -7721653,-10121875 -8079637,-10307467 -8348577,-10901397 -7991935))
32615;POLYGON((-12254364 -9925306,-12020094 -9562147,-11263221 -9903106,-11459863 -10260967,-12254364 -9925306))
32616;POLYGON((-13739106 -12522726,-13481906 -12034986,-12469551 -12329938,-12676595 -12806180,-13739106 -12522726))
32617;POLYGON((-15369646 -16007183,-15087164 -15353493,-13735294 -15557938,-13951387 -16190820,-15369646 -16007183))
32618;POLYGON((-17160112 -20667800,-16849999 -19794741,-15050197 -19842888,-15273094 -20681614,-17160112 -20667800))
32619;POLYGON((-19124464 -26875704,-18784417 -25714971,-16398156 -25512393,-16624514 -26619655,-19124464 -26875704))
32620;POLYGON((-21276154 -35102731,-20903982 -33567803,-17755898 -32982205,-17981038 -34437161,-21276154 -35102731))
32621;POLYGON((-23627751 -45943294,-23221439 -43925559,-19091481 -42775313,-19309123 -44677063,-23627751 -45943294))
32622;POLYGON((-26190491 -60139781,-25748279 -57504039,-20362628 -55544119,-20564593 -58015721,-26190491 -60139781))
32623;POLYGON((-28973774 -78611832,-28494247 -75191133,-21514862 -72096007,-21690742 -75289094,-28973774 -78611832))
32624;POLYGON((-31984593 -102489909,-31466779 -98079639,-22479443 -93422670,-22616240 -97522726,-31984593 -102489909))
32625;POLYGON((-35226900 -133153545,-34670380 -127504712,-23171103 -120733534,-23252826 -125965892,-35226900 -133153545))
32626;POLYGON((-38700893 -172274721,-38105927 -165086347,-23485555 -155493669,-23492787 -162130291,-38700893 -172274721))
32627;POLYGON((-42402235 -221866795,-41769896 -212777360,-23296779 -199466582,-23206199 -207833694,-42402235 -221866795))
32628;POLYGON((-46321196 -284339478,-45653520 -272917313,-22454070 -254762288,-22237941 -265248937,-46321196 -284339478))
32629;POLYGON((-50441714 -362560318,-49741860 -348292887,-20778838 -323891102,-20404445 -336958708,-50441714 -362560318))
32630;POLYGON((-54740369 -459923207,-54012796 -442205180,-18061155 -409823594,-17490205 -426016572,-54740369 -459923207))
32631;POLYGON((52856196 -392703539,53570556 -408614302,20097236 -379108083,20564748 -364551476,52856196 -392703539))
32632;POLYGON((48673302 -308507224,49357540 -321282449,22442025 -299137954,22732863 -287423429,48673302 -308507224))
32633;POLYGON((44685029 -241128284,45335357 -251325336,23818045 -234926207,23967635 -225552245,44685029 -241128284))
32634;POLYGON((40909773 -187531698,41523616 -195621266,24424379 -183662750,24462875 -176205375,40909773 -187531698))
32635;POLYGON((37359268 -145162311,37935091 -151539720,24429950 -142977047,24382814 -137079755,37359268 -145162311))
32636;POLYGON((34039547 -111881065,34576702 -116876433,23976892 -110880273,23865430 -106244978,34039547 -111881065))
32637;POLYGON((30951834 -85907915,31450415 -89795216,23183663 -85713472,23025523 -82092428,30951834 -85907915))
32638;POLYGON((28093346 -65770927,28554064 -68776072,22147922 -66101294,21957545 -63289888,28093346 -65770927))
32639;POLYGON((25458030 -50261112,25882091 -52569095,20949162 -50910873,20738205 -48741249,25458030 -50261112))
32640;POLYGON((23037221 -38392507,23426225 -40153713,19651126 -39215456,19428838 -37550887,23037221 -38392507))
32641;POLYGON((20820235 -29367096,21176080 -30702829,18304006 -30262386,18077579 -28992331,20820235 -29367096))
32642;POLYGON((18794897 -22544148,19119696 -23551452,16946437 -23445066,16721315 -22480862,18794897 -22544148))
32643;POLYGON((16948003 -17413564,17244008 -18169402,15607294 -18278556,15387455 -17549681,16948003 -17413564))
32644;POLYGON((15265722 -13572876,15535268 -14137727,14307303 -14378465,14095514 -13829315,15265722 -13572876))
32645;POLYGON((13733949 -10707522,13979392 -11128455,13060478 -11442816,12858514 -11029951,13733949 -10707522))
32646;POLYGON((12338598 -8574070,12562275 -8887348,11875392 -9236575,11684231 -8926381,12338598 -8574070))
32647;POLYGON((11065845 -6986067,11270031 -7219337,10756283 -7578575,10576282 -7345296,11065845 -6986067))
32648;POLYGON((9902327 -5802211,10089211 -5976328,9704025 -6330544,9535061 -6154640,9902327 -5802211))
32649;POLYGON((8835293 -4916570,9006952 -5047092,8716948 -5388004,8558548 -5254801,8835293 -4916570))
32650;POLYGON((7852723 -4250579,8011105 -4348991,7791543 -4672791,7642983 -4571375,7852723 -4250579))
32651;POLYGON((6943394 -3746578,7090313 -3821271,6923033 -4126991,6783430 -4049323,6943394 -3746578))
32652;POLYGON((6096928 -3362664,6234055 -3419712,6105852 -3708081,5974229 -3648285,6096928 -3362664))
32653;POLYGON((5303799 -3068658,5432662 -3112420,5334011 -3385090,5209348 -3338909,5303799 -3068658))
32654;POLYGON((4555309 -2842991,4677302 -2876570,4601378 -3135628,4482657 -3099995,4555309 -2842991))
32655;POLYGON((3843549 -2670350,3959938 -2695946,3901886 -2943609,3788109 -2916330,3843549 -2670350))
32656;POLYGON((3161328 -2539944,3273266 -2559099,3229655 -2797558,3119868 -2777077,3161328 -2539944))
32657;POLYGON((2502088 -2444243,2610627 -2458026,2579066 -2689374,2472360 -2674600,2502088 -2444243))
32658;POLYGON((1859802 -2378100,1965915 -2387233,1944782 -2613441,1840293 -2603636,1859802 -2378100))
32659;POLYGON((1228858 -2338158,1333456 -2343094,1321718 -2566034,1218620 -2560730,1228858 -2338158))
32660;POLYGON((603932 -2322472,707889 -2323448,704992 -2544918,602485 -2543869,603932 -2322472))
