32701;POLYGON((-32780 11886364,73938 11883908,69665 11662218,-38133 11664414,-32780 11886364))
32702;POLYGON((-676916 11912880,-568966 11907029,-579861 11682897,-688960 11688132,-676916 11912880))
32703;POLYGON((-1332029 11960738,-1221813 11951187,-1239901 11722421,-1351400 11730974,-1332029 11960738))
32704;POLYGON((-2004600 12032496,-1890999 12018725,-1917278 11782944,-2032377 11795295,-2004600 12032496))
32705;POLYGON((-2701775 12132229,-2583541 12113435,-2619559 11867971,-2739616 11884866,-2701775 12132229))
32706;POLYGON((-3431647 12266051,-3307351 12241043,-3355416 11982824,-3482012 12005372,-3431647 12266051))
32707;POLYGON((-4203582 12442912,-4071561 12409956,-4135047 12135367,-4270066 12165196,-4203582 12442912))
32708;POLYGON((-5028604 12675771,-4886886 12632366,-4970691 12337087,-5116411 12376564,-5028604 12675771))
32709;POLYGON((-5919842 12983253,-5766072 12925814,-5877243 12604629,-6036456 12657169,-5919842 12983253))
32710;POLYGON((-6893059 13391930,-6724401 13315357,-6873008 12961936,-7049158 13032429,-6893059 13391930))
32711;POLYGON((-7967266 13939382,-7780297 13836489,-7980591 13443134,-8177934 13538512,-7967266 13939382))
32712;POLYGON((-9165447 14678227,-8956027 14538997,-9227955 14096358,-9451757 14226333,-9165447 14678227))
32713;POLYGON((-10515384 15681312,-10278511 15491937,-10649663 14988700,-10906424 15166718,-10515384 15681312))
32714;POLYGON((-12050617 17048293,-11780256 16789975,-12288324 16212512,-12586041 16456951,-12050617 17048293))
32715;POLYGON((-13811532 18913853,-13500426 18561310,-14196257 17893312,-14544725 18228971,-13811532 18913853))
32716;POLYGON((-15846601 21457825,-15486053 20977456,-16437402 20199542,-16848556 20659469,-15846601 21457825))
32717;POLYGON((-18213777 24917496,-17793404 24265168,-19089487 23354479,-19577790 23982189,-18213777 24917496))
32718;POLYGON((-20982062 29602429,-20489526 28720816,-22246473 27650607,-22829350 28502737,-20982062 29602429))
32719;POLYGON((-24233257 35912101,-23653956 34727539,-26021298 33466773,-26719629 34616235,-24233257 35912101))
32720;POLYGON((-28063897 44356749,-27380630 42775517,-30548944 41288481,-31387600 42828180,-28063897 44356749))
32721;POLYGON((-32587405 55581762,-31779997 53485759,-35989826 51731711,-36998276 53778881,-32587405 55581762))
32722;POLYGON((-37936445 70396053,-36981342 67637771,-42533555 65570639,-43746522 68271873,-37936445 70396053))
32723;POLYGON((-44265515 89804791,-43135336 86201542,-50403055 83769693,-51861245 87306737,-44265515 89804791))
32724;POLYGON((-51753776 115046976,-50416819 110374272,-59859093 107520375,-61609984 112116761,-51753776 115046976))
32725;POLYGON((-60608123 147638279,-59027841 141622307,-71205200 138283313,-73303911 144211910,-60608123 147638279))
32726;POLYGON((-71066532 189419664,-69200955 181728759,-84793046 177836031,-87303269 185427597,-71066532 189419664))
32727;POLYGON((-83401668 242612278,-81202781 232847316,-101028245 228326931,-104023260 237979751,-83401668 242612278))
32728;POLYGON((-97924781 309879135,-95337855 297562761,-120376641 292336029,-123940414 304526734,-97924781 309879135))
32729;POLYGON((-114989903 394394168,-111952775 378958749,-143371078 372942982,-147599434 388238632,-114989903 394394168))
32730;POLYGON((-134998346 499919183,-131440646 480693408,-170618682 473802976,-175620568 492874517,-134998346 499919183))
32731;POLYGON((122311078 427030434,125599151 444270075,162022808 437680841,157422178 420588172,122311078 427030434))
32732;POLYGON((104311910 335961460,107115672 349760254,136265285 344016893,132381989 330350760,104311910 335961460))
32733;POLYGON((88983036 263325238,91368654 274300891,114549829 269318618,111281644 258461787,88983036 263325238))
32734;POLYGON((75955182 205760837,77981008 214434257,96294918 210131612,93552100 201563833,75955182 205760837))
32735;POLYGON((64903315 160442986,66620636 167250989,80990821 163550800,78694891 156836044,64903315 160442986))
32736;POLYGON((55542358 125010455,56996084 130317162,68192501 127147223,66275102 121922245,55542358 125010455))
32737;POLYGON((47623188 97501978,48852504 101608998,57512999 98902508,55914849 94866630,47623188 97501978))
32738;POLYGON((40928931 76299152,41967892 79454634,48617315 77150444,47287228 74056470,40928931 76299152))
32739;POLYGON((35271538 60075790,36149621 62482440,41216746 60525128,40110734 58171302,35271538 60075790))
32740;POLYGON((30488617 47753204,31231232 49575347,35063668 47915153,34144110 46138081,30488617 47753204))
32741;POLYGON((26440522 38460929,27069480 39830696,29946743 38423355,29181631 37091798,26440522 38460929))
32742;POLYGON((23007693 31502427,23541632 32525146,25686532 31331628,25048774 30341102,23007693 31502427))
32743;POLYGON((20088212 26325309,20542990 27084173,22131495 26070365,21598288 25338462,20088212 26325309))
32744;POLYGON((17595594 22495661,17984641 23055736,19154362 22192077,18706616 21654450,17595594 22495661))
32745;POLYGON((15456774 19676060,15791415 20087714,16648841 19348799,16270670 18955734,15456774 19676060))
32746;POLYGON((13610299 17606905,13900040 17908702,14526675 17272876,14204931 16986396,13610299 17606905))
32747;POLYGON((12004698 16090697,12257489 16311827,12714988 15760778,12438853 15552210,12004698 16090697))
32748;POLYGON((10597036 14978931,10819497 15141227,11153942 14659583,10914560 14507544,10597036 14978931))
32749;POLYGON((9351620 14161274,9549246 14280872,9794653 13855815,9584811 13744561,9351620 14161274))
32750;POLYGON((8238861 13556750,8416204 13645427,8597370 13266335,8411214 13184420,8238861 13556750))
32751;POLYGON((7234274 13106640,7395099 13172893,7529878 12831000,7362673 12770207,7234274 13106640))
32752;POLYGON((6317608 12768851,6465030 12818741,6566129 12506835,6414049 12461335,6317608 12768851))
32753;POLYGON((5472091 12513525,5608692 12551334,5685062 12263482,5545007 12229183,5472091 12513525))
32754;POLYGON((4683778 12319679,4811711 12348403,4869599 12079712,4739050 12053767,4683778 12319679))
32755;POLYGON((3940999 12172675,4062072 12194398,4105807 11940803,3982694 11921248,3940999 12172675))
32756;POLYGON((3233880 12062378,3349632 12078539,3382190 11836622,3264794 11822112,3233880 12062378))
32757;POLYGON((2553943 11981835,2665704 11993415,2689111 11760252,2575971 11749874,2553943 11981835))
32758;POLYGON((1893758 11926362,2002708 11934012,2018311 11707044,1908154 11700196,1893758 11926362))
32759;POLYGON((1246653 11892938,1353862 11897065,1362505 11673984,1254189 11670293,1246653 11892938))
32760;POLYGON((606447 11879826,712922 11880641,715053 11659297,607512 11658568,606447 11879826))
32601;POLYGON((-32780 1886364,73938 1883908,69665 1662218,-38133 1664414,-32780 1886364))
32602;POLYGON((-676916 1912880,-568966 1907029,-579861 1682897,-688960 1688132,-676916 1912880))
32603;POLYGON((-1332029 1960738,-1221813 1951187,-1239901 1722421,-1351400 1730974,-1332029 1960738))
32604;POLYGON((-2004600 2032496,-1890999 2018725,-1917278 1782944,-2032377 1795295,-2004600 2032496))
32605;POLYGON((-2701775 2132229,-2583541 2113435,-2619559 1867971,-2739616 1884866,-2701775 2132229))
32606;POLYGON((-3431647 2266051,-3307351 2241043,-3355416 1982824,-3482012 2005372,-3431647 2266051))
32607;POLYGON((-4203582 2442912,-4071561 2409956,-4135047 2135367,-4270066 2165196,-4203582 2442912))
32608;POLYGON((-5028604 2675771,-4886886 2632366,-4970691 2337087,-5116411 2376564,-5028604 2675771))
32609;POLYGON((-5919842 2983253,-5766072 2925814,-5877243 2604629,-6036456 2657169,-5919842 2983253))
32610;POLYGON((-6893059 3391930,-6724401 3315357,-6873008 2961936,-7049158 3032429,-6893059 3391930))
32611;POLYGON((-7967266 3939382,-7780297 3836489,-7980591 3443134,-8177934 3538512,-7967266 3939382))
32612;POLYGON((-9165447 4678227,-8956027 4538997,-9227955 4096358,-9451757 4226333,-9165447 4678227))
32613;POLYGON((-10515384 5681312,-10278511 5491937,-10649663 4988700,-10906424 5166718,-10515384 5681312))
32614;POLYGON((-12050617 7048293,-11780256 6789975,-12288324 6212512,-12586041 6456951,-12050617 7048293))
32615;POLYGON((-13811532 8913853,-13500426 8561310,-14196257 7893312,-14544725 8228971,-13811532 8913853))
32616;POLYGON((-15846601 11457825,-15486053 10977456,-16437402 10199542,-16848556 10659469,-15846601 11457825))
32617;POLYGON((-18213777 14917496,-17793404 14265168,-19089487 13354479,-19577790 13982189,-18213777 14917496))
32618;POLYGON((-20982062 19602429,-20489526 18720816,-22246473 17650607,-22829350 18502737,-20982062 19602429))
32619;POLYGON((-24233257 25912101,-23653956 24727539,-26021298 23466773,-26719629 24616235,-24233257 25912101))
32620;POLYGON((-28063897 34356749,-27380630 32775517,-30548944 31288481,-31387600 32828180,-28063897 34356749))
32621;POLYGON((-32587405 45581762,-31779997 43485759,-35989826 41731711,-36998276 43778881,-32587405 45581762))
32622;POLYGON((-37936445 60396053,-36981342 57637771,-42533555 55570639,-43746522 58271873,-37936445 60396053))
32623;POLYGON((-44265515 79804791,-43135336 76201542,-50403055 73769693,-51861245 77306737,-44265515 79804791))
32624;POLYGON((-51753776 105046976,-50416819 100374272,-59859093 97520375,-61609984 102116761,-51753776 105046976))
32625;POLYGON((-60608123 137638279,-59027841 131622307,-71205200 128283313,-73303911 134211910,-60608123 137638279))
32626;POLYGON((-71066532 179419664,-69200955 171728759,-84793046 167836031,-87303269 175427597,-71066532 179419664))
32627;POLYGON((-83401668 232612278,-81202781 222847316,-101028245 218326931,-104023260 227979751,-83401668 232612278))
32628;POLYGON((-97924781 299879135,-95337855 287562761,-120376641 282336029,-123940414 294526734,-97924781 299879135))
32629;POLYGON((-114989903 384394168,-111952775 368958749,-143371078 362942982,-147599434 378238632,-114989903 384394168))
32630;POLYGON((-134998346 489919183,-131440646 470693408,-170618682 463802976,-175620568 482874517,-134998346 489919183))
32631;POLYGON((122311078 417030434,125599151 434270075,162022808 427680841,157422178 410588172,122311078 417030434))
32632;POLYGON((104311910 325961460,107115672 339760254,136265285 334016893,132381989 320350760,104311910 325961460))
32633;POLYGON((88983036 253325238,91368654 264300891,114549829 259318618,111281644 248461787,88983036 253325238))
32634;POLYGON((75955182 195760837,77981008 204434257,96294918 200131612,93552100 191563833,75955182 195760837))
32635;POLYGON((64903315 150442986,66620636 157250989,80990821 153550800,78694891 146836044,64903315 150442986))
32636;POLYGON((55542358 115010455,56996084 120317162,68192501 117147223,66275102 111922245,55542358 115010455))
32637;POLYGON((47623188 87501978,48852504 91608998,57512999 88902508,55914849 84866630,47623188 87501978))
32638;POLYGON((40928931 66299152,41967892 69454634,48617315 67150444,47287228 64056470,40928931 66299152))
32639;POLYGON((35271538 50075790,36149621 52482440,41216746 50525128,40110734 48171302,35271538 50075790))
32640;POLYGON((30488617 37753204,31231232 39575347,35063668 37915153,34144110 36138081,30488617 37753204))
32641;POLYGON((26440522 28460929,27069480 29830696,29946743 28423355,29181631 27091798,26440522 28460929))
32642;POLYGON((23007693 21502427,23541632 22525146,25686532 21331628,25048774 20341102,23007693 21502427))
32643;POLYGON((20088212 16325309,20542990 17084173,22131495 16070365,21598288 15338462,20088212 16325309))
32644;POLYGON((17595594 12495661,17984641 13055736,19154362 12192077,18706616 11654450,17595594 12495661))
32645;POLYGON((15456774 9676060,15791415 10087714,16648841 9348799,16270670 8955734,15456774 9676060))
32646;POLYGON((13610299 7606905,13900040 7908702,14526675 7272876,14204931 6986396,13610299 7606905))
32647;POLYGON((12004698 6090697,12257489 6311827,12714988 5760778,12438853 5552210,12004698 6090697))
32648;POLYGON((10597036 4978931,10819497 5141227,11153942 4659583,10914560 4507544,10597036 4978931))
32649;POLYGON((9351620 4161274,9549246 4280872,9794653 3855815,9584811 3744561,9351620 4161274))
32650;POLYGON((8238861 3556750,8416204 3645427,8597370 3266335,8411214 3184420,8238861 3556750))
32651;POLYGON((7234274 3106640,7395099 3172893,7529878 2831000,7362673 2770207,7234274 3106640))
32652;POLYGON((6317608 2768851,6465030 2818741,6566129 2506835,6414049 2461335,6317608 2768851))
32653;POLYGON((5472091 2513525,5608692 2551334,5685062 2263482,5545007 2229183,5472091 2513525))
32654;POLYGON((4683778 2319679,4811711 2348403,4869599 2079712,4739050 2053767,4683778 2319679))
32655;POLYGON((3940999 2172675,4062072 2194398,4105807 1940803,3982694 1921248,3940999 2172675))
32656;POLYGON((3233880 2062378,3349632 2078539,3382190 1836622,3264794 1822112,3233880 2062378))
32657;POLYGON((2553943 1981835,2665704 1993415,2689111 1760252,2575971 1749874,2553943 1981835))
32658;POLYGON((1893758 1926362,2002708 1934012,2018311 1707044,1908154 1700196,1893758 1926362))
32659;POLYGON((1246653 1892938,1353862 1897065,1362505 1673984,1254189 1670293,1246653 1892938))
32660;POLYGON((606447 1879826,712922 1880641,715053 1659297,607512 1658568,606447 1879826))
