32701;POLYGON((300217 17662506,340119 17659574,325688 17436983,282180 17440136,300217 17662506))
32702;POLYGON((62077 17693759,101570 17686926,65518 17466397,22427 17473749,62077 17693759))
32703;POLYGON((-172438 17748360,-133690 17737645,-191289 17520989,-233617 17532530,-172438 17748360))
32704;POLYGON((-401283 17826140,-363625 17811578,-442628 17600676,-483832 17616387,-401283 17826140))
32705;POLYGON((-622327 17926817,-586122 17908464,-686280 17705294,-725977 17725135,-622327 17926817))
32706;POLYGON((-833342 18049950,-798967 18027893,-919882 17834542,-957663 17858447,-833342 18049950))
32707;POLYGON((-1031998 18194891,-999849 18169255,-1140911 17987919,-1176340 18015777,-1031998 18194891))
32708;POLYGON((-1215873 18360719,-1186359 18331680,-1346682 18164636,-1379297 18196283,-1215873 18360719))
32709;POLYGON((-1382489 18546170,-1356024 18513964,-1534365 18363525,-1563681 18398720,-1382489 18546170))
32710;POLYGON((-1529358 18749558,-1506355 18714500,-1701024 18582919,-1726548 18621329,-1529358 18749558))
32711;POLYGON((-1654061 18968699,-1634915 18931191,-1843687 18820534,-1864924 18861706,-1654061 18968699))
32712;POLYGON((-1754355 19200830,-1739422 19161376,-1959435 19073320,-1975914 19116663,-1754355 19200830))
32713;POLYGON((-1828309 19442528,-1817881 19401748,-2045536 19337317,-2056829 19382070,-1828309 19442528))
32714;POLYGON((-1874470 19689641,-1868749 19648279,-2099603 19607486,-2105361 19652693,-1874470 19689641))
32715;POLYGON((-1892080 19937223,-1891134 19896161,-2119801 19877536,-2119787 19922012,-1892080 19937223))
32716;POLYGON((-1881316 20179485,-1885038 20139749,-2105090 20139736,-2099229 20182041,-1881316 20179485))
32717;POLYGON((-1843591 20409766,-1851646 20372527,-2055519 20384724,-2043947 20423125,-1843591 20409766))
32718;POLYGON((-1781889 20620520,-1793655 20587097,-1972563 20601306,-1955693 20633744,-1781889 20620520))
32719;POLYGON((-1701157 20803339,-1715655 20775191,-1859525 20776243,-1838113 20800298,-1701157 20803339))
32720;POLYGON((-1608753 20948998,-1624569 20927716,-1721975 20894043,-1697208 20906897,-1608753 20948998))
32721;POLYGON((-1514940 21047554,-1530138 21034840,-1568269 20936737,-1541848 20935142,-1514940 21047554))
32722;POLYGON((-1433452 21088468,-1445476 21086113,-1410118 20883666,-1384365 20863900,-1433452 21088468))
32723;POLYGON((-1382116 21060803,-1387683 21070647,-1263225 20711256,-1241195 20669091,-1382116 21060803))
32724;POLYGON((-1383541 20953454,-1378519 20977349,-1147998 20392797,-1133602 20323462,-1383541 20953454))
32725;POLYGON((-1465881 20755465,-1445158 20795210,-1090327 19898228,-1088473 19796371,-1465881 20755465))
32726;POLYGON((-1663661 20456398,-1621003 20513679,-1122444 19193921,-1139185 19053577,-1663661 20456398))
32727;POLYGON((-2018690 20046797,-1946583 20123100,-1283861 18242474,-1326561 18057027,-2018690 20046797))
32728;POLYGON((-2581046 19518729,-2470524 19615244,-1622391 17002511,-1699901 16764665,-2581046 19518729))
32729;POLYGON((-3410144 18866421,-3250609 18983930,-2195254 15428491,-2318109 15130239,-3410144 18866421))
32730;POLYGON((-4575890 18087011,-4354910 18225754,-3070275 13470532,-3250899 13103126,-4575890 18087011))
32731;POLYGON((4757543 18620782,4946123 18492647,3740367 14169107,3590307 14500795,4757543 18620782))
32732;POLYGON((3824549 19315306,3958143 19208361,2974308 15993269,2875555 16260272,3824549 19315306))
32733;POLYGON((3180374 19884274,3270471 19797991,2486543 17450613,2427645 17661303,3180374 19884274))
32734;POLYGON((2762239 20332575,2818595 20265953,2212920 18589553,2184209 18751581,2762239 20332575))
32735;POLYGON((2517075 20667499,2547909 20619186,2099483 19454224,2092874 19574539,2517075 20667499))
32736;POLYGON((2400432 20898059,2412598 20866459,2101306 20084653,2110113 20169542,2400432 20898059))
32737;POLYGON((2375460 21034421,2374613 21017781,2181413 20516962,2200174 20572081,2375460 21034421))
32738;POLYGON((2411979 21087414,2402722 21083901,2309784 20783568,2334108 20813972,2411979 21087414))
32739;POLYGON((2485618 21068130,2471645 21075893,2462449 20913390,2488869 20923575,2485618 21068130))
32740;POLYGON((2577038 20987594,2561253 21004811,2620652 20932068,2646495 20926003,2577038 20987594))
32741;POLYGON((2671211 20856498,2655847 20881419,2770096 20862181,2793363 20843348,2671211 20856498))
32742;POLYGON((2756784 20685003,2743504 20715980,2900255 20723466,2919515 20694893,2756784 20685003))
32743;POLYGON((2825488 20482585,2815479 20518089,3003763 20533041,3018055 20497343,2825488 20482585))
32744;POLYGON((2871625 20257931,2865678 20296574,3075858 20305625,3084607 20265036,2871625 20257931))
32745;POLYGON((2891603 20018878,2890189 20059414,3113895 20053750,3116835 20010161,2891603 20018878))
32746;POLYGON((2883526 19772384,2886858 19813715,3116915 19787978,3114023 19742973,2883526 19772384))
32747;POLYGON((2846838 19524525,2854930 19565698,3085267 19517105,3076704 19471992,2846838 19524525))
32748;POLYGON((2782017 19280523,2794729 19320725,3020287 19248359,3006351 19204205,2782017 19280523))
32749;POLYGON((2690308 19044788,2707389 19083339,2924017 18987596,2905102 18945255,2690308 19044788))
32750;POLYGON((2573504 18820978,2594626 18857318,2798981 18739475,2775540 18699620,2573504 18820978))
32751;POLYGON((2433761 18612069,2458546 18645745,2647990 18507636,2620508 18470786,2433761 18612069))
32752;POLYGON((2273453 18420430,2301495 18451086,2473993 18294857,2442966 18261400,2273453 18420430))
32753;POLYGON((2095053 18247901,2125937 18275265,2279959 18103200,2245877 18073423,2095053 18247901))
32754;POLYGON((1901052 18095880,1934364 18119745,2068794 17934154,2032132 17908256,1901052 18095880))
32755;POLYGON((1693893 17965393,1729232 17985611,1843283 17788749,1804491 17766865,1693893 17965393))
32756;POLYGON((1475939 17857173,1512917 17873640,1606059 17667666,1565559 17649883,1475939 17857173))
32757;POLYGON((1249453 17771723,1287701 17784368,1359590 17571333,1317777 17557703,1249453 17771723))
32758;POLYGON((1016596 17709372,1055759 17718150,1106188 17499998,1063435 17490549,1016596 17709372))
32759;POLYGON((779441 17670323,819180 17675207,848030 17453793,804688 17448540,779441 17670323))
32760;POLYGON((539992 17654687,579976 17655665,587192 17432781,543600 17431730,539992 17654687))
32601;POLYGON((300217 7662506,340119 7659574,325688 7436983,282180 7440136,300217 7662506))
32602;POLYGON((62077 7693759,101570 7686926,65518 7466397,22427 7473749,62077 7693759))
32603;POLYGON((-172438 7748360,-133690 7737645,-191289 7520989,-233617 7532530,-172438 7748360))
32604;POLYGON((-401283 7826140,-363625 7811578,-442628 7600676,-483832 7616387,-401283 7826140))
32605;POLYGON((-622327 7926817,-586122 7908464,-686280 7705294,-725977 7725135,-622327 7926817))
32606;POLYGON((-833342 8049950,-798967 8027893,-919882 7834542,-957663 7858447,-833342 8049950))
32607;POLYGON((-1031998 8194891,-999849 8169255,-1140911 7987919,-1176340 8015777,-1031998 8194891))
32608;POLYGON((-1215873 8360719,-1186359 8331680,-1346682 8164636,-1379297 8196283,-1215873 8360719))
32609;POLYGON((-1382489 8546170,-1356024 8513964,-1534365 8363525,-1563681 8398720,-1382489 8546170))
32610;POLYGON((-1529358 8749558,-1506355 8714500,-1701024 8582919,-1726548 8621329,-1529358 8749558))
32611;POLYGON((-1654061 8968699,-1634915 8931191,-1843687 8820534,-1864924 8861706,-1654061 8968699))
32612;POLYGON((-1754355 9200830,-1739422 9161376,-1959435 9073320,-1975914 9116663,-1754355 9200830))
32613;POLYGON((-1828309 9442528,-1817881 9401748,-2045536 9337317,-2056829 9382070,-1828309 9442528))
32614;POLYGON((-1874470 9689641,-1868749 9648279,-2099603 9607486,-2105361 9652693,-1874470 9689641))
32615;POLYGON((-1892080 9937223,-1891134 9896161,-2119801 9877536,-2119787 9922012,-1892080 9937223))
32616;POLYGON((-1881316 10179485,-1885038 10139749,-2105090 10139736,-2099229 10182041,-1881316 10179485))
32617;POLYGON((-1843591 10409766,-1851646 10372527,-2055519 10384724,-2043947 10423125,-1843591 10409766))
32618;POLYGON((-1781889 10620520,-1793655 10587097,-1972563 10601306,-1955693 10633744,-1781889 10620520))
32619;POLYGON((-1701157 10803339,-1715655 10775191,-1859525 10776243,-1838113 10800298,-1701157 10803339))
32620;POLYGON((-1608753 10948998,-1624569 10927716,-1721975 10894043,-1697208 10906897,-1608753 10948998))
32621;POLYGON((-1514940 11047554,-1530138 11034840,-1568269 10936737,-1541848 10935142,-1514940 11047554))
32622;POLYGON((-1433452 11088468,-1445476 11086113,-1410118 10883666,-1384365 10863900,-1433452 11088468))
32623;POLYGON((-1382116 11060803,-1387683 11070647,-1263225 10711256,-1241195 10669091,-1382116 11060803))
32624;POLYGON((-1383541 10953454,-1378519 10977349,-1147998 10392797,-1133602 10323462,-1383541 10953454))
32625;POLYGON((-1465881 10755465,-1445158 10795210,-1090327 9898228,-1088473 9796371,-1465881 10755465))
32626;POLYGON((-1663661 10456398,-1621003 10513679,-1122444 9193921,-1139185 9053577,-1663661 10456398))
32627;POLYGON((-2018690 10046797,-1946583 10123100,-1283861 8242474,-1326561 8057027,-2018690 10046797))
32628;POLYGON((-2581046 9518729,-2470524 9615244,-1622391 7002511,-1699901 6764665,-2581046 9518729))
32629;POLYGON((-3410144 8866421,-3250609 8983930,-2195254 5428491,-2318109 5130239,-3410144 8866421))
32630;POLYGON((-4575890 8087011,-4354910 8225754,-3070275 3470532,-3250899 3103126,-4575890 8087011))
32631;POLYGON((4757543 8620782,4946123 8492647,3740367 4169107,3590307 4500795,4757543 8620782))
32632;POLYGON((3824549 9315306,3958143 9208361,2974308 5993269,2875555 6260272,3824549 9315306))
32633;POLYGON((3180374 9884274,3270471 9797991,2486543 7450613,2427645 7661303,3180374 9884274))
32634;POLYGON((2762239 10332575,2818595 10265953,2212920 8589553,2184209 8751581,2762239 10332575))
32635;POLYGON((2517075 10667499,2547909 10619186,2099483 9454224,2092874 9574539,2517075 10667499))
32636;POLYGON((2400432 10898059,2412598 10866459,2101306 10084653,2110113 10169542,2400432 10898059))
32637;POLYGON((2375460 11034421,2374613 11017781,2181413 10516962,2200174 10572081,2375460 11034421))
32638;POLYGON((2411979 11087414,2402722 11083901,2309784 10783568,2334108 10813972,2411979 11087414))
32639;POLYGON((2485618 11068130,2471645 11075893,2462449 10913390,2488869 10923575,2485618 11068130))
32640;POLYGON((2577038 10987594,2561253 11004811,2620652 10932068,2646495 10926003,2577038 10987594))
32641;POLYGON((2671211 10856498,2655847 10881419,2770096 10862181,2793363 10843348,2671211 10856498))
32642;POLYGON((2756784 10685003,2743504 10715980,2900255 10723466,2919515 10694893,2756784 10685003))
32643;POLYGON((2825488 10482585,2815479 10518089,3003763 10533041,3018055 10497343,2825488 10482585))
32644;POLYGON((2871625 10257931,2865678 10296574,3075858 10305625,3084607 10265036,2871625 10257931))
32645;POLYGON((2891603 10018878,2890189 10059414,3113895 10053750,3116835 10010161,2891603 10018878))
32646;POLYGON((2883526 9772384,2886858 9813715,3116915 9787978,3114023 9742973,2883526 9772384))
32647;POLYGON((2846838 9524525,2854930 9565698,3085267 9517105,3076704 9471992,2846838 9524525))
32648;POLYGON((2782017 9280523,2794729 9320725,3020287 9248359,3006351 9204205,2782017 9280523))
32649;POLYGON((2690308 9044788,2707389 9083339,2924017 8987596,2905102 8945255,2690308 9044788))
32650;POLYGON((2573504 8820978,2594626 8857318,2798981 8739475,2775540 8699620,2573504 8820978))
32651;POLYGON((2433761 8612069,2458546 8645745,2647990 8507636,2620508 8470786,2433761 8612069))
32652;POLYGON((2273453 8420430,2301495 8451086,2473993 8294857,2442966 8261400,2273453 8420430))
32653;POLYGON((2095053 8247901,2125937 8275265,2279959 8103200,2245877 8073423,2095053 8247901))
32654;POLYGON((1901052 8095880,1934364 8119745,2068794 7934154,2032132 7908256,1901052 8095880))
32655;POLYGON((1693893 7965393,1729232 7985611,1843283 7788749,1804491 7766865,1693893 7965393))
32656;POLYGON((1475939 7857173,1512917 7873640,1606059 7667666,1565559 7649883,1475939 7857173))
32657;POLYGON((1249453 7771723,1287701 7784368,1359590 7571333,1317777 7557703,1249453 7771723))
32658;POLYGON((1016596 7709372,1055759 7718150,1106188 7499998,1063435 7490549,1016596 7709372))
32659;POLYGON((779441 7670323,819180 7675207,848030 7453793,804688 7448540,779441 7670323))
32660;POLYGON((539992 7654687,579976 7655665,587192 7432781,543600 7431730,539992 7654687))
