32701;POLYGON((92421 5227040,173947 5231416,184738 5009261,105923 5004875,92421 5227040))
32702;POLYGON((-396957 5180085,-315361 5190400,-288141 4968166,-366947 4957837,-396957 5180085))
32703;POLYGON((-886836 5096691,-805154 5113195,-760874 4890913,-839624 4874416,-886836 5096691))
32704;POLYGON((-1377084 4974841,-1295371 4997932,-1233021 4775823,-1311597 4752802,-1377084 4974841))
32705;POLYGON((-1867001 4811629,-1785425 4841853,-1703611 4620445,-1781782 4590418,-1867001 4811629))
32706;POLYGON((-2355020 4603262,-2273916 4641313,-2170878 4421586,-2248249 4383953,-2355020 4603262))
32707;POLYGON((-2838329 4345091,-2758272 4391799,-2631917 4175384,-2707864 4129445,-2838329 4345091))
32708;POLYGON((-3312394 4031712,-3234283 4088024,-3082258 3877448,-3155850 3822436,-3312394 4031712))
32709;POLYGON((-3770341 3657153,-3695515 3724092,-3515336 3523114,-3585231 3458249,-3770341 3657153))
32710;POLYGON((-4202201 3215218,-4132573 3293812,-3921835 3107841,-3986157 3032419,-4202201 3215218))
32711;POLYGON((-4593978 2699991,-4532205 2791178,-4288881 2627816,-4345075 2541326,-4593978 2699991))
32712;POLYGON((-4926528 2106603,-4876213 2211081,-4599087 2080800,-4643739 1983100,-4926528 2106603))
32713;POLYGON((-5174222 1432278,-5140150 1550310,-4829405 1467308,-4858031 1358854,-5174222 1432278))
32714;POLYGON((-5303370 677758,-5291791 808903,-4949783 792159,-4956588 674308,-5303370 677758))
32715;POLYGON((-5270396 -150845,-5289344 -8072,-4921607 66500,-4899199 -58104,-5270396 -150845))
32716;POLYGON((-5019722 -1039680,-5079392 -888244,-4695898 -689629,-4634966 -816568,-5019722 -1039680))
32717;POLYGON((-4481357 -1964174,-4594528 -1809061,-4211261 -1444094,-4100207 -1566570,-4481357 -1964174))
32718;POLYGON((-3568165 -2885369,-3750676 -2734250,-3391556 -2148728,-3216078 -2256834,-3568165 -2885369))
32719;POLYGON((-2172780 -3745461,-2444072 -3609495,-2143278 -2734565,-1885900 -2814398,-2172780 -3745461))
32720;POLYGON((-164162 -4462444,-547877 -4357235,-352620 -3106118,7822 -3138725,-164162 -4462444))
32721;POLYGON((2616239 -4923736,2091591 -4870474,2117788 -3134597,2606730 -3094734,2616239 -4923736))
32722;POLYGON((6358735 -4978697,5659037 -5005487,5432496 -2649939,6080278 -2504617,6358735 -4978697))
32723;POLYGON((11290072 -4429880,10374790 -4573291,9787207 -1431515,10629777 -1138316,11290072 -4429880))
32724;POLYGON((17678564 -3022907,16499860 -3329764,15413153 802612,16492832 1297482,17678564 -3022907))
32725;POLYGON((25839703 -434836,24341467 -964267,22581864 4408047,23948184 5171979,25839703 -434836))
32726;POLYGON((36142269 3739147,34259062 2913370,31610367 9828155,33320978 10944671,36142269 3739147))
32727;POLYGON((49014947 10000840,46670864 8787650,42866823 17610081,44988479 19181701,49014947 10000840))
32728;POLYGON((64953501 18966097,62060936 17254143,56776634 28422844,59386254 30574313,64953501 18966097))
32729;POLYGON((84528504 31384041,80986821 29038332,73829017 43077673,77014832 45959584,84528504 31384041))
32730;POLYGON((108393648 48158566,104087755 45016719,94584092 62550780,98446874 66343616,108393648 48158566))
32731;POLYGON((-90972026 36441943,-94880466 39163554,-86216605 55456583,-82705737 52143809,-90972026 36441943))
32732;POLYGON((-70043965 22680547,-73247641 24690886,-66762679 37709235,-63876745 35213138,-70043965 22680547))
32733;POLYGON((-52960585 12654808,-55567176 14102067,-50816403 24434919,-48461059 22590493,-52960585 12654808))
32734;POLYGON((-39124563 5566520,-41228018 6573426,-37842109 14715105,-35934929 13385160,-39124563 5566520))
32735;POLYGON((-28016085 757649,-29698000 1425017,-27372613 7788372,-25841899 6859704,-28016085 757649))
32736;POLYGON((-19184929 -2309620,-20515828 -1899723,-19002302 3028473,-17785979 2408441,-19184929 -2309620))
32737;POLYGON((-12243110 -4070656,-13283630 -3852092,-12380712 -75240,-11425308 -461756,-12243110 -4070656))
32738;POLYGON((-6858078 -4874130,-7660067 -4794196,-7206588 -1935199,-6466285 -2148495,-6858078 -4874130))
32739;POLYGON((-2746438 -4995901,-3353966 -5013140,-3222389 -2880974,-2658153 -2968896,-2746438 -4995901))
32740;POLYGON((331817 -4651195,-118467 -4733478,-209235 -3172776,211987 -3172801,331817 -4651195))
32741;POLYGON((2578603 -4005220,2254342 -4128079,2017727 -3013259,2323739 -2954309,2578603 -4005220))
32742;POLYGON((4162562 -3182351,3938339 -3327542,3613563 -2557765,3827590 -2461769,4162562 -3182351))
32743;POLYGON((5223461 -2274024,5077812 -2428296,4707405 -1923157,4848696 -1806400,5223461 -2274024))
32744;POLYGON((5876154 -1345471,5791510 -1499519,5405945 -1195385,5490329 -1069652,5876154 -1345471))
32745;POLYGON((6214162 -441392,6176277 -588979,5796592 -435895,5836964 -309438,6214162 -441392))
32746;POLYGON((6312868 409290,6310314 272064,5950294 312976,5957060 434633,6312868 409290))
32747;POLYGON((6232372 1189511,6256083 1064812,5924062 1023527,5905530 1136919,6232372 1189511))
32748;POLYGON((6020003 1890872,6062879 1779613,5763204 1679003,5725929 1782184,6020003 1890872))
32749;POLYGON((5712527 2511071,5769089 2413304,5503293 2270622,5452382 2362730,5712527 2511071))
32750;POLYGON((5338075 3051889,5404161 2967105,5171885 2795201,5111258 2876111,5338075 3051889))
32751;POLYGON((4917792 3517632,4990300 3444992,4790000 3253295,4722619 3323359,4917792 3517632))
32752;POLYGON((4467255 3913962,4543923 3852467,4373405 3647780,4301464 3707623,4467255 3913962))
32753;POLYGON((3997663 4247051,4076884 4195666,3933688 3982794,3858778 4033172,3997663 4247051))
32754;POLYGON((3516829 4522991,3597500 4480724,3479167 4262974,3402413 4304667,3516829 4522991))
32755;POLYGON((3029994 4747403,3111389 4713361,3015644 4492929,2937811 4526677,3029994 4747403))
32756;POLYGON((2540483 4925202,2622158 4898621,2547010 4676896,2468599 4703353,2540483 4925202))
32757;POLYGON((2050231 5060472,2131941 5040734,2075750 4818526,1997066 4838233,2050231 5060472))
32758;POLYGON((1560192 5156418,1641832 5143049,1603331 4920769,1524544 4934146,1560192 5156418))
32759;POLYGON((1070657 5215349,1152212 5208026,1130519 4985821,1051706 4993159,1070657 5215349))
32760;POLYGON((581508 5238700,663019 5237244,657630 5015103,578815 5016563,581508 5238700))
32601;POLYGON((92421 -4772959,173947 -4768583,184738 -4990738,105923 -4995124,92421 -4772959))
32602;POLYGON((-396957 -4819914,-315361 -4809599,-288141 -5031833,-366947 -5042162,-396957 -4819914))
32603;POLYGON((-886836 -4903308,-805154 -4886804,-760874 -5109086,-839624 -5125583,-886836 -4903308))
32604;POLYGON((-1377084 -5025158,-1295371 -5002067,-1233021 -5224176,-1311597 -5247197,-1377084 -5025158))
32605;POLYGON((-1867001 -5188370,-1785425 -5158146,-1703611 -5379554,-1781782 -5409581,-1867001 -5188370))
32606;POLYGON((-2355020 -5396737,-2273916 -5358686,-2170878 -5578413,-2248249 -5616046,-2355020 -5396737))
32607;POLYGON((-2838329 -5654908,-2758272 -5608200,-2631917 -5824615,-2707864 -5870554,-2838329 -5654908))
32608;POLYGON((-3312394 -5968287,-3234283 -5911975,-3082258 -6122551,-3155850 -6177563,-3312394 -5968287))
32609;POLYGON((-3770341 -6342846,-3695515 -6275907,-3515336 -6476885,-3585231 -6541750,-3770341 -6342846))
32610;POLYGON((-4202201 -6784781,-4132573 -6706187,-3921835 -6892158,-3986157 -6967580,-4202201 -6784781))
32611;POLYGON((-4593978 -7300008,-4532205 -7208821,-4288881 -7372183,-4345075 -7458673,-4593978 -7300008))
32612;POLYGON((-4926528 -7893396,-4876213 -7788918,-4599087 -7919199,-4643739 -8016899,-4926528 -7893396))
32613;POLYGON((-5174222 -8567721,-5140150 -8449689,-4829405 -8532691,-4858031 -8641145,-5174222 -8567721))
32614;POLYGON((-5303370 -9322241,-5291791 -9191096,-4949783 -9207840,-4956588 -9325691,-5303370 -9322241))
32615;POLYGON((-5270396 -10150845,-5289344 -10008072,-4921607 -9933499,-4899199 -10058104,-5270396 -10150845))
32616;POLYGON((-5019722 -11039680,-5079392 -10888244,-4695898 -10689629,-4634966 -10816568,-5019722 -11039680))
32617;POLYGON((-4481357 -11964174,-4594528 -11809061,-4211261 -11444094,-4100207 -11566570,-4481357 -11964174))
32618;POLYGON((-3568165 -12885369,-3750676 -12734250,-3391556 -12148728,-3216078 -12256834,-3568165 -12885369))
32619;POLYGON((-2172780 -13745461,-2444072 -13609495,-2143278 -12734565,-1885900 -12814398,-2172780 -13745461))
32620;POLYGON((-164162 -14462444,-547877 -14357235,-352620 -13106118,7822 -13138725,-164162 -14462444))
32621;POLYGON((2616239 -14923736,2091591 -14870474,2117788 -13134597,2606730 -13094734,2616239 -14923736))
32622;POLYGON((6358735 -14978697,5659037 -15005487,5432496 -12649939,6080278 -12504617,6358735 -14978697))
32623;POLYGON((11290072 -14429880,10374790 -14573291,9787207 -11431515,10629777 -11138316,11290072 -14429880))
32624;POLYGON((17678564 -13022907,16499860 -13329764,15413153 -9197387,16492832 -8702517,17678564 -13022907))
32625;POLYGON((25839703 -10434836,24341467 -10964267,22581864 -5591952,23948184 -4828020,25839703 -10434836))
32626;POLYGON((36142269 -6260852,34259062 -7086629,31610367 -171844,33320978 944671,36142269 -6260852))
32627;POLYGON((49014947 840,46670864 -1212349,42866823 7610081,44988479 9181701,49014947 840))
32628;POLYGON((64953501 8966097,62060936 7254143,56776634 18422844,59386254 20574313,64953501 8966097))
32629;POLYGON((84528504 21384041,80986821 19038332,73829017 33077673,77014832 35959584,84528504 21384041))
32630;POLYGON((108393648 38158566,104087755 35016719,94584092 52550780,98446874 56343616,108393648 38158566))
32631;POLYGON((-90972026 26441943,-94880466 29163554,-86216605 45456583,-82705737 42143809,-90972026 26441943))
32632;POLYGON((-70043965 12680547,-73247641 14690886,-66762679 27709235,-63876745 25213138,-70043965 12680547))
32633;POLYGON((-52960585 2654808,-55567176 4102067,-50816403 14434919,-48461059 12590493,-52960585 2654808))
32634;POLYGON((-39124563 -4433479,-41228018 -3426573,-37842109 4715105,-35934929 3385160,-39124563 -4433479))
32635;POLYGON((-28016085 -9242350,-29698000 -8574982,-27372613 -2211627,-25841899 -3140295,-28016085 -9242350))
32636;POLYGON((-19184929 -12309620,-20515828 -11899723,-19002302 -6971526,-17785979 -7591558,-19184929 -12309620))
32637;POLYGON((-12243110 -14070656,-13283630 -13852092,-12380712 -10075240,-11425308 -10461756,-12243110 -14070656))
32638;POLYGON((-6858078 -14874130,-7660067 -14794196,-7206588 -11935199,-6466285 -12148495,-6858078 -14874130))
32639;POLYGON((-2746438 -14995901,-3353966 -15013140,-3222389 -12880974,-2658153 -12968896,-2746438 -14995901))
32640;POLYGON((331817 -14651195,-118467 -14733478,-209235 -13172776,211987 -13172801,331817 -14651195))
32641;POLYGON((2578603 -14005220,2254342 -14128079,2017727 -13013259,2323739 -12954309,2578603 -14005220))
32642;POLYGON((4162562 -13182351,3938339 -13327542,3613563 -12557765,3827590 -12461769,4162562 -13182351))
32643;POLYGON((5223461 -12274024,5077812 -12428296,4707405 -11923157,4848696 -11806400,5223461 -12274024))
32644;POLYGON((5876154 -11345471,5791510 -11499519,5405945 -11195385,5490329 -11069652,5876154 -11345471))
32645;POLYGON((6214162 -10441392,6176277 -10588979,5796592 -10435895,5836964 -10309438,6214162 -10441392))
32646;POLYGON((6312868 -9590709,6310314 -9727935,5950294 -9687023,5957060 -9565366,6312868 -9590709))
32647;POLYGON((6232372 -8810488,6256083 -8935187,5924062 -8976472,5905530 -8863080,6232372 -8810488))
32648;POLYGON((6020003 -8109127,6062879 -8220386,5763204 -8320996,5725929 -8217815,6020003 -8109127))
32649;POLYGON((5712527 -7488928,5769089 -7586695,5503293 -7729377,5452382 -7637269,5712527 -7488928))
32650;POLYGON((5338075 -6948110,5404161 -7032894,5171885 -7204798,5111258 -7123888,5338075 -6948110))
32651;POLYGON((4917792 -6482367,4990300 -6555007,4790000 -6746704,4722619 -6676640,4917792 -6482367))
32652;POLYGON((4467255 -6086037,4543923 -6147532,4373405 -6352219,4301464 -6292376,4467255 -6086037))
32653;POLYGON((3997663 -5752948,4076884 -5804333,3933688 -6017205,3858778 -5966827,3997663 -5752948))
32654;POLYGON((3516829 -5477008,3597500 -5519275,3479167 -5737025,3402413 -5695332,3516829 -5477008))
32655;POLYGON((3029994 -5252596,3111389 -5286638,3015644 -5507070,2937811 -5473322,3029994 -5252596))
32656;POLYGON((2540483 -5074797,2622158 -5101378,2547010 -5323103,2468599 -5296646,2540483 -5074797))
32657;POLYGON((2050231 -4939527,2131941 -4959265,2075750 -5181473,1997066 -5161766,2050231 -4939527))
32658;POLYGON((1560192 -4843581,1641832 -4856950,1603331 -5079230,1524544 -5065853,1560192 -4843581))
32659;POLYGON((1070657 -4784650,1152212 -4791973,1130519 -5014178,1051706 -5006840,1070657 -4784650))
32660;POLYGON((581508 -4761299,663019 -4762755,657630 -4984896,578815 -4983436,581508 -4761299))
