32701;POLYGON((164565 15883972,231618 15879757,219368 15657443,149244 15661732,164565 15883972))
32702;POLYGON((-236941 15929068,-170151 15919182,-200941 15697579,-270856 15707650,-236941 15929068))
32703;POLYGON((-636045 16008597,-569760 15992915,-619512 15772739,-689014 15788740,-636045 16008597))
32704;POLYGON((-1031091 16123521,-965614 16101858,-1034977 15884012,-1103800 15906170,-1031091 16123521))
32705;POLYGON((-1419972 16275138,-1355694 16247257,-1445510 16032934,-1513289 16061543,-1419972 16275138))
32706;POLYGON((-1799944 16464972,-1737375 16430611,-1848614 16221394,-1914852 16256794,-1799944 16464972))
32707;POLYGON((-2167415 16694616,-2107221 16653513,-2240881 16451492,-2304903 16494038,-2167415 16694616))
32708;POLYGON((-2517709 16965483,-2460756 16917429,-2617714 16725307,-2678615 16775324,-2517709 16965483))
32709;POLYGON((-2844801 17278456,-2792200 17223359,-2972990 17044563,-3029575 17102269,-2844801 17278456))
32710;POLYGON((-3140999 17633390,-3094162 17571372,-3298674 17410132,-3349386 17475547,-3140999 17633390))
32711;POLYGON((-3396594 18028447,-3357297 17959967,-3584359 17821358,-3627197 17894162,-3396594 18028447))
32712;POLYGON((-3599449 18459195,-3569901 18385217,-3816728 18275134,-3849149 18354492,-3599449 18459195))
32713;POLYGON((-3734531 18917454,-3717461 18839659,-3978940 18764691,-3997743 18849013,-3734531 18917454))
32714;POLYGON((-3783384 19389808,-3782130 19310871,-4049907 19278026,-4051109 19364672,-3783384 19389808))
32715;POLYGON((-3723529 19855751,-3742144 19779673,-4003478 19795920,-3982167 19880817,-3723529 19855751))
32716;POLYGON((-3527790 20285377,-3571161 20217909,-3807512 20289456,-3757675 20366638,-3527790 20285377))
32717;POLYGON((-3163534 20636578,-3237513 20585720,-3422821 20716977,-3337161 20778012,-3163534 20636578))
32718;POLYGON((-2591834 20851640,-2703385 20828259,-2801991 21020383,-2671714 21053690,-2591834 20851640))
32719;POLYGON((-1766528 20853197,-1923890 20871746,-1888060 21120695,-1702645 21110723,-1766528 20853197))
32720;POLYGON((-633187 20539427,-846053 20618802,-613052 20912776,-359986 20839039,-633187 20539427))
32721;POLYGON((872026 19778423,592312 19942964,1103648 20259119,1439152 20095057,872026 19778423))
32722;POLYGON((2823609 18401639,2463834 18682290,3357087 18982583,3792409 18694247,2823609 18401639))
32723;POLYGON((5308082 16196305,4852930 16631953,6258702 16857980,6814156 16402506,5308082 16196305))
32724;POLYGON((8425483 12896724,7857275 13535734,9938472 13602376,10637685 12926237,8425483 12896724))
32725;POLYGON((12290980 8174325,11589397 9076286,14547252 8863998,15417573 7901009,12290980 8174325))
32726;POLYGON((17036626 1626367,16178408 2864076,20259320 2209603,21332259 878658,17036626 1626367))
32727;POLYGON((22813250 -7236820,21771872 -5575124,27275116 -6889816,28586831 -8687299,22813250 -7236820))
32728;POLYGON((29792497 -19006198,28537814 -16814329,35824218 -19075147,37416026 -21458097,29792497 -19006198))
32729;POLYGON((38169012 -34390095,36666889 -31541111,46168533 -35117217,48087464 -38228125,38169012 -34390095))
32730;POLYGON((48162793 -54232144,46374697 -50575222,58605727 -55936982,60905124 -59945477,48162793 -54232144))
32731;POLYGON((-40308935 -40462831,-41948937 -43695307,-53207498 -48402517,-51105420 -44865866,-40308935 -40462831))
32732;POLYGON((-31419098 -23693856,-32792969 -26196999,-41503360 -29287810,-39754249 -26560300,-31419098 -23693856))
32733;POLYGON((-23996924 -10804635,-25140946 -12716916,-31788685 -14625795,-30342431 -12551837,-23996924 -10804635))
32734;POLYGON((-17839586 -1043828,-18785851 -2481441,-23778120 -3547937,-22590622 -1997246,-17839586 -1043828))
32735;POLYGON((-12768024 6216774,-13544820 5156947,-17220907 4671141,-16253495 5806942,-12768024 6216774))
32736;POLYGON((-8624704 11498928,-9256883 10736667,-11897522 10633128,-11116424 11443543,-8624704 11498928))
32737;POLYGON((-5271531 15232857,-5780843 14702232,-7616565 14833411,-6992407 15391786,-5271531 15232857))
32738;POLYGON((-2587910 17770530,-2993317 17417796,-4211861 17676572,-3719210 18042497,-2587910 17770530))
32739;POLYGON((-468946 19397434,-786912 19179169,-1539785 19490115,-1156719 19711552,-468946 19397434))
32740;POLYGON((1176215 20342953,931455 20224421,523211 20536563,815493 20651715,1176215 20342953))
32741;POLYGON((2425921 20789480,2242117 20743195,2082871 21024077,2300412 21063020,2425921 20789480))
32742;POLYGON((3347417 20880357,3214077 20884836,3229222 21115711,3385635 21101815,3347417 20880357))
32743;POLYGON((3998138 20726765,3906318 20765449,4038476 20937429,4145243 20888583,3998138 20726765))
32744;POLYGON((4426879 20413651,4369001 20473978,4574765 20585008,4641513 20514666,4426879 20413651))
32745;POLYGON((4674873 20004793,4644547 20077412,4891711 20129922,4926458 20047998,4674873 20004793))
32746;POLYGON((4776750 19547094,4768625 19625199,5033848 19624337,5043223 19537951,4776750 19547094))
32747;POLYGON((4761417 19074186,4771039 19152960,5037890 19105286,5027334 19019392,4761417 19074186))
32748;POLYGON((4652842 18609430,4676528 18685582,4933871 18598143,4907813 18516046,4652842 18609430))
32749;POLYGON((4470751 18168378,4505480 18239767,4746155 18119474,4708170 18043248,4470751 18168378))
32750;POLYGON((4231254 17760773,4274569 17826107,4494330 17679339,4447273 17610162,4231254 17760773))
32751;POLYGON((3947400 17392153,3997316 17450744,4193989 17283130,4140120 17221554,3947400 17392153))
32752;POLYGON((3629660 17065109,3684593 17116684,3857412 16933018,3798499 16879174,3629660 17065109))
32753;POLYGON((3286355 16780266,3345050 16824824,3494161 16629059,3431570 16582814,3286355 16780266))
32754;POLYGON((2924030 16537020,2985506 16574722,3111586 16370034,3046358 16331104,2924030 16537020))
32755;POLYGON((2547777 16334090,2611274 16365177,2715260 16154053,2648179 16122093,2547777 16334090))
32756;POLYGON((2161523 16169911,2226456 16194651,2309352 15978999,2240998 15953655,2161523 16169911))
32757;POLYGON((1768271 16042914,1834194 16061560,1896935 15842822,1827733 15823775,1768271 16042914))
32758;POLYGON((1370317 15951712,1436888 15964477,1480258 15743736,1410521 15730724,1370317 15951712))
32759;POLYGON((969448 15895222,1036398 15902261,1060973 15680349,990931 15673183,969448 15895222))
32760;POLYGON((567109 15872738,634213 15874141,640333 15651728,570168 15650300,567109 15872738))
32601;POLYGON((164565 5883972,231618 5879757,219368 5657443,149244 5661732,164565 5883972))
32602;POLYGON((-236941 5929068,-170151 5919182,-200941 5697579,-270856 5707650,-236941 5929068))
32603;POLYGON((-636045 6008597,-569760 5992915,-619512 5772739,-689014 5788740,-636045 6008597))
32604;POLYGON((-1031091 6123521,-965614 6101858,-1034977 5884012,-1103800 5906170,-1031091 6123521))
32605;POLYGON((-1419972 6275138,-1355694 6247257,-1445510 6032934,-1513289 6061543,-1419972 6275138))
32606;POLYGON((-1799944 6464972,-1737375 6430611,-1848614 6221394,-1914852 6256794,-1799944 6464972))
32607;POLYGON((-2167415 6694616,-2107221 6653513,-2240881 6451492,-2304903 6494038,-2167415 6694616))
32608;POLYGON((-2517709 6965483,-2460756 6917429,-2617714 6725307,-2678615 6775324,-2517709 6965483))
32609;POLYGON((-2844801 7278456,-2792200 7223359,-2972990 7044563,-3029575 7102269,-2844801 7278456))
32610;POLYGON((-3140999 7633390,-3094162 7571372,-3298674 7410132,-3349386 7475547,-3140999 7633390))
32611;POLYGON((-3396594 8028447,-3357297 7959967,-3584359 7821358,-3627197 7894162,-3396594 8028447))
32612;POLYGON((-3599449 8459195,-3569901 8385217,-3816728 8275134,-3849149 8354492,-3599449 8459195))
32613;POLYGON((-3734531 8917454,-3717461 8839659,-3978940 8764691,-3997743 8849013,-3734531 8917454))
32614;POLYGON((-3783384 9389808,-3782130 9310871,-4049907 9278026,-4051109 9364672,-3783384 9389808))
32615;POLYGON((-3723529 9855751,-3742144 9779673,-4003478 9795920,-3982167 9880817,-3723529 9855751))
32616;POLYGON((-3527790 10285377,-3571161 10217909,-3807512 10289456,-3757675 10366638,-3527790 10285377))
32617;POLYGON((-3163534 10636578,-3237513 10585720,-3422821 10716977,-3337161 10778012,-3163534 10636578))
32618;POLYGON((-2591834 10851640,-2703385 10828259,-2801991 11020383,-2671714 11053690,-2591834 10851640))
32619;POLYGON((-1766528 10853197,-1923890 10871746,-1888060 11120695,-1702645 11110723,-1766528 10853197))
32620;POLYGON((-633187 10539427,-846053 10618802,-613052 10912776,-359986 10839039,-633187 10539427))
32621;POLYGON((872026 9778423,592312 9942964,1103648 10259119,1439152 10095057,872026 9778423))
32622;POLYGON((2823609 8401639,2463834 8682290,3357087 8982583,3792409 8694247,2823609 8401639))
32623;POLYGON((5308082 6196305,4852930 6631953,6258702 6857980,6814156 6402506,5308082 6196305))
32624;POLYGON((8425483 2896724,7857275 3535734,9938472 3602376,10637685 2926237,8425483 2896724))
32625;POLYGON((12290980 -1825674,11589397 -923713,14547252 -1136001,15417573 -2098990,12290980 -1825674))
32626;POLYGON((17036626 -8373632,16178408 -7135923,20259320 -7790396,21332259 -9121341,17036626 -8373632))
32627;POLYGON((22813250 -17236820,21771872 -15575124,27275116 -16889816,28586831 -18687299,22813250 -17236820))
32628;POLYGON((29792497 -29006198,28537814 -26814329,35824218 -29075147,37416026 -31458097,29792497 -29006198))
32629;POLYGON((38169012 -44390095,36666889 -41541111,46168533 -45117217,48087464 -48228125,38169012 -44390095))
32630;POLYGON((48162793 -64232144,46374697 -60575222,58605727 -65936982,60905124 -69945477,48162793 -64232144))
32631;POLYGON((-40308935 -50462831,-41948937 -53695307,-53207498 -58402517,-51105420 -54865866,-40308935 -50462831))
32632;POLYGON((-31419098 -33693856,-32792969 -36196999,-41503360 -39287810,-39754249 -36560300,-31419098 -33693856))
32633;POLYGON((-23996924 -20804635,-25140946 -22716916,-31788685 -24625795,-30342431 -22551837,-23996924 -20804635))
32634;POLYGON((-17839586 -11043828,-18785851 -12481441,-23778120 -13547937,-22590622 -11997246,-17839586 -11043828))
32635;POLYGON((-12768024 -3783225,-13544820 -4843052,-17220907 -5328858,-16253495 -4193057,-12768024 -3783225))
32636;POLYGON((-8624704 1498928,-9256883 736667,-11897522 633128,-11116424 1443543,-8624704 1498928))
32637;POLYGON((-5271531 5232857,-5780843 4702232,-7616565 4833411,-6992407 5391786,-5271531 5232857))
32638;POLYGON((-2587910 7770530,-2993317 7417796,-4211861 7676572,-3719210 8042497,-2587910 7770530))
32639;POLYGON((-468946 9397434,-786912 9179169,-1539785 9490115,-1156719 9711552,-468946 9397434))
32640;POLYGON((1176215 10342953,931455 10224421,523211 10536563,815493 10651715,1176215 10342953))
32641;POLYGON((2425921 10789480,2242117 10743195,2082871 11024077,2300412 11063020,2425921 10789480))
32642;POLYGON((3347417 10880357,3214077 10884836,3229222 11115711,3385635 11101815,3347417 10880357))
32643;POLYGON((3998138 10726765,3906318 10765449,4038476 10937429,4145243 10888583,3998138 10726765))
32644;POLYGON((4426879 10413651,4369001 10473978,4574765 10585008,4641513 10514666,4426879 10413651))
32645;POLYGON((4674873 10004793,4644547 10077412,4891711 10129922,4926458 10047998,4674873 10004793))
32646;POLYGON((4776750 9547094,4768625 9625199,5033848 9624337,5043223 9537951,4776750 9547094))
32647;POLYGON((4761417 9074186,4771039 9152960,5037890 9105286,5027334 9019392,4761417 9074186))
32648;POLYGON((4652842 8609430,4676528 8685582,4933871 8598143,4907813 8516046,4652842 8609430))
32649;POLYGON((4470751 8168378,4505480 8239767,4746155 8119474,4708170 8043248,4470751 8168378))
32650;POLYGON((4231254 7760773,4274569 7826107,4494330 7679339,4447273 7610162,4231254 7760773))
32651;POLYGON((3947400 7392153,3997316 7450744,4193989 7283130,4140120 7221554,3947400 7392153))
32652;POLYGON((3629660 7065109,3684593 7116684,3857412 6933018,3798499 6879174,3629660 7065109))
32653;POLYGON((3286355 6780266,3345050 6824824,3494161 6629059,3431570 6582814,3286355 6780266))
32654;POLYGON((2924030 6537020,2985506 6574722,3111586 6370034,3046358 6331104,2924030 6537020))
32655;POLYGON((2547777 6334090,2611274 6365177,2715260 6154053,2648179 6122093,2547777 6334090))
32656;POLYGON((2161523 6169911,2226456 6194651,2309352 5978999,2240998 5953655,2161523 6169911))
32657;POLYGON((1768271 6042914,1834194 6061560,1896935 5842822,1827733 5823775,1768271 6042914))
32658;POLYGON((1370317 5951712,1436888 5964477,1480258 5743736,1410521 5730724,1370317 5951712))
32659;POLYGON((969448 5895222,1036398 5902261,1060973 5680349,990931 5673183,969448 5895222))
32660;POLYGON((567109 5872738,634213 5874141,640333 5651728,570168 5650300,567109 5872738))
