32701;POLYGON((22383 13440352,117989 13436476,110231 13214588,12670 13218311,22383 13440352))
32702;POLYGON((-553169 13482073,-456947 13472886,-476637 13249575,-574909 13258406,-553169 13482073))
32703;POLYGON((-1134101 13556795,-1036785 13541943,-1069186 13316008,-1168733 13330309,-1134101 13556795))
32704;POLYGON((-1723195 13667440,-1624334 13646337,-1670762 13416631,-1772131 13437001,-1723195 13667440))
32705;POLYGON((-2322969 13818459,-2222170 13790245,-2284575 13555731,-2388278 13583057,-2322969 13818459))
32706;POLYGON((-2935479 14016139,-2832443 13979621,-2913554 13739482,-3020038 13775009,-2935479 14016139))
32707;POLYGON((-3562005 14269039,-3456589 14222611,-3560118 13976440,-3669715 14021869,-3562005 14269039))
32708;POLYGON((-4202619 14588569,-4094918 14530101,-4225832 14278219,-4338687 14335843,-4202619 14588569))
32709;POLYGON((-4855593 14989744,-4746050 14916445,-4910929 14660398,-5026910 14733279,-4855593 14989744))
32710;POLYGON((-5516630 15492150,-5406178 15400391,-5613670 15143714,-5732241 15235911,-5516630 15492150))
32711;POLYGON((-6177879 16121151,-6068123 16006243,-6329528 15755590,-6449593 15872453,-6177879 16121151))
32712;POLYGON((-6826726 16909400,-6720158 16765320,-7050154 16532077,-7169867 16680615,-6826726 16909400))
32713;POLYGON((-7444315 17898682,-7344581 17717743,-7762122 17520280,-7878648 17709621,-7444315 17898682))
32714;POLYGON((-8003784 19142164,-7916002 18914606,-8445412 18781363,-8554652 19023315,-8003784 19142164))
32715;POLYGON((-8468189 20707103,-8399315 20420607,-9071617 20394215,-9167879 20703948,-8468189 20707103))
32716;POLYGON((-8788086 22678073,-8747342 22317186,-9601848 22459885,-9677465 22856754,-8788086 22678073))
32717;POLYGON((-8898741 25160801,-8898107 24706251,-9984310 25106903,-10029207 25615431,-8898741 25160801))
32718;POLYGON((-8716956 28286671,-8771729 27714566,-10151528 28497595,-10152719 29148626,-8716956 28286671))
32719;POLYGON((-8137460 32217983,-8266883 31498877,-10017201 32835526,-9958228 33667587,-8137460 32217983))
32720;POLYGON((-7028871 37154063,-7256841 36251877,-9472651 38374203,-9332955 39435090,-7028871 37154063))
32721;POLYGON((-5229166 43338307,-5585021 42209086,-8382858 45427192,-8137070 46775800,-5229166 43338307))
32722;POLYGON((-2540665 51066262,-3060057 49656750,-6582043 54379790,-6199207 56088223,-2540665 51066262))
32723;POLYGON((1275519 60694850,549662 58940869,-3868781 65702417,-3311490 67858400,1275519 60694850))
32724;POLYGON((6505585 72652833,5522002 70477450,-623 79965906,775925 82675524,6505585 72652833))
32725;POLYGON((13489722 87452659,12187664 84764108,5311801 97858850,6360842 101249661,13489722 87452659))
32726;POLYGON((22629396 105703772,20937368 102393131,12411227 120207219,13795554 124431751,22629396 105703772))
32727;POLYGON((34395277 128127550,32229672 124066131,21700756 147996416,23493945 153236098,34395277 128127550))
32728;POLYGON((49335812 155573970,46599437 150610416,33651453 182395991,35939191 188865545,49335812 155573970))
32729;POLYGON((68086501 189040157,64666979 182997216,48810555 224787223,51692065 232739551,68086501 189040157))
32730;POLYGON((91379869 229690950,87147929 222361898,67810321 276793781,71399903 286525397,91379869 229690950))
32731;POLYGON((-74307044 201729353,-78115489 208387518,-60007516 258278688,-56787263 249476733,-74307044 201729353))
32732;POLYGON((-54128613 166006640,-57191501 171485977,-42363854 209673970,-39792538 202497233,-54128613 166006640))
32733;POLYGON((-37993217 136672261,-40431147 141164289,-28340083 170114395,-26311142 164288882,-37993217 136672261))
32734;POLYGON((-25234158 112675577,-27151711 116344177,-17333309 138060698,-15754473 133353242,-25234158 112675577))
32735;POLYGON((-15275036 93119719,-16762419 96104529,-8822636 112205428,-7614446 108418532,-15275036 93119719))
32736;POLYGON((-7620243 77242384,-8754829 79661866,-2360535 91443335,-1454964 88410539,-7620243 77242384))
32737;POLYGON((-1846155 64398559,-2693903 66352749,2435159 74844770,3095977 72426495,-1846155 64398559))
32738;POLYGON((2407000 54045022,1790236 55617995,5888644 61631882,6353593 59711719,2407000 54045022))
32739;POLYGON((5442647 45726501,5009911 46988568,8272961 51157395,8583022 49638803,5442647 45726501))
32740;POLYGON((7514737 39063354,7226865 40073017,9816254 42885770,10005496 41689156,7514737 39063354))
32741;POLYGON((8834043 33740662,8658654 34546337,10707494 36376562,10803976 35436709,8834043 33740662))
32742;POLYGON((9573890 29498597,9484470 30140134,11101688 31269784,11128282 30533593,9573890 29498597))
32743;POLYGON((9875347 26123974,9850420 26633991,11124608 27273107,11099738 26697629,9875347 26123974))
32744;POLYGON((9851916 23442874,9874296 23847915,10877051 24150721,10815365 23701454,9851916 23442874))
32745;POLYGON((9593731 21314233,9649853 21635771,10438671 21713711,10351633 21363127,9593731 21314233))
32746;POLYGON((9171307 19624307,9250636 19879613,9871384 19811785,9767808 19538079,9171307 19624307))
32747;POLYGON((8638857 18281929,8733360 18484810,9222394 18326223,9108907 18112245,8638857 18281929))
32748;POLYGON((8037205 17214456,8140896 17375885,8526843 17163906,8408297 16996260,8037205 17214456))
32749;POLYGON((7396327 16364351,7504866 16492996,7810124 16252308,7689949 16120605,7396327 16364351))
32750;POLYGON((6737534 15686304,6847889 15788976,7089875 15535324,6970378 15431557,6737534 15686304))
32751;POLYGON((6075347 15144845,6185498 15226860,6377674 14969836,6260300 14887877,6075347 15144845))
32752;POLYGON((5419055 14712360,5527759 14777847,5680468 14522913,5566011 14458099,5419055 14712360))
32753;POLYGON((4774020 14367487,4880609 14419632,5001751 14169555,4890529 14118359,4774020 14367487))
32754;POLYGON((4142731 14093806,4246951 14135049,4342524 13890898,4234515 13850666,4142731 14093806))
32755;POLYGON((3525642 13878797,3627530 13910991,3702046 13672798,3597002 13641553,3525642 13878797))
32756;POLYGON((2921819 13713025,3021604 13737558,3078422 13504752,2975947 13481035,2921819 13713025))
32757;POLYGON((2329427 13589499,2427462 13607388,2469032 13379062,2368641 13361818,2329427 13589499))
32758;POLYGON((1746074 13503198,1842784 13515159,1870830 13290230,1771990 13278722,1746074 13503198))
32759;POLYGON((1169047 13450717,1264900 13457217,1280550 13234514,1182704 13228268,1169047 13450717))
32760;POLYGON((595468 13430031,690950 13431318,694820 13209634,597402 13208397,595468 13430031))
32601;POLYGON((22383 3440352,117989 3436476,110231 3214588,12670 3218311,22383 3440352))
32602;POLYGON((-553169 3482073,-456947 3472886,-476637 3249575,-574909 3258406,-553169 3482073))
32603;POLYGON((-1134101 3556795,-1036785 3541943,-1069186 3316008,-1168733 3330309,-1134101 3556795))
32604;POLYGON((-1723195 3667440,-1624334 3646337,-1670762 3416631,-1772131 3437001,-1723195 3667440))
32605;POLYGON((-2322969 3818459,-2222170 3790245,-2284575 3555731,-2388278 3583057,-2322969 3818459))
32606;POLYGON((-2935479 4016139,-2832443 3979621,-2913554 3739482,-3020038 3775009,-2935479 4016139))
32607;POLYGON((-3562005 4269039,-3456589 4222611,-3560118 3976440,-3669715 4021869,-3562005 4269039))
32608;POLYGON((-4202619 4588569,-4094918 4530101,-4225832 4278219,-4338687 4335843,-4202619 4588569))
32609;POLYGON((-4855593 4989744,-4746050 4916445,-4910929 4660398,-5026910 4733279,-4855593 4989744))
32610;POLYGON((-5516630 5492150,-5406178 5400391,-5613670 5143714,-5732241 5235911,-5516630 5492150))
32611;POLYGON((-6177879 6121151,-6068123 6006243,-6329528 5755590,-6449593 5872453,-6177879 6121151))
32612;POLYGON((-6826726 6909400,-6720158 6765320,-7050154 6532077,-7169867 6680615,-6826726 6909400))
32613;POLYGON((-7444315 7898682,-7344581 7717743,-7762122 7520280,-7878648 7709621,-7444315 7898682))
32614;POLYGON((-8003784 9142164,-7916002 8914606,-8445412 8781363,-8554652 9023315,-8003784 9142164))
32615;POLYGON((-8468189 10707103,-8399315 10420607,-9071617 10394215,-9167879 10703948,-8468189 10707103))
32616;POLYGON((-8788086 12678073,-8747342 12317186,-9601848 12459885,-9677465 12856754,-8788086 12678073))
32617;POLYGON((-8898741 15160801,-8898107 14706251,-9984310 15106903,-10029207 15615431,-8898741 15160801))
32618;POLYGON((-8716956 18286671,-8771729 17714566,-10151528 18497595,-10152719 19148626,-8716956 18286671))
32619;POLYGON((-8137460 22217983,-8266883 21498877,-10017201 22835526,-9958228 23667587,-8137460 22217983))
32620;POLYGON((-7028871 27154063,-7256841 26251877,-9472651 28374203,-9332955 29435090,-7028871 27154063))
32621;POLYGON((-5229166 33338307,-5585021 32209086,-8382858 35427192,-8137070 36775800,-5229166 33338307))
32622;POLYGON((-2540665 41066262,-3060057 39656750,-6582043 44379790,-6199207 46088223,-2540665 41066262))
32623;POLYGON((1275519 50694850,549662 48940869,-3868781 55702417,-3311490 57858400,1275519 50694850))
32624;POLYGON((6505585 62652833,5522002 60477450,-623 69965906,775925 72675524,6505585 62652833))
32625;POLYGON((13489722 77452659,12187664 74764108,5311801 87858850,6360842 91249661,13489722 77452659))
32626;POLYGON((22629396 95703772,20937368 92393131,12411227 110207219,13795554 114431751,22629396 95703772))
32627;POLYGON((34395277 118127550,32229672 114066131,21700756 137996416,23493945 143236098,34395277 118127550))
32628;POLYGON((49335812 145573970,46599437 140610416,33651453 172395991,35939191 178865545,49335812 145573970))
32629;POLYGON((68086501 179040157,64666979 172997216,48810555 214787223,51692065 222739551,68086501 179040157))
32630;POLYGON((91379869 219690950,87147929 212361898,67810321 266793781,71399903 276525397,91379869 219690950))
32631;POLYGON((-74307044 191729353,-78115489 198387518,-60007516 248278688,-56787263 239476733,-74307044 191729353))
32632;POLYGON((-54128613 156006640,-57191501 161485977,-42363854 199673970,-39792538 192497233,-54128613 156006640))
32633;POLYGON((-37993217 126672261,-40431147 131164289,-28340083 160114395,-26311142 154288882,-37993217 126672261))
32634;POLYGON((-25234158 102675577,-27151711 106344177,-17333309 128060698,-15754473 123353242,-25234158 102675577))
32635;POLYGON((-15275036 83119719,-16762419 86104529,-8822636 102205428,-7614446 98418532,-15275036 83119719))
32636;POLYGON((-7620243 67242384,-8754829 69661866,-2360535 81443335,-1454964 78410539,-7620243 67242384))
32637;POLYGON((-1846155 54398559,-2693903 56352749,2435159 64844770,3095977 62426495,-1846155 54398559))
32638;POLYGON((2407000 44045022,1790236 45617995,5888644 51631882,6353593 49711719,2407000 44045022))
32639;POLYGON((5442647 35726501,5009911 36988568,8272961 41157395,8583022 39638803,5442647 35726501))
32640;POLYGON((7514737 29063354,7226865 30073017,9816254 32885770,10005496 31689156,7514737 29063354))
32641;POLYGON((8834043 23740662,8658654 24546337,10707494 26376562,10803976 25436709,8834043 23740662))
32642;POLYGON((9573890 19498597,9484470 20140134,11101688 21269784,11128282 20533593,9573890 19498597))
32643;POLYGON((9875347 16123974,9850420 16633991,11124608 17273107,11099738 16697629,9875347 16123974))
32644;POLYGON((9851916 13442874,9874296 13847915,10877051 14150721,10815365 13701454,9851916 13442874))
32645;POLYGON((9593731 11314233,9649853 11635771,10438671 11713711,10351633 11363127,9593731 11314233))
32646;POLYGON((9171307 9624307,9250636 9879613,9871384 9811785,9767808 9538079,9171307 9624307))
32647;POLYGON((8638857 8281929,8733360 8484810,9222394 8326223,9108907 8112245,8638857 8281929))
32648;POLYGON((8037205 7214456,8140896 7375885,8526843 7163906,8408297 6996260,8037205 7214456))
32649;POLYGON((7396327 6364351,7504866 6492996,7810124 6252308,7689949 6120605,7396327 6364351))
32650;POLYGON((6737534 5686304,6847889 5788976,7089875 5535324,6970378 5431557,6737534 5686304))
32651;POLYGON((6075347 5144845,6185498 5226860,6377674 4969836,6260300 4887877,6075347 5144845))
32652;POLYGON((5419055 4712360,5527759 4777847,5680468 4522913,5566011 4458099,5419055 4712360))
32653;POLYGON((4774020 4367487,4880609 4419632,5001751 4169555,4890529 4118359,4774020 4367487))
32654;POLYGON((4142731 4093806,4246951 4135049,4342524 3890898,4234515 3850666,4142731 4093806))
32655;POLYGON((3525642 3878797,3627530 3910991,3702046 3672798,3597002 3641553,3525642 3878797))
32656;POLYGON((2921819 3713025,3021604 3737558,3078422 3504752,2975947 3481035,2921819 3713025))
32657;POLYGON((2329427 3589499,2427462 3607388,2469032 3379062,2368641 3361818,2329427 3589499))
32658;POLYGON((1746074 3503198,1842784 3515159,1870830 3290230,1771990 3278722,1746074 3503198))
32659;POLYGON((1169047 3450717,1264900 3457217,1280550 3234514,1182704 3228268,1169047 3450717))
32660;POLYGON((595468 3430031,690950 3431318,694820 3209634,597402 3208397,595468 3430031))
