32701;POLYGON((66926 14328685,153573 14324393,144015 14102357,54962 14106575,66926 14328685))
32702;POLYGON((-453714 14374787,-366826 14364651,-391004 14141940,-480387 14151911,-453714 14374787))
32703;POLYGON((-976371 14456903,-889085 14440627,-928616 14216738,-1018565 14232777,-976371 14456903))
32704;POLYGON((-1501781 14577431,-1414004 14554541,-1470095 14329120,-1560784 14351738,-1501781 14577431))
32705;POLYGON((-2030149 14739901,-1941896 14709725,-2016267 14482682,-2107773 14512605,-2030149 14739901))
32706;POLYGON((-2560847 14949056,-2472296 14910715,-2567234 14682371,-2659478 14720568,-2560847 14949056))
32707;POLYGON((-3092014 15210952,-3003582 15163342,-3121994 14934664,-3214668 14982375,-3092014 15210952))
32708;POLYGON((-3620020 15533030,-3532461 15474812,-3677931 15247744,-3770398 15306513,-3620020 15533030))
32709;POLYGON((-4138780 15924165,-4053313 15853761,-4230147 15631704,-4321312 15703412,-4138780 15924165))
32710;POLYGON((-4638887 16394637,-4557354 16310239,-4770604 16098732,-4858750 16185626,-4638887 16394637))
32711;POLYGON((-5106532 16956018,-5031593 16855616,-5287058 16663278,-5369646 16767997,-5106532 16956018))
32712;POLYGON((-5522195 17620925,-5457563 17502360,-5761737 17342179,-5835163 17467765,-5522195 17620925))
32713;POLYGON((-5859064 18402609,-5809789 18263651,-6169767 18154718,-6229065 18304622,-5859064 18402609))
32714;POLYGON((-6081176 19314322,-6053977 19152796,-6477277 19122592,-6515778 19300658,-6081176 19314322))
32715;POLYGON((-6141241 20368440,-6144887 20182392,-6639197 20269772,-6648126 20480198,-6141241 20368440))
32716;POLYGON((-5978114 21575261,-6023877 21363180,-6596688 21622211,-6564698 21869485,-5978114 21575261))
32717;POLYGON((-5513917 22941443,-5616073 22702550,-6274193 23207380,-6186836 23496185,-5513917 22941443))
32718;POLYGON((-4650746 24468013,-4827155 24202627,-5576078 25053596,-5415203 25388673,-4650746 24468013))
32719;POLYGON((-3266973 26147886,-3539723 25857873,-4382831 27189102,-4125905 27575071,-3266973 26147886))
32720;POLYGON((-1213087 27962820,-1609224 27652143,-2546797 29640866,-2166148 30081995,-1213087 27962820))
32721;POLYGON((1692927 29879744,1140598 29555121,112584 32433053,650611 32932970,1692927 29879744))
32722;POLYGON((5670727 31846369,4922750 31518059,3814066 35585129,4550045 36146466,5670727 31846369))
32723;POLYGON((10983263 33786018,9992549 33468739,8820428 39109556,9802877 39733522,10983263 33786018))
32724;POLYGON((17942994 35591566,16653748 35305573,15444892 43009022,16731403 43694891,17942994 35591566))
32725;POLYGON((26918680 37118431,25265226 36890750,24058148 47273155,25716619 48017670,26918680 37118431))
32726;POLYGON((38342788 38176488,36248290 38042346,35096013 51874685,37205986 52671352,38342788 38176488))
32727;POLYGON((52719522 38520842,50094605 38525288,49067751 56764972,51721865 57603257,52719522 38520842))
32728;POLYGON((70633528 37841330,67374774 38041076,66565087 61868867,69870655 62733266,70633528 37841330))
32729;POLYGON((92759273 35750662,88747614 36216158,88271943 67078832,92352639 67947817,92759273 35750662))
32730;POLYGON((119871152 31771084,114970132 32588852,114974916 72248262,119972601 73093083,119871152 31771084))
32731;POLYGON((-100201227 34660491,-104639352 34030777,-104465686 70540502,-99945439 69679503,-100201227 34660491))
32732;POLYGON((-76504720 37322831,-80123999 36999963,-79522277 65338559,-75845697 64468754,-76504720 37322831))
32733;POLYGON((-57266462 38425518,-60194432 38331319,-59300700 60149737,-56335254 59296106,-57266462 38425518))
32734;POLYGON((-41779834 38384439,-44127528 38455602,-43049793 55106824,-40680208 54287744,-41779834 38384439))
32735;POLYGON((-29431327 37534078,-31294949 37719966,-30117495 50305863,-28243999 49534228,-29431327 37534078))
32736;POLYGON((-19690923 36139854,-21153398 36400547,-19940612 45812548,-18477303 45096764,-19690923 36139854))
32737;POLYGON((-12103168 34409064,-13235585 34713624,-12035329 41667861,-10908662 41012709,-12103168 34409064))
32738;POLYGON((-6278920 32500517,-7141862 32825470,-5988432 37892974,-5135822 37300366,-6278920 32500517))
32739;POLYGON((-1887736 30532994,-2532505 30860998,-1449203 34493507,-817743 33963131,-1887736 30532994))
32740;POLYGON((1349117 28592603,879378 28911294,1878014 31463177,2332735 30993055,1349117 28592603))
32741;POLYGON((3665074 26739146,3334350 27040142,4240642 28786904,4555617 28373856,3665074 26739146))
32742;POLYGON((5254100 25011576,5032574 25289626,5844080 26443417,6049861 26083456,5254100 25011576))
32743;POLYGON((6276004 23432635,6139203 23684900,6857360 24407429,6978950 24096078,6276004 23432635))
32744;POLYGON((6861223 22012760,6789258 22238209,7418252 22651392,7475903 22383945,6861223 22012760))
32745;POLYGON((7115136 20753326,7092015 20952240,7637857 21146921,7647790 20918646,7115136 20753326))
32746;POLYGON((7121911 19649307,7134929 19822872,7604719 19865890,7579758 19672189,7121911 19649307))
32747;POLYGON((6947931 18691426,6987127 18841405,7388468 18781272,7338613 18617790,6947931 18691426))
32748;POLYGON((6644807 17867850,6702488 17996333,7043045 17867732,6975965 17730443,6644807 17867850))
32749;POLYGON((6252020 17165504,6322346 17274711,6609522 17102033,6530987 16987287,6252020 17165504))
32750;POLYGON((5799208 16571058,5877836 16663196,6118541 16463272,6032795 16367820,5799208 16571058))
32751;POLYGON((5308134 16071627,5391911 16148789,5592414 15932983,5502498 15853986,5308134 16071627))
32752;POLYGON((4794354 15655256,4881054 15719355,5046909 15495135,4954921 15430154,4794354 15655256))
32753;POLYGON((4268610 15311216,4356726 15363947,4492735 15136048,4400059 15083022,4268610 15311216))
32754;POLYGON((3737988 15030156,3826551 15072980,3936774 14844254,3844259 14801473,3737988 15030156))
32755;POLYGON((3206851 14804161,3295289 14838296,3383080 14610316,3291183 14576394,3206851 14804161))
32756;POLYGON((2677585 14626720,2765610 14653157,2833664 14426643,2742567 14400478,2677585 14626720))
32757;POLYGON((2151178 14492661,2238703 14512172,2289109 14287288,2198807 14268036,2151178 14492661))
32758;POLYGON((1627664 14398061,1714735 14411219,1749038 14187770,1659398 14174816,1627664 14398061))
32759;POLYGON((1106456 14340155,1193202 14347342,1212447 14124917,1123261 14117850,1106456 14340155))
32760;POLYGON((586592 14317252,673190 14318679,677962 14096742,588977 14095339,586592 14317252))
32601;POLYGON((66926 4328685,153573 4324393,144015 4102357,54962 4106575,66926 4328685))
32602;POLYGON((-453714 4374787,-366826 4364651,-391004 4141940,-480387 4151911,-453714 4374787))
32603;POLYGON((-976371 4456903,-889085 4440627,-928616 4216738,-1018565 4232777,-976371 4456903))
32604;POLYGON((-1501781 4577431,-1414004 4554541,-1470095 4329120,-1560784 4351738,-1501781 4577431))
32605;POLYGON((-2030149 4739901,-1941896 4709725,-2016267 4482682,-2107773 4512605,-2030149 4739901))
32606;POLYGON((-2560847 4949056,-2472296 4910715,-2567234 4682371,-2659478 4720568,-2560847 4949056))
32607;POLYGON((-3092014 5210952,-3003582 5163342,-3121994 4934664,-3214668 4982375,-3092014 5210952))
32608;POLYGON((-3620020 5533030,-3532461 5474812,-3677931 5247744,-3770398 5306513,-3620020 5533030))
32609;POLYGON((-4138780 5924165,-4053313 5853761,-4230147 5631704,-4321312 5703412,-4138780 5924165))
32610;POLYGON((-4638887 6394637,-4557354 6310239,-4770604 6098732,-4858750 6185626,-4638887 6394637))
32611;POLYGON((-5106532 6956018,-5031593 6855616,-5287058 6663278,-5369646 6767997,-5106532 6956018))
32612;POLYGON((-5522195 7620925,-5457563 7502360,-5761737 7342179,-5835163 7467765,-5522195 7620925))
32613;POLYGON((-5859064 8402609,-5809789 8263651,-6169767 8154718,-6229065 8304622,-5859064 8402609))
32614;POLYGON((-6081176 9314322,-6053977 9152796,-6477277 9122592,-6515778 9300658,-6081176 9314322))
32615;POLYGON((-6141241 10368440,-6144887 10182392,-6639197 10269772,-6648126 10480198,-6141241 10368440))
32616;POLYGON((-5978114 11575261,-6023877 11363180,-6596688 11622211,-6564698 11869485,-5978114 11575261))
32617;POLYGON((-5513917 12941443,-5616073 12702550,-6274193 13207380,-6186836 13496185,-5513917 12941443))
32618;POLYGON((-4650746 14468013,-4827155 14202627,-5576078 15053596,-5415203 15388673,-4650746 14468013))
32619;POLYGON((-3266973 16147886,-3539723 15857873,-4382831 17189102,-4125905 17575071,-3266973 16147886))
32620;POLYGON((-1213087 17962820,-1609224 17652143,-2546797 19640866,-2166148 20081995,-1213087 17962820))
32621;POLYGON((1692927 19879744,1140598 19555121,112584 22433053,650611 22932970,1692927 19879744))
32622;POLYGON((5670727 21846369,4922750 21518059,3814066 25585129,4550045 26146466,5670727 21846369))
32623;POLYGON((10983263 23786018,9992549 23468739,8820428 29109556,9802877 29733522,10983263 23786018))
32624;POLYGON((17942994 25591566,16653748 25305573,15444892 33009022,16731403 33694891,17942994 25591566))
32625;POLYGON((26918680 27118431,25265226 26890750,24058148 37273155,25716619 38017670,26918680 27118431))
32626;POLYGON((38342788 28176488,36248290 28042346,35096013 41874685,37205986 42671352,38342788 28176488))
32627;POLYGON((52719522 28520842,50094605 28525288,49067751 46764972,51721865 47603257,52719522 28520842))
32628;POLYGON((70633528 27841330,67374774 28041076,66565087 51868867,69870655 52733266,70633528 27841330))
32629;POLYGON((92759273 25750662,88747614 26216158,88271943 57078832,92352639 57947817,92759273 25750662))
32630;POLYGON((119871152 21771084,114970132 22588852,114974916 62248262,119972601 63093083,119871152 21771084))
32631;POLYGON((-100201227 24660491,-104639352 24030777,-104465686 60540502,-99945439 59679503,-100201227 24660491))
32632;POLYGON((-76504720 27322831,-80123999 26999963,-79522277 55338559,-75845697 54468754,-76504720 27322831))
32633;POLYGON((-57266462 28425518,-60194432 28331319,-59300700 50149737,-56335254 49296106,-57266462 28425518))
32634;POLYGON((-41779834 28384439,-44127528 28455602,-43049793 45106824,-40680208 44287744,-41779834 28384439))
32635;POLYGON((-29431327 27534078,-31294949 27719966,-30117495 40305863,-28243999 39534228,-29431327 27534078))
32636;POLYGON((-19690923 26139854,-21153398 26400547,-19940612 35812548,-18477303 35096764,-19690923 26139854))
32637;POLYGON((-12103168 24409064,-13235585 24713624,-12035329 31667861,-10908662 31012709,-12103168 24409064))
32638;POLYGON((-6278920 22500517,-7141862 22825470,-5988432 27892974,-5135822 27300366,-6278920 22500517))
32639;POLYGON((-1887736 20532994,-2532505 20860998,-1449203 24493507,-817743 23963131,-1887736 20532994))
32640;POLYGON((1349117 18592603,879378 18911294,1878014 21463177,2332735 20993055,1349117 18592603))
32641;POLYGON((3665074 16739146,3334350 17040142,4240642 18786904,4555617 18373856,3665074 16739146))
32642;POLYGON((5254100 15011576,5032574 15289626,5844080 16443417,6049861 16083456,5254100 15011576))
32643;POLYGON((6276004 13432635,6139203 13684900,6857360 14407429,6978950 14096078,6276004 13432635))
32644;POLYGON((6861223 12012760,6789258 12238209,7418252 12651392,7475903 12383945,6861223 12012760))
32645;POLYGON((7115136 10753326,7092015 10952240,7637857 11146921,7647790 10918646,7115136 10753326))
32646;POLYGON((7121911 9649307,7134929 9822872,7604719 9865890,7579758 9672189,7121911 9649307))
32647;POLYGON((6947931 8691426,6987127 8841405,7388468 8781272,7338613 8617790,6947931 8691426))
32648;POLYGON((6644807 7867850,6702488 7996333,7043045 7867732,6975965 7730443,6644807 7867850))
32649;POLYGON((6252020 7165504,6322346 7274711,6609522 7102033,6530987 6987287,6252020 7165504))
32650;POLYGON((5799208 6571058,5877836 6663196,6118541 6463272,6032795 6367820,5799208 6571058))
32651;POLYGON((5308134 6071627,5391911 6148789,5592414 5932983,5502498 5853986,5308134 6071627))
32652;POLYGON((4794354 5655256,4881054 5719355,5046909 5495135,4954921 5430154,4794354 5655256))
32653;POLYGON((4268610 5311216,4356726 5363947,4492735 5136048,4400059 5083022,4268610 5311216))
32654;POLYGON((3737988 5030156,3826551 5072980,3936774 4844254,3844259 4801473,3737988 5030156))
32655;POLYGON((3206851 4804161,3295289 4838296,3383080 4610316,3291183 4576394,3206851 4804161))
32656;POLYGON((2677585 4626720,2765610 4653157,2833664 4426643,2742567 4400478,2677585 4626720))
32657;POLYGON((2151178 4492661,2238703 4512172,2289109 4287288,2198807 4268036,2151178 4492661))
32658;POLYGON((1627664 4398061,1714735 4411219,1749038 4187770,1659398 4174816,1627664 4398061))
32659;POLYGON((1106456 4340155,1193202 4347342,1212447 4124917,1123261 4117850,1106456 4340155))
32660;POLYGON((586592 4317252,673190 4318679,677962 4096742,588977 4095339,586592 4317252))
