32701;POLYGON((-4963 12774275,96148 12770911,89840 12549120,-12862 12552278,-4963 12774275))
32702;POLYGON((-614430 12810533,-512419 12802541,-528464 12578833,-632157 12586343,-614430 12810533))
32703;POLYGON((-1231839 12875712,-1128199 12862732,-1154717 12635432,-1260209 12647648,-1231839 12875712))
32704;POLYGON((-1861623 12972804,-1755608 12954232,-1793859 12721618,-1901995 12739134,-1861623 12972804))
32705;POLYGON((-2508309 13106469,-2399160 13081394,-2451055 12841693,-2562720 12865411,-2508309 13106469))
32706;POLYGON((-3176484 13283486,-3063435 13250606,-3131736 13002020,-3247863 13033246,-3176484 13283486))
32707;POLYGON((-3870706 13513434,-3753005 13470923,-3841610 13211714,-3963176 13252299,-3870706 13513434))
32708;POLYGON((-4595336 13809643,-4472279 13754967,-4586632 13483627,-4714647 13536166,-4595336 13809643))
32709;POLYGON((-5354283 14190504,-5225264 14120178,-5372907 13835733,-5508395 13903843,-5354283 14190504))
32710;POLYGON((-6150648 14681223,-6015225 14590482,-6206546 14292996,-6350510 14381683,-6150648 14681223))
32711;POLYGON((-6986237 15316136,-6844223 15198507,-7093433 14889870,-7246812 15006013,-6986237 15316136))
32712;POLYGON((-7860950 16141687,-7712526 15988439,-8038917 15673535,-8202523 15826512,-7860950 16141687))
32713;POLYGON((-8772014 17220215,-8617864 17019664,-9047409 16708058,-9221851 16910540,-8772014 17220215))
32714;POLYGON((-9713046 18634696,-9554530 18371348,-10121875 18079637,-10307467 18348577,-9713046 18634696))
32715;POLYGON((-10672942 20494610,-10512292 20148090,-11263221 19903106,-11459863 20260967,-10672942 20494610))
32716;POLYGON((-11634562 22943089,-11475115 22486858,-12469551 22329938,-12676595 22806180,-11634562 22943089))
32717;POLYGON((-12573208 26165564,-12419677 25565364,-13735294 25557938,-13951387 26190820,-12573208 26165564))
32718;POLYGON((-13454869 30400103,-13313651 29612106,-15050197 29842888,-15273094 30681614,-13454869 30400103))
32719;POLYGON((-14234229 35949655,-14113754 34918280,-16398156 35512393,-16624514 36619655,-14234229 35949655))
32720;POLYGON((-14852408 43196454,-14763535 41851809,-17755898 42982205,-17981038 44437161,-14852408 43196454))
32721;POLYGON((-15234441 52618810,-15190896 50873714,-19091481 52775313,-19309123 54677063,-15234441 52618810))
32722;POLYGON((-15286454 64810569,-15305326 62557113,-20362628 65544119,-20564593 68015721,-15286454 64810569))
32723;POLYGON((-14892549 80503508,-14994825 77609104,-21514862 82096007,-21690742 85289094,-14892549 80503508))
32724;POLYGON((-13911359 100592960,-14122525 96895836,-22479443 103422670,-22616240 107522726,-13911359 100592960))
32725;POLYGON((-12172269 126166984,-12522963 121471062,-23171103 130733534,-23252826 135965892,-12172269 126166984))
32726;POLYGON((-9471296 158539387,-9998018 152608497,-23485555 165493669,-23492787 172130291,-9471296 158539387))
32727;POLYGON((-5566589 199286945,-6312478 191838315,-23296779 209466582,-23206199 217833694,-5566589 199286945))
32728;POLYGON((-173556 250291168,-1189233 240988134,-22454070 264762288,-22237941 275248937,-173556 250291168))
32729;POLYGON((7040402 313784973,5695935 302228843,-20778838 333891102,-20404445 346958708,7040402 313784973))
32730;POLYGON((16461585 392404646,14719962 378125653,-18061155 419823594,-17490205 436016572,16461585 392404646))
32731;POLYGON((-8914811 338167997,-10448686 351022016,20097236 389108083,20564748 374551476,-8914811 338167997))
32732;POLYGON((-1010856 269946679,-2182991 280322205,22442025 309137954,22732863 297423429,-1010856 269946679))
32733;POLYGON((4949665 215046162,4075711 223376234,23818045 244926207,23967635 235552245,4949665 215046162))
32734;POLYGON((9316601 171105116,8686135 177756341,24424379 193662750,24462875 186205375,9316601 171105116))
32735;POLYGON((12389940 136130336,11956191 141411469,24429950 152977047,24382814 147079755,12389940 136130336))
32736;POLYGON((14425218 108448342,14148467 112617993,23976892 120880273,23865430 116244978,14425218 108448342))
32737;POLYGON((15638525 86662025,15485296 89935551,23183663 95713472,23025523 92092428,15638525 86662025))
32738;POLYGON((16211121 69611945,16153438 72167590,22147922 76101294,21957545 73289888,16211121 69611945))
32739;POLYGON((16293686 56341951,16308389 58326295,20949162 60910873,20738205 58741249,16293686 56341951))
32740;POLYGON((16010209 46068764,16078332 47601527,19651126 49215456,19428838 47550887,16010209 46068764))
32741;POLYGON((15461543 38155203,15567743 39333470,18304006 40262386,18077579 38992331,15461543 38155203))
32742;POLYGON((14728628 32086747,14860670 32988655,16946437 33445066,16721315 32480862,14728628 32086747))
32743;POLYGON((13875411 27451129,14023704 28139069,15607294 28278556,15387455 27549681,13875411 27451129))
32744;POLYGON((12951466 23920683,13108642 24444065,14307303 24378465,14095514 23829315,12951466 23920683))
32745;POLYGON((11994339 21237178,12154883 21634793,13060478 21442816,12858514 21029951,11994339 21237178))
32746;POLYGON((11031624 19198876,11191549 19500911,11875392 19236575,11684231 18926381,11031624 19198876))
32747;POLYGON((10082801 17649582,10239353 17879317,10756283 17578575,10576282 17345296,10082801 17649582))
32748;POLYGON((9160830 16469466,9312240 16644689,9704025 16330544,9535061 16154640,9160830 16469466))
32749;POLYGON((8273534 15567428,8418803 15701609,8716948 15388004,8558548 15254801,8273534 15567428))
32750;POLYGON((7424778 14874827,7563492 14978077,7791543 14672791,7642983 14571375,7424778 14874827))
32751;POLYGON((6615460 14340388,6747639 14420230,6923033 14126991,6783430 14049323,6615460 14340388))
32752;POLYGON((5844331 13926106,5970302 13988100,6105852 13708081,5974229 13648285,5844331 13926106))
32753;POLYGON((5108665 13604019,5228961 13652244,5334011 13385090,5209348 13338909,5108665 13604019))
32754;POLYGON((4404776 13353684,4520060 13391112,4601378 13135628,4482657 13099995,4404776 13353684))
32755;POLYGON((3728419 13160250,3839423 13189035,3901886 12943609,3788109 12916330,3728419 13160250))
32756;POLYGON((3075081 13013010,3182567 13034698,3229655 12797558,3119868 12777077,3075081 13013010))
32757;POLYGON((2440170 12904338,2544903 12920021,2579066 12689374,2472360 12674600,2440170 12904338))
32758;POLYGON((1819133 12828929,1921867 12839355,1944782 12613441,1840293 12603636,1819133 12828929))
32759;POLYGON((1207506 12783273,1308977 12788920,1321718 12566034,1218620 12560730,1207506 12783273))
32760;POLYGON((600913 12765319,701845 12766436,704992 12544918,602485 12543869,600913 12765319))
32601;POLYGON((-4963 2774275,96148 2770911,89840 2549120,-12862 2552278,-4963 2774275))
32602;POLYGON((-614430 2810533,-512419 2802541,-528464 2578833,-632157 2586343,-614430 2810533))
32603;POLYGON((-1231839 2875712,-1128199 2862732,-1154717 2635432,-1260209 2647648,-1231839 2875712))
32604;POLYGON((-1861623 2972804,-1755608 2954232,-1793859 2721618,-1901995 2739134,-1861623 2972804))
32605;POLYGON((-2508309 3106469,-2399160 3081394,-2451055 2841693,-2562720 2865411,-2508309 3106469))
32606;POLYGON((-3176484 3283486,-3063435 3250606,-3131736 3002020,-3247863 3033246,-3176484 3283486))
32607;POLYGON((-3870706 3513434,-3753005 3470923,-3841610 3211714,-3963176 3252299,-3870706 3513434))
32608;POLYGON((-4595336 3809643,-4472279 3754967,-4586632 3483627,-4714647 3536166,-4595336 3809643))
32609;POLYGON((-5354283 4190504,-5225264 4120178,-5372907 3835733,-5508395 3903843,-5354283 4190504))
32610;POLYGON((-6150648 4681223,-6015225 4590482,-6206546 4292996,-6350510 4381683,-6150648 4681223))
32611;POLYGON((-6986237 5316136,-6844223 5198507,-7093433 4889870,-7246812 5006013,-6986237 5316136))
32612;POLYGON((-7860950 6141687,-7712526 5988439,-8038917 5673535,-8202523 5826512,-7860950 6141687))
32613;POLYGON((-8772014 7220215,-8617864 7019664,-9047409 6708058,-9221851 6910540,-8772014 7220215))
32614;POLYGON((-9713046 8634696,-9554530 8371348,-10121875 8079637,-10307467 8348577,-9713046 8634696))
32615;POLYGON((-10672942 10494610,-10512292 10148090,-11263221 9903106,-11459863 10260967,-10672942 10494610))
32616;POLYGON((-11634562 12943089,-11475115 12486858,-12469551 12329938,-12676595 12806180,-11634562 12943089))
32617;POLYGON((-12573208 16165564,-12419677 15565364,-13735294 15557938,-13951387 16190820,-12573208 16165564))
32618;POLYGON((-13454869 20400103,-13313651 19612106,-15050197 19842888,-15273094 20681614,-13454869 20400103))
32619;POLYGON((-14234229 25949655,-14113754 24918280,-16398156 25512393,-16624514 26619655,-14234229 25949655))
32620;POLYGON((-14852408 33196454,-14763535 31851809,-17755898 32982205,-17981038 34437161,-14852408 33196454))
32621;POLYGON((-15234441 42618810,-15190896 40873714,-19091481 42775313,-19309123 44677063,-15234441 42618810))
32622;POLYGON((-15286454 54810569,-15305326 52557113,-20362628 55544119,-20564593 58015721,-15286454 54810569))
32623;POLYGON((-14892549 70503508,-14994825 67609104,-21514862 72096007,-21690742 75289094,-14892549 70503508))
32624;POLYGON((-13911359 90592960,-14122525 86895836,-22479443 93422670,-22616240 97522726,-13911359 90592960))
32625;POLYGON((-12172269 116166984,-12522963 111471062,-23171103 120733534,-23252826 125965892,-12172269 116166984))
32626;POLYGON((-9471296 148539387,-9998018 142608497,-23485555 155493669,-23492787 162130291,-9471296 148539387))
32627;POLYGON((-5566589 189286945,-6312478 181838315,-23296779 199466582,-23206199 207833694,-5566589 189286945))
32628;POLYGON((-173556 240291168,-1189233 230988134,-22454070 254762288,-22237941 265248937,-173556 240291168))
32629;POLYGON((7040402 303784973,5695935 292228843,-20778838 323891102,-20404445 336958708,7040402 303784973))
32630;POLYGON((16461585 382404646,14719962 368125653,-18061155 409823594,-17490205 426016572,16461585 382404646))
32631;POLYGON((-8914811 328167997,-10448686 341022016,20097236 379108083,20564748 364551476,-8914811 328167997))
32632;POLYGON((-1010856 259946679,-2182991 270322205,22442025 299137954,22732863 287423429,-1010856 259946679))
32633;POLYGON((4949665 205046162,4075711 213376234,23818045 234926207,23967635 225552245,4949665 205046162))
32634;POLYGON((9316601 161105116,8686135 167756341,24424379 183662750,24462875 176205375,9316601 161105116))
32635;POLYGON((12389940 126130336,11956191 131411469,24429950 142977047,24382814 137079755,12389940 126130336))
32636;POLYGON((14425218 98448342,14148467 102617993,23976892 110880273,23865430 106244978,14425218 98448342))
32637;POLYGON((15638525 76662025,15485296 79935551,23183663 85713472,23025523 82092428,15638525 76662025))
32638;POLYGON((16211121 59611945,16153438 62167590,22147922 66101294,21957545 63289888,16211121 59611945))
32639;POLYGON((16293686 46341951,16308389 48326295,20949162 50910873,20738205 48741249,16293686 46341951))
32640;POLYGON((16010209 36068764,16078332 37601527,19651126 39215456,19428838 37550887,16010209 36068764))
32641;POLYGON((15461543 28155203,15567743 29333470,18304006 30262386,18077579 28992331,15461543 28155203))
32642;POLYGON((14728628 22086747,14860670 22988655,16946437 23445066,16721315 22480862,14728628 22086747))
32643;POLYGON((13875411 17451129,14023704 18139069,15607294 18278556,15387455 17549681,13875411 17451129))
32644;POLYGON((12951466 13920683,13108642 14444065,14307303 14378465,14095514 13829315,12951466 13920683))
32645;POLYGON((11994339 11237178,12154883 11634793,13060478 11442816,12858514 11029951,11994339 11237178))
32646;POLYGON((11031624 9198876,11191549 9500911,11875392 9236575,11684231 8926381,11031624 9198876))
32647;POLYGON((10082801 7649582,10239353 7879317,10756283 7578575,10576282 7345296,10082801 7649582))
32648;POLYGON((9160830 6469466,9312240 6644689,9704025 6330544,9535061 6154640,9160830 6469466))
32649;POLYGON((8273534 5567428,8418803 5701609,8716948 5388004,8558548 5254801,8273534 5567428))
32650;POLYGON((7424778 4874827,7563492 4978077,7791543 4672791,7642983 4571375,7424778 4874827))
32651;POLYGON((6615460 4340388,6747639 4420230,6923033 4126991,6783430 4049323,6615460 4340388))
32652;POLYGON((5844331 3926106,5970302 3988100,6105852 3708081,5974229 3648285,5844331 3926106))
32653;POLYGON((5108665 3604019,5228961 3652244,5334011 3385090,5209348 3338909,5108665 3604019))
32654;POLYGON((4404776 3353684,4520060 3391112,4601378 3135628,4482657 3099995,4404776 3353684))
32655;POLYGON((3728419 3160250,3839423 3189035,3901886 2943609,3788109 2916330,3728419 3160250))
32656;POLYGON((3075081 3013010,3182567 3034698,3229655 2797558,3119868 2777077,3075081 3013010))
32657;POLYGON((2440170 2904338,2544903 2920021,2579066 2689374,2472360 2674600,2440170 2904338))
32658;POLYGON((1819133 2828929,1921867 2839355,1944782 2613441,1840293 2603636,1819133 2828929))
32659;POLYGON((1207506 2783273,1308977 2788920,1321718 2566034,1218620 2560730,1207506 2783273))
32660;POLYGON((600913 2765319,701845 2766436,704992 2544918,602485 2543869,600913 2765319))
