32701;POLYGON((-35538 8224611,71736 8226939,76269 8005238,-29860 8002657,-35538 8224611))
32702;POLYGON((-683121 8199479,-574578 8205025,-563025 7980938,-670349 7974790,-683121 8199479))
32703;POLYGON((-1342006 8154099,-1231129 8163157,-1211956 7934547,-1321475 7924517,-1342006 8154099))
32704;POLYGON((-2018900 8086011,-1904529 8099081,-1876696 7863641,-1989484 7849191,-2018900 8086011))
32705;POLYGON((-2721246 7991284,-2602075 8009143,-2563968 7764306,-2681219 7744607,-2721246 7991284))
32706;POLYGON((-3457543 7864006,-3332068 7887807,-3281292 7630648,-3404351 7604478,-3457543 7864006))
32707;POLYGON((-4237732 7695490,-4104177 7726917,-4037240 7454046,-4167661 7419632,-4237732 7695490))
32708;POLYGON((-5073653 7473110,-4929891 7514604,-4841747 7222049,-4981341 7176842,-5073653 7473110))
32709;POLYGON((-5979587 7178655,-5823042 7233726,-5706453 6916814,-5857353 6857173,-5979587 7178655))
32710;POLYGON((-6972906 6786051,-6800437 6859710,-6645097 6512947,-6809829 6433716,-6972906 6786051))
32711;POLYGON((-8074843 6258302,-7882607 6357631,-7673980 5974607,-7855543 5868543,-8074843 6258302))
32712;POLYGON((-9311398 5543463,-9094687 5678363,-8812478 5251681,-9014444 5108715,-9311398 5543463))
32713;POLYGON((-10714384 4569441,-10467442 4753587,-10083648 4274847,-10310262 4081140,-10714384 4569441))
32714;POLYGON((-12322652 3237398,-12038460 3489448,-11514902 2949311,-11771210 2686062,-12322652 3237398))
32715;POLYGON((-14183488 1413513,-13853513 1758605,-13138777 1146962,-13430759 788932,-14183488 1413513))
32716;POLYGON((-16354208 -1081173,-15968127 -609583,-14993804 -1303286,-15328530 -1789585,-16354208 -1081173))
32717;POLYGON((-18903961 -4483121,-18449345 -3841032,-17125474 -4627284,-17511280 -5285774,-18903961 -4483121))
32718;POLYGON((-21915764 -9101163,-21377719 -8231361,-19587331 -9119823,-20034004 -10007484,-21915764 -9101163))
32719;POLYGON((-25488771 -15334237,-24849547 -14163130,-22442171 -15161566,-22961169 -16351547,-25488771 -15334237))
32720;POLYGON((-29740807 -23692329,-28979355 -22126214,-25763378 -23239049,-26368062 -24824325,-29740807 -23692329))
32721;POLYGON((-34811168 -34820999,-33902653 -32741710,-29636393 -33968130,-30342287 -36065773,-34811168 -34820999))
32722;POLYGON((-40863707 -49529898,-39778975 -46789757,-34160331 -48121273,-34985405 -50877400,-40863707 -49529898))
32723;POLYGON((-48090227 -68825697,-46795216 -65241704,-39449741 -66659068,-40414720 -70254537,-48090227 -68825697))
32724;POLYGON((-56714190 -93949872,-55169292 -89297049,-45636535 -90766428,-46765236 -95423355,-56714190 -93949872))
32725;POLYGON((-66994759 -126421807,-65154117 -120425623,-52872075 -121893906,-54191773 -127883083,-66994759 -126421807))
32726;POLYGON((-79231183 -168087707,-77041943 -160415504,-61329443 -161804603,-62871265 -169453896,-79231183 -168087707))
32727;POLYGON((-93767556 -221175831,-91169041 -211427154,-71205884 -212627174,-73005238 -222330981,-93767556 -221175831))
32728;POLYGON((-110997944 -288358572,-107920777 -276054326,-82725450 -276915427,-84822478 -289145295,-110997944 -288358572))
32729;POLYGON((-131371912 -372821945,-127737065 -357392276,-96141831 -357715072,-98581907 -373031551,-131371912 -372821945))
32730;POLYGON((-155400459 -478343048,-151118234 -459113851,-111741395 -458638159,-114575651 -477704000,-155400459 -478343048))
32731;POLYGON((139948240 -405450743,143894855 -422688831,107279846 -422512481,104649453 -405411106,139948240 -405450743))
32732;POLYGON((118416069 -314419387,121761555 -328208929,92441977 -328736816,90179444 -315039773,118416069 -314419387))
32733;POLYGON((100190680 -241857952,103019268 -252819153,79688008 -253812720,77745151 -242910096,100190680 -241857952))
32734;POLYGON((84802710 -184392415,87188481 -193048152,68742814 -194325693,67076937 -185703002,84802710 -184392415))
32735;POLYGON((71840227 -139187278,73848092 -145975893,59362911 -147401872,57936299 -140627544,71840227 -139187278))
32736;POLYGON((60943070 -103873489,62629689 -109160257,51333490 -110636219,50112931 -105350374,60943070 -103873489))
32737;POLYGON((51797587 -76483956,53212217 -80571333,44465642 -82028216,43421987 -77932640,51797587 -76483956))
32738;POLYGON((44131758 -55396090,45317041 -58532824,38593789 -59924523,37701538 -56773747,44131758 -55396090))
32739;POLYGON((37710688 -39280845,38703375 -41670039,33573294 -42968058,32810221 -40561466,37710688 -39280845))
32740;POLYGON((32332448 -27057734,33164070 -28863948,29278258 -30053014,28625055 -28227878,32332448 -27057734))
32741;POLYGON((27824260 -17855321,28521742 -19210800,25599481 -20285288,25039439 -18910680,27824260 -17855321))
32742;POLYGON((24039001 -10976726,24625222 -11986818,22442597 -12947905,21961307 -11919374,24039001 -10976726))
32743;POLYGON((20852015 -5869687,21346316 -6617537,19726353 -7470947,19311437 -6705926,20852015 -5869687))
32744;POLYGON((18158218 -2100745,18576867 -2651327,17381052 -3405597,17021914 -2839442,18158218 -2100745))
32745;POLYGON((15869477 666847,16226091 263289,15347124 -401878,15034729 15503,15869477 666847))
32746;POLYGON((13912260 2691885,14218172 2396929,13573838 1810281,13300505 2117297,13912260 2691885))
32747;POLYGON((12225517 4171006,12490117 3955607,12018136 3437026,11777361 3662789,12225517 4171006))
32748;POLYGON((10758806 5251846,10989839 5094312,10643589 4633919,10429876 4800247,10758806 5251846))
32749;POLYGON((9470630 6043899,9674455 5928232,9419458 5516987,9228179 5640033,9470630 6043899))
32750;POLYGON((8326973 6627364,8508795 6541911,8319866 6171746,8147126 6263332,8326973 6627364))
32751;POLYGON((7300022 7060261,7464096 6996636,7323052 6660489,7165580 6729165,7300022 7060261))
32752;POLYGON((6367064 7384067,6516863 7336306,6410729 7028081,6265771 7079967,6367064 7384067))
32753;POLYGON((5509531 7628114,5647898 7592017,5567503 7306506,5432740 7345939,5509531 7628114))
32754;POLYGON((4712188 7812945,4841461 7785583,4780384 7518360,4653852 7548387,4712188 7812945))
32755;POLYGON((3962448 7952837,4084567 7932180,4038341 7679480,3918366 7702231,3962448 7952837))
32756;POLYGON((3249793 8057640,3366389 8042292,3331929 7800892,3217067 7817842,3249793 8057640))
32757;POLYGON((2565286 8134086,2677757 8123100,2652958 7890207,2541945 7902364,2565286 8134086))
32758;POLYGON((1901174 8186697,2010745 8179444,1994203 7952588,1885910 7960625,1901174 8186697))
32759;POLYGON((1250536 8218381,1358315 8214469,1349149 7991410,1242543 7995747,1250536 8218381))
32760;POLYGON((606996 8230807,714020 8230034,711760 8008672,605866 8009528,606996 8230807))
32601;POLYGON((-35538 -1775388,71736 -1773060,76269 -1994761,-29860 -1997342,-35538 -1775388))
32602;POLYGON((-683121 -1800520,-574578 -1794974,-563025 -2019061,-670349 -2025209,-683121 -1800520))
32603;POLYGON((-1342006 -1845900,-1231129 -1836842,-1211956 -2065452,-1321475 -2075482,-1342006 -1845900))
32604;POLYGON((-2018900 -1913988,-1904529 -1900918,-1876696 -2136358,-1989484 -2150808,-2018900 -1913988))
32605;POLYGON((-2721246 -2008715,-2602075 -1990856,-2563968 -2235693,-2681219 -2255392,-2721246 -2008715))
32606;POLYGON((-3457543 -2135993,-3332068 -2112192,-3281292 -2369351,-3404351 -2395521,-3457543 -2135993))
32607;POLYGON((-4237732 -2304509,-4104177 -2273082,-4037240 -2545953,-4167661 -2580367,-4237732 -2304509))
32608;POLYGON((-5073653 -2526889,-4929891 -2485395,-4841747 -2777950,-4981341 -2823157,-5073653 -2526889))
32609;POLYGON((-5979587 -2821344,-5823042 -2766273,-5706453 -3083185,-5857353 -3142826,-5979587 -2821344))
32610;POLYGON((-6972906 -3213948,-6800437 -3140289,-6645097 -3487052,-6809829 -3566283,-6972906 -3213948))
32611;POLYGON((-8074843 -3741697,-7882607 -3642368,-7673980 -4025392,-7855543 -4131456,-8074843 -3741697))
32612;POLYGON((-9311398 -4456536,-9094687 -4321636,-8812478 -4748318,-9014444 -4891284,-9311398 -4456536))
32613;POLYGON((-10714384 -5430558,-10467442 -5246412,-10083648 -5725152,-10310262 -5918859,-10714384 -5430558))
32614;POLYGON((-12322652 -6762601,-12038460 -6510551,-11514902 -7050688,-11771210 -7313937,-12322652 -6762601))
32615;POLYGON((-14183488 -8586486,-13853513 -8241394,-13138777 -8853037,-13430759 -9211067,-14183488 -8586486))
32616;POLYGON((-16354208 -11081173,-15968127 -10609583,-14993804 -11303286,-15328530 -11789585,-16354208 -11081173))
32617;POLYGON((-18903961 -14483121,-18449345 -13841032,-17125474 -14627284,-17511280 -15285774,-18903961 -14483121))
32618;POLYGON((-21915764 -19101163,-21377719 -18231361,-19587331 -19119823,-20034004 -20007484,-21915764 -19101163))
32619;POLYGON((-25488771 -25334237,-24849547 -24163130,-22442171 -25161566,-22961169 -26351547,-25488771 -25334237))
32620;POLYGON((-29740807 -33692329,-28979355 -32126214,-25763378 -33239049,-26368062 -34824325,-29740807 -33692329))
32621;POLYGON((-34811168 -44820999,-33902653 -42741710,-29636393 -43968130,-30342287 -46065773,-34811168 -44820999))
32622;POLYGON((-40863707 -59529898,-39778975 -56789757,-34160331 -58121273,-34985405 -60877400,-40863707 -59529898))
32623;POLYGON((-48090227 -78825697,-46795216 -75241704,-39449741 -76659068,-40414720 -80254537,-48090227 -78825697))
32624;POLYGON((-56714190 -103949872,-55169292 -99297049,-45636535 -100766428,-46765236 -105423355,-56714190 -103949872))
32625;POLYGON((-66994759 -136421807,-65154117 -130425623,-52872075 -131893906,-54191773 -137883083,-66994759 -136421807))
32626;POLYGON((-79231183 -178087707,-77041943 -170415504,-61329443 -171804603,-62871265 -179453896,-79231183 -178087707))
32627;POLYGON((-93767556 -231175831,-91169041 -221427154,-71205884 -222627174,-73005238 -232330981,-93767556 -231175831))
32628;POLYGON((-110997944 -298358572,-107920777 -286054326,-82725450 -286915427,-84822478 -299145295,-110997944 -298358572))
32629;POLYGON((-131371912 -382821945,-127737065 -367392276,-96141831 -367715072,-98581907 -383031551,-131371912 -382821945))
32630;POLYGON((-155400459 -488343048,-151118234 -469113851,-111741395 -468638159,-114575651 -487704000,-155400459 -488343048))
32631;POLYGON((139948240 -415450743,143894855 -432688831,107279846 -432512481,104649453 -415411106,139948240 -415450743))
32632;POLYGON((118416069 -324419387,121761555 -338208929,92441977 -338736816,90179444 -325039773,118416069 -324419387))
32633;POLYGON((100190680 -251857952,103019268 -262819153,79688008 -263812720,77745151 -252910096,100190680 -251857952))
32634;POLYGON((84802710 -194392415,87188481 -203048152,68742814 -204325693,67076937 -195703002,84802710 -194392415))
32635;POLYGON((71840227 -149187278,73848092 -155975893,59362911 -157401872,57936299 -150627544,71840227 -149187278))
32636;POLYGON((60943070 -113873489,62629689 -119160257,51333490 -120636219,50112931 -115350374,60943070 -113873489))
32637;POLYGON((51797587 -86483956,53212217 -90571333,44465642 -92028216,43421987 -87932640,51797587 -86483956))
32638;POLYGON((44131758 -65396090,45317041 -68532824,38593789 -69924523,37701538 -66773747,44131758 -65396090))
32639;POLYGON((37710688 -49280845,38703375 -51670039,33573294 -52968058,32810221 -50561466,37710688 -49280845))
32640;POLYGON((32332448 -37057734,33164070 -38863948,29278258 -40053014,28625055 -38227878,32332448 -37057734))
32641;POLYGON((27824260 -27855321,28521742 -29210800,25599481 -30285288,25039439 -28910680,27824260 -27855321))
32642;POLYGON((24039001 -20976726,24625222 -21986818,22442597 -22947905,21961307 -21919374,24039001 -20976726))
32643;POLYGON((20852015 -15869687,21346316 -16617537,19726353 -17470947,19311437 -16705926,20852015 -15869687))
32644;POLYGON((18158218 -12100745,18576867 -12651327,17381052 -13405597,17021914 -12839442,18158218 -12100745))
32645;POLYGON((15869477 -9333152,16226091 -9736710,15347124 -10401878,15034729 -9984496,15869477 -9333152))
32646;POLYGON((13912260 -7308114,14218172 -7603070,13573838 -8189718,13300505 -7882702,13912260 -7308114))
32647;POLYGON((12225517 -5828993,12490117 -6044392,12018136 -6562973,11777361 -6337210,12225517 -5828993))
32648;POLYGON((10758806 -4748153,10989839 -4905687,10643589 -5366080,10429876 -5199752,10758806 -4748153))
32649;POLYGON((9470630 -3956100,9674455 -4071767,9419458 -4483012,9228179 -4359966,9470630 -3956100))
32650;POLYGON((8326973 -3372635,8508795 -3458088,8319866 -3828253,8147126 -3736667,8326973 -3372635))
32651;POLYGON((7300022 -2939738,7464096 -3003363,7323052 -3339510,7165580 -3270834,7300022 -2939738))
32652;POLYGON((6367064 -2615932,6516863 -2663693,6410729 -2971918,6265771 -2920032,6367064 -2615932))
32653;POLYGON((5509531 -2371885,5647898 -2407982,5567503 -2693493,5432740 -2654060,5509531 -2371885))
32654;POLYGON((4712188 -2187054,4841461 -2214416,4780384 -2481639,4653852 -2451612,4712188 -2187054))
32655;POLYGON((3962448 -2047162,4084567 -2067819,4038341 -2320519,3918366 -2297768,3962448 -2047162))
32656;POLYGON((3249793 -1942359,3366389 -1957707,3331929 -2199107,3217067 -2182157,3249793 -1942359))
32657;POLYGON((2565286 -1865913,2677757 -1876899,2652958 -2109792,2541945 -2097635,2565286 -1865913))
32658;POLYGON((1901174 -1813302,2010745 -1820555,1994203 -2047411,1885910 -2039374,1901174 -1813302))
32659;POLYGON((1250536 -1781618,1358315 -1785530,1349149 -2008589,1242543 -2004252,1250536 -1781618))
32660;POLYGON((606996 -1769192,714020 -1769965,711760 -1991327,605866 -1990471,606996 -1769192))
