32701;POLYGON((134351 15439511,207462 15435168,195914 15212933,119905 15217308,134351 15439511))
32702;POLYGON((-303856 15486028,-230894 15475822,-259973 15253907,-335900 15264200,-303856 15486028))
32703;POLYGON((-740646 15568292,-667990 15552048,-715132 15330832,-790872 15347243,-740646 15568292))
32704;POLYGON((-1174853 15687684,-1102729 15665131,-1168775 15445193,-1244153 15468033,-1174853 15687684))
32705;POLYGON((-1604786 15846122,-1533521 15816908,-1619598 15599129,-1694330 15628818,-1604786 15846122))
32706;POLYGON((-2027984 16045982,-1958053 16009684,-2065531 15795386,-2139175 15832432,-2027984 16045982))
32707;POLYGON((-2440935 16289952,-2373010 16246109,-2503422 16037202,-2575324 16082181,-2440935 16289952))
32708;POLYGON((-2838731 16580801,-2773744 16528959,-2928662 16328126,-2997880 16381641,-2838731 16580801))
32709;POLYGON((-3214656 16921026,-3153871 16860806,-3334712 16671713,-3399929 16734327,-3214656 16921026))
32710;POLYGON((-3559690 17312328,-3504795 17243531,-3712533 17071062,-3771953 17143205,-3559690 17312328))
32711;POLYGON((-3861916 17754887,-3815126 17677628,-4049893 17528154,-4101113 17609985,-3861916 17754887))
32712;POLYGON((-4105827 18246359,-4070009 18161254,-4330551 18042913,-4370407 18134138,-4105827 18246359))
32713;POLYGON((-4271505 18780548,-4250324 18688966,-4533277 18611956,-4557669 18711578,-4271505 18780548))
32714;POLYGON((-4333679 19345693,-4331763 19250067,-4630718 19226936,-4634402 19332942,-4333679 19345693))
32715;POLYGON((-4260633 19922272,-4283765 19826504,-4588083 19872424,-4564433 19981374,-4260633 19922272))
32716;POLYGON((-4012958 20480272,-4068300 20390226,-4361628 20523227,-4302367 20629750,-4012958 20480272))
32717;POLYGON((-3542148 20975809,-3638480 20899927,-3896937 21141065,-3791824 21237235,-3542148 20975809))
32718;POLYGON((-2789001 21347036,-2937006 21297072,-3126970 21670506,-2963453 21745084,-2789001 21347036))
32719;POLYGON((-1681840 21509210,-1894413 21501114,-1969874 22034053,-1732705 22071583,-1681840 21509210))
32720;POLYGON((-134530 21348828,-427121 21403794,-326539 22126283,2666 22106007,-134530 21348828))
32721;POLYGON((1955728 20716722,1564728 20862415,1922126 21806895,2365366 21701487,1955728 20716722))
32722;POLYGON((4710823 19419976,4199664 19691968,4918199 20892581,5501614 20666663,4710823 19419976))
32723;POLYGON((8274401 17212567,7617510 17655989,8830052 19147549,9584511 18755976,8274401 17212567))
32724;POLYGON((12814786 13784563,11982264 14456012,13855981 16272592,14817717 15658475,12814786 13784563))
32725;POLYGON((18528162 8749773,17485233 9719485,20228171 11892539,21439473 10984985,18528162 8749773))
32726;POLYGON((25642035 1631683,24348451 2986001,28217007 5541941,29726976 4253488,25642035 1631683))
32727;POLYGON((34418976 -8152471,32828372 -6308306,38135749 -3351163,40001113 -5127452,34418976 -8152471))
32728;POLYGON((45160672 -21309643,43219870 -18848355,50345591 -15483569,52631587 -17877372,45160672 -21309643))
32729;POLYGON((58212282 -38691103,55860542 -35459868,65261113 -31697484,68042433 -34864886,58212282 -38691103))
32730;POLYGON((73967120 -61314916,71135336 -57131444,83356146 -53003555,86717957 -57131135,73967120 -61314916))
32731;POLYGON((-62142631 -45594344,-64725199 -49276905,-75939316 -45265664,-72879093 -41643573,-62142631 -45594344))
32732;POLYGON((-48236166 -26587484,-50374341 -29412897,-58960679 -25780694,-56436988 -23021407,-48236166 -26587484))
32733;POLYGON((-36765129 -12124552,-38523729 -14259859,-44996647 -11030757,-42929689 -8963481,-36765129 -12124552))
32734;POLYGON((-27368844 -1301299,-28804733 -2886086,-33593816 -64067,-31913750 1453596,-27368844 -1301299))
32735;POLYGON((-19731635 6634983,-20894493 5484873,-24356033 7910679,-23001992 8996605,-19731635 6634983))
32736;POLYGON((-13578356 12306360,-14511407 11495504,-16938668 13546494,-15857842 14297497,-13578356 12306360))
32737;POLYGON((-8670246 16222895,-9410923 15673333,-11043295 17377905,-10190088 17872820,-8670246 16222895))
32738;POLYGON((-4801076 18799237,-5381646 18447841,-6412765 19838562,-5748006 20140980,-4801076 18799237))
32739;POLYGON((-1793603 20369281,-2241736 20165441,-2826649 21276817,-2316871 21437490,-1793603 20369281))
32740;POLYGON((503706 21199082,164410 21102669,-97050 21969425,286176 22028386,503706 21199082))
32741;POLYGON((2219687 21498149,1969211 21477737,1935252 22133545,2215927 22121945,2219687 21498149))
32742;POLYGON((3463218 21429274,3284692 21460599,3404321 21937165,3602572 21878875,3463218 21429274))
32743;POLYGON((4325735 21117025,4205032 21181657,4422267 21508117,4554854 21421098,4325735 21117025))
32744;POLYGON((4883502 20655032,4808875 20739239,5082160 20941801,5162932 20839276,4883502 20655032))
32745;POLYGON((5199671 20112182,5161425 20205968,5460657 20307755,5500962 20199204,5199671 20112182))
32746;POLYGON((5326130 19537852,5316326 19634147,5620357 19655193,5629415 19547177,5326130 19537852))
32747;POLYGON((5305153 18966271,5317348 19060260,5611915 19017618,5597142 18914473,5305153 18966271))
32748;POLYGON((5170873 18420123,5199887 18508695,5475910 18416635,5443207 18321032,5170873 18420123))
32749;POLYGON((4950584 17913488,4992292 17994788,5244495 17865044,5198508 17778442,4950584 17913488))
32750;POLYGON((4665873 17454205,4717030 17527274,4942845 17369325,4887181 17292334,4665873 17454205))
32751;POLYGON((4333623 17045736,4391704 17110235,4590410 16931596,4527832 16864258,4333623 17045736))
32752;POLYGON((3966863 16688617,4029931 16744609,4201994 16551125,4134585 16493125,3966863 16688617))
32753;POLYGON((3575508 16381560,3642099 16429349,3788679 16225471,3717981 16176299,3575508 16381560))
32754;POLYGON((3166983 16122267,3236010 16162279,3358602 15951319,3285730 15910382,3166983 16122267))
32755;POLYGON((2746749 15908012,2817418 15940712,2917598 15725074,2843343 15691775,2746749 15908012))
32756;POLYGON((2318743 15736049,2390487 15761883,2469746 15543262,2394647 15517056,2318743 15736049))
32757;POLYGON((1885739 15603880,1958163 15623239,2017796 15402794,1942210 15383214,1885739 15603880))
32758;POLYGON((1449659 15509421,1522491 15522619,1563534 15301118,1487683 15287799,1449659 15509421))
32759;POLYGON((1011818 15451106,1084872 15458365,1108063 15236308,1032085 15228992,1011818 15451106))
32760;POLYGON((573142 15427937,646280 15429382,652049 15207105,576025 15205649,573142 15427937))
32601;POLYGON((134351 5439511,207462 5435168,195914 5212933,119905 5217308,134351 5439511))
32602;POLYGON((-303856 5486028,-230894 5475822,-259973 5253907,-335900 5264200,-303856 5486028))
32603;POLYGON((-740646 5568292,-667990 5552048,-715132 5330832,-790872 5347243,-740646 5568292))
32604;POLYGON((-1174853 5687684,-1102729 5665131,-1168775 5445193,-1244153 5468033,-1174853 5687684))
32605;POLYGON((-1604786 5846122,-1533521 5816908,-1619598 5599129,-1694330 5628818,-1604786 5846122))
32606;POLYGON((-2027984 6045982,-1958053 6009684,-2065531 5795386,-2139175 5832432,-2027984 6045982))
32607;POLYGON((-2440935 6289952,-2373010 6246109,-2503422 6037202,-2575324 6082181,-2440935 6289952))
32608;POLYGON((-2838731 6580801,-2773744 6528959,-2928662 6328126,-2997880 6381641,-2838731 6580801))
32609;POLYGON((-3214656 6921026,-3153871 6860806,-3334712 6671713,-3399929 6734327,-3214656 6921026))
32610;POLYGON((-3559690 7312328,-3504795 7243531,-3712533 7071062,-3771953 7143205,-3559690 7312328))
32611;POLYGON((-3861916 7754887,-3815126 7677628,-4049893 7528154,-4101113 7609985,-3861916 7754887))
32612;POLYGON((-4105827 8246359,-4070009 8161254,-4330551 8042913,-4370407 8134138,-4105827 8246359))
32613;POLYGON((-4271505 8780548,-4250324 8688966,-4533277 8611956,-4557669 8711578,-4271505 8780548))
32614;POLYGON((-4333679 9345693,-4331763 9250067,-4630718 9226936,-4634402 9332942,-4333679 9345693))
32615;POLYGON((-4260633 9922272,-4283765 9826504,-4588083 9872424,-4564433 9981374,-4260633 9922272))
32616;POLYGON((-4012958 10480272,-4068300 10390226,-4361628 10523227,-4302367 10629750,-4012958 10480272))
32617;POLYGON((-3542148 10975809,-3638480 10899927,-3896937 11141065,-3791824 11237235,-3542148 10975809))
32618;POLYGON((-2789001 11347036,-2937006 11297072,-3126970 11670506,-2963453 11745084,-2789001 11347036))
32619;POLYGON((-1681840 11509210,-1894413 11501114,-1969874 12034053,-1732705 12071583,-1681840 11509210))
32620;POLYGON((-134530 11348828,-427121 11403794,-326539 12126283,2666 12106007,-134530 11348828))
32621;POLYGON((1955728 10716722,1564728 10862415,1922126 11806895,2365366 11701487,1955728 10716722))
32622;POLYGON((4710823 9419976,4199664 9691968,4918199 10892581,5501614 10666663,4710823 9419976))
32623;POLYGON((8274401 7212567,7617510 7655989,8830052 9147549,9584511 8755976,8274401 7212567))
32624;POLYGON((12814786 3784563,11982264 4456012,13855981 6272592,14817717 5658475,12814786 3784563))
32625;POLYGON((18528162 -1250226,17485233 -280514,20228171 1892539,21439473 984985,18528162 -1250226))
32626;POLYGON((25642035 -8368316,24348451 -7013998,28217007 -4458058,29726976 -5746511,25642035 -8368316))
32627;POLYGON((34418976 -18152471,32828372 -16308306,38135749 -13351163,40001113 -15127452,34418976 -18152471))
32628;POLYGON((45160672 -31309643,43219870 -28848355,50345591 -25483569,52631587 -27877372,45160672 -31309643))
32629;POLYGON((58212282 -48691103,55860542 -45459868,65261113 -41697484,68042433 -44864886,58212282 -48691103))
32630;POLYGON((73967120 -71314916,71135336 -67131444,83356146 -63003555,86717957 -67131135,73967120 -71314916))
32631;POLYGON((-62142631 -55594344,-64725199 -59276905,-75939316 -55265664,-72879093 -51643573,-62142631 -55594344))
32632;POLYGON((-48236166 -36587484,-50374341 -39412897,-58960679 -35780694,-56436988 -33021407,-48236166 -36587484))
32633;POLYGON((-36765129 -22124552,-38523729 -24259859,-44996647 -21030757,-42929689 -18963481,-36765129 -22124552))
32634;POLYGON((-27368844 -11301299,-28804733 -12886086,-33593816 -10064067,-31913750 -8546403,-27368844 -11301299))
32635;POLYGON((-19731635 -3365016,-20894493 -4515126,-24356033 -2089320,-23001992 -1003394,-19731635 -3365016))
32636;POLYGON((-13578356 2306360,-14511407 1495504,-16938668 3546494,-15857842 4297497,-13578356 2306360))
32637;POLYGON((-8670246 6222895,-9410923 5673333,-11043295 7377905,-10190088 7872820,-8670246 6222895))
32638;POLYGON((-4801076 8799237,-5381646 8447841,-6412765 9838562,-5748006 10140980,-4801076 8799237))
32639;POLYGON((-1793603 10369281,-2241736 10165441,-2826649 11276817,-2316871 11437490,-1793603 10369281))
32640;POLYGON((503706 11199082,164410 11102669,-97050 11969425,286176 12028386,503706 11199082))
32641;POLYGON((2219687 11498149,1969211 11477737,1935252 12133545,2215927 12121945,2219687 11498149))
32642;POLYGON((3463218 11429274,3284692 11460599,3404321 11937165,3602572 11878875,3463218 11429274))
32643;POLYGON((4325735 11117025,4205032 11181657,4422267 11508117,4554854 11421098,4325735 11117025))
32644;POLYGON((4883502 10655032,4808875 10739239,5082160 10941801,5162932 10839276,4883502 10655032))
32645;POLYGON((5199671 10112182,5161425 10205968,5460657 10307755,5500962 10199204,5199671 10112182))
32646;POLYGON((5326130 9537852,5316326 9634147,5620357 9655193,5629415 9547177,5326130 9537852))
32647;POLYGON((5305153 8966271,5317348 9060260,5611915 9017618,5597142 8914473,5305153 8966271))
32648;POLYGON((5170873 8420123,5199887 8508695,5475910 8416635,5443207 8321032,5170873 8420123))
32649;POLYGON((4950584 7913488,4992292 7994788,5244495 7865044,5198508 7778442,4950584 7913488))
32650;POLYGON((4665873 7454205,4717030 7527274,4942845 7369325,4887181 7292334,4665873 7454205))
32651;POLYGON((4333623 7045736,4391704 7110235,4590410 6931596,4527832 6864258,4333623 7045736))
32652;POLYGON((3966863 6688617,4029931 6744609,4201994 6551125,4134585 6493125,3966863 6688617))
32653;POLYGON((3575508 6381560,3642099 6429349,3788679 6225471,3717981 6176299,3575508 6381560))
32654;POLYGON((3166983 6122267,3236010 6162279,3358602 5951319,3285730 5910382,3166983 6122267))
32655;POLYGON((2746749 5908012,2817418 5940712,2917598 5725074,2843343 5691775,2746749 5908012))
32656;POLYGON((2318743 5736049,2390487 5761883,2469746 5543262,2394647 5517056,2318743 5736049))
32657;POLYGON((1885739 5603880,1958163 5623239,2017796 5402794,1942210 5383214,1885739 5603880))
32658;POLYGON((1449659 5509421,1522491 5522619,1563534 5301118,1487683 5287799,1449659 5509421))
32659;POLYGON((1011818 5451106,1084872 5458365,1108063 5236308,1032085 5228992,1011818 5451106))
32660;POLYGON((573142 5427937,646280 5429382,652049 5207105,576025 5205649,573142 5427937))
