32701;POLYGON((-782 12885278,99487 12881819,92932 12660012,-8990 12663275,-782 12885278))
32702;POLYGON((-605053 12922567,-503930 12914349,-520598 12690702,-623465 12698458,-605053 12922567))
32703;POLYGON((-1216848 12989558,-1114184 12976221,-1141712 12749135,-1246294 12761741,-1216848 12989558))
32704;POLYGON((-1840327 13089256,-1735425 13070193,-1775090 12838038,-1882183 12856095,-1840327 13089256))
32705;POLYGON((-2479673 13226320,-2371836 13200625,-2425572 12961747,-2535997 12986162,-2479673 13226320))
32706;POLYGON((-3139036 13407503,-3027580 13373879,-3098163 13126649,-3212770 13158729,-3139036 13407503))
32707;POLYGON((-3822388 13642290,-3706671 13598932,-3798000 13341845,-3917653 13383432,-3822388 13642290))
32708;POLYGON((-4533305 13943795,-4412772 13888219,-4530257 13620099,-4655810 13673763,-4533305 13943795))
32709;POLYGON((-5274644 14329995,-5148885 14258803,-5299978 13979154,-5432243 14048454,-5274644 14329995))
32710;POLYGON((-6048092 14825361,-5916930 14733939,-6111826 14443512,-6251521 14533344,-6048092 14825361))
32711;POLYGON((-6853576 15463001,-6717176 15345123,-6969738 15046789,-7117417 15163845,-6853576 15463001))
32712;POLYGON((-7688524 16287419,-7547525 16134737,-7876468 15834778,-8032437 15988135,-7688524 16287419))
32713;POLYGON((-8546935 17357996,-8402619 17159409,-8833008 16869360,-8997214 17071225,-8546935 17357996))
32714;POLYGON((-9418270 18753357,-9272763 18494209,-9837881 18233425,-10009779 18500064,-9418270 18753357))
32715;POLYGON((-10286121 20576731,-10142629 20237846,-10886276 20036975,-11064671 20389862,-10286121 20576731))
32716;POLYGON((-11126658 22962503,-10989740 22519004,-11969032 22424608,-12151894 22891818,-11126658 22962503))
32717;POLYGON((-11906820 26084103,-11782712 25503994,-13071449 25584585,-13255694 26202474,-11906820 26084103))
32718;POLYGON((-12582251 30163428,-12479227 29405910,-14171910 29759701,-14353156 30574911,-12582251 30163428))
32719;POLYGON((-13094945 35481999,-13023729 34495480,-15240308 35260201,-15412590 36332030,-13094945 35481999))
32720;POLYGON((-13370595 42394053,-13344825 41113825,-16236265 42479000,-16391718 43882180,-13370595 42394053))
32721;POLYGON((-13315617 51341815,-13352366 49687345,-17107128 51909468,-17235628 53737400,-13315617 51341815))
32722;POLYGON((-12813847 62873154,-12934194 60744967,-17785724 64166076,-17874494 66534565,-12813847 62873154))
32723;POLYGON((-11722872 77661916,-11952542 74938008,-18187878 80008188,-18221045 83059745,-11722872 77661916))
32724;POLYGON((-9869998 96531156,-10240060 93062908,-18209657 100367344,-18167772 104276087,-9869998 96531156))
32725;POLYGON((-7047822 120479574,-7595452 116087114,-17724356 126378336,-17583859 131355568,-7047822 120479574))
32726;POLYGON((-3009396 150711432,-3778717 145178394,-16579189 159414446,-16311831 165714957,-3009396 150711432))
32727;POLYGON((2537028 188670258,1494044 181737887,-14591680 201127207,-14163892 209056363,2537028 188670258))
32728;POLYGON((9933711 236076642,8556257 227437197,-11545752 253491059,-10917962 263412756,9933711 236076642))
32729;POLYGON((19579587 294970475,17796962 284259868,-7187489 318853308,-6313381 331198834,19579587 294970475))
32730;POLYGON((31936911 367757943,29667379 354547560,-1220554 399989791,-46275 415267694,31936911 367757943))
32731;POLYGON((-22372637 317558879,-24387761 329461421,4408458 371000799,5425415 357257895,-22372637 317558879))
32732;POLYGON((-11877635 254320727,-13448174 263946411,9803425 295459746,10548133 284384631,-11877635 254320727))
32733;POLYGON((-3778532 203328922,-4980558 211073022,13693510 234716349,14215949 225840402,-3778532 203328922))
32734;POLYGON((2343948 162426942,1444821 168624403,16360378 186144171,16703396 179070969,2343948 162426942))
32735;POLYGON((6850251 129792683,6197760 134725883,18044841 147526088,18244920 141922050,6850251 129792683))
32736;POLYGON((10048305 103894676,9594520 107800395,18951322 117000577,19039289 112586563,10048305 103894676))
32737;POLYGON((12199386 83452844,11903767 86528507,19251978 93013566,19253662 89557367,12199386 83452844))
32738;POLYGON((13523520 67403471,13352044 69812707,19090519 74275459,19027355 71585103,13523520 67403471))
32739;POLYGON((14204460 54868056,14128821 56745632,18585706 59722915,18475291 57640742,14204460 54868056))
32740;POLYGON((14394243 45125752,14391124 46581929,17834561 48485046,17691164 46882472,14394243 45125752))
32741;POLYGON((14217361 37589094,14267760 38713458,16915302 39853637,16750320 38626559,14217361 37589094))
32742;POLYGON((13774538 31782731,13863169 32647540,15889998 33257067,15712377 32321854,13774538 31782731))
32743;POLYGON((13146160 27324906,13260902 27987996,14806972 28237596,14623587 27527608,13146160 27324906))
32744;POLYGON((12395357 23911417,12526767 24418714,13702968 24431711,13518955 23894298,12395357 23911417))
32745;POLYGON((11570759 21301822,11711631 21689496,12605075 21553221,12424133 21147156,11570759 21301822))
32746;POLYGON((10708949 19307665,10853926 19603959,11532439 19378838,11357096 19072136,10708949 19307665))
32747;POLYGON((9836619 17782495,9981858 18009274,10497771 17735971,10329615 17504048,9836619 17782495))
32748;POLYGON((8972469 16613487,9115334 16787532,9508658 16492478,9348537 16316622,8972469 16613487))
32749;POLYGON((8128834 15714466,8267650 15848547,8568695 15548152,8416890 15414256,8128834 15714466))
32750;POLYGON((7313094 15020167,7446922 15123920,7678449 14827724,7534818 14725250,7313094 15020167))
32751;POLYGON((6528853 14481554,6657310 14562195,6836267 14275168,6700369 14196315,6528853 14481554))
32752;POLYGON((5776926 14062062,5900033 14124954,6038943 13849141,5910131 13788178,5776926 14062062))
32753;POLYGON((5056138 13734604,5174201 13783710,5282253 13519366,5159755 13472116,5056138 13734604))
32754;POLYGON((4363967 13479247,4477477 13517474,4561373 13263825,4444351 13227262,4363967 13479247))
32755;POLYGON((3697036 13281408,3806598 13310877,3871194 13066608,3758785 13038553,3697036 13281408))
32756;POLYGON((3051472 13130507,3157755 13152751,3206538 12916298,3097884 12895197,3051472 13130507))
32757;POLYGON((2423170 13018964,2526866 13035070,2562306 12804788,2456569 12789549,2423170 13018964))
32758;POLYGON((1807944 12941479,1909751 12952196,1933545 12726436,1829918 12716314,1807944 12941479))
32759;POLYGON((1201624 12894534,1302235 12900341,1315472 12677484,1213172 12672005,1201624 12894534))
32760;POLYGON((600080 12876066,700180 12877215,703449 12655671,601714 12654587,600080 12876066))
32601;POLYGON((-782 2885278,99487 2881819,92932 2660012,-8990 2663275,-782 2885278))
32602;POLYGON((-605053 2922567,-503930 2914349,-520598 2690702,-623465 2698458,-605053 2922567))
32603;POLYGON((-1216848 2989558,-1114184 2976221,-1141712 2749135,-1246294 2761741,-1216848 2989558))
32604;POLYGON((-1840327 3089256,-1735425 3070193,-1775090 2838038,-1882183 2856095,-1840327 3089256))
32605;POLYGON((-2479673 3226320,-2371836 3200625,-2425572 2961747,-2535997 2986162,-2479673 3226320))
32606;POLYGON((-3139036 3407503,-3027580 3373879,-3098163 3126649,-3212770 3158729,-3139036 3407503))
32607;POLYGON((-3822388 3642290,-3706671 3598932,-3798000 3341845,-3917653 3383432,-3822388 3642290))
32608;POLYGON((-4533305 3943795,-4412772 3888219,-4530257 3620099,-4655810 3673763,-4533305 3943795))
32609;POLYGON((-5274644 4329995,-5148885 4258803,-5299978 3979154,-5432243 4048454,-5274644 4329995))
32610;POLYGON((-6048092 4825361,-5916930 4733939,-6111826 4443512,-6251521 4533344,-6048092 4825361))
32611;POLYGON((-6853576 5463001,-6717176 5345123,-6969738 5046789,-7117417 5163845,-6853576 5463001))
32612;POLYGON((-7688524 6287419,-7547525 6134737,-7876468 5834778,-8032437 5988135,-7688524 6287419))
32613;POLYGON((-8546935 7357996,-8402619 7159409,-8833008 6869360,-8997214 7071225,-8546935 7357996))
32614;POLYGON((-9418270 8753357,-9272763 8494209,-9837881 8233425,-10009779 8500064,-9418270 8753357))
32615;POLYGON((-10286121 10576731,-10142629 10237846,-10886276 10036975,-11064671 10389862,-10286121 10576731))
32616;POLYGON((-11126658 12962503,-10989740 12519004,-11969032 12424608,-12151894 12891818,-11126658 12962503))
32617;POLYGON((-11906820 16084103,-11782712 15503994,-13071449 15584585,-13255694 16202474,-11906820 16084103))
32618;POLYGON((-12582251 20163428,-12479227 19405910,-14171910 19759701,-14353156 20574911,-12582251 20163428))
32619;POLYGON((-13094945 25481999,-13023729 24495480,-15240308 25260201,-15412590 26332030,-13094945 25481999))
32620;POLYGON((-13370595 32394053,-13344825 31113825,-16236265 32479000,-16391718 33882180,-13370595 32394053))
32621;POLYGON((-13315617 41341815,-13352366 39687345,-17107128 41909468,-17235628 43737400,-13315617 41341815))
32622;POLYGON((-12813847 52873154,-12934194 50744967,-17785724 54166076,-17874494 56534565,-12813847 52873154))
32623;POLYGON((-11722872 67661916,-11952542 64938008,-18187878 70008188,-18221045 73059745,-11722872 67661916))
32624;POLYGON((-9869998 86531156,-10240060 83062908,-18209657 90367344,-18167772 94276087,-9869998 86531156))
32625;POLYGON((-7047822 110479574,-7595452 106087114,-17724356 116378336,-17583859 121355568,-7047822 110479574))
32626;POLYGON((-3009396 140711432,-3778717 135178394,-16579189 149414446,-16311831 155714957,-3009396 140711432))
32627;POLYGON((2537028 178670258,1494044 171737887,-14591680 191127207,-14163892 199056363,2537028 178670258))
32628;POLYGON((9933711 226076642,8556257 217437197,-11545752 243491059,-10917962 253412756,9933711 226076642))
32629;POLYGON((19579587 284970475,17796962 274259868,-7187489 308853308,-6313381 321198834,19579587 284970475))
32630;POLYGON((31936911 357757943,29667379 344547560,-1220554 389989791,-46275 405267694,31936911 357757943))
32631;POLYGON((-22372637 307558879,-24387761 319461421,4408458 361000799,5425415 347257895,-22372637 307558879))
32632;POLYGON((-11877635 244320727,-13448174 253946411,9803425 285459746,10548133 274384631,-11877635 244320727))
32633;POLYGON((-3778532 193328922,-4980558 201073022,13693510 224716349,14215949 215840402,-3778532 193328922))
32634;POLYGON((2343948 152426942,1444821 158624403,16360378 176144171,16703396 169070969,2343948 152426942))
32635;POLYGON((6850251 119792683,6197760 124725883,18044841 137526088,18244920 131922050,6850251 119792683))
32636;POLYGON((10048305 93894676,9594520 97800395,18951322 107000577,19039289 102586563,10048305 93894676))
32637;POLYGON((12199386 73452844,11903767 76528507,19251978 83013566,19253662 79557367,12199386 73452844))
32638;POLYGON((13523520 57403471,13352044 59812707,19090519 64275459,19027355 61585103,13523520 57403471))
32639;POLYGON((14204460 44868056,14128821 46745632,18585706 49722915,18475291 47640742,14204460 44868056))
32640;POLYGON((14394243 35125752,14391124 36581929,17834561 38485046,17691164 36882472,14394243 35125752))
32641;POLYGON((14217361 27589094,14267760 28713458,16915302 29853637,16750320 28626559,14217361 27589094))
32642;POLYGON((13774538 21782731,13863169 22647540,15889998 23257067,15712377 22321854,13774538 21782731))
32643;POLYGON((13146160 17324906,13260902 17987996,14806972 18237596,14623587 17527608,13146160 17324906))
32644;POLYGON((12395357 13911417,12526767 14418714,13702968 14431711,13518955 13894298,12395357 13911417))
32645;POLYGON((11570759 11301822,11711631 11689496,12605075 11553221,12424133 11147156,11570759 11301822))
32646;POLYGON((10708949 9307665,10853926 9603959,11532439 9378838,11357096 9072136,10708949 9307665))
32647;POLYGON((9836619 7782495,9981858 8009274,10497771 7735971,10329615 7504048,9836619 7782495))
32648;POLYGON((8972469 6613487,9115334 6787532,9508658 6492478,9348537 6316622,8972469 6613487))
32649;POLYGON((8128834 5714466,8267650 5848547,8568695 5548152,8416890 5414256,8128834 5714466))
32650;POLYGON((7313094 5020167,7446922 5123920,7678449 4827724,7534818 4725250,7313094 5020167))
32651;POLYGON((6528853 4481554,6657310 4562195,6836267 4275168,6700369 4196315,6528853 4481554))
32652;POLYGON((5776926 4062062,5900033 4124954,6038943 3849141,5910131 3788178,5776926 4062062))
32653;POLYGON((5056138 3734604,5174201 3783710,5282253 3519366,5159755 3472116,5056138 3734604))
32654;POLYGON((4363967 3479247,4477477 3517474,4561373 3263825,4444351 3227262,4363967 3479247))
32655;POLYGON((3697036 3281408,3806598 3310877,3871194 3066608,3758785 3038553,3697036 3281408))
32656;POLYGON((3051472 3130507,3157755 3152751,3206538 2916298,3097884 2895197,3051472 3130507))
32657;POLYGON((2423170 3018964,2526866 3035070,2562306 2804788,2456569 2789549,2423170 3018964))
32658;POLYGON((1807944 2941479,1909751 2952196,1933545 2726436,1829918 2716314,1807944 2941479))
32659;POLYGON((1201624 2894534,1302235 2900341,1315472 2677484,1213172 2672005,1201624 2894534))
32660;POLYGON((600080 2876066,700180 2877215,703449 2655671,601714 2654587,600080 2876066))
