32701;POLYGON((12670 13218311,110231 13214588,102948 12992734,3551 12996285,12670 13218311))
32702;POLYGON((-574909 13258406,-476637 13249575,-495135 13026124,-595339 13034557,-574909 13258406))
32703;POLYGON((-1168733 13330309,-1069186 13316008,-1099673 13089598,-1201330 13103274,-1168733 13330309))
32704;POLYGON((-1772131 13437001,-1670762 13416631,-1714549 13185917,-1818305 13205443,-1772131 13437001))
32705;POLYGON((-2388278 13583057,-2284575 13555731,-2343619 13319429,-2450110 13345708,-2388278 13583057))
32706;POLYGON((-3020038 13775009,-2913554 13739482,-2990629 13496456,-3100458 13530770,-3020038 13775009))
32707;POLYGON((-3669715 14021869,-3560118 13976440,-3659048 13725861,-3772749 13769986,-3669715 14021869))
32708;POLYGON((-4338687 14335843,-4225832 14278219,-4351812 14019846,-4469800 14076213,-4338687 14335843))
32709;POLYGON((-5026910 14733279,-4910929 14660398,-5070960 14395037,-5193454 14466941,-5026910 14733279))
32710;POLYGON((-5732241 15235911,-5613670 15143714,-5817124 14873925,-5944048 14965811,-5732241 15235911))
32711;POLYGON((-6449593 15872453,-6329528 15755590,-6588872 15486751,-6719731 15604573,-6449593 15872453))
32712;POLYGON((-7169867 16680615,-7050154 16532077,-7381874 16273924,-7515597 16425609,-7169867 16680615))
32713;POLYGON((-7878648 17709621,-7762122 17520280,-8187878 17289075,-8322622 17485104,-7878648 17709621))
32714;POLYGON((-8554652 19023315,-8445412 18781363,-8993459 18602876,-9126385 18856999,-8554652 19023315))
32715;POLYGON((-9167879 20703948,-9071617 20394215,-9778547 20307732,-9905545 20637848,-9167879 20703948))
32716;POLYGON((-9677465 22856754,-9601848 22459885,-10514691 22523503,-10630068 22952723,-9677465 22856754))
32717;POLYGON((-10029207 25615431,-9984310 25106903,-11163048 25404398,-11259164 25962321,-10029207 25615431))
32718;POLYGON((-10152719 29148626,-10151528 28497595,-11672085 29147208,-11738935 29871433,-10152719 29148626))
32719;POLYGON((-9958228 33667587,-10017201 32835526,-11974947 34001048,-11999700 34938956,-9958228 33667587))
32720;POLYGON((-9332955 39435090,-9472651 38374203,-11986514 40278793,-11952977 41489637,-9332955 39435090))
32721;POLYGON((-8137070 46775800,-8382858 45427192,-11600076 48370413,-11488114 49927733,-8137070 46775800))
32722;POLYGON((-6199207 56088223,-6582043 54379790,-10683654 58758401,-10468532 60752819,-6199207 56088223))
32723;POLYGON((-3311490 67858400,-3868781 65702417,-9075909 72035529,-8727574 74577948,-3311490 67858400))
32724;POLYGON((775925 82675524,-623 79965906,-6581644 88925152,-6063930 92150405,775925 82675524))
32725;POLYGON((6360842 101249661,5311801 97858850,-2966862 110304307,-2236625 114375298,6360842 101249661))
32726;POLYGON((13795554 124431751,12411227 120207219,2046625 137229865,3040450 142342239,13795554 124431751))
32727;POLYGON((23493945 153236098,21700756 147996416,8787073 170967989,10104504 177355388,23493945 153236098))
32728;POLYGON((35939191 188865545,33651453 182395991,17639171 213027193,19350284 220967133,35939191 188865545))
32729;POLYGON((51692065 232739551,48810555 224787223,29050929 265195278,31237062 275015699,51692065 232739551))
32730;POLYGON((71399903 286525397,67810321 276793781,43541102 329580440,46296145 341666994,71399903 286525397))
32731;POLYGON((-56787263 249476733,-60007516 258278688,-37333828 306616601,-34875813 295715231,-56787263 249476733))
32732;POLYGON((-39792538 202497233,-42363854 209673970,-23932122 246559645,-21994419 237723884,-39792538 202497233))
32733;POLYGON((-26311142 164288882,-28340083 170114395,-13427571 197978715,-11922734 190852725,-26311142 164288882))
32734;POLYGON((-15754473 133353242,-17333309 138060698,-5325861 158877252,-4178337 153159167,-15754473 133353242))
32735;POLYGON((-7614446 108418532,-8822636 112205428,799113 127564907,1654227 122999925,-7614446 108418532))
32736;POLYGON((-1454964 88410539,-2360535 91443335,5312492 102617855,5930602 98992027,-1454964 88410539))
32737;POLYGON((3095977 72426495,2435159 74844770,8525157 82843187,8953246 79977857,3095977 72426495))
32738;POLYGON((6353593 59711719,5888644 61631882,10699938 67247081,10977548 64993930,6353593 59711719))
32739;POLYGON((8583022 49638803,8272961 51157395,12057323 55006476,12217458 53243123,8583022 49638803))
32740;POLYGON((10005496 41689156,9816254 42885770,12780695 45443970,12850656 44070078,10005496 41689156))
32741;POLYGON((10803976 35436709,10707494 36376562,13021128 38005674,13023265 36939536,10803976 35436709))
32742;POLYGON((11128282 30533593,11101688 31269784,12901745 32241790,12854143 31417335,11128282 30533593))
32743;POLYGON((11099738 26697629,11124608 27273107,12521667 27789653,12438768 27153845,11099738 26697629))
32744;POLYGON((10815365 23701454,10877051 24150721,11959576 24359025,11852737 23869615,10815365 23701454))
32745;POLYGON((10351633 21363127,10438671 21713711,11276907 21719416,11154895 21343010,10351633 21363127))
32746;POLYGON((9767808 19538079,9871384 19811785,10520691 19689233,10390124 19399649,9767808 19538079))
32747;POLYGON((9108907 18112245,9222394 18326223,9726063 18126560,9591801 17903440,9108907 18112245))
32748;POLYGON((8408297 16996260,8526843 17163906,8918473 16921396,8783953 16749035,8408297 16996260))
32749;POLYGON((7689949 16120605,7810124 16252308,8115595 15989161,7983127 15855543,7689949 16120605))
32750;POLYGON((6970378 15431557,7089875 15535324,7328977 15265339,7199991 15161341,6970378 15431557))
32751;POLYGON((6260300 14887877,6377674 14969836,6565439 14701091,6440697 14619836,6260300 14887877))
32752;POLYGON((5566011 14458099,5680468 14522913,5828238 14259702,5708009 14196043,5566011 14458099))
32753;POLYGON((4890529 14118359,5001751 14169555,5118036 13913754,5002233 13863861,4890529 14118359))
32754;POLYGON((4234515 13850666,4342524 13890898,4433667 13642899,4321963 13603938,4234515 13850666))
32755;POLYGON((3597002 13641553,3702046 13672798,3772744 13432125,3664656 13402017,3597002 13641553))
32756;POLYGON((2975947 13481035,3078422 13504752,3132117 13270449,3027071 13247681,2975947 13481035))
32757;POLYGON((2368641 13361818,2469032 13379062,2508202 13149929,2405576 13133421,2368641 13361818))
32758;POLYGON((1771990 13278722,1870830 13290230,1897204 13064957,1796355 13053962,1771990 13278722))
32759;POLYGON((1182704 13228268,1280550 13234514,1295248 13011748,1195529 13005787,1182704 13228268))
32760;POLYGON((597402 13208397,694820 13209634,698454 12988008,599218 12986828,597402 13208397))
32601;POLYGON((12670 3218311,110231 3214588,102948 2992734,3551 2996285,12670 3218311))
32602;POLYGON((-574909 3258406,-476637 3249575,-495135 3026124,-595339 3034557,-574909 3258406))
32603;POLYGON((-1168733 3330309,-1069186 3316008,-1099673 3089598,-1201330 3103274,-1168733 3330309))
32604;POLYGON((-1772131 3437001,-1670762 3416631,-1714549 3185917,-1818305 3205443,-1772131 3437001))
32605;POLYGON((-2388278 3583057,-2284575 3555731,-2343619 3319429,-2450110 3345708,-2388278 3583057))
32606;POLYGON((-3020038 3775009,-2913554 3739482,-2990629 3496456,-3100458 3530770,-3020038 3775009))
32607;POLYGON((-3669715 4021869,-3560118 3976440,-3659048 3725861,-3772749 3769986,-3669715 4021869))
32608;POLYGON((-4338687 4335843,-4225832 4278219,-4351812 4019846,-4469800 4076213,-4338687 4335843))
32609;POLYGON((-5026910 4733279,-4910929 4660398,-5070960 4395037,-5193454 4466941,-5026910 4733279))
32610;POLYGON((-5732241 5235911,-5613670 5143714,-5817124 4873925,-5944048 4965811,-5732241 5235911))
32611;POLYGON((-6449593 5872453,-6329528 5755590,-6588872 5486751,-6719731 5604573,-6449593 5872453))
32612;POLYGON((-7169867 6680615,-7050154 6532077,-7381874 6273924,-7515597 6425609,-7169867 6680615))
32613;POLYGON((-7878648 7709621,-7762122 7520280,-8187878 7289075,-8322622 7485104,-7878648 7709621))
32614;POLYGON((-8554652 9023315,-8445412 8781363,-8993459 8602876,-9126385 8856999,-8554652 9023315))
32615;POLYGON((-9167879 10703948,-9071617 10394215,-9778547 10307732,-9905545 10637848,-9167879 10703948))
32616;POLYGON((-9677465 12856754,-9601848 12459885,-10514691 12523503,-10630068 12952723,-9677465 12856754))
32617;POLYGON((-10029207 15615431,-9984310 15106903,-11163048 15404398,-11259164 15962321,-10029207 15615431))
32618;POLYGON((-10152719 19148626,-10151528 18497595,-11672085 19147208,-11738935 19871433,-10152719 19148626))
32619;POLYGON((-9958228 23667587,-10017201 22835526,-11974947 24001048,-11999700 24938956,-9958228 23667587))
32620;POLYGON((-9332955 29435090,-9472651 28374203,-11986514 30278793,-11952977 31489637,-9332955 29435090))
32621;POLYGON((-8137070 36775800,-8382858 35427192,-11600076 38370413,-11488114 39927733,-8137070 36775800))
32622;POLYGON((-6199207 46088223,-6582043 44379790,-10683654 48758401,-10468532 50752819,-6199207 46088223))
32623;POLYGON((-3311490 57858400,-3868781 55702417,-9075909 62035529,-8727574 64577948,-3311490 57858400))
32624;POLYGON((775925 72675524,-623 69965906,-6581644 78925152,-6063930 82150405,775925 72675524))
32625;POLYGON((6360842 91249661,5311801 87858850,-2966862 100304307,-2236625 104375298,6360842 91249661))
32626;POLYGON((13795554 114431751,12411227 110207219,2046625 127229865,3040450 132342239,13795554 114431751))
32627;POLYGON((23493945 143236098,21700756 137996416,8787073 160967989,10104504 167355388,23493945 143236098))
32628;POLYGON((35939191 178865545,33651453 172395991,17639171 203027193,19350284 210967133,35939191 178865545))
32629;POLYGON((51692065 222739551,48810555 214787223,29050929 255195278,31237062 265015699,51692065 222739551))
32630;POLYGON((71399903 276525397,67810321 266793781,43541102 319580440,46296145 331666994,71399903 276525397))
32631;POLYGON((-56787263 239476733,-60007516 248278688,-37333828 296616601,-34875813 285715231,-56787263 239476733))
32632;POLYGON((-39792538 192497233,-42363854 199673970,-23932122 236559645,-21994419 227723884,-39792538 192497233))
32633;POLYGON((-26311142 154288882,-28340083 160114395,-13427571 187978715,-11922734 180852725,-26311142 154288882))
32634;POLYGON((-15754473 123353242,-17333309 128060698,-5325861 148877252,-4178337 143159167,-15754473 123353242))
32635;POLYGON((-7614446 98418532,-8822636 102205428,799113 117564907,1654227 112999925,-7614446 98418532))
32636;POLYGON((-1454964 78410539,-2360535 81443335,5312492 92617855,5930602 88992027,-1454964 78410539))
32637;POLYGON((3095977 62426495,2435159 64844770,8525157 72843187,8953246 69977857,3095977 62426495))
32638;POLYGON((6353593 49711719,5888644 51631882,10699938 57247081,10977548 54993930,6353593 49711719))
32639;POLYGON((8583022 39638803,8272961 41157395,12057323 45006476,12217458 43243123,8583022 39638803))
32640;POLYGON((10005496 31689156,9816254 32885770,12780695 35443970,12850656 34070078,10005496 31689156))
32641;POLYGON((10803976 25436709,10707494 26376562,13021128 28005674,13023265 26939536,10803976 25436709))
32642;POLYGON((11128282 20533593,11101688 21269784,12901745 22241790,12854143 21417335,11128282 20533593))
32643;POLYGON((11099738 16697629,11124608 17273107,12521667 17789653,12438768 17153845,11099738 16697629))
32644;POLYGON((10815365 13701454,10877051 14150721,11959576 14359025,11852737 13869615,10815365 13701454))
32645;POLYGON((10351633 11363127,10438671 11713711,11276907 11719416,11154895 11343010,10351633 11363127))
32646;POLYGON((9767808 9538079,9871384 9811785,10520691 9689233,10390124 9399649,9767808 9538079))
32647;POLYGON((9108907 8112245,9222394 8326223,9726063 8126560,9591801 7903440,9108907 8112245))
32648;POLYGON((8408297 6996260,8526843 7163906,8918473 6921396,8783953 6749035,8408297 6996260))
32649;POLYGON((7689949 6120605,7810124 6252308,8115595 5989161,7983127 5855543,7689949 6120605))
32650;POLYGON((6970378 5431557,7089875 5535324,7328977 5265339,7199991 5161341,6970378 5431557))
32651;POLYGON((6260300 4887877,6377674 4969836,6565439 4701091,6440697 4619836,6260300 4887877))
32652;POLYGON((5566011 4458099,5680468 4522913,5828238 4259702,5708009 4196043,5566011 4458099))
32653;POLYGON((4890529 4118359,5001751 4169555,5118036 3913754,5002233 3863861,4890529 4118359))
32654;POLYGON((4234515 3850666,4342524 3890898,4433667 3642899,4321963 3603938,4234515 3850666))
32655;POLYGON((3597002 3641553,3702046 3672798,3772744 3432125,3664656 3402017,3597002 3641553))
32656;POLYGON((2975947 3481035,3078422 3504752,3132117 3270449,3027071 3247681,2975947 3481035))
32657;POLYGON((2368641 3361818,2469032 3379062,2508202 3149929,2405576 3133421,2368641 3361818))
32658;POLYGON((1771990 3278722,1870830 3290230,1897204 3064957,1796355 3053962,1771990 3278722))
32659;POLYGON((1182704 3228268,1280550 3234514,1295248 3011748,1195529 3005787,1182704 3228268))
32660;POLYGON((597402 3208397,694820 3209634,698454 2988008,599218 2986828,597402 3208397))
