32701;POLYGON((-48636 8890422,61280 8891924,64237 8670280,-44931 8668493,-48636 8890422))
32702;POLYGON((-712615 8874186,-601255 8877771,-593706 8653451,-704268 8649190,-712615 8874186))
32703;POLYGON((-1389507 8844813,-1275473 8850682,-1262915 8621259,-1376052 8614287,-1389507 8844813))
32704;POLYGON((-2087149 8800595,-1969072 8809097,-1950769 8571884,-2067790 8561795,-2087149 8800595))
32705;POLYGON((-2814488 8738781,-2690778 8750461,-2665575 8502354,-2787986 8488516,-2814488 8738781))
32706;POLYGON((-3582127 8655169,-3450874 8670853,-3417029 8408127,-3546618 8389586,-3582127 8655169))
32707;POLYGON((-4403010 8543487,-4261860 8564398,-4216787 8282428,-4355736 8257777,-4403010 8543487))
32708;POLYGON((-5293294 8394459,-5139288 8422403,-5079179 8115281,-5230195 8082452,-5293294 8394459))
32709;POLYGON((-6273419 8194476,-6102800 8232093,-6022092 7892092,-6188575 7848078,-6273419 8194476))
32710;POLYGON((-7369442 7923746,-7177413 7974861,-7068051 7591702,-7254294 7532162,-7369442 7923746))
32711;POLYGON((-8614649 7553787,-8395081 7623880,-8245531 7183717,-8456965 7102455,-8614649 7553787))
32712;POLYGON((-10051495 7044109,-9796584 7140931,-9590530 6624989,-9834014 6513268,-10051495 7044109))
32713;POLYGON((-11733902 6337911,-11433755 6472279,-11148432 5855028,-11432588 5700692,-11733902 6337911))
32714;POLYGON((-13729956 5356614,-13372114 5543409,-12976184 4790163,-13311801 4576521,-13729956 5356614))
32715;POLYGON((-16125032 3992990,-15693919 4252410,-15144829 3316199,-15545316 3020642,-16125032 3992990))
32716;POLYGON((-19025395 2102697,-18501682 2461791,-17742417 1279347,-18224330 871647,-19025395 2102697))
32717;POLYGON((-22562305 -506063,-21922189 -11533,-20877324 -1524866,-21460959 -2084618,-22562305 -506063))
32718;POLYGON((-26896660 -4085003,-26111052 -3408325,-24682013 -5364985,-25392078 -6128858,-26896660 -4085003))
32719;POLYGON((-32224233 -8960620,-31257842 -8041474,-29317260 -10589616,-30183629 -11624778,-32224233 -8960620))
32720;POLYGON((-38781505 -15551789,-37591824 -14313112,-34976887 -17646369,-36035436 -19038557,-38781505 -15551789))
32721;POLYGON((-46852169 -24390378,-45388341 -22734704,-41893014 -27104084,-43186555 -28961651,-46852169 -24390378))
32722;POLYGON((-56774315 -36145247,-54975887 -33950458,-50341881 -39678720,-51921184 -42137337,-56774315 -36145247))
32723;POLYGON((-68948339 -51649978,-66743893 -48764407,-60650256 -56263308,-62575178 -59491374,-68948339 -51649978))
32724;POLYGON((-83845623 -71934716,-81151274 -68171539,-73202454 -77962362,-75543173 -82167208,-83845623 -71934716))
32725;POLYGON((-102018006 -98262514,-98735766 -93393360,-88448021 -106131195,-91286378 -111566146,-102018006 -98262514))
32726;POLYGON((-124108094 -132170600,-120124096 -125918315,-106910082 -142420597,-110341044 -149392966,-124108094 -132170600))
32727;POLYGON((-150860448 -175516996,-146043017 -167547483,-129194408 -188827327,-133327650 -197707436,-150860448 -175516996))
32728;POLYGON((-183133668 -230532941,-177331243 -220446000,-155999220 -247750942,-160960830 -258982245,-183133668 -230532941))
32729;POLYGON((-221913441 -299881587,-214952332 -287200673,-188125758 -322057459,-194060079 -336167848,-221913441 -299881587))
32730;POLYGON((-268326552 -386723456,-260008539 -370884283,-226489656 -415150384,-233561260 -432764791,-268326552 -386723456))
32731;POLYGON((237476338 -326713426,245089489 -340896971,213947059 -381797490,207466013 -366019803,237476338 -326713426))
32732;POLYGON((196284709 -251911459,202643290 -263230617,177771572 -295381207,172342866 -282782101,196284709 -251911459))
32733;POLYGON((161958828 -192437000,167248482 -201410684,147514788 -226552402,142984220 -216557126,161958828 -192437000))
32734;POLYGON((133467583 -145468728,137850646 -152533960,122300518 -172095105,118533110 -164219475,133467583 -145468728))
32735;POLYGON((109911509 -108638279,113529328 -114160998,101363085 -129306302,98241177 -123144770,109911509 -108638279))
32736;POLYGON((90509422 -79969350,93484518 -84254101,84036221 -95927427,81457699 -91142369,90509422 -79969350))
32737;POLYGON((74586016 -57823239,77024086 -61121823,69742756 -70083036,67619404 -66395194,74586016 -57823239))
32738;POLYGON((61560384 -40850341,63552152 -43369506,57985061 -50226143,56241046 -47406131,61560384 -40850341))
32739;POLYGON((50935420 -27947149,52558340 -29855391,48336231 -35089726,46906695 -32950503,50935420 -27947149))
32740;POLYGON((42288068 -18218311,43607896 -19651869,40431950 -23643881,39261729 -22034137,42288068 -18218311))
32741;POLYGON((35260385 -10943335,36332613 -12011431,33963046 -15058197,33005482 -13856551,35260385 -10943335))
32742;POLYGON((29551379 -5547533,30422541 -6336938,28668665 -8668873,27884537 -7778825,29551379 -5547533))
32743;POLYGON((24909588 -1576817,25618449 -2155799,24330071 -3950168,23686614 -3295733,24909588 -1576817))
32744;POLYGON((21126350 1324005,21704978 902291,20765016 -489771,20235038 -11731,21126350 1324005))
32745;POLYGON((18029752 3429796,18504487 3124417,17822661 2032283,17383750 2379581,18029752 3429796))
32746;POLYGON((15479198 4950827,15871510 4730633,15379020 3861541,15012827 4112882,15479198 4950827))
32747;POLYGON((13360576 6046011,13687832 5887590,13332885 5184214,13024499 5365783,13360576 6046011))
32748;POLYGON((11581970 6833918,11858114 6719903,11602225 6139766,11339608 6271021,11581970 6833918))
32749;POLYGON((10069901 7401841,10306045 7319523,10120998 6831300,9894498 6926508,10069901 7401841))
32750;POLYGON((8766047 7813168,8970984 7753375,8836376 7334023,8638297 7403509,8766047 7813168))
32751;POLYGON((7624405 8113293,7805054 8069496,7706329 7702062,7530568 7753194,7624405 8113293))
32752;POLYGON((6608863 8334289,6770647 8301903,6697560 7973860,6539286 8011833,6608863 8334289))
32753;POLYGON((5691151 8498528,5838314 8474371,5783736 8176389,5639131 8204820,5691151 8498528))
32754;POLYGON((4849116 8621446,4984990 8603333,4944014 8328361,4810047 8349746,4849116 8621446))
32755;POLYGON((4065306 8713592,4192525 8700034,4161801 8442643,4036046 8458689,4065306 8713592))
32756;POLYGON((3325812 8782118,3446490 8772110,3423748 8528012,3304236 8539879,3325812 8782118))
32757;POLYGON((2619334 8831834,2735207 8824703,2718924 8590407,2604019 8598874,2619334 8831834))
32758;POLYGON((1936441 8865921,2048977 8861227,2038153 8633788,1926458 8639366,1936441 8865921))
32759;POLYGON((1268980 8886400,1379471 8883873,1373486 8660706,1263762 8663710,1268980 8886400))
32760;POLYGON((609600 8894421,719233 8893922,717758 8672655,608864 8673248,609600 8894421))
32601;POLYGON((-48636 -1109577,61280 -1108075,64237 -1329719,-44931 -1331506,-48636 -1109577))
32602;POLYGON((-712615 -1125813,-601255 -1122228,-593706 -1346548,-704268 -1350809,-712615 -1125813))
32603;POLYGON((-1389507 -1155186,-1275473 -1149317,-1262915 -1378740,-1376052 -1385712,-1389507 -1155186))
32604;POLYGON((-2087149 -1199404,-1969072 -1190902,-1950769 -1428115,-2067790 -1438204,-2087149 -1199404))
32605;POLYGON((-2814488 -1261218,-2690778 -1249538,-2665575 -1497645,-2787986 -1511483,-2814488 -1261218))
32606;POLYGON((-3582127 -1344830,-3450874 -1329146,-3417029 -1591872,-3546618 -1610413,-3582127 -1344830))
32607;POLYGON((-4403010 -1456512,-4261860 -1435601,-4216787 -1717571,-4355736 -1742222,-4403010 -1456512))
32608;POLYGON((-5293294 -1605540,-5139288 -1577596,-5079179 -1884718,-5230195 -1917547,-5293294 -1605540))
32609;POLYGON((-6273419 -1805523,-6102800 -1767906,-6022092 -2107907,-6188575 -2151921,-6273419 -1805523))
32610;POLYGON((-7369442 -2076253,-7177413 -2025138,-7068051 -2408297,-7254294 -2467837,-7369442 -2076253))
32611;POLYGON((-8614649 -2446212,-8395081 -2376119,-8245531 -2816282,-8456965 -2897544,-8614649 -2446212))
32612;POLYGON((-10051495 -2955890,-9796584 -2859068,-9590530 -3375010,-9834014 -3486731,-10051495 -2955890))
32613;POLYGON((-11733902 -3662088,-11433755 -3527720,-11148432 -4144971,-11432588 -4299307,-11733902 -3662088))
32614;POLYGON((-13729956 -4643385,-13372114 -4456590,-12976184 -5209836,-13311801 -5423478,-13729956 -4643385))
32615;POLYGON((-16125032 -6007009,-15693919 -5747589,-15144829 -6683800,-15545316 -6979357,-16125032 -6007009))
32616;POLYGON((-19025395 -7897302,-18501682 -7538208,-17742417 -8720652,-18224330 -9128352,-19025395 -7897302))
32617;POLYGON((-22562305 -10506063,-21922189 -10011533,-20877324 -11524866,-21460959 -12084618,-22562305 -10506063))
32618;POLYGON((-26896660 -14085003,-26111052 -13408325,-24682013 -15364985,-25392078 -16128858,-26896660 -14085003))
32619;POLYGON((-32224233 -18960620,-31257842 -18041474,-29317260 -20589616,-30183629 -21624778,-32224233 -18960620))
32620;POLYGON((-38781505 -25551789,-37591824 -24313112,-34976887 -27646369,-36035436 -29038557,-38781505 -25551789))
32621;POLYGON((-46852169 -34390378,-45388341 -32734704,-41893014 -37104084,-43186555 -38961651,-46852169 -34390378))
32622;POLYGON((-56774315 -46145247,-54975887 -43950458,-50341881 -49678720,-51921184 -52137337,-56774315 -46145247))
32623;POLYGON((-68948339 -61649978,-66743893 -58764407,-60650256 -66263308,-62575178 -69491374,-68948339 -61649978))
32624;POLYGON((-83845623 -81934716,-81151274 -78171539,-73202454 -87962362,-75543173 -92167208,-83845623 -81934716))
32625;POLYGON((-102018006 -108262514,-98735766 -103393360,-88448021 -116131195,-91286378 -121566146,-102018006 -108262514))
32626;POLYGON((-124108094 -142170600,-120124096 -135918315,-106910082 -152420597,-110341044 -159392966,-124108094 -142170600))
32627;POLYGON((-150860448 -185516996,-146043017 -177547483,-129194408 -198827327,-133327650 -207707436,-150860448 -185516996))
32628;POLYGON((-183133668 -240532941,-177331243 -230446000,-155999220 -257750942,-160960830 -268982245,-183133668 -240532941))
32629;POLYGON((-221913441 -309881587,-214952332 -297200673,-188125758 -332057459,-194060079 -346167848,-221913441 -309881587))
32630;POLYGON((-268326552 -396723456,-260008539 -380884283,-226489656 -425150384,-233561260 -442764791,-268326552 -396723456))
32631;POLYGON((237476338 -336713426,245089489 -350896971,213947059 -391797490,207466013 -376019803,237476338 -336713426))
32632;POLYGON((196284709 -261911459,202643290 -273230617,177771572 -305381207,172342866 -292782101,196284709 -261911459))
32633;POLYGON((161958828 -202437000,167248482 -211410684,147514788 -236552402,142984220 -226557126,161958828 -202437000))
32634;POLYGON((133467583 -155468728,137850646 -162533960,122300518 -182095105,118533110 -174219475,133467583 -155468728))
32635;POLYGON((109911509 -118638279,113529328 -124160998,101363085 -139306302,98241177 -133144770,109911509 -118638279))
32636;POLYGON((90509422 -89969350,93484518 -94254101,84036221 -105927427,81457699 -101142369,90509422 -89969350))
32637;POLYGON((74586016 -67823239,77024086 -71121823,69742756 -80083036,67619404 -76395194,74586016 -67823239))
32638;POLYGON((61560384 -50850341,63552152 -53369506,57985061 -60226143,56241046 -57406131,61560384 -50850341))
32639;POLYGON((50935420 -37947149,52558340 -39855391,48336231 -45089726,46906695 -42950503,50935420 -37947149))
32640;POLYGON((42288068 -28218311,43607896 -29651869,40431950 -33643881,39261729 -32034137,42288068 -28218311))
32641;POLYGON((35260385 -20943335,36332613 -22011431,33963046 -25058197,33005482 -23856551,35260385 -20943335))
32642;POLYGON((29551379 -15547533,30422541 -16336938,28668665 -18668873,27884537 -17778825,29551379 -15547533))
32643;POLYGON((24909588 -11576817,25618449 -12155799,24330071 -13950168,23686614 -13295733,24909588 -11576817))
32644;POLYGON((21126350 -8675994,21704978 -9097708,20765016 -10489771,20235038 -10011731,21126350 -8675994))
32645;POLYGON((18029752 -6570203,18504487 -6875582,17822661 -7967716,17383750 -7620418,18029752 -6570203))
32646;POLYGON((15479198 -5049172,15871510 -5269366,15379020 -6138458,15012827 -5887117,15479198 -5049172))
32647;POLYGON((13360576 -3953988,13687832 -4112409,13332885 -4815785,13024499 -4634216,13360576 -3953988))
32648;POLYGON((11581970 -3166081,11858114 -3280096,11602225 -3860233,11339608 -3728978,11581970 -3166081))
32649;POLYGON((10069901 -2598158,10306045 -2680476,10120998 -3168699,9894498 -3073491,10069901 -2598158))
32650;POLYGON((8766047 -2186831,8970984 -2246624,8836376 -2665976,8638297 -2596490,8766047 -2186831))
32651;POLYGON((7624405 -1886706,7805054 -1930503,7706329 -2297937,7530568 -2246805,7624405 -1886706))
32652;POLYGON((6608863 -1665710,6770647 -1698096,6697560 -2026139,6539286 -1988166,6608863 -1665710))
32653;POLYGON((5691151 -1501471,5838314 -1525628,5783736 -1823610,5639131 -1795179,5691151 -1501471))
32654;POLYGON((4849116 -1378553,4984990 -1396666,4944014 -1671638,4810047 -1650253,4849116 -1378553))
32655;POLYGON((4065306 -1286407,4192525 -1299965,4161801 -1557356,4036046 -1541310,4065306 -1286407))
32656;POLYGON((3325812 -1217881,3446490 -1227889,3423748 -1471987,3304236 -1460120,3325812 -1217881))
32657;POLYGON((2619334 -1168165,2735207 -1175296,2718924 -1409592,2604019 -1401125,2619334 -1168165))
32658;POLYGON((1936441 -1134078,2048977 -1138772,2038153 -1366211,1926458 -1360633,1936441 -1134078))
32659;POLYGON((1268980 -1113599,1379471 -1116126,1373486 -1339293,1263762 -1336289,1268980 -1113599))
32660;POLYGON((609600 -1105578,719233 -1106077,717758 -1327344,608864 -1326751,609600 -1105578))
