32701;POLYGON((27458 13551378,122043 13547434,114051 13325528,17453 13329329,27458 13551378))
32702;POLYGON((-541817 13593835,-446664 13584489,-466939 13361248,-564201 13370263,-541817 13593835))
32703;POLYGON((-1116040 13669825,-1019883 13654727,-1053222 13429036,-1151668 13443622,-1116040 13669825))
32704;POLYGON((-1697721 13782229,-1600157 13760801,-1647873 13531612,-1748002 13552363,-1697721 13782229))
32705;POLYGON((-2289061 13935416,-2189754 13906817,-2253783 13673214,-2356049 13701005,-2289061 13935416))
32706;POLYGON((-2891727 14135525,-2790448 14098593,-2873488 13859916,-2978260 13895966,-2891727 14135525))
32707;POLYGON((-3506520 14390854,-3403215 14344036,-3508905 14100078,-3616420 14146045,-3506520 14390854))
32708;POLYGON((-4132913 14712371,-4027785 14653628,-4160956 14404968,-4271235 14463065,-4132913 14712371))
32709;POLYGON((-4768421 15114372,-4662052 15041058,-4829042 14789571,-4941792 14862728,-4768421 15114372))
32710;POLYGON((-5407797 15615303,-5301294 15524014,-5510352 15273653,-5624829 15365718,-5407797 15615303))
32711;POLYGON((-6041999 16238785,-5937184 16125175,-6198972 15883107,-6313815 15999106,-6041999 16238785))
32712;POLYGON((-6656923 17014863,-6556559 16873417,-6884783 16651652,-6997806 16798107,-6656923 17014863))
32713;POLYGON((-7231861 17981526,-7139933 17805289,-7552104 17622938,-7660044 17808264,-7231861 17981526))
32714;POLYGON((-7737669 19186534,-7659707 18966779,-8178073 18853138,-8276290 19088125,-7737669 19186534))
32715;POLYGON((-8134595 20689590,-8078064 20415433,-8730724 20414089,-8812852 20712490,-8134595 20689590))
32716;POLYGON((-8369774 22564917,-8344513 22222856,-9166746 22397080,-9224288 22776306,-8369774 22564917))
32717;POLYGON((-8374327 24904285,-8393063 24477665,-9428900 24917374,-9450760 25399328,-8374327 24904285))
32718;POLYGON((-8060062 27820544,-8138987 27288924,-9443055 28119550,-9415007 28731606,-8060062 27820544))
32719;POLYGON((-7315732 31451721,-7475161 30790157,-9114834 32183788,-9018920 32959935,-7315732 31451721))
32720;POLYGON((-6002841 35965757,-6267942 35143960,-8325831 37333195,-8139690 38315369,-6002841 35965757))
32721;POLYGON((-3950952 41565929,-4352564 40547312,-6929385 43842294,-6625504 45081915,-3950952 41565929))
32722;POLYGON((-952479 48497054,-1528016 47237643,-4745876 52046803,-4290756 53606536,-952479 48497054))
32723;POLYGON((3243063 57052532,2448613 55499726,-1557526 62354829,-910766 64310602,3243063 57052532))
32724;POLYGON((8935384 67582315,7868366 65673493,2897328 75259630,3784036 77702920,8935384 67582315))
32725;POLYGON((16480339 80501882,15077230 78162835,8930510 91354072,10114485 94394492,16480339 80501882))
32726;POLYGON((26297480 96302315,24483593 93445483,16910852 111346950,18459624 115115159,26297480 96302315))
32727;POLYGON((38878265 115561554,36566328 112084066,27271648 136081321,29264258 140732289,38878265 115561554))
32728;POLYGON((54794941 138956939,51883571 134738429,40518732 166555023,43047140 172271676,54794941 138956939))
32729;POLYGON((74710142 167279127,71082194 162179315,57239202 203943551,60409810 210940821,74710142 167279127))
32730;POLYGON((99387228 201447499,94908018 195303515,78110828 249625463,82046112 258154786,99387228 201447499))
32731;POLYGON((-81365932 177969582,-85401507 183569598,-69646511 233382389,-66109947 225652992,-81365932 177969582))
32732;POLYGON((-59953540 147807649,-63207503 152447930,-50239916 190631773,-47404673 184303849,-59953540 147807649))
32733;POLYGON((-42782402 122863872,-45380438 126695641,-34747870 155690780,-32499722 150531736,-42782402 122863872))
32734;POLYGON((-29157496 102306474,-31208654 105459736,-22523916 127251528,-20763878 123062967,-29157496 102306474))
32735;POLYGON((-18477546 85421959,-20075956 88008046,-13009052 104200435,-11651807 100813891,-18477546 85421959))
32736;POLYGON((-10225189 71600713,-11451646 73714581,-5722564 85593678,-4694996 82866768,-10225189 71600713))
32737;POLYGON((-3957847 60324015,-4881287 62046316,-253510 70635123,506647 68448095,-3957847 60324015))
32738;POLYGON((700696 51152360,21841 52551303,3747141 58656551,4292560 56909204,700696 51152360))
32739;POLYGON((4068066 43715003,3584617 44848012,6573761 49100019,6948666 47708954,4068066 43715003))
32740;POLYGON((6410423 37700628,6081310 38615826,8472715 41502170,8713934 40398359,6410423 37700628))
32741;POLYGON((7948987 32849049,7740202 33586574,9648453 35480365,9786382 34607001,7948987 32849049))
32742;POLYGON((8865973 28943872,8749620 29537033,10269053 30720456,10328532 30031066,8865973 28943872))
32743;POLYGON((9309978 25806017,9263413 26282319,10471262 26966079,10472359 26422880,9309978 25806017))
32744;POLYGON((9400841 23288044,9405897 23670082,10365027 24009319,10323756 23581784,9400841 23288044))
32745;POLYGON((9234002 21269196,9276296 21575434,10037580 21682623,9966531 21346246,9234002 21269196))
32746;POLYGON((8884390 19651097,8952707 19896541,9557067 19851833,9465976 19587069,8884390 19651097))
32747;POLYGON((8409867 18354033,8495615 18550814,8975774 18410230,8872018 18201592,8409867 18354033))
32748;POLYGON((7854258 17313769,7950990 17471639,8332962 17273471,8221994 17108769,7854258 17313769))
32749;POLYGON((7249986 16478826,7352990 16605581,7657328 16375329,7543060 16245025,7249986 16478826))
32750;POLYGON((6620351 15808175,6726291 15910014,6969144 15664126,6854267 15560807,6620351 15808175))
32751;POLYGON((5981474 15269307,6088088 15351129,6282069 15099784,6168329 15017720,5981474 15269307))
32752;POLYGON((5343929 14836612,5449780 14902266,5604685 14651405,5493110 14586196,5343929 14836612))
32753;POLYGON((4714105 14490041,4818368 14542532,4941757 14295308,4832846 14243594,4714105 14490041))
32754;POLYGON((4095304 14214018,4197603 14255671,4295271 14013457,4189146 13972687,4095304 14214018))
32755;POLYGON((3488630 13996545,3588903 14029143,3665253 13792208,3561773 13760465,3488630 13996545))
32756;POLYGON((2893665 13828497,2992063 13853387,3050396 13621345,2949251 13597203,2893665 13828497))
32757;POLYGON((2308988 13703065,2405801 13721240,2448542 13493328,2349315 13475750,2308988 13703065))
32758;POLYGON((1732546 13615325,1828148 13627491,1857014 13402738,1759224 13390996,1732546 13615325))
32759;POLYGON((1161912 13561928,1256725 13568543,1272843 13345873,1175979 13339497,1161912 13561928))
32760;POLYGON((594457 13540872,688927 13542183,692915 13320469,596450 13319206,594457 13540872))
32601;POLYGON((27458 3551378,122043 3547434,114051 3325528,17453 3329329,27458 3551378))
32602;POLYGON((-541817 3593835,-446664 3584489,-466939 3361248,-564201 3370263,-541817 3593835))
32603;POLYGON((-1116040 3669825,-1019883 3654727,-1053222 3429036,-1151668 3443622,-1116040 3669825))
32604;POLYGON((-1697721 3782229,-1600157 3760801,-1647873 3531612,-1748002 3552363,-1697721 3782229))
32605;POLYGON((-2289061 3935416,-2189754 3906817,-2253783 3673214,-2356049 3701005,-2289061 3935416))
32606;POLYGON((-2891727 4135525,-2790448 4098593,-2873488 3859916,-2978260 3895966,-2891727 4135525))
32607;POLYGON((-3506520 4390854,-3403215 4344036,-3508905 4100078,-3616420 4146045,-3506520 4390854))
32608;POLYGON((-4132913 4712371,-4027785 4653628,-4160956 4404968,-4271235 4463065,-4132913 4712371))
32609;POLYGON((-4768421 5114372,-4662052 5041058,-4829042 4789571,-4941792 4862728,-4768421 5114372))
32610;POLYGON((-5407797 5615303,-5301294 5524014,-5510352 5273653,-5624829 5365718,-5407797 5615303))
32611;POLYGON((-6041999 6238785,-5937184 6125175,-6198972 5883107,-6313815 5999106,-6041999 6238785))
32612;POLYGON((-6656923 7014863,-6556559 6873417,-6884783 6651652,-6997806 6798107,-6656923 7014863))
32613;POLYGON((-7231861 7981526,-7139933 7805289,-7552104 7622938,-7660044 7808264,-7231861 7981526))
32614;POLYGON((-7737669 9186534,-7659707 8966779,-8178073 8853138,-8276290 9088125,-7737669 9186534))
32615;POLYGON((-8134595 10689590,-8078064 10415433,-8730724 10414089,-8812852 10712490,-8134595 10689590))
32616;POLYGON((-8369774 12564917,-8344513 12222856,-9166746 12397080,-9224288 12776306,-8369774 12564917))
32617;POLYGON((-8374327 14904285,-8393063 14477665,-9428900 14917374,-9450760 15399328,-8374327 14904285))
32618;POLYGON((-8060062 17820544,-8138987 17288924,-9443055 18119550,-9415007 18731606,-8060062 17820544))
32619;POLYGON((-7315732 21451721,-7475161 20790157,-9114834 22183788,-9018920 22959935,-7315732 21451721))
32620;POLYGON((-6002841 25965757,-6267942 25143960,-8325831 27333195,-8139690 28315369,-6002841 25965757))
32621;POLYGON((-3950952 31565929,-4352564 30547312,-6929385 33842294,-6625504 35081915,-3950952 31565929))
32622;POLYGON((-952479 38497054,-1528016 37237643,-4745876 42046803,-4290756 43606536,-952479 38497054))
32623;POLYGON((3243063 47052532,2448613 45499726,-1557526 52354829,-910766 54310602,3243063 47052532))
32624;POLYGON((8935384 57582315,7868366 55673493,2897328 65259630,3784036 67702920,8935384 57582315))
32625;POLYGON((16480339 70501882,15077230 68162835,8930510 81354072,10114485 84394492,16480339 70501882))
32626;POLYGON((26297480 86302315,24483593 83445483,16910852 101346950,18459624 105115159,26297480 86302315))
32627;POLYGON((38878265 105561554,36566328 102084066,27271648 126081321,29264258 130732289,38878265 105561554))
32628;POLYGON((54794941 128956939,51883571 124738429,40518732 156555023,43047140 162271676,54794941 128956939))
32629;POLYGON((74710142 157279127,71082194 152179315,57239202 193943551,60409810 200940821,74710142 157279127))
32630;POLYGON((99387228 191447499,94908018 185303515,78110828 239625463,82046112 248154786,99387228 191447499))
32631;POLYGON((-81365932 167969582,-85401507 173569598,-69646511 223382389,-66109947 215652992,-81365932 167969582))
32632;POLYGON((-59953540 137807649,-63207503 142447930,-50239916 180631773,-47404673 174303849,-59953540 137807649))
32633;POLYGON((-42782402 112863872,-45380438 116695641,-34747870 145690780,-32499722 140531736,-42782402 112863872))
32634;POLYGON((-29157496 92306474,-31208654 95459736,-22523916 117251528,-20763878 113062967,-29157496 92306474))
32635;POLYGON((-18477546 75421959,-20075956 78008046,-13009052 94200435,-11651807 90813891,-18477546 75421959))
32636;POLYGON((-10225189 61600713,-11451646 63714581,-5722564 75593678,-4694996 72866768,-10225189 61600713))
32637;POLYGON((-3957847 50324015,-4881287 52046316,-253510 60635123,506647 58448095,-3957847 50324015))
32638;POLYGON((700696 41152360,21841 42551303,3747141 48656551,4292560 46909204,700696 41152360))
32639;POLYGON((4068066 33715003,3584617 34848012,6573761 39100019,6948666 37708954,4068066 33715003))
32640;POLYGON((6410423 27700628,6081310 28615826,8472715 31502170,8713934 30398359,6410423 27700628))
32641;POLYGON((7948987 22849049,7740202 23586574,9648453 25480365,9786382 24607001,7948987 22849049))
32642;POLYGON((8865973 18943872,8749620 19537033,10269053 20720456,10328532 20031066,8865973 18943872))
32643;POLYGON((9309978 15806017,9263413 16282319,10471262 16966079,10472359 16422880,9309978 15806017))
32644;POLYGON((9400841 13288044,9405897 13670082,10365027 14009319,10323756 13581784,9400841 13288044))
32645;POLYGON((9234002 11269196,9276296 11575434,10037580 11682623,9966531 11346246,9234002 11269196))
32646;POLYGON((8884390 9651097,8952707 9896541,9557067 9851833,9465976 9587069,8884390 9651097))
32647;POLYGON((8409867 8354033,8495615 8550814,8975774 8410230,8872018 8201592,8409867 8354033))
32648;POLYGON((7854258 7313769,7950990 7471639,8332962 7273471,8221994 7108769,7854258 7313769))
32649;POLYGON((7249986 6478826,7352990 6605581,7657328 6375329,7543060 6245025,7249986 6478826))
32650;POLYGON((6620351 5808175,6726291 5910014,6969144 5664126,6854267 5560807,6620351 5808175))
32651;POLYGON((5981474 5269307,6088088 5351129,6282069 5099784,6168329 5017720,5981474 5269307))
32652;POLYGON((5343929 4836612,5449780 4902266,5604685 4651405,5493110 4586196,5343929 4836612))
32653;POLYGON((4714105 4490041,4818368 4542532,4941757 4295308,4832846 4243594,4714105 4490041))
32654;POLYGON((4095304 4214018,4197603 4255671,4295271 4013457,4189146 3972687,4095304 4214018))
32655;POLYGON((3488630 3996545,3588903 4029143,3665253 3792208,3561773 3760465,3488630 3996545))
32656;POLYGON((2893665 3828497,2992063 3853387,3050396 3621345,2949251 3597203,2893665 3828497))
32657;POLYGON((2308988 3703065,2405801 3721240,2448542 3493328,2349315 3475750,2308988 3703065))
32658;POLYGON((1732546 3615325,1828148 3627491,1857014 3402738,1759224 3390996,1732546 3615325))
32659;POLYGON((1161912 3561928,1256725 3568543,1272843 3345873,1175979 3339497,1161912 3561928))
32660;POLYGON((594457 3540872,688927 3542183,692915 3320469,596450 3319206,594457 3540872))
