32701;POLYGON((38039 13773444,130495 13769375,122043 13547434,27458 13551378,38039 13773444))
32702;POLYGON((-518166 13817215,-425239 13807583,-446664 13584489,-541817 13593835,-518166 13817215))
32703;POLYGON((-1078461 13895451,-984707 13879917,-1019883 13654727,-1116040 13669825,-1078461 13895451))
32704;POLYGON((-1644822 14010928,-1549933 13988937,-1600157 13760801,-1697721 13782229,-1644822 14010928))
32705;POLYGON((-2218835 14167819,-2122584 14138571,-2189754 13906817,-2289061 13935416,-2218835 14167819))
32706;POLYGON((-2801433 14371921,-2703725 14334324,-2790448 14098593,-2891727 14135525,-2801433 14371921))
32707;POLYGON((-3392529 14630953,-3293468 14583573,-3403215 14344036,-3506520 14390854,-3392529 14630953))
32708;POLYGON((-3990508 14954934,-3890496 14895923,-4027785 14653628,-4132913 14712371,-3990508 14954934))
32709;POLYGON((-4591555 15356647,-4491415 15283659,-4662052 15041058,-4768421 15114372,-4591555 15356647))
32710;POLYGON((-5188789 15852191,-5089923 15762286,-5301294 15524014,-5407797 15615303,-5188789 15852191))
32711;POLYGON((-5771172 16461637,-5675763 16351164,-5937184 16125175,-6041999 16238785,-5771172 16461637))
32712;POLYGON((-6322167 17209795,-6233417 17074254,-6556559 16873417,-6656923 17014863,-6322167 17209795))
32713;POLYGON((-6818120 18127098,-6740545 17960984,-7139933 17805289,-7231861 17981526,-6818120 18127098))
32714;POLYGON((-7226327 19250618,-7166096 19047245,-7659707 18966779,-7737669 19186534,-7226327 19250618))
32715;POLYGON((-7502768 20625233,-7468112 20376525,-8078064 20415433,-8134595 20689590,-7502768 20625233))
32716;POLYGON((-7589480 22304945,-7591151 22001206,-8344513 22222856,-8369774 22564917,-7589480 22304945))
32717;POLYGON((-7411525 24354380,-7463332 23984032,-8393063 24477665,-8374327 24904285,-7411525 24354380))
32718;POLYGON((-6873548 26850471,-6992961 26399761,-8138987 27288924,-8060062 27820544,-6873548 26850471))
32719;POLYGON((-5855874 29884359,-6064707 29337022,-7475161 30790157,-7315732 31451721,-5855874 29884359))
32720;POLYGON((-4210135 33563510,-4535310 32900403,-6267942 35143960,-6002841 35965757,-4210135 33563510))
32721;POLYGON((-1754385 38014084,-2228781 37212775,-4352564 40547312,-3950952 41565929,-1754385 38014084))
32722;POLYGON((1732324 43383576,1068927 42417880,-1528016 47237643,-952479 48497054,1732324 43383576))
32723;POLYGON((6515927 49843734,5615811 48683209,2448613 55499726,3243063 57052532,6515927 49843734))
32724;POLYGON((12913920 57593801,11720290 56203183,7868366 65673493,8935384 67582315,12913920 57593801))
32725;POLYGON((21302565 66864088,19748306 65202672,15077230 78162835,16480339 80501882,21302565 66864088))
32726;POLYGON((32124736 77919911,30131055 75940869,24483593 93445483,26297480 96302315,32124736 77919911))
32727;POLYGON((45898447 91065917,43373409 88715546,36566328 112084066,38878265 115561554,45898447 91065917))
32728;POLYGON((63226092 106650821,60063023 103867728,51883571 134738429,54794941 138956939,63226092 106650821))
32729;POLYGON((84804407 125072600,80880187 121786800,71082194 162179315,74710142 167279127,84804407 125072600))
32730;POLYGON((111435209 146784148,106608427 142916090,94908018 195303515,99387228 201447499,111435209 146784148))
32731;POLYGON((-92077114 131920190,-96433719 135486536,-85401507 183569598,-81365932 177969582,-92077114 131920190))
32732;POLYGON((-68909240 112455028,-72436396 115480152,-63207503 152447930,-59953540 147807649,-68909240 112455028))
32733;POLYGON((-50247082 95971309,-53076815 98529851,-45380438 126695641,-42782402 122863872,-50247082 95971309))
32734;POLYGON((-35360105 82053405,-37607090 84210938,-31208654 105459736,-29157496 102306474,-35360105 82053405))
32735;POLYGON((-23615614 70336778,-25378949 72150742,-20075956 88008046,-18477546 85421959,-23615614 70336778))
32736;POLYGON((-14468531 60502641,-15833389 62023203,-11451646 73714581,-10225189 71600713,-14468531 60502641))
32737;POLYGON((-7451915 52273068,-8491074 53543906,-4881287 62046316,-3957847 60324015,-7451915 52273068))
32738;POLYGON((-2168207 45406536,-2943460 46465553,21841 52551303,700696 51152360,-2168207 45406536))
32739;POLYGON((1718846 39693860,1155393 40573836,3584617 44848012,4068066 43715003,1718846 39693860))
32740;POLYGON((4491607 34954503,4096340 35683683,6081310 38615826,6410423 37700628,4491607 34954503))
32741;POLYGON((6385324 31033226,6122036 31635859,7740202 33586574,7948987 32849049,6385324 31033226))
32742;POLYGON((7594314 27797063,7433219 28293883,8749620 29537033,8865973 28943872,7594314 27797063))
32743;POLYGON((8277572 25132593,8194400 25541254,9263413 26282319,9309978 25806017,8277572 25132593))
32744;POLYGON((8563823 22943481,8539024 23278949,9405897 23670082,9400841 23288044,8563823 22943481))
32745;POLYGON((8556074 21148280,8574088 21423181,9276296 21575434,9234002 21269196,8556074 21148280))
32746;POLYGON((8335663 19678458,8384281 19903394,8952707 19896541,8884390 19651097,8335663 19678458))
32747;POLYGON((7965856 18476648,8035649 18660473,8495615 18550814,8409867 18354033,7965856 18476648))
32748;POLYGON((7495009 17495085,7578831 17645155,7950990 17471639,7854258 17313769,7495009 17495085))
32749;POLYGON((6959329 16694232,7051884 16816618,7352990 16605581,7249986 16478826,6959329 16694232))
32750;POLYGON((6385256 16041564,6482724 16141246,6726291 15910014,6620351 15808175,6385256 16041564))
32751;POLYGON((5791505 15510500,5891227 15591537,6088088 15351129,5981474 15269307,5791505 15510500))
32752;POLYGON((5190783 15079481,5290995 15145153,5449780 14902266,5343929 14836612,5190783 15079481))
32753;POLYGON((4591226 14731161,4690836 14784097,4818368 14542532,4714105 14490041,4591226 14731161))
32754;POLYGON((3997563 14451718,4095977 14494003,4197603 14255671,4095304 14214018,3997563 14451718))
32755;POLYGON((3412059 14230269,3509037 14263535,3588903 14029143,3488630 13996545,3412059 14230269))
32756;POLYGON((2835247 14058373,2930794 14083876,2992063 13853387,2893665 13828497,2835247 14058373))
32757;POLYGON((2266485 13929630,2360772 13948309,2405801 13721240,2308988 13703065,2266485 13929630))
32758;POLYGON((1704373 13839354,1797672 13851882,1828148 13627491,1732546 13615325,1704373 13839354))
32759;POLYGON((1147040 13784324,1239686 13791145,1256725 13568543,1161912 13561928,1147040 13784324))
32760;POLYGON((592349 13762606,684709 13763959,688927 13542183,594457 13540872,592349 13762606))
32601;POLYGON((38039 3773444,130495 3769375,122043 3547434,27458 3551378,38039 3773444))
32602;POLYGON((-518166 3817215,-425239 3807583,-446664 3584489,-541817 3593835,-518166 3817215))
32603;POLYGON((-1078461 3895451,-984707 3879917,-1019883 3654727,-1116040 3669825,-1078461 3895451))
32604;POLYGON((-1644822 4010928,-1549933 3988937,-1600157 3760801,-1697721 3782229,-1644822 4010928))
32605;POLYGON((-2218835 4167819,-2122584 4138571,-2189754 3906817,-2289061 3935416,-2218835 4167819))
32606;POLYGON((-2801433 4371921,-2703725 4334324,-2790448 4098593,-2891727 4135525,-2801433 4371921))
32607;POLYGON((-3392529 4630953,-3293468 4583573,-3403215 4344036,-3506520 4390854,-3392529 4630953))
32608;POLYGON((-3990508 4954934,-3890496 4895923,-4027785 4653628,-4132913 4712371,-3990508 4954934))
32609;POLYGON((-4591555 5356647,-4491415 5283659,-4662052 5041058,-4768421 5114372,-4591555 5356647))
32610;POLYGON((-5188789 5852191,-5089923 5762286,-5301294 5524014,-5407797 5615303,-5188789 5852191))
32611;POLYGON((-5771172 6461637,-5675763 6351164,-5937184 6125175,-6041999 6238785,-5771172 6461637))
32612;POLYGON((-6322167 7209795,-6233417 7074254,-6556559 6873417,-6656923 7014863,-6322167 7209795))
32613;POLYGON((-6818120 8127098,-6740545 7960984,-7139933 7805289,-7231861 7981526,-6818120 8127098))
32614;POLYGON((-7226327 9250618,-7166096 9047245,-7659707 8966779,-7737669 9186534,-7226327 9250618))
32615;POLYGON((-7502768 10625233,-7468112 10376525,-8078064 10415433,-8134595 10689590,-7502768 10625233))
32616;POLYGON((-7589480 12304945,-7591151 12001206,-8344513 12222856,-8369774 12564917,-7589480 12304945))
32617;POLYGON((-7411525 14354380,-7463332 13984032,-8393063 14477665,-8374327 14904285,-7411525 14354380))
32618;POLYGON((-6873548 16850471,-6992961 16399761,-8138987 17288924,-8060062 17820544,-6873548 16850471))
32619;POLYGON((-5855874 19884359,-6064707 19337022,-7475161 20790157,-7315732 21451721,-5855874 19884359))
32620;POLYGON((-4210135 23563510,-4535310 22900403,-6267942 25143960,-6002841 25965757,-4210135 23563510))
32621;POLYGON((-1754385 28014084,-2228781 27212775,-4352564 30547312,-3950952 31565929,-1754385 28014084))
32622;POLYGON((1732324 33383576,1068927 32417880,-1528016 37237643,-952479 38497054,1732324 33383576))
32623;POLYGON((6515927 39843734,5615811 38683209,2448613 45499726,3243063 47052532,6515927 39843734))
32624;POLYGON((12913920 47593801,11720290 46203183,7868366 55673493,8935384 57582315,12913920 47593801))
32625;POLYGON((21302565 56864088,19748306 55202672,15077230 68162835,16480339 70501882,21302565 56864088))
32626;POLYGON((32124736 67919911,30131055 65940869,24483593 83445483,26297480 86302315,32124736 67919911))
32627;POLYGON((45898447 81065917,43373409 78715546,36566328 102084066,38878265 105561554,45898447 81065917))
32628;POLYGON((63226092 96650821,60063023 93867728,51883571 124738429,54794941 128956939,63226092 96650821))
32629;POLYGON((84804407 115072600,80880187 111786800,71082194 152179315,74710142 157279127,84804407 115072600))
32630;POLYGON((111435209 136784148,106608427 132916090,94908018 185303515,99387228 191447499,111435209 136784148))
32631;POLYGON((-92077114 121920190,-96433719 125486536,-85401507 173569598,-81365932 167969582,-92077114 121920190))
32632;POLYGON((-68909240 102455028,-72436396 105480152,-63207503 142447930,-59953540 137807649,-68909240 102455028))
32633;POLYGON((-50247082 85971309,-53076815 88529851,-45380438 116695641,-42782402 112863872,-50247082 85971309))
32634;POLYGON((-35360105 72053405,-37607090 74210938,-31208654 95459736,-29157496 92306474,-35360105 72053405))
32635;POLYGON((-23615614 60336778,-25378949 62150742,-20075956 78008046,-18477546 75421959,-23615614 60336778))
32636;POLYGON((-14468531 50502641,-15833389 52023203,-11451646 63714581,-10225189 61600713,-14468531 50502641))
32637;POLYGON((-7451915 42273068,-8491074 43543906,-4881287 52046316,-3957847 50324015,-7451915 42273068))
32638;POLYGON((-2168207 35406536,-2943460 36465553,21841 42551303,700696 41152360,-2168207 35406536))
32639;POLYGON((1718846 29693860,1155393 30573836,3584617 34848012,4068066 33715003,1718846 29693860))
32640;POLYGON((4491607 24954503,4096340 25683683,6081310 28615826,6410423 27700628,4491607 24954503))
32641;POLYGON((6385324 21033226,6122036 21635859,7740202 23586574,7948987 22849049,6385324 21033226))
32642;POLYGON((7594314 17797063,7433219 18293883,8749620 19537033,8865973 18943872,7594314 17797063))
32643;POLYGON((8277572 15132593,8194400 15541254,9263413 16282319,9309978 15806017,8277572 15132593))
32644;POLYGON((8563823 12943481,8539024 13278949,9405897 13670082,9400841 13288044,8563823 12943481))
32645;POLYGON((8556074 11148280,8574088 11423181,9276296 11575434,9234002 11269196,8556074 11148280))
32646;POLYGON((8335663 9678458,8384281 9903394,8952707 9896541,8884390 9651097,8335663 9678458))
32647;POLYGON((7965856 8476648,8035649 8660473,8495615 8550814,8409867 8354033,7965856 8476648))
32648;POLYGON((7495009 7495085,7578831 7645155,7950990 7471639,7854258 7313769,7495009 7495085))
32649;POLYGON((6959329 6694232,7051884 6816618,7352990 6605581,7249986 6478826,6959329 6694232))
32650;POLYGON((6385256 6041564,6482724 6141246,6726291 5910014,6620351 5808175,6385256 6041564))
32651;POLYGON((5791505 5510500,5891227 5591537,6088088 5351129,5981474 5269307,5791505 5510500))
32652;POLYGON((5190783 5079481,5290995 5145153,5449780 4902266,5343929 4836612,5190783 5079481))
32653;POLYGON((4591226 4731161,4690836 4784097,4818368 4542532,4714105 4490041,4591226 4731161))
32654;POLYGON((3997563 4451718,4095977 4494003,4197603 4255671,4095304 4214018,3997563 4451718))
32655;POLYGON((3412059 4230269,3509037 4263535,3588903 4029143,3488630 3996545,3412059 4230269))
32656;POLYGON((2835247 4058373,2930794 4083876,2992063 3853387,2893665 3828497,2835247 4058373))
32657;POLYGON((2266485 3929630,2360772 3948309,2405801 3721240,2308988 3703065,2266485 3929630))
32658;POLYGON((1704373 3839354,1797672 3851882,1828148 3627491,1732546 3615325,1704373 3839354))
32659;POLYGON((1147040 3784324,1239686 3791145,1256725 3568543,1161912 3561928,1147040 3784324))
32660;POLYGON((592349 3762606,684709 3763959,688927 3542183,594457 3540872,592349 3762606))
