32701;POLYGON((309329 17773697,347409 17770880,332878 17548275,291166 17551319,309329 17773697))
32702;POLYGON((82096 17803713,119774 17797150,83482 17576675,42185 17583772,82096 17803713))
32703;POLYGON((-141577 17856129,-104629 17845845,-162579 17629360,-203121 17640495,-141577 17856129))
32704;POLYGON((-359693 17930746,-323813 17916780,-403234 17706212,-442667 17721356,-359693 17930746))
32705;POLYGON((-570186 18027242,-535723 18009658,-636311 17807012,-674262 17826118,-570186 18027242))
32706;POLYGON((-770914 18145136,-738231 18124027,-859521 17931403,-895596 17954393,-770914 18145136))
32707;POLYGON((-959659 18283742,-929130 18259239,-1070445 18078822,-1104228 18105577,-959659 18283742))
32708;POLYGON((-1134141 18442116,-1106149 18414397,-1266538 18248435,-1297593 18278784,-1134141 18442116))
32709;POLYGON((-1292052 18619000,-1266982 18588298,-1445152 18439050,-1473031 18472754,-1292052 18619000))
32710;POLYGON((-1431112 18812756,-1409339 18779373,-1603580 18649026,-1627833 18685760,-1431112 18812756))
32711;POLYGON((-1549141 19021312,-1531017 18985627,-1739132 18876170,-1759316 18915507,-1549141 19021312))
32712;POLYGON((-1644166 19242102,-1630000 19204579,-1849226 19117631,-1864931 19159024,-1644166 19242102))
32713;POLYGON((-1714551 19472018,-1704587 19433214,-1931524 19369785,-1942395 19412547,-1714551 19472018))
32714;POLYGON((-1759168 19707374,-1753550 19667945,-1984098 19628121,-1989867 19671407,-1759168 19707374))
32715;POLYGON((-1777594 19943884,-1776333 19904586,-2005632 19887130,-2006157 19929915,-1777594 19943884))
32716;POLYGON((-1770348 20176663,-1773282 20138350,-1995674 20140184,-1990982 20181249,-1770348 20176663))
32717;POLYGON((-1739182 20400250,-1745919 20363872,-1954921 20379439,-1945263 20417350,-1739182 20400250))
32718;POLYGON((-1687395 20608674,-1697263 20575257,-1885563 20595731,-1871478 20628827,-1687395 20608674))
32719;POLYGON((-1620216 20795545,-1632192 20766177,-1791678 20778495,-1774057 20804872,-1620216 20795545))
32720;POLYGON((-1545222 20954198,-1557861 20930002,-1679672 20915690,-1659845 20933195,-1545222 20954198))
32721;POLYGON((-1472820 21077888,-1484168 21059984,-1558789 20993753,-1538611 20999976,-1472820 21077888))
32722;POLYGON((-1416776 21160042,-1424282 21149501,-1441678 20997571,-1423633 20989842,-1416776 21160042))
32723;POLYGON((-1394814 21194578,-1395222 21192364,-1345025 20910481,-1332333 20885872,-1394814 21194578))
32724;POLYGON((-1429270 21176304,-1418507 21183200,-1290252 20714299,-1286997 20669639,-1429270 21176304))
32725;POLYGON((-1547814 21101389,-1520865 21117917,-1304289 20389399,-1315555 20321281,-1547814 21101389))
32726;POLYGON((-1784241 20967942,-1735012 20994255,-1420423 19914813,-1452438 19819623,-1784241 20967942))
32727;POLYGON((-2179331 20776681,-2100502 20812446,-1679222 19268396,-1739524 19142343,-2179331 20776681))
32728;POLYGON((-2781790 20531717,-2664651 20575977,-2129538 18427033,-2227152 18266188,-2781790 20531717))
32729;POLYGON((-3649261 20241461,-3483539 20292473,-2829606 17366905,-2975230 17167251,-3649261 20241461))
32730;POLYGON((-4849422 19919665,-4623091 19974717,-3848216 16063821,-4054429 15821319,-4849422 19919665))
32731;POLYGON((5008696 20136846,5203102 20083407,4468567 16526675,4294347 16747249,5008696 20136846))
32732;POLYGON((4038376 20439439,4178418 20391529,3564485 17746078,3444316 17925822,4038376 20439439))
32733;POLYGON((3354457 20700676,3451258 20660498,2954764 18730607,2877034 18873559,3354457 20700676))
32734;POLYGON((2896075 20910487,2959106 20879371,2574271 19504371,2529143 19614509,2896075 20910487))
32735;POLYGON((2611664 21063435,2648918 21042007,2368024 20090985,2347241 20172176,2611664 21063435))
32736;POLYGON((2457907 21157765,2476073 21146097,2290050 20513270,2286748 20569220,2457907 21157765))
32737;POLYGON((2398782 21194577,2403395 21192320,2302316 20792997,2310859 20827220,2398782 21194577))
32738;POLYGON((2404667 21177124,2400255 21183613,2373753 20950703,2389575 20966491,2404667 21177124))
32739;POLYGON((2451533 21110202,2441745 21124553,2479356 21005545,2498821 21005948,2451533 21110202))
32740;POLYGON((2520195 20999644,2507922 21020832,2599365 20975203,2619636 20963021,2520195 20999644))
32741;POLYGON((2595636 20851898,2583118 20878821,2718514 20875827,2737435 20853600,2595636 20851898))
32742;POLYGON((2666391 20673684,2655316 20705216,2825356 20722011,2841347 20692021,2666391 20673684))
32743;POLYGON((2723996 20471718,2715589 20506749,2911653 20526808,2923612 20491082,2723996 20471718))
32744;POLYGON((2762490 20252498,2757590 20289968,2971826 20301758,2979049 20262077,2762490 20252498))
32745;POLYGON((2777973 20022150,2777103 20061068,3002477 20056952,3004577 20014862,2777973 20022150))
32746;POLYGON((2768217 19786312,2771648 19825777,3001952 19801104,2998797 19757928,2768217 19786312))
32747;POLYGON((2732324 19550065,2740126 19589270,2969972 19541641,2961626 19498500,2732324 19550065))
32748;POLYGON((2670433 19317896,2682523 19356135,2907309 19284804,2893982 19242631,2670433 19317896))
32749;POLYGON((2583461 19093691,2599641 19130358,2815508 19035760,2797515 18995318,2583461 19093691))
32750;POLYGON((2472895 18880746,2492885 18915332,2696653 18798709,2674381 18760614,2472895 18880746))
32751;POLYGON((2340611 18681803,2364079 18713887,2553181 18577006,2527059 18541741,2340611 18681803))
32752;POLYGON((2188733 18499093,2215312 18528337,2387722 18373269,2358198 18341209,2188733 18499093))
32753;POLYGON((2019518 18334392,2048826 18360529,2202983 18189497,2170509 18160920,2019518 18334392))
32754;POLYGON((1835272 18189077,1866926 18211902,2001657 18027169,1966675 18002279,1835272 18189077))
32755;POLYGON((1638288 18064192,1671907 18083552,1786361 17887348,1749298 17866289,1638288 18064192))
32756;POLYGON((1430808 17960501,1466024 17976285,1559599 17770770,1520860 17753637,1430808 17960501))
32757;POLYGON((1215000 17878548,1251457 17890679,1323748 17677921,1283716 17664776,1215000 17878548))
32758;POLYGON((992954 17818704,1030308 17827131,1081055 17609106,1040092 17599988,992954 17818704))
32759;POLYGON((766689 17781205,804609 17785896,833655 17564506,792109 17559435,766689 17781205))
32760;POLYGON((538169 17766186,576330 17767125,583597 17544217,541803 17543202,538169 17766186))
32601;POLYGON((309329 7773697,347409 7770880,332878 7548275,291166 7551319,309329 7773697))
32602;POLYGON((82096 7803713,119774 7797150,83482 7576675,42185 7583772,82096 7803713))
32603;POLYGON((-141577 7856129,-104629 7845845,-162579 7629360,-203121 7640495,-141577 7856129))
32604;POLYGON((-359693 7930746,-323813 7916780,-403234 7706212,-442667 7721356,-359693 7930746))
32605;POLYGON((-570186 8027242,-535723 8009658,-636311 7807012,-674262 7826118,-570186 8027242))
32606;POLYGON((-770914 8145136,-738231 8124027,-859521 7931403,-895596 7954393,-770914 8145136))
32607;POLYGON((-959659 8283742,-929130 8259239,-1070445 8078822,-1104228 8105577,-959659 8283742))
32608;POLYGON((-1134141 8442116,-1106149 8414397,-1266538 8248435,-1297593 8278784,-1134141 8442116))
32609;POLYGON((-1292052 8619000,-1266982 8588298,-1445152 8439050,-1473031 8472754,-1292052 8619000))
32610;POLYGON((-1431112 8812756,-1409339 8779373,-1603580 8649026,-1627833 8685760,-1431112 8812756))
32611;POLYGON((-1549141 9021312,-1531017 8985627,-1739132 8876170,-1759316 8915507,-1549141 9021312))
32612;POLYGON((-1644166 9242102,-1630000 9204579,-1849226 9117631,-1864931 9159024,-1644166 9242102))
32613;POLYGON((-1714551 9472018,-1704587 9433214,-1931524 9369785,-1942395 9412547,-1714551 9472018))
32614;POLYGON((-1759168 9707374,-1753550 9667945,-1984098 9628121,-1989867 9671407,-1759168 9707374))
32615;POLYGON((-1777594 9943884,-1776333 9904586,-2005632 9887130,-2006157 9929915,-1777594 9943884))
32616;POLYGON((-1770348 10176663,-1773282 10138350,-1995674 10140184,-1990982 10181249,-1770348 10176663))
32617;POLYGON((-1739182 10400250,-1745919 10363872,-1954921 10379439,-1945263 10417350,-1739182 10400250))
32618;POLYGON((-1687395 10608674,-1697263 10575257,-1885563 10595731,-1871478 10628827,-1687395 10608674))
32619;POLYGON((-1620216 10795545,-1632192 10766177,-1791678 10778495,-1774057 10804872,-1620216 10795545))
32620;POLYGON((-1545222 10954198,-1557861 10930002,-1679672 10915690,-1659845 10933195,-1545222 10954198))
32621;POLYGON((-1472820 11077888,-1484168 11059984,-1558789 10993753,-1538611 10999976,-1472820 11077888))
32622;POLYGON((-1416776 11160042,-1424282 11149501,-1441678 10997571,-1423633 10989842,-1416776 11160042))
32623;POLYGON((-1394814 11194578,-1395222 11192364,-1345025 10910481,-1332333 10885872,-1394814 11194578))
32624;POLYGON((-1429270 11176304,-1418507 11183200,-1290252 10714299,-1286997 10669639,-1429270 11176304))
32625;POLYGON((-1547814 11101389,-1520865 11117917,-1304289 10389399,-1315555 10321281,-1547814 11101389))
32626;POLYGON((-1784241 10967942,-1735012 10994255,-1420423 9914813,-1452438 9819623,-1784241 10967942))
32627;POLYGON((-2179331 10776681,-2100502 10812446,-1679222 9268396,-1739524 9142343,-2179331 10776681))
32628;POLYGON((-2781790 10531717,-2664651 10575977,-2129538 8427033,-2227152 8266188,-2781790 10531717))
32629;POLYGON((-3649261 10241461,-3483539 10292473,-2829606 7366905,-2975230 7167251,-3649261 10241461))
32630;POLYGON((-4849422 9919665,-4623091 9974717,-3848216 6063821,-4054429 5821319,-4849422 9919665))
32631;POLYGON((5008696 10136846,5203102 10083407,4468567 6526675,4294347 6747249,5008696 10136846))
32632;POLYGON((4038376 10439439,4178418 10391529,3564485 7746078,3444316 7925822,4038376 10439439))
32633;POLYGON((3354457 10700676,3451258 10660498,2954764 8730607,2877034 8873559,3354457 10700676))
32634;POLYGON((2896075 10910487,2959106 10879371,2574271 9504371,2529143 9614509,2896075 10910487))
32635;POLYGON((2611664 11063435,2648918 11042007,2368024 10090985,2347241 10172176,2611664 11063435))
32636;POLYGON((2457907 11157765,2476073 11146097,2290050 10513270,2286748 10569220,2457907 11157765))
32637;POLYGON((2398782 11194577,2403395 11192320,2302316 10792997,2310859 10827220,2398782 11194577))
32638;POLYGON((2404667 11177124,2400255 11183613,2373753 10950703,2389575 10966491,2404667 11177124))
32639;POLYGON((2451533 11110202,2441745 11124553,2479356 11005545,2498821 11005948,2451533 11110202))
32640;POLYGON((2520195 10999644,2507922 11020832,2599365 10975203,2619636 10963021,2520195 10999644))
32641;POLYGON((2595636 10851898,2583118 10878821,2718514 10875827,2737435 10853600,2595636 10851898))
32642;POLYGON((2666391 10673684,2655316 10705216,2825356 10722011,2841347 10692021,2666391 10673684))
32643;POLYGON((2723996 10471718,2715589 10506749,2911653 10526808,2923612 10491082,2723996 10471718))
32644;POLYGON((2762490 10252498,2757590 10289968,2971826 10301758,2979049 10262077,2762490 10252498))
32645;POLYGON((2777973 10022150,2777103 10061068,3002477 10056952,3004577 10014862,2777973 10022150))
32646;POLYGON((2768217 9786312,2771648 9825777,3001952 9801104,2998797 9757928,2768217 9786312))
32647;POLYGON((2732324 9550065,2740126 9589270,2969972 9541641,2961626 9498500,2732324 9550065))
32648;POLYGON((2670433 9317896,2682523 9356135,2907309 9284804,2893982 9242631,2670433 9317896))
32649;POLYGON((2583461 9093691,2599641 9130358,2815508 9035760,2797515 8995318,2583461 9093691))
32650;POLYGON((2472895 8880746,2492885 8915332,2696653 8798709,2674381 8760614,2472895 8880746))
32651;POLYGON((2340611 8681803,2364079 8713887,2553181 8577006,2527059 8541741,2340611 8681803))
32652;POLYGON((2188733 8499093,2215312 8528337,2387722 8373269,2358198 8341209,2188733 8499093))
32653;POLYGON((2019518 8334392,2048826 8360529,2202983 8189497,2170509 8160920,2019518 8334392))
32654;POLYGON((1835272 8189077,1866926 8211902,2001657 8027169,1966675 8002279,1835272 8189077))
32655;POLYGON((1638288 8064192,1671907 8083552,1786361 7887348,1749298 7866289,1638288 8064192))
32656;POLYGON((1430808 7960501,1466024 7976285,1559599 7770770,1520860 7753637,1430808 7960501))
32657;POLYGON((1215000 7878548,1251457 7890679,1323748 7677921,1283716 7664776,1215000 7878548))
32658;POLYGON((992954 7818704,1030308 7827131,1081055 7609106,1040092 7599988,992954 7818704))
32659;POLYGON((766689 7781205,804609 7785896,833655 7564506,792109 7559435,766689 7781205))
32660;POLYGON((538169 7766186,576330 7767125,583597 7544217,541803 7543202,538169 7766186))
