32701;POLYGON((365125 18440899,392057 18438843,377017 18216166,346331 18218488,365125 18440899))
32702;POLYGON((204555 18462798,231159 18458013,193657 18237811,163329 18243214,204555 18462798))
32703;POLYGON((46863 18500951,72878 18493474,13165 18277872,-16516 18286324,46863 18500951))
32704;POLYGON((-106380 18555076,-81215 18544962,-162722 18336097,-191467 18347543,-106380 18555076))
32705;POLYGON((-253603 18624757,-229550 18612085,-332256 18412101,-359770 18426461,-253603 18624757))
32706;POLYGON((-393246 18709432,-370564 18694307,-493671 18505345,-519660 18522515,-393246 18709432))
32707;POLYGON((-523765 18808384,-502710 18790936,-645200 18615122,-669370 18634964,-523765 18808384))
32708;POLYGON((-643660 18920726,-624478 18901115,-785089 18740526,-807152 18762871,-643660 18920726))
32709;POLYGON((-751499 19045391,-734421 19023808,-911632 18880438,-931309 18905076,-751499 19045391))
32710;POLYGON((-845955 19181129,-831193 19157795,-1023209 19033506,-1040244 19060187,-845955 19181129))
32711;POLYGON((-925858 19326509,-913595 19301675,-1118350 19198131,-1132517 19226566,-925858 19326509))
32712;POLYGON((-990258 19479931,-980633 19453874,-1195810 19372473,-1206930 19402332,-990258 19479931))
32713;POLYGON((-1038503 19639656,-1031601 19612674,-1254665 19554459,-1262623 19585377,-1038503 19639656))
32714;POLYGON((-1070330 19803852,-1066162 19776254,-1294430 19741825,-1299198 19773408,-1070330 19803852))
32715;POLYGON((-1085978 19970661,-1084465 19942755,-1315201 19932166,-1316862 19964006,-1085978 19970661))
32716;POLYGON((-1086318 20138297,-1087265 20110371,-1317821 20123031,-1316603 20154724,-1086318 20138297))
32717;POLYGON((-1073003 20305174,-1076073 20277471,-1304076 20312047,-1300382 20343215,-1073003 20305174))
32718;POLYGON((-1048639 20470072,-1053324 20442763,-1276916 20497082,-1271369 20527408,-1048639 20470072))
32719;POLYGON((-1016985 20632351,-1022568 20605491,-1240716 20676463,-1234203 20705731,-1016985 20632351))
32720;POLYGON((-983167 20792204,-988689 20765690,-1201561 20849251,-1195285 20877397,-983167 20792204))
32721;POLYGON((-953931 20950981,-958145 20924493,-1167571 21015573,-1163108 21042751,-953931 20950981))
32722;POLYGON((-937917 21111567,-939237 21084498,-1149268 21177034,-1148633 21203689,-937917 21111567))
32723;POLYGON((-945958 21278832,-942414 21250212,-1159975 21337209,-1165691 21364166,-945958 21278832))
32724;POLYGON((-991422 21460164,-980594 21428562,-1216260 21502219,-1231439 21530793,-991422 21460164))
32725;POLYGON((-1090575 21666084,-1069534 21629500,-1338428 21681414,-1366852 21713531,-1090575 21666084))
32726;POLYGON((-1262983 21910961,-1228222 21866699,-1551049 21888164,-1597269 21926505,-1262983 21910961))
32727;POLYGON((-1531949 22213827,-1479304 22158353,-1883545 22140767,-1952979 22188932,-1531949 22213827))
32728;POLYGON((-1924985 22599307,-1849557 22528086,-2370816 22463493,-2469863 22526188,-1924985 22599307))
32729;POLYGON((-2474323 23098675,-2370390 23005984,-3053931 22887766,-3190083 22971016,-2474323 23098675))
32730;POLYGON((-3217467 23751040,-3078387 23629762,-3980855 23453505,-4162835 23564893,-3217467 23751040))
32731;POLYGON((3698488 23296948,3819103 23402947,4641522 23246349,4483628 23150086,3698488 23296948))
32732;POLYGON((3088992 22751350,3177902 22832509,3801655 22732785,3685066 22660657,3088992 22751350))
32733;POLYGON((2647686 22331744,2711061 22394454,3188795 22346348,3105420 22291584,2647686 22331744))
32734;POLYGON((2340642 22004382,2383781 22053749,2757359 22050109,2700267 22007370,2340642 22004382))
32735;POLYGON((2138835 21742546,2166259 21782583,2468415 21815169,2431714 21780328,2138835 21742546))
32736;POLYGON((2017613 21525449,2033147 21559252,2288963 21619373,2267680 21589312,2017613 21525449))
32737;POLYGON((1956214 21337264,1963068 21367163,2191264 21446176,2181245 21418610,1956214 21337264))
32738;POLYGON((1937320 21166272,1938158 21193969,2152232 21283642,2150041 21256967,1937320 21166272))
32739;POLYGON((1946637 21004114,1943650 21030796,2152866 21123580,2155697 21096740,1946637 21004114))
32740;POLYGON((1972528 20845142,1967484 20871588,2177731 20960787,2183323 20933160,1972528 20845142))
32741;POLYGON((2005655 20685865,1999966 20712527,2214485 20792406,2221052 20763703,2005655 20685865))
32742;POLYGON((2038675 20524467,2033438 20551550,2253451 20617374,2259610 20587559,2038675 20524467))
32743;POLYGON((2065950 20360406,2061997 20387927,2287222 20435962,2291936 20405181,2065950 20360406))
32744;POLYGON((2083290 20194076,2081229 20221917,2310320 20249386,2312840 20217912,2083290 20194076))
32745;POLYGON((2087728 20026531,2087978 20054481,2318876 20059501,2318693 20027685,2087728 20026531))
32746;POLYGON((2077315 19859255,2080138 19887044,2310353 19868540,2307156 19836777,2077315 19859255))
32747;POLYGON((2050936 19693983,2056467 19721312,2283304 19678918,2276943 19647617,2050936 19693983))
32748;POLYGON((2008157 19532561,2016427 19559118,2237154 19493084,2227605 19462648,2008157 19532561))
32749;POLYGON((1949086 19376839,1960044 19402320,2172019 19313403,2159356 19284212,1949086 19376839))
32750;POLYGON((1874258 19228593,1887790 19252710,2088545 19142080,2072918 19114483,1874258 19228593))
32751;POLYGON((1784533 19089474,1800477 19111961,1987774 18981115,1969387 18955422,1784533 19089474))
32752;POLYGON((1681014 18960970,1699173 18981592,1871036 18832267,1850133 18808747,1681014 18960970))
32753;POLYGON((1564983 18844393,1585132 18862944,1739859 18697052,1716708 18675935,1564983 18844393))
32754;POLYGON((1437841 18740870,1459741 18757175,1595897 18576744,1570781 18558219,1437841 18740870))
32755;POLYGON((1301070 18651348,1324469 18665261,1440877 18472388,1414089 18456608,1301070 18651348))
32756;POLYGON((1156200 18576599,1180842 18588004,1276559 18384821,1248393 18371907,1156200 18576599))
32757;POLYGON((1004789 18517236,1030412 18526040,1104712 18314692,1075463 18304735,1004789 18517236))
32758;POLYGON((848405 18473721,874748 18479857,927096 18262485,897055 18255552,848405 18473721))
32759;POLYGON((688620 18446380,715420 18449804,745456 18228541,714913 18224675,688620 18446380))
32760;POLYGON((527003 18435414,554000 18436099,561523 18213070,530765 18212296,527003 18435414))
32601;POLYGON((365125 8440899,392057 8438843,377017 8216166,346331 8218488,365125 8440899))
32602;POLYGON((204555 8462798,231159 8458013,193657 8237811,163329 8243214,204555 8462798))
32603;POLYGON((46863 8500951,72878 8493474,13165 8277872,-16516 8286324,46863 8500951))
32604;POLYGON((-106380 8555076,-81215 8544962,-162722 8336097,-191467 8347543,-106380 8555076))
32605;POLYGON((-253603 8624757,-229550 8612085,-332256 8412101,-359770 8426461,-253603 8624757))
32606;POLYGON((-393246 8709432,-370564 8694307,-493671 8505345,-519660 8522515,-393246 8709432))
32607;POLYGON((-523765 8808384,-502710 8790936,-645200 8615122,-669370 8634964,-523765 8808384))
32608;POLYGON((-643660 8920726,-624478 8901115,-785089 8740526,-807152 8762871,-643660 8920726))
32609;POLYGON((-751499 9045391,-734421 9023808,-911632 8880438,-931309 8905076,-751499 9045391))
32610;POLYGON((-845955 9181129,-831193 9157795,-1023209 9033506,-1040244 9060187,-845955 9181129))
32611;POLYGON((-925858 9326509,-913595 9301675,-1118350 9198131,-1132517 9226566,-925858 9326509))
32612;POLYGON((-990258 9479931,-980633 9453874,-1195810 9372473,-1206930 9402332,-990258 9479931))
32613;POLYGON((-1038503 9639656,-1031601 9612674,-1254665 9554459,-1262623 9585377,-1038503 9639656))
32614;POLYGON((-1070330 9803852,-1066162 9776254,-1294430 9741825,-1299198 9773408,-1070330 9803852))
32615;POLYGON((-1085978 9970661,-1084465 9942755,-1315201 9932166,-1316862 9964006,-1085978 9970661))
32616;POLYGON((-1086318 10138297,-1087265 10110371,-1317821 10123031,-1316603 10154724,-1086318 10138297))
32617;POLYGON((-1073003 10305174,-1076073 10277471,-1304076 10312047,-1300382 10343215,-1073003 10305174))
32618;POLYGON((-1048639 10470072,-1053324 10442763,-1276916 10497082,-1271369 10527408,-1048639 10470072))
32619;POLYGON((-1016985 10632351,-1022568 10605491,-1240716 10676463,-1234203 10705731,-1016985 10632351))
32620;POLYGON((-983167 10792204,-988689 10765690,-1201561 10849251,-1195285 10877397,-983167 10792204))
32621;POLYGON((-953931 10950981,-958145 10924493,-1167571 11015573,-1163108 11042751,-953931 10950981))
32622;POLYGON((-937917 11111567,-939237 11084498,-1149268 11177034,-1148633 11203689,-937917 11111567))
32623;POLYGON((-945958 11278832,-942414 11250212,-1159975 11337209,-1165691 11364166,-945958 11278832))
32624;POLYGON((-991422 11460164,-980594 11428562,-1216260 11502219,-1231439 11530793,-991422 11460164))
32625;POLYGON((-1090575 11666084,-1069534 11629500,-1338428 11681414,-1366852 11713531,-1090575 11666084))
32626;POLYGON((-1262983 11910961,-1228222 11866699,-1551049 11888164,-1597269 11926505,-1262983 11910961))
32627;POLYGON((-1531949 12213827,-1479304 12158353,-1883545 12140767,-1952979 12188932,-1531949 12213827))
32628;POLYGON((-1924985 12599307,-1849557 12528086,-2370816 12463493,-2469863 12526188,-1924985 12599307))
32629;POLYGON((-2474323 13098675,-2370390 13005984,-3053931 12887766,-3190083 12971016,-2474323 13098675))
32630;POLYGON((-3217467 13751040,-3078387 13629762,-3980855 13453505,-4162835 13564893,-3217467 13751040))
32631;POLYGON((3698488 13296948,3819103 13402947,4641522 13246349,4483628 13150086,3698488 13296948))
32632;POLYGON((3088992 12751350,3177902 12832509,3801655 12732785,3685066 12660657,3088992 12751350))
32633;POLYGON((2647686 12331744,2711061 12394454,3188795 12346348,3105420 12291584,2647686 12331744))
32634;POLYGON((2340642 12004382,2383781 12053749,2757359 12050109,2700267 12007370,2340642 12004382))
32635;POLYGON((2138835 11742546,2166259 11782583,2468415 11815169,2431714 11780328,2138835 11742546))
32636;POLYGON((2017613 11525449,2033147 11559252,2288963 11619373,2267680 11589312,2017613 11525449))
32637;POLYGON((1956214 11337264,1963068 11367163,2191264 11446176,2181245 11418610,1956214 11337264))
32638;POLYGON((1937320 11166272,1938158 11193969,2152232 11283642,2150041 11256967,1937320 11166272))
32639;POLYGON((1946637 11004114,1943650 11030796,2152866 11123580,2155697 11096740,1946637 11004114))
32640;POLYGON((1972528 10845142,1967484 10871588,2177731 10960787,2183323 10933160,1972528 10845142))
32641;POLYGON((2005655 10685865,1999966 10712527,2214485 10792406,2221052 10763703,2005655 10685865))
32642;POLYGON((2038675 10524467,2033438 10551550,2253451 10617374,2259610 10587559,2038675 10524467))
32643;POLYGON((2065950 10360406,2061997 10387927,2287222 10435962,2291936 10405181,2065950 10360406))
32644;POLYGON((2083290 10194076,2081229 10221917,2310320 10249386,2312840 10217912,2083290 10194076))
32645;POLYGON((2087728 10026531,2087978 10054481,2318876 10059501,2318693 10027685,2087728 10026531))
32646;POLYGON((2077315 9859255,2080138 9887044,2310353 9868540,2307156 9836777,2077315 9859255))
32647;POLYGON((2050936 9693983,2056467 9721312,2283304 9678918,2276943 9647617,2050936 9693983))
32648;POLYGON((2008157 9532561,2016427 9559118,2237154 9493084,2227605 9462648,2008157 9532561))
32649;POLYGON((1949086 9376839,1960044 9402320,2172019 9313403,2159356 9284212,1949086 9376839))
32650;POLYGON((1874258 9228593,1887790 9252710,2088545 9142080,2072918 9114483,1874258 9228593))
32651;POLYGON((1784533 9089474,1800477 9111961,1987774 8981115,1969387 8955422,1784533 9089474))
32652;POLYGON((1681014 8960970,1699173 8981592,1871036 8832267,1850133 8808747,1681014 8960970))
32653;POLYGON((1564983 8844393,1585132 8862944,1739859 8697052,1716708 8675935,1564983 8844393))
32654;POLYGON((1437841 8740870,1459741 8757175,1595897 8576744,1570781 8558219,1437841 8740870))
32655;POLYGON((1301070 8651348,1324469 8665261,1440877 8472388,1414089 8456608,1301070 8651348))
32656;POLYGON((1156200 8576599,1180842 8588004,1276559 8384821,1248393 8371907,1156200 8576599))
32657;POLYGON((1004789 8517236,1030412 8526040,1104712 8314692,1075463 8304735,1004789 8517236))
32658;POLYGON((848405 8473721,874748 8479857,927096 8262485,897055 8255552,848405 8473721))
32659;POLYGON((688620 8446380,715420 8449804,745456 8228541,714913 8224675,688620 8446380))
32660;POLYGON((527003 8435414,554000 8436099,561523 8213070,530765 8212296,527003 8435414))
