32701;POLYGON((-12862 7447721,89840 7450879,96148 7229088,-4963 7225724,-12862 7447721))
32702;POLYGON((-632157 7413656,-528464 7421166,-512419 7197458,-614430 7189466,-632157 7413656))
32703;POLYGON((-1260209 7352351,-1154717 7364567,-1128199 7137267,-1231839 7124287,-1260209 7352351))
32704;POLYGON((-1901995 7260865,-1793859 7278381,-1755608 7045767,-1861623 7027195,-1901995 7260865))
32705;POLYGON((-2562720 7134588,-2451055 7158306,-2399160 6918605,-2508309 6893530,-2562720 7134588))
32706;POLYGON((-3247863 6966753,-3131736 6997979,-3063435 6749393,-3176484 6716513,-3247863 6966753))
32707;POLYGON((-3963176 6747700,-3841610 6788285,-3753005 6529076,-3870706 6486565,-3963176 6747700))
32708;POLYGON((-4714647 6463833,-4586632 6516372,-4472279 6245032,-4595336 6190356,-4714647 6463833))
32709;POLYGON((-5508395 6096156,-5372907 6164266,-5225264 5879821,-5354283 5809495,-5508395 6096156))
32710;POLYGON((-6350510 5618316,-6206546 5707003,-6015225 5409517,-6150648 5318776,-6350510 5618316))
32711;POLYGON((-7246812 4993986,-7093433 5110129,-6844223 4801492,-6986237 4683863,-7246812 4993986))
32712;POLYGON((-8202523 4173487,-8038917 4326464,-7712526 4011560,-7860950 3858312,-8202523 4173487))
32713;POLYGON((-9221851 3089459,-9047409 3291941,-8617864 2980335,-8772014 2779784,-9221851 3089459))
32714;POLYGON((-10307467 1651422,-10121875 1920362,-9554530 1628651,-9713046 1365303,-10307467 1651422))
32715;POLYGON((-11459863 -260967,-11263221 96893,-10512292 -148090,-10672942 -494610,-11459863 -260967))
32716;POLYGON((-12676595 -2806180,-12469551 -2329938,-11475115 -2486858,-11634562 -2943089,-12676595 -2806180))
32717;POLYGON((-13951387 -6190820,-13735294 -5557938,-12419677 -5565364,-12573208 -6165564,-13951387 -6190820))
32718;POLYGON((-15273094 -10681614,-15050197 -9842888,-13313651 -9612106,-13454869 -10400103,-15273094 -10681614))
32719;POLYGON((-16624514 -16619655,-16398156 -15512393,-14113754 -14918280,-14234229 -15949655,-16624514 -16619655))
32720;POLYGON((-17981038 -24437161,-17755898 -22982205,-14763535 -21851809,-14852408 -23196454,-17981038 -24437161))
32721;POLYGON((-19309123 -34677063,-19091481 -32775313,-15190896 -30873714,-15234441 -32618810,-19309123 -34677063))
32722;POLYGON((-20564593 -48015721,-20362628 -45544119,-15305326 -42557113,-15286454 -44810569,-20564593 -48015721))
32723;POLYGON((-21690742 -65289094,-21514862 -62096007,-14994825 -57609104,-14892549 -60503508,-21690742 -65289094))
32724;POLYGON((-22616240 -87522726,-22479443 -83422670,-14122525 -76895836,-13911359 -80592960,-22616240 -87522726))
32725;POLYGON((-23252826 -115965892,-23171103 -110733534,-12522963 -101471062,-12172269 -106166984,-23252826 -115965892))
32726;POLYGON((-23492787 -152130291,-23485555 -145493669,-9998018 -132608497,-9471296 -138539387,-23492787 -152130291))
32727;POLYGON((-23206199 -197833694,-23296779 -189466582,-6312478 -171838315,-5566589 -179286945,-23206199 -197833694))
32728;POLYGON((-22237941 -255248937,-22454070 -244762288,-1189233 -220988134,-173556 -230291168,-22237941 -255248937))
32729;POLYGON((-20404445 -326958708,-20778838 -313891102,5695935 -282228843,7040402 -293784973,-20404445 -326958708))
32730;POLYGON((-17490205 -416016572,-18061155 -399823594,14719962 -358125653,16461585 -372404646,-17490205 -416016572))
32731;POLYGON((20564748 -354551476,20097236 -369108083,-10448686 -331022016,-8914811 -318167997,20564748 -354551476))
32732;POLYGON((22732863 -277423429,22442025 -289137954,-2182991 -260322205,-1010856 -249946679,22732863 -277423429))
32733;POLYGON((23967635 -215552245,23818045 -224926207,4075711 -203376234,4949665 -195046162,23967635 -215552245))
32734;POLYGON((24462875 -166205375,24424379 -173662750,8686135 -157756341,9316601 -151105116,24462875 -166205375))
32735;POLYGON((24382814 -127079755,24429950 -132977047,11956191 -121411469,12389940 -116130336,24382814 -127079755))
32736;POLYGON((23865430 -96244978,23976892 -100880273,14148467 -92617993,14425218 -88448342,23865430 -96244978))
32737;POLYGON((23025523 -72092428,23183663 -75713472,15485296 -69935551,15638525 -66662025,23025523 -72092428))
32738;POLYGON((21957545 -53289888,22147922 -56101294,16153438 -52167590,16211121 -49611945,21957545 -53289888))
32739;POLYGON((20738205 -38741249,20949162 -40910873,16308389 -38326295,16293686 -36341951,20738205 -38741249))
32740;POLYGON((19428838 -27550887,19651126 -29215456,16078332 -27601527,16010209 -26068764,19428838 -27550887))
32741;POLYGON((18077579 -18992331,18304006 -20262386,15567743 -19333470,15461543 -18155203,18077579 -18992331))
32742;POLYGON((16721315 -12480862,16946437 -13445066,14860670 -12988655,14728628 -12086747,16721315 -12480862))
32743;POLYGON((15387455 -7549681,15607294 -8278556,14023704 -8139069,13875411 -7451129,15387455 -7549681))
32744;POLYGON((14095514 -3829315,14307303 -4378465,13108642 -4444065,12951466 -3920683,14095514 -3829315))
32745;POLYGON((12858514 -1029951,13060478 -1442816,12154883 -1634793,11994339 -1237178,12858514 -1029951))
32746;POLYGON((11684231 1073618,11875392 763424,11191549 499088,11031624 801123,11684231 1073618))
32747;POLYGON((10576282 2654703,10756283 2421424,10239353 2120682,10082801 2350417,10576282 2654703))
32748;POLYGON((9535061 3845359,9704025 3669455,9312240 3355310,9160830 3530533,9535061 3845359))
32749;POLYGON((8558548 4745198,8716948 4611995,8418803 4298390,8273534 4432571,8558548 4745198))
32750;POLYGON((7642983 5428624,7791543 5327208,7563492 5021922,7424778 5125172,7642983 5428624))
32751;POLYGON((6783430 5950676,6923033 5873008,6747639 5579769,6615460 5659611,6783430 5950676))
32752;POLYGON((5974229 6351714,6105852 6291918,5970302 6011899,5844331 6073893,5974229 6351714))
32753;POLYGON((5209348 6661090,5334011 6614909,5228961 6347755,5108665 6395980,5209348 6661090))
32754;POLYGON((4482657 6900004,4601378 6864371,4520060 6608887,4404776 6646315,4482657 6900004))
32755;POLYGON((3788109 7083669,3901886 7056390,3839423 6810964,3728419 6839749,3788109 7083669))
32756;POLYGON((3119868 7222922,3229655 7202441,3182567 6965301,3075081 6986989,3119868 7222922))
32757;POLYGON((2472360 7325399,2579066 7310625,2544903 7079978,2440170 7095661,2472360 7325399))
32758;POLYGON((1840293 7396363,1944782 7386558,1921867 7160644,1819133 7171070,1840293 7396363))
32759;POLYGON((1218620 7439269,1321718 7433965,1308977 7211079,1207506 7216726,1218620 7439269))
32760;POLYGON((602485 7456130,704992 7455081,701845 7233563,600913 7234680,602485 7456130))
32601;POLYGON((-12862 -2552278,89840 -2549120,96148 -2770911,-4963 -2774275,-12862 -2552278))
32602;POLYGON((-632157 -2586343,-528464 -2578833,-512419 -2802541,-614430 -2810533,-632157 -2586343))
32603;POLYGON((-1260209 -2647648,-1154717 -2635432,-1128199 -2862732,-1231839 -2875712,-1260209 -2647648))
32604;POLYGON((-1901995 -2739134,-1793859 -2721618,-1755608 -2954232,-1861623 -2972804,-1901995 -2739134))
32605;POLYGON((-2562720 -2865411,-2451055 -2841693,-2399160 -3081394,-2508309 -3106469,-2562720 -2865411))
32606;POLYGON((-3247863 -3033246,-3131736 -3002020,-3063435 -3250606,-3176484 -3283486,-3247863 -3033246))
32607;POLYGON((-3963176 -3252299,-3841610 -3211714,-3753005 -3470923,-3870706 -3513434,-3963176 -3252299))
32608;POLYGON((-4714647 -3536166,-4586632 -3483627,-4472279 -3754967,-4595336 -3809643,-4714647 -3536166))
32609;POLYGON((-5508395 -3903843,-5372907 -3835733,-5225264 -4120178,-5354283 -4190504,-5508395 -3903843))
32610;POLYGON((-6350510 -4381683,-6206546 -4292996,-6015225 -4590482,-6150648 -4681223,-6350510 -4381683))
32611;POLYGON((-7246812 -5006013,-7093433 -4889870,-6844223 -5198507,-6986237 -5316136,-7246812 -5006013))
32612;POLYGON((-8202523 -5826512,-8038917 -5673535,-7712526 -5988439,-7860950 -6141687,-8202523 -5826512))
32613;POLYGON((-9221851 -6910540,-9047409 -6708058,-8617864 -7019664,-8772014 -7220215,-9221851 -6910540))
32614;POLYGON((-10307467 -8348577,-10121875 -8079637,-9554530 -8371348,-9713046 -8634696,-10307467 -8348577))
32615;POLYGON((-11459863 -10260967,-11263221 -9903106,-10512292 -10148090,-10672942 -10494610,-11459863 -10260967))
32616;POLYGON((-12676595 -12806180,-12469551 -12329938,-11475115 -12486858,-11634562 -12943089,-12676595 -12806180))
32617;POLYGON((-13951387 -16190820,-13735294 -15557938,-12419677 -15565364,-12573208 -16165564,-13951387 -16190820))
32618;POLYGON((-15273094 -20681614,-15050197 -19842888,-13313651 -19612106,-13454869 -20400103,-15273094 -20681614))
32619;POLYGON((-16624514 -26619655,-16398156 -25512393,-14113754 -24918280,-14234229 -25949655,-16624514 -26619655))
32620;POLYGON((-17981038 -34437161,-17755898 -32982205,-14763535 -31851809,-14852408 -33196454,-17981038 -34437161))
32621;POLYGON((-19309123 -44677063,-19091481 -42775313,-15190896 -40873714,-15234441 -42618810,-19309123 -44677063))
32622;POLYGON((-20564593 -58015721,-20362628 -55544119,-15305326 -52557113,-15286454 -54810569,-20564593 -58015721))
32623;POLYGON((-21690742 -75289094,-21514862 -72096007,-14994825 -67609104,-14892549 -70503508,-21690742 -75289094))
32624;POLYGON((-22616240 -97522726,-22479443 -93422670,-14122525 -86895836,-13911359 -90592960,-22616240 -97522726))
32625;POLYGON((-23252826 -125965892,-23171103 -120733534,-12522963 -111471062,-12172269 -116166984,-23252826 -125965892))
32626;POLYGON((-23492787 -162130291,-23485555 -155493669,-9998018 -142608497,-9471296 -148539387,-23492787 -162130291))
32627;POLYGON((-23206199 -207833694,-23296779 -199466582,-6312478 -181838315,-5566589 -189286945,-23206199 -207833694))
32628;POLYGON((-22237941 -265248937,-22454070 -254762288,-1189233 -230988134,-173556 -240291168,-22237941 -265248937))
32629;POLYGON((-20404445 -336958708,-20778838 -323891102,5695935 -292228843,7040402 -303784973,-20404445 -336958708))
32630;POLYGON((-17490205 -426016572,-18061155 -409823594,14719962 -368125653,16461585 -382404646,-17490205 -426016572))
32631;POLYGON((20564748 -364551476,20097236 -379108083,-10448686 -341022016,-8914811 -328167997,20564748 -364551476))
32632;POLYGON((22732863 -287423429,22442025 -299137954,-2182991 -270322205,-1010856 -259946679,22732863 -287423429))
32633;POLYGON((23967635 -225552245,23818045 -234926207,4075711 -213376234,4949665 -205046162,23967635 -225552245))
32634;POLYGON((24462875 -176205375,24424379 -183662750,8686135 -167756341,9316601 -161105116,24462875 -176205375))
32635;POLYGON((24382814 -137079755,24429950 -142977047,11956191 -131411469,12389940 -126130336,24382814 -137079755))
32636;POLYGON((23865430 -106244978,23976892 -110880273,14148467 -102617993,14425218 -98448342,23865430 -106244978))
32637;POLYGON((23025523 -82092428,23183663 -85713472,15485296 -79935551,15638525 -76662025,23025523 -82092428))
32638;POLYGON((21957545 -63289888,22147922 -66101294,16153438 -62167590,16211121 -59611945,21957545 -63289888))
32639;POLYGON((20738205 -48741249,20949162 -50910873,16308389 -48326295,16293686 -46341951,20738205 -48741249))
32640;POLYGON((19428838 -37550887,19651126 -39215456,16078332 -37601527,16010209 -36068764,19428838 -37550887))
32641;POLYGON((18077579 -28992331,18304006 -30262386,15567743 -29333470,15461543 -28155203,18077579 -28992331))
32642;POLYGON((16721315 -22480862,16946437 -23445066,14860670 -22988655,14728628 -22086747,16721315 -22480862))
32643;POLYGON((15387455 -17549681,15607294 -18278556,14023704 -18139069,13875411 -17451129,15387455 -17549681))
32644;POLYGON((14095514 -13829315,14307303 -14378465,13108642 -14444065,12951466 -13920683,14095514 -13829315))
32645;POLYGON((12858514 -11029951,13060478 -11442816,12154883 -11634793,11994339 -11237178,12858514 -11029951))
32646;POLYGON((11684231 -8926381,11875392 -9236575,11191549 -9500911,11031624 -9198876,11684231 -8926381))
32647;POLYGON((10576282 -7345296,10756283 -7578575,10239353 -7879317,10082801 -7649582,10576282 -7345296))
32648;POLYGON((9535061 -6154640,9704025 -6330544,9312240 -6644689,9160830 -6469466,9535061 -6154640))
32649;POLYGON((8558548 -5254801,8716948 -5388004,8418803 -5701609,8273534 -5567428,8558548 -5254801))
32650;POLYGON((7642983 -4571375,7791543 -4672791,7563492 -4978077,7424778 -4874827,7642983 -4571375))
32651;POLYGON((6783430 -4049323,6923033 -4126991,6747639 -4420230,6615460 -4340388,6783430 -4049323))
32652;POLYGON((5974229 -3648285,6105852 -3708081,5970302 -3988100,5844331 -3926106,5974229 -3648285))
32653;POLYGON((5209348 -3338909,5334011 -3385090,5228961 -3652244,5108665 -3604019,5209348 -3338909))
32654;POLYGON((4482657 -3099995,4601378 -3135628,4520060 -3391112,4404776 -3353684,4482657 -3099995))
32655;POLYGON((3788109 -2916330,3901886 -2943609,3839423 -3189035,3728419 -3160250,3788109 -2916330))
32656;POLYGON((3119868 -2777077,3229655 -2797558,3182567 -3034698,3075081 -3013010,3119868 -2777077))
32657;POLYGON((2472360 -2674600,2579066 -2689374,2544903 -2920021,2440170 -2904338,2472360 -2674600))
32658;POLYGON((1840293 -2603636,1944782 -2613441,1921867 -2839355,1819133 -2828929,1840293 -2603636))
32659;POLYGON((1218620 -2560730,1321718 -2566034,1308977 -2788920,1207506 -2783273,1218620 -2560730))
32660;POLYGON((602485 -2543869,704992 -2544918,701845 -2766436,600913 -2765319,602485 -2543869))
