32701;POLYGON((204618 16439651,263647 16435711,250604 16213301,188309 16217366,204618 16439651))
32702;POLYGON((-148432 16481751,-89765 16472530,-122479 16251301,-184447 16260823,-148432 16481751))
32703;POLYGON((-498223 16555753,-440233 16541185,-492886 16322240,-554234 16337306,-498223 16555753))
32704;POLYGON((-842717 16662150,-785765 16642142,-858751 16426750,-919138 16447489,-842717 16662150))
32705;POLYGON((-1179548 16801562,-1124055 16776006,-1217853 16565677,-1276864 16592245,-1179548 16801562))
32706;POLYGON((-1505896 16974637,-1452368 16943429,-1567468 16739986,-1624588 16772545,-1505896 16974637))
32707;POLYGON((-1818378 17181899,-1767424 17144967,-1904218 16950610,-1958812 16989299,-1818378 17181899))
32708;POLYGON((-2112922 17423547,-2065273 17380892,-2223916 17198239,-2275194 17243130,-2112922 17423547))
32709;POLYGON((-2384653 17699177,-2341183 17650922,-2521387 17483021,-2568379 17534059,-2384653 17699177))
32710;POLYGON((-2627774 18007416,-2589517 17953876,-2790291 17804159,-2831811 17861084,-2627774 18007416))
32711;POLYGON((-2835440 18345439,-2803616 18287210,-3022912 18159369,-3057527 18221608,-2835440 18345439))
32712;POLYGON((-2999645 18708361,-2975673 18646431,-3209946 18544176,-3235934 18610712,-2999645 18708361))
32713;POLYGON((-3111094 19088461,-3096619 19024352,-3340257 18951016,-3355566 19020210,-3111094 19088461))
32714;POLYGON((-3159085 19474220,-3155992 19410163,-3400618 19368089,-3402819 19437469,-3159085 19474220))
32715;POLYGON((-3131380 19849141,-3141822 19788289,-3375420 19777948,-3361660 19843940,-3131380 19849141))
32716;POLYGON((-3014086 20190304,-3040499 20136992,-3246368 20155758,-3213313 20213360,-3014086 20190304))
32717;POLYGON((-2791525 20466643,-2836651 20426697,-2992132 20467178,-2935905 20509573,-2791525 20466643))
32718;POLYGON((-2446109 20636874,-2513017 20617984,-2587979 20665830,-2504101 20683913,-2446109 20636874))
32719;POLYGON((-1958208 20647065,-2050317 20659214,-2005371 20690274,-1888684 20672099,-1958208 20647065))
32720;POLYGON((-1306024 20427769,-1427124 20483743,-1211523 20460451,-1056119 20390581,-1306024 20427769))
32721;POLYGON((-465455 19890696,-619727 20006676,-168932 19873513,31935 19732263,-465455 19890696))
32722;POLYGON((590033 18924866,397991 19121104,1165140 18798989,1419142 18561547,590033 18924866))
32723;POLYGON((1889551 17392180,1654703 17693782,2839224 17073194,3155051 16708614,1889551 17392180))
32724;POLYGON((3464911 15122364,3181761 15560178,4908231 14492832,5295701 13962880,3464911 15122364))
32725;POLYGON((5350775 11907223,5013342 12518849,7434105 10807691,7904273 10065538,5350775 11907223))
32726;POLYGON((7584790 7494141,7186586 8325066,10486508 5712362,11051787 4701101,7584790 7494141))
32727;POLYGON((10207737 1578754,9741742 2683636,14143561 -1163108,14817847 -2512132,10207737 1578754))
32728;POLYGON((13263670 -6203246,12722308 -4759150,18492633 -10263726,19291446 -12032784,13263670 -6203246))
32729;POLYGON((16800067 -16285289,16175181 -14424521,23631184 -22121306,24571810 -24408372,16800067 -16285289))
32730;POLYGON((20867979 -29180108,20150805 -26811240,29667665 -37367569,30769314 -40288644,20867979 -29180108))
32731;POLYGON((-17094353 -20243215,-17764249 -22345656,-26548559 -31865425,-25529950 -29277079,-17094353 -20243215))
32732;POLYGON((-13386638 -9284782,-13968705 -10926702,-20824156 -17825664,-19956714 -15810918,-13386638 -9284782))
32733;POLYGON((-10175999 -787955,-10678695 -2053563,-15960253 -6952044,-15225751 -5404216,-10175999 -787955))
32734;POLYGON((-7413785 5705941,-7844972 4745497,-11852167 1352310,-11234219 2523067,-7413785 5705941))
32735;POLYGON((-5054815 10583191,-5421790 9868143,-8405897 7588891,-7889815 8457792,-5054815 10583191))
32736;POLYGON((-3057236 14167181,-3366749 13647625,-5537250 12176443,-5109895 12806049,-3057236 14167181))
32737;POLYGON((-1382370 16726920,-1640653 16361464,-3171010 15462298,-2820663 15904281,-1382370 16726920))
32738;POLYGON((5421 18484649,-207365 18239204,-1240166 17732480,-956406 18029197,5421 18484649))
32739;POLYGON((1138889 19622609,966333 19469316,314807 19220694,541221 19406580,1138889 19622609))
32740;POLYGON((2048025 20289027,1910888 20205310,1546625 20116266,1723863 20219067,2048025 20289027))
32741;POLYGON((2760209 20603403,2654103 20571137,2501823 20571140,2637080 20612986,2760209 20603403))
32742;POLYGON((3300338 20661134,3221279 20665915,3221333 20705998,3320926 20704349,3300338 20661134))
32743;POLYGON((3690963 20537554,3635352 20568065,3741033 20615589,3810485 20584048,3690963 20537554))
32744;POLYGON((3952423 20291427,3917017 20338891,4092239 20373332,4136360 20322350,3952423 20291427))
32745;POLYGON((4102972 19967961,4084868 20025671,4302175 20035281,4325134 19972755,4102972 19967961))
32746;POLYGON((4158911 19601383,4155522 19664299,4394396 19643490,4399790 19575277,4158911 19601383))
32747;POLYGON((4134713 19217118,4143749 19281532,4389181 19228871,4380097 19159212,4134713 19217118))
32748;POLYGON((4043155 18833633,4062599 18896882,4303893 18813582,4282967 18745465,4043155 18833633))
32749;POLYGON((3895436 18463961,3923525 18524193,4153314 18413010,4122778 18348461,3895436 18463961))
32750;POLYGON((3701306 18116973,3736511 18172953,3949942 18037402,3911678 17977724,3701306 18116973))
32751;POLYGON((3469188 17798405,3510192 17849357,3704276 17693177,3659858 17639146,3469188 17798405))
32752;POLYGON((3206300 17511692,3251978 17557173,3425065 17383990,3375796 17336008,3206300 17511692))
32753;POLYGON((2918775 17258632,2968176 17298432,3119542 17111560,3066497 17069772,2918775 17258632))
32754;POLYGON((2611783 17039907,2664107 17073972,2793637 16876316,2737692 16840707,2611783 17039907))
32755;POLYGON((2289649 16855484,2344229 16883854,2452177 16677891,2394041 16648348,2289649 16855484))
32756;POLYGON((1955974 16704920,2012255 16727688,2099061 16515485,2039305 16491852,1955974 16704920))
32757;POLYGON((1613752 16587590,1671271 16604865,1737429 16388134,1676515 16370249,1613752 16587590))
32758;POLYGON((1265486 16502853,1323856 16514737,1369824 16294900,1308127 16282619,1265486 16502853))
32759;POLYGON((913311 16450163,972196 16456737,998331 16234998,936166 16228213,913311 16450163))
32760;POLYGON((559107 16429147,618207 16430460,624726 16207884,562366 16206530,559107 16429147))
32601;POLYGON((204618 6439651,263647 6435711,250604 6213301,188309 6217366,204618 6439651))
32602;POLYGON((-148432 6481751,-89765 6472530,-122479 6251301,-184447 6260823,-148432 6481751))
32603;POLYGON((-498223 6555753,-440233 6541185,-492886 6322240,-554234 6337306,-498223 6555753))
32604;POLYGON((-842717 6662150,-785765 6642142,-858751 6426750,-919138 6447489,-842717 6662150))
32605;POLYGON((-1179548 6801562,-1124055 6776006,-1217853 6565677,-1276864 6592245,-1179548 6801562))
32606;POLYGON((-1505896 6974637,-1452368 6943429,-1567468 6739986,-1624588 6772545,-1505896 6974637))
32607;POLYGON((-1818378 7181899,-1767424 7144967,-1904218 6950610,-1958812 6989299,-1818378 7181899))
32608;POLYGON((-2112922 7423547,-2065273 7380892,-2223916 7198239,-2275194 7243130,-2112922 7423547))
32609;POLYGON((-2384653 7699177,-2341183 7650922,-2521387 7483021,-2568379 7534059,-2384653 7699177))
32610;POLYGON((-2627774 8007416,-2589517 7953876,-2790291 7804159,-2831811 7861084,-2627774 8007416))
32611;POLYGON((-2835440 8345439,-2803616 8287210,-3022912 8159369,-3057527 8221608,-2835440 8345439))
32612;POLYGON((-2999645 8708361,-2975673 8646431,-3209946 8544176,-3235934 8610712,-2999645 8708361))
32613;POLYGON((-3111094 9088461,-3096619 9024352,-3340257 8951016,-3355566 9020210,-3111094 9088461))
32614;POLYGON((-3159085 9474220,-3155992 9410163,-3400618 9368089,-3402819 9437469,-3159085 9474220))
32615;POLYGON((-3131380 9849141,-3141822 9788289,-3375420 9777948,-3361660 9843940,-3131380 9849141))
32616;POLYGON((-3014086 10190304,-3040499 10136992,-3246368 10155758,-3213313 10213360,-3014086 10190304))
32617;POLYGON((-2791525 10466643,-2836651 10426697,-2992132 10467178,-2935905 10509573,-2791525 10466643))
32618;POLYGON((-2446109 10636874,-2513017 10617984,-2587979 10665830,-2504101 10683913,-2446109 10636874))
32619;POLYGON((-1958208 10647065,-2050317 10659214,-2005371 10690274,-1888684 10672099,-1958208 10647065))
32620;POLYGON((-1306024 10427769,-1427124 10483743,-1211523 10460451,-1056119 10390581,-1306024 10427769))
32621;POLYGON((-465455 9890696,-619727 10006676,-168932 9873513,31935 9732263,-465455 9890696))
32622;POLYGON((590033 8924866,397991 9121104,1165140 8798989,1419142 8561547,590033 8924866))
32623;POLYGON((1889551 7392180,1654703 7693782,2839224 7073194,3155051 6708614,1889551 7392180))
32624;POLYGON((3464911 5122364,3181761 5560178,4908231 4492832,5295701 3962880,3464911 5122364))
32625;POLYGON((5350775 1907223,5013342 2518849,7434105 807691,7904273 65538,5350775 1907223))
32626;POLYGON((7584790 -2505858,7186586 -1674933,10486508 -4287637,11051787 -5298898,7584790 -2505858))
32627;POLYGON((10207737 -8421245,9741742 -7316363,14143561 -11163108,14817847 -12512132,10207737 -8421245))
32628;POLYGON((13263670 -16203246,12722308 -14759150,18492633 -20263726,19291446 -22032784,13263670 -16203246))
32629;POLYGON((16800067 -26285289,16175181 -24424521,23631184 -32121306,24571810 -34408372,16800067 -26285289))
32630;POLYGON((20867979 -39180108,20150805 -36811240,29667665 -47367569,30769314 -50288644,20867979 -39180108))
32631;POLYGON((-17094353 -30243215,-17764249 -32345656,-26548559 -41865425,-25529950 -39277079,-17094353 -30243215))
32632;POLYGON((-13386638 -19284782,-13968705 -20926702,-20824156 -27825664,-19956714 -25810918,-13386638 -19284782))
32633;POLYGON((-10175999 -10787955,-10678695 -12053563,-15960253 -16952044,-15225751 -15404216,-10175999 -10787955))
32634;POLYGON((-7413785 -4294058,-7844972 -5254502,-11852167 -8647689,-11234219 -7476932,-7413785 -4294058))
32635;POLYGON((-5054815 583191,-5421790 -131856,-8405897 -2411108,-7889815 -1542207,-5054815 583191))
32636;POLYGON((-3057236 4167181,-3366749 3647625,-5537250 2176443,-5109895 2806049,-3057236 4167181))
32637;POLYGON((-1382370 6726920,-1640653 6361464,-3171010 5462298,-2820663 5904281,-1382370 6726920))
32638;POLYGON((5421 8484649,-207365 8239204,-1240166 7732480,-956406 8029197,5421 8484649))
32639;POLYGON((1138889 9622609,966333 9469316,314807 9220694,541221 9406580,1138889 9622609))
32640;POLYGON((2048025 10289027,1910888 10205310,1546625 10116266,1723863 10219067,2048025 10289027))
32641;POLYGON((2760209 10603403,2654103 10571137,2501823 10571140,2637080 10612986,2760209 10603403))
32642;POLYGON((3300338 10661134,3221279 10665915,3221333 10705998,3320926 10704349,3300338 10661134))
32643;POLYGON((3690963 10537554,3635352 10568065,3741033 10615589,3810485 10584048,3690963 10537554))
32644;POLYGON((3952423 10291427,3917017 10338891,4092239 10373332,4136360 10322350,3952423 10291427))
32645;POLYGON((4102972 9967961,4084868 10025671,4302175 10035281,4325134 9972755,4102972 9967961))
32646;POLYGON((4158911 9601383,4155522 9664299,4394396 9643490,4399790 9575277,4158911 9601383))
32647;POLYGON((4134713 9217118,4143749 9281532,4389181 9228871,4380097 9159212,4134713 9217118))
32648;POLYGON((4043155 8833633,4062599 8896882,4303893 8813582,4282967 8745465,4043155 8833633))
32649;POLYGON((3895436 8463961,3923525 8524193,4153314 8413010,4122778 8348461,3895436 8463961))
32650;POLYGON((3701306 8116973,3736511 8172953,3949942 8037402,3911678 7977724,3701306 8116973))
32651;POLYGON((3469188 7798405,3510192 7849357,3704276 7693177,3659858 7639146,3469188 7798405))
32652;POLYGON((3206300 7511692,3251978 7557173,3425065 7383990,3375796 7336008,3206300 7511692))
32653;POLYGON((2918775 7258632,2968176 7298432,3119542 7111560,3066497 7069772,2918775 7258632))
32654;POLYGON((2611783 7039907,2664107 7073972,2793637 6876316,2737692 6840707,2611783 7039907))
32655;POLYGON((2289649 6855484,2344229 6883854,2452177 6677891,2394041 6648348,2289649 6855484))
32656;POLYGON((1955974 6704920,2012255 6727688,2099061 6515485,2039305 6491852,1955974 6704920))
32657;POLYGON((1613752 6587590,1671271 6604865,1737429 6388134,1676515 6370249,1613752 6587590))
32658;POLYGON((1265486 6502853,1323856 6514737,1369824 6294900,1308127 6282619,1265486 6502853))
32659;POLYGON((913311 6450163,972196 6456737,998331 6234998,936166 6228213,913311 6450163))
32660;POLYGON((559107 6429147,618207 6430460,624726 6207884,562366 6206530,559107 6429147))
