32701;POLYGON((112855 15106214,190279 15101830,179294 14879655,99111 14884039,112855 15106214))
32702;POLYGON((-351550 15153207,-274173 15142890,-301872 14920736,-382084 14931064,-351550 15153207))
32703;POLYGON((-815437 15236490,-738182 15220026,-783201 14998012,-863427 15014523,-815437 15236490))
32704;POLYGON((-1278113 15357765,-1201129 15334820,-1264439 15113259,-1344592 15136329,-1278113 15357765))
32705;POLYGON((-1738326 15519444,-1661871 15489569,-1744802 15269081,-1824680 15299225,-1738326 15519444))
32706;POLYGON((-2193988 15724599,-2118482 15687239,-2222697 15468898,-2301934 15506762,-2193988 15724599))
32707;POLYGON((-2641839 15976860,-2567922 15931378,-2695376 15716895,-2773371 15763243,-2641839 15976860))
32708;POLYGON((-3077027 16280234,-3005640 16225947,-3158483 16017904,-3234317 16073593,-3077027 16280234))
32709;POLYGON((-3492589 16638800,-3425064 16575041,-3605498 16377192,-3677826 16443117,-3492589 16638800))
32710;POLYGON((-3878817 17056246,-3816994 16982452,-4027036 16800097,-4093959 16877122,-3878817 17056246))
32711;POLYGON((-4222485 17535186,-4168850 17451033,-4409999 17291488,-4468903 17380325,-4222485 17535186))
32712;POLYGON((-4505931 18076216,-4463779 17981795,-4736546 17854966,-4783914 17956021,-4505931 18076216))
32713;POLYGON((-4705968 18676626,-4679599 18572685,-4982870 18491772,-5014055 18604926,-4705968 18676626))
32714;POLYGON((-4792610 19328711,-4787554 19216966,-5117754 19199318,-5126721 19323639,-4792610 19328711))
32715;POLYGON((-4727596 20017596,-4750874 19901134,-5100900 19969267,-5079917 20102644,-4727596 20017596))
32716;POLYGON((-4462700 20718491,-4523120 20602267,-4880991 20785088,-4820281 20923765,-4462700 20718491))
32717;POLYGON((-3937791 21393289,-4046291 21284745,-4393477 21618996,-4280826 21756992,-3937791 21393289))
32718;POLYGON((-3078658 21986399,-3248685 21896216,-3558073 22428171,-3378376 22556580,-3078658 21986399))
32719;POLYGON((-1794550 22419716,-2042491 22362718,-2275927 23150176,-2010685 23256312,-1794550 22419716))
32720;POLYGON((24562 22586619,-321094 22582844,-426454 23697447,-53216 23763830,24562 22586619))
32721;POLYGON((2511038 22344861,2043916 22420827,2136182 23950750,2644446 23953906,2511038 22344861))
32722;POLYGON((5822931 21508243,5206064 21698429,5586978 23751479,6262564 23660534,5822931 21508243))
32723;POLYGON((10147695 19836931,9347631 20185489,10134383 22892670,11015611 22667722,10147695 19836931))
32724;POLYGON((15706250 17026277,14683662 17589005,16025030 21108600,17157073 20698831,15706250 17026277))
32725;POLYGON((22757415 12693991,21466335 13540594,23548886 18062816,24984673 17404341,22757415 12693991))
32726;POLYGON((31602737 6365524,29989722 7582177,33044879 13334461,34846079 12347869,31602737 6365524))
32727;POLYGON((42591718 -2542512,40594953 -850252,44906996 6402738,47145082 4990311,42591718 -2542512))
32728;POLYGON((56127475 -14741051,53675798 -12444976,59590881 -3370657,62348282 -5328082,56127475 -14741051))
32729;POLYGON((72672839 -31089571,69684693 -28035154,77620962 -16761295,80992298 -19407841,72672839 -31089571))
32730;POLYGON((92756908 -52619583,89139214 -48621885,99598108 -34704135,103691525 -38212818,92756908 -52619583))
32731;POLYGON((-77946170 -37634138,-81236689 -41135005,-90793349 -28152389,-87075390 -25098372,-77946170 -37634138))
32732;POLYGON((-60283497 -19682289,-62992521 -22336419,-70203706 -11841659,-67151978 -9559398,-60283497 -19682289))
32733;POLYGON((-45799095 -6203908,-48013797 -8180495,-53351848 247700,-50865140 1916258,-45799095 -6203908))
32734;POLYGON((-34008799 3715089,-35805401 2275161,-39663273 8994908,-37653220 10180940,-34008799 3715089))
32735;POLYGON((-24490285 10832700,-25935151 9812983,-28637305 15127440,-27027106 15938972,-24490285 10832700))
32736;POLYGON((-16876829 15772638,-18027470 15077651,-19839617 19242348,-18562840 19767575,-16876829 15772638))
32737;POLYGON((-10851502 19043789,-11757515 18595933,-12895284 21825268,-11894758 22135512,-10851502 19043789))
32738;POLYGON((-6141798 21057478,-6845731 20794303,-7482352 23267291,-6709143 23419615,-6141798 21057478))
32739;POLYGON((-2514675 22142723,-3052826 22014518,-3325899 23879861,-2738369 23919373,-2514675 22142723))
32740;POLYGON((228006 22559644,-175145 22527324,-192573 23907867,244486 23869736,228006 22559644))
32741;POLYGON((2253670 22511169,1959581 22544434,2114422 23541067,2430585 23452279,2253670 22511169))
32742;POLYGON((3702850 22153208,3496117 22228949,3759906 22924014,3979831 22804882,3702850 22153208))
32743;POLYGON((4692665 21603409,4555256 21704343,4880883 22164588,5024969 22030058,4692665 21603409))
32744;POLYGON((5319973 20948665,5237028 21062163,5590318 21341304,5675302 21202056,5319973 20948665))
32745;POLYGON((5664211 20251465,5623588 20368567,5980542 20509496,6020024 20372876,5664211 20251465))
32746;POLYGON((5789948 19555241,5781819 19669834,6126296 19706504,6131219 19577300,5789948 19555241))
32747;POLYGON((5749152 18888809,5765642 18996942,6087455 18955981,6066526 18837063,5749152 18888809))
32748;POLYGON((5583205 18270014,5618074 18369340,5911433 18271418,5871495 18164255,5583205 18270014))
32749;POLYGON((5324678 17708681,5373041 17798014,5635298 17658990,5581657 17564068,5324678 17708681))
32750;POLYGON((4998873 17208978,5056959 17287931,5287622 17119823,5224330 17036966,4998873 17208978))
32751;POLYGON((4625163 16771248,4690104 16839965,4890076 16651743,4820172 16580369,4625163 16771248))
32752;POLYGON((4218144 16393428,4287795 16452372,4458793 16250621,4384512 16189926,4218144 16393428))
32753;POLYGON((3788603 16072102,3861395 16121900,4005529 15911358,3928476 15860451,3788603 16072102))
32754;POLYGON((3344342 15803260,3419150 15844597,3538626 15628589,3459917 15586585,3344342 15803260))
32755;POLYGON((2890853 15582829,2966898 15616371,3063814 15397161,2984198 15363246,2890853 15582829))
32756;POLYGON((2431874 15407030,2508635 15433376,2584856 15212437,2504807 15185903,2431874 15407030))
32757;POLYGON((1969844 15272588,2046988 15292244,2104071 15070480,2023865 15050746,1969844 15272588))
32758;POLYGON((1506262 15176867,1583591 15190223,1622747 14968139,1542522 14954758,1506262 15176867))
32759;POLYGON((1041978 15117921,1119385 15125252,1141463 14903085,1061266 14895750,1041978 15117921))
32760;POLYGON((577432 15094533,654863 15095992,660349 14873817,580174 14872358,577432 15094533))
32601;POLYGON((112855 5106214,190279 5101830,179294 4879655,99111 4884039,112855 5106214))
32602;POLYGON((-351550 5153207,-274173 5142890,-301872 4920736,-382084 4931064,-351550 5153207))
32603;POLYGON((-815437 5236490,-738182 5220026,-783201 4998012,-863427 5014523,-815437 5236490))
32604;POLYGON((-1278113 5357765,-1201129 5334820,-1264439 5113259,-1344592 5136329,-1278113 5357765))
32605;POLYGON((-1738326 5519444,-1661871 5489569,-1744802 5269081,-1824680 5299225,-1738326 5519444))
32606;POLYGON((-2193988 5724599,-2118482 5687239,-2222697 5468898,-2301934 5506762,-2193988 5724599))
32607;POLYGON((-2641839 5976860,-2567922 5931378,-2695376 5716895,-2773371 5763243,-2641839 5976860))
32608;POLYGON((-3077027 6280234,-3005640 6225947,-3158483 6017904,-3234317 6073593,-3077027 6280234))
32609;POLYGON((-3492589 6638800,-3425064 6575041,-3605498 6377192,-3677826 6443117,-3492589 6638800))
32610;POLYGON((-3878817 7056246,-3816994 6982452,-4027036 6800097,-4093959 6877122,-3878817 7056246))
32611;POLYGON((-4222485 7535186,-4168850 7451033,-4409999 7291488,-4468903 7380325,-4222485 7535186))
32612;POLYGON((-4505931 8076216,-4463779 7981795,-4736546 7854966,-4783914 7956021,-4505931 8076216))
32613;POLYGON((-4705968 8676626,-4679599 8572685,-4982870 8491772,-5014055 8604926,-4705968 8676626))
32614;POLYGON((-4792610 9328711,-4787554 9216966,-5117754 9199318,-5126721 9323639,-4792610 9328711))
32615;POLYGON((-4727596 10017596,-4750874 9901134,-5100900 9969267,-5079917 10102644,-4727596 10017596))
32616;POLYGON((-4462700 10718491,-4523120 10602267,-4880991 10785088,-4820281 10923765,-4462700 10718491))
32617;POLYGON((-3937791 11393289,-4046291 11284745,-4393477 11618996,-4280826 11756992,-3937791 11393289))
32618;POLYGON((-3078658 11986399,-3248685 11896216,-3558073 12428171,-3378376 12556580,-3078658 11986399))
32619;POLYGON((-1794550 12419716,-2042491 12362718,-2275927 13150176,-2010685 13256312,-1794550 12419716))
32620;POLYGON((24562 12586619,-321094 12582844,-426454 13697447,-53216 13763830,24562 12586619))
32621;POLYGON((2511038 12344861,2043916 12420827,2136182 13950750,2644446 13953906,2511038 12344861))
32622;POLYGON((5822931 11508243,5206064 11698429,5586978 13751479,6262564 13660534,5822931 11508243))
32623;POLYGON((10147695 9836931,9347631 10185489,10134383 12892670,11015611 12667722,10147695 9836931))
32624;POLYGON((15706250 7026277,14683662 7589005,16025030 11108600,17157073 10698831,15706250 7026277))
32625;POLYGON((22757415 2693991,21466335 3540594,23548886 8062816,24984673 7404341,22757415 2693991))
32626;POLYGON((31602737 -3634475,29989722 -2417822,33044879 3334461,34846079 2347869,31602737 -3634475))
32627;POLYGON((42591718 -12542512,40594953 -10850252,44906996 -3597261,47145082 -5009688,42591718 -12542512))
32628;POLYGON((56127475 -24741051,53675798 -22444976,59590881 -13370657,62348282 -15328082,56127475 -24741051))
32629;POLYGON((72672839 -41089571,69684693 -38035154,77620962 -26761295,80992298 -29407841,72672839 -41089571))
32630;POLYGON((92756908 -62619583,89139214 -58621885,99598108 -44704135,103691525 -48212818,92756908 -62619583))
32631;POLYGON((-77946170 -47634138,-81236689 -51135005,-90793349 -38152389,-87075390 -35098372,-77946170 -47634138))
32632;POLYGON((-60283497 -29682289,-62992521 -32336419,-70203706 -21841659,-67151978 -19559398,-60283497 -29682289))
32633;POLYGON((-45799095 -16203908,-48013797 -18180495,-53351848 -9752299,-50865140 -8083741,-45799095 -16203908))
32634;POLYGON((-34008799 -6284910,-35805401 -7724838,-39663273 -1005091,-37653220 180940,-34008799 -6284910))
32635;POLYGON((-24490285 832700,-25935151 -187016,-28637305 5127440,-27027106 5938972,-24490285 832700))
32636;POLYGON((-16876829 5772638,-18027470 5077651,-19839617 9242348,-18562840 9767575,-16876829 5772638))
32637;POLYGON((-10851502 9043789,-11757515 8595933,-12895284 11825268,-11894758 12135512,-10851502 9043789))
32638;POLYGON((-6141798 11057478,-6845731 10794303,-7482352 13267291,-6709143 13419615,-6141798 11057478))
32639;POLYGON((-2514675 12142723,-3052826 12014518,-3325899 13879861,-2738369 13919373,-2514675 12142723))
32640;POLYGON((228006 12559644,-175145 12527324,-192573 13907867,244486 13869736,228006 12559644))
32641;POLYGON((2253670 12511169,1959581 12544434,2114422 13541067,2430585 13452279,2253670 12511169))
32642;POLYGON((3702850 12153208,3496117 12228949,3759906 12924014,3979831 12804882,3702850 12153208))
32643;POLYGON((4692665 11603409,4555256 11704343,4880883 12164588,5024969 12030058,4692665 11603409))
32644;POLYGON((5319973 10948665,5237028 11062163,5590318 11341304,5675302 11202056,5319973 10948665))
32645;POLYGON((5664211 10251465,5623588 10368567,5980542 10509496,6020024 10372876,5664211 10251465))
32646;POLYGON((5789948 9555241,5781819 9669834,6126296 9706504,6131219 9577300,5789948 9555241))
32647;POLYGON((5749152 8888809,5765642 8996942,6087455 8955981,6066526 8837063,5749152 8888809))
32648;POLYGON((5583205 8270014,5618074 8369340,5911433 8271418,5871495 8164255,5583205 8270014))
32649;POLYGON((5324678 7708681,5373041 7798014,5635298 7658990,5581657 7564068,5324678 7708681))
32650;POLYGON((4998873 7208978,5056959 7287931,5287622 7119823,5224330 7036966,4998873 7208978))
32651;POLYGON((4625163 6771248,4690104 6839965,4890076 6651743,4820172 6580369,4625163 6771248))
32652;POLYGON((4218144 6393428,4287795 6452372,4458793 6250621,4384512 6189926,4218144 6393428))
32653;POLYGON((3788603 6072102,3861395 6121900,4005529 5911358,3928476 5860451,3788603 6072102))
32654;POLYGON((3344342 5803260,3419150 5844597,3538626 5628589,3459917 5586585,3344342 5803260))
32655;POLYGON((2890853 5582829,2966898 5616371,3063814 5397161,2984198 5363246,2890853 5582829))
32656;POLYGON((2431874 5407030,2508635 5433376,2584856 5212437,2504807 5185903,2431874 5407030))
32657;POLYGON((1969844 5272588,2046988 5292244,2104071 5070480,2023865 5050746,1969844 5272588))
32658;POLYGON((1506262 5176867,1583591 5190223,1622747 4968139,1542522 4954758,1506262 5176867))
32659;POLYGON((1041978 5117921,1119385 5125252,1141463 4903085,1061266 4895750,1041978 5117921))
32660;POLYGON((577432 5094533,654863 5095992,660349 4873817,580174 4872358,577432 5094533))
