32701;POLYGON((-4963 7225724,96148 7229088,102948 7007265,3551 7003714,-4963 7225724))
32702;POLYGON((-614430 7189466,-512419 7197458,-495135 6973875,-595339 6965442,-614430 7189466))
32703;POLYGON((-1231839 7124287,-1128199 7137267,-1099673 6910401,-1201330 6896725,-1231839 7124287))
32704;POLYGON((-1861623 7027195,-1755608 7045767,-1714549 6814082,-1818305 6794556,-1861623 7027195))
32705;POLYGON((-2508309 6893530,-2399160 6918605,-2343619 6680570,-2450110 6654291,-2508309 6893530))
32706;POLYGON((-3176484 6716513,-3063435 6749393,-2990629 6503543,-3100458 6469229,-3176484 6716513))
32707;POLYGON((-3870706 6486565,-3753005 6529076,-3659048 6274138,-3772749 6230013,-3870706 6486565))
32708;POLYGON((-4595336 6190356,-4472279 6245032,-4351812 5980153,-4469800 5923786,-4595336 6190356))
32709;POLYGON((-5354283 5809495,-5225264 5879821,-5070960 5604962,-5193454 5533058,-5354283 5809495))
32710;POLYGON((-6150648 5318776,-6015225 5409517,-5817124 5126074,-5944048 5034188,-6150648 5318776))
32711;POLYGON((-6986237 4683863,-6844223 4801492,-6588872 4513248,-6719731 4395426,-6986237 4683863))
32712;POLYGON((-7860950 3858312,-7712526 4011560,-7381874 3726075,-7515597 3574390,-7860950 3858312))
32713;POLYGON((-8772014 2779784,-8617864 2980335,-8187878 2710924,-8322622 2514895,-8772014 2779784))
32714;POLYGON((-9713046 1365303,-9554530 1628651,-8993459 1397123,-9126385 1143000,-9713046 1365303))
32715;POLYGON((-10672942 -494610,-10512292 -148090,-9778547 -307732,-9905545 -637848,-10672942 -494610))
32716;POLYGON((-11634562 -2943089,-11475115 -2486858,-10514691 -2523503,-10630068 -2952723,-11634562 -2943089))
32717;POLYGON((-12573208 -6165564,-12419677 -5565364,-11163048 -5404398,-11259164 -5962321,-12573208 -6165564))
32718;POLYGON((-13454869 -10400103,-13313651 -9612106,-11672085 -9147208,-11738935 -9871433,-13454869 -10400103))
32719;POLYGON((-14234229 -15949655,-14113754 -14918280,-11974947 -14001048,-11999700 -14938956,-14234229 -15949655))
32720;POLYGON((-14852408 -23196454,-14763535 -21851809,-11986514 -20278793,-11952977 -21489637,-14852408 -23196454))
32721;POLYGON((-15234441 -32618810,-15190896 -30873714,-11600076 -28370413,-11488114 -29927733,-15234441 -32618810))
32722;POLYGON((-15286454 -44810569,-15305326 -42557113,-10683654 -38758401,-10468532 -40752819,-15286454 -44810569))
32723;POLYGON((-14892549 -60503508,-14994825 -57609104,-9075909 -52035529,-8727574 -54577948,-14892549 -60503508))
32724;POLYGON((-13911359 -80592960,-14122525 -76895836,-6581644 -68925152,-6063930 -72150405,-13911359 -80592960))
32725;POLYGON((-12172269 -106166984,-12522963 -101471062,-2966862 -90304307,-2236625 -94375298,-12172269 -106166984))
32726;POLYGON((-9471296 -138539387,-9998018 -132608497,2046625 -117229865,3040450 -122342239,-9471296 -138539387))
32727;POLYGON((-5566589 -179286945,-6312478 -171838315,8787073 -150967989,10104504 -157355388,-5566589 -179286945))
32728;POLYGON((-173556 -230291168,-1189233 -220988134,17639171 -193027193,19350284 -200967133,-173556 -230291168))
32729;POLYGON((7040402 -293784973,5695935 -282228843,29050929 -245195278,31237062 -255015699,7040402 -293784973))
32730;POLYGON((16461585 -372404646,14719962 -358125653,43541102 -309580440,46296145 -321666994,16461585 -372404646))
32731;POLYGON((-8914811 -318167997,-10448686 -331022016,-37333828 -286616601,-34875813 -275715231,-8914811 -318167997))
32732;POLYGON((-1010856 -249946679,-2182991 -260322205,-23932122 -226559645,-21994419 -217723884,-1010856 -249946679))
32733;POLYGON((4949665 -195046162,4075711 -203376234,-13427571 -177978715,-11922734 -170852725,4949665 -195046162))
32734;POLYGON((9316601 -151105116,8686135 -157756341,-5325861 -138877252,-4178337 -133159167,9316601 -151105116))
32735;POLYGON((12389940 -116130336,11956191 -121411469,799113 -107564907,1654227 -102999925,12389940 -116130336))
32736;POLYGON((14425218 -88448342,14148467 -92617993,5312492 -82617855,5930602 -78992027,14425218 -88448342))
32737;POLYGON((15638525 -66662025,15485296 -69935551,8525157 -62843187,8953246 -59977857,15638525 -66662025))
32738;POLYGON((16211121 -49611945,16153438 -52167590,10699938 -47247081,10977548 -44993930,16211121 -49611945))
32739;POLYGON((16293686 -36341951,16308389 -38326295,12057323 -35006476,12217458 -33243123,16293686 -36341951))
32740;POLYGON((16010209 -26068764,16078332 -27601527,12780695 -25443970,12850656 -24070078,16010209 -26068764))
32741;POLYGON((15461543 -18155203,15567743 -19333470,13021128 -18005674,13023265 -16939536,15461543 -18155203))
32742;POLYGON((14728628 -12086747,14860670 -12988655,12901745 -12241790,12854143 -11417335,14728628 -12086747))
32743;POLYGON((13875411 -7451129,14023704 -8139069,12521667 -7789653,12438768 -7153845,13875411 -7451129))
32744;POLYGON((12951466 -3920683,13108642 -4444065,11959576 -4359025,11852737 -3869615,12951466 -3920683))
32745;POLYGON((11994339 -1237178,12154883 -1634793,11276907 -1719416,11154895 -1343010,11994339 -1237178))
32746;POLYGON((11031624 801123,11191549 499088,10520691 310766,10390124 600350,11031624 801123))
32747;POLYGON((10082801 2350417,10239353 2120682,9726063 1873439,9591801 2096559,10082801 2350417))
32748;POLYGON((9160830 3530533,9312240 3355310,8918473 3078603,8783953 3250964,9160830 3530533))
32749;POLYGON((8273534 4432571,8418803 4298390,8115595 4010838,7983127 4144456,8273534 4432571))
32750;POLYGON((7424778 5125172,7563492 5021922,7328977 4734660,7199991 4838658,7424778 5125172))
32751;POLYGON((6615460 5659611,6747639 5579769,6565439 5298908,6440697 5380163,6615460 5659611))
32752;POLYGON((5844331 6073893,5970302 6011899,5828238 5740297,5708009 5803956,5844331 6073893))
32753;POLYGON((5108665 6395980,5228961 6347755,5118036 6086245,5002233 6136138,5108665 6395980))
32754;POLYGON((4404776 6646315,4520060 6608887,4433667 6357100,4321963 6396061,4404776 6646315))
32755;POLYGON((3728419 6839749,3839423 6810964,3772744 6567874,3664656 6597982,3728419 6839749))
32756;POLYGON((3075081 6986989,3182567 6965301,3132117 6729550,3027071 6752318,3075081 6986989))
32757;POLYGON((2440170 7095661,2544903 7079978,2508202 6850070,2405576 6866578,2440170 7095661))
32758;POLYGON((1819133 7171070,1921867 7160644,1897204 6935042,1796355 6946037,1819133 7171070))
32759;POLYGON((1207506 7216726,1308977 7211079,1295248 6988251,1195529 6994212,1207506 7216726))
32760;POLYGON((600913 7234680,701845 7233563,698454 7011991,599218 7013171,600913 7234680))
32601;POLYGON((-4963 -2774275,96148 -2770911,102948 -2992734,3551 -2996285,-4963 -2774275))
32602;POLYGON((-614430 -2810533,-512419 -2802541,-495135 -3026124,-595339 -3034557,-614430 -2810533))
32603;POLYGON((-1231839 -2875712,-1128199 -2862732,-1099673 -3089598,-1201330 -3103274,-1231839 -2875712))
32604;POLYGON((-1861623 -2972804,-1755608 -2954232,-1714549 -3185917,-1818305 -3205443,-1861623 -2972804))
32605;POLYGON((-2508309 -3106469,-2399160 -3081394,-2343619 -3319429,-2450110 -3345708,-2508309 -3106469))
32606;POLYGON((-3176484 -3283486,-3063435 -3250606,-2990629 -3496456,-3100458 -3530770,-3176484 -3283486))
32607;POLYGON((-3870706 -3513434,-3753005 -3470923,-3659048 -3725861,-3772749 -3769986,-3870706 -3513434))
32608;POLYGON((-4595336 -3809643,-4472279 -3754967,-4351812 -4019846,-4469800 -4076213,-4595336 -3809643))
32609;POLYGON((-5354283 -4190504,-5225264 -4120178,-5070960 -4395037,-5193454 -4466941,-5354283 -4190504))
32610;POLYGON((-6150648 -4681223,-6015225 -4590482,-5817124 -4873925,-5944048 -4965811,-6150648 -4681223))
32611;POLYGON((-6986237 -5316136,-6844223 -5198507,-6588872 -5486751,-6719731 -5604573,-6986237 -5316136))
32612;POLYGON((-7860950 -6141687,-7712526 -5988439,-7381874 -6273924,-7515597 -6425609,-7860950 -6141687))
32613;POLYGON((-8772014 -7220215,-8617864 -7019664,-8187878 -7289075,-8322622 -7485104,-8772014 -7220215))
32614;POLYGON((-9713046 -8634696,-9554530 -8371348,-8993459 -8602876,-9126385 -8856999,-9713046 -8634696))
32615;POLYGON((-10672942 -10494610,-10512292 -10148090,-9778547 -10307732,-9905545 -10637848,-10672942 -10494610))
32616;POLYGON((-11634562 -12943089,-11475115 -12486858,-10514691 -12523503,-10630068 -12952723,-11634562 -12943089))
32617;POLYGON((-12573208 -16165564,-12419677 -15565364,-11163048 -15404398,-11259164 -15962321,-12573208 -16165564))
32618;POLYGON((-13454869 -20400103,-13313651 -19612106,-11672085 -19147208,-11738935 -19871433,-13454869 -20400103))
32619;POLYGON((-14234229 -25949655,-14113754 -24918280,-11974947 -24001048,-11999700 -24938956,-14234229 -25949655))
32620;POLYGON((-14852408 -33196454,-14763535 -31851809,-11986514 -30278793,-11952977 -31489637,-14852408 -33196454))
32621;POLYGON((-15234441 -42618810,-15190896 -40873714,-11600076 -38370413,-11488114 -39927733,-15234441 -42618810))
32622;POLYGON((-15286454 -54810569,-15305326 -52557113,-10683654 -48758401,-10468532 -50752819,-15286454 -54810569))
32623;POLYGON((-14892549 -70503508,-14994825 -67609104,-9075909 -62035529,-8727574 -64577948,-14892549 -70503508))
32624;POLYGON((-13911359 -90592960,-14122525 -86895836,-6581644 -78925152,-6063930 -82150405,-13911359 -90592960))
32625;POLYGON((-12172269 -116166984,-12522963 -111471062,-2966862 -100304307,-2236625 -104375298,-12172269 -116166984))
32626;POLYGON((-9471296 -148539387,-9998018 -142608497,2046625 -127229865,3040450 -132342239,-9471296 -148539387))
32627;POLYGON((-5566589 -189286945,-6312478 -181838315,8787073 -160967989,10104504 -167355388,-5566589 -189286945))
32628;POLYGON((-173556 -240291168,-1189233 -230988134,17639171 -203027193,19350284 -210967133,-173556 -240291168))
32629;POLYGON((7040402 -303784973,5695935 -292228843,29050929 -255195278,31237062 -265015699,7040402 -303784973))
32630;POLYGON((16461585 -382404646,14719962 -368125653,43541102 -319580440,46296145 -331666994,16461585 -382404646))
32631;POLYGON((-8914811 -328167997,-10448686 -341022016,-37333828 -296616601,-34875813 -285715231,-8914811 -328167997))
32632;POLYGON((-1010856 -259946679,-2182991 -270322205,-23932122 -236559645,-21994419 -227723884,-1010856 -259946679))
32633;POLYGON((4949665 -205046162,4075711 -213376234,-13427571 -187978715,-11922734 -180852725,4949665 -205046162))
32634;POLYGON((9316601 -161105116,8686135 -167756341,-5325861 -148877252,-4178337 -143159167,9316601 -161105116))
32635;POLYGON((12389940 -126130336,11956191 -131411469,799113 -117564907,1654227 -112999925,12389940 -126130336))
32636;POLYGON((14425218 -98448342,14148467 -102617993,5312492 -92617855,5930602 -88992027,14425218 -98448342))
32637;POLYGON((15638525 -76662025,15485296 -79935551,8525157 -72843187,8953246 -69977857,15638525 -76662025))
32638;POLYGON((16211121 -59611945,16153438 -62167590,10699938 -57247081,10977548 -54993930,16211121 -59611945))
32639;POLYGON((16293686 -46341951,16308389 -48326295,12057323 -45006476,12217458 -43243123,16293686 -46341951))
32640;POLYGON((16010209 -36068764,16078332 -37601527,12780695 -35443970,12850656 -34070078,16010209 -36068764))
32641;POLYGON((15461543 -28155203,15567743 -29333470,13021128 -28005674,13023265 -26939536,15461543 -28155203))
32642;POLYGON((14728628 -22086747,14860670 -22988655,12901745 -22241790,12854143 -21417335,14728628 -22086747))
32643;POLYGON((13875411 -17451129,14023704 -18139069,12521667 -17789653,12438768 -17153845,13875411 -17451129))
32644;POLYGON((12951466 -13920683,13108642 -14444065,11959576 -14359025,11852737 -13869615,12951466 -13920683))
32645;POLYGON((11994339 -11237178,12154883 -11634793,11276907 -11719416,11154895 -11343010,11994339 -11237178))
32646;POLYGON((11031624 -9198876,11191549 -9500911,10520691 -9689233,10390124 -9399649,11031624 -9198876))
32647;POLYGON((10082801 -7649582,10239353 -7879317,9726063 -8126560,9591801 -7903440,10082801 -7649582))
32648;POLYGON((9160830 -6469466,9312240 -6644689,8918473 -6921396,8783953 -6749035,9160830 -6469466))
32649;POLYGON((8273534 -5567428,8418803 -5701609,8115595 -5989161,7983127 -5855543,8273534 -5567428))
32650;POLYGON((7424778 -4874827,7563492 -4978077,7328977 -5265339,7199991 -5161341,7424778 -4874827))
32651;POLYGON((6615460 -4340388,6747639 -4420230,6565439 -4701091,6440697 -4619836,6615460 -4340388))
32652;POLYGON((5844331 -3926106,5970302 -3988100,5828238 -4259702,5708009 -4196043,5844331 -3926106))
32653;POLYGON((5108665 -3604019,5228961 -3652244,5118036 -3913754,5002233 -3863861,5108665 -3604019))
32654;POLYGON((4404776 -3353684,4520060 -3391112,4433667 -3642899,4321963 -3603938,4404776 -3353684))
32655;POLYGON((3728419 -3160250,3839423 -3189035,3772744 -3432125,3664656 -3402017,3728419 -3160250))
32656;POLYGON((3075081 -3013010,3182567 -3034698,3132117 -3270449,3027071 -3247681,3075081 -3013010))
32657;POLYGON((2440170 -2904338,2544903 -2920021,2508202 -3149929,2405576 -3133421,2440170 -2904338))
32658;POLYGON((1819133 -2828929,1921867 -2839355,1897204 -3064957,1796355 -3053962,1819133 -2828929))
32659;POLYGON((1207506 -2783273,1308977 -2788920,1295248 -3011748,1195529 -3005787,1207506 -2783273))
32660;POLYGON((600913 -2765319,701845 -2766436,698454 -2988008,599218 -2986828,600913 -2765319))
