32701;POLYGON((-51673 9112345,58856 9113556,61280 8891924,-48636 8890422,-51673 9112345))
32702;POLYGON((-719460 9099258,-607445 9102148,-601255 8877771,-712615 8874186,-719460 9099258))
32703;POLYGON((-1400549 9075569,-1285778 9080303,-1275473 8850682,-1389507 8844813,-1400549 9075569))
32704;POLYGON((-2103054 9039881,-1984105 9046746,-1969072 8809097,-2087149 8800595,-2103054 9039881))
32705;POLYGON((-2836294 8989935,-2711508 8999378,-2690778 8750461,-2814488 8738781,-2836294 8989935))
32706;POLYGON((-3611401 8922268,-3478765 8934971,-3450874 8670853,-3582127 8655169,-3611401 8922268))
32707;POLYGON((-4442086 8831694,-4299098 8848670,-4261860 8564398,-4403010 8543487,-4442086 8831694))
32708;POLYGON((-5345617 8710513,-5189104 8733261,-5139288 8422403,-5293294 8394459,-5345617 8710513))
32709;POLYGON((-6344038 8547383,-6169932 8578109,-6102800 8232093,-6273419 8194476,-6344038 8547383))
32710;POLYGON((-7465678 8325758,-7268749 8367663,-7177413 7974861,-7369442 7923746,-7465678 8325758))
32711;POLYGON((-8747003 8021747,-8520519 8079432,-8395081 7623880,-8614649 7553787,-8747003 8021747))
32712;POLYGON((-10234826 7601300,-9970158 7681291,-9796584 7140931,-10051495 7044109,-10234826 7601300))
32713;POLYGON((-11988948 7016548,-11675103 7127967,-11433755 6472279,-11733902 6337911,-11988948 7016548))
32714;POLYGON((-14085253 6201134,-13708322 6356555,-13372114 5543409,-13729956 5356614,-14085253 6201134))
32715;POLYGON((-16619307 5064367,-16161825 5280884,-15693919 4252410,-16125032 3992990,-16619307 5064367))
32716;POLYGON((-19710498 3483999,-19150721 3784531,-18501682 2461791,-19025395 2102697,-19710498 3483999))
32717;POLYGON((-23506769 1297401,-22817836 1712285,-21922189 -11533,-22562305 -506063,-23506769 1297401))
32718;POLYGON((-28189973 -1709062,-27338973 -1140167,-26111052 -3408325,-26896660 -4085003,-28189973 -1709062))
32719;POLYGON((-33981908 -5812739,-32928825 -5038577,-31257842 -8041474,-32224233 -8960620,-33981908 -5812739))
32720;POLYGON((-41151062 -11369699,-39847596 -10324745,-37591824 -14313112,-38781505 -15551789,-41151062 -11369699))
32721;POLYGON((-50020112 -18832348,-48408378 -17433680,-45388341 -22734704,-46852169 -24390378,-50020112 -18832348))
32722;POLYGON((-60974228 -28769925,-58985315 -26913592,-54975887 -33950458,-56774315 -36145247,-60974228 -28769925))
32723;POLYGON((-74470218 -41892191,-72022601 -39449032,-66743893 -48764407,-68948339 -51649978,-74470218 -41892191))
32724;POLYGON((-91046551 -59076638,-88044361 -55887489,-81151274 -68171539,-83845623 -71934716,-91046551 -59076638))
32725;POLYGON((-111334312 -81399545,-107665444 -77269780,-98735766 -93393360,-102018006 -98262514,-111334312 -81399545))
32726;POLYGON((-136069126 -110171246,-131603179 -104864589,-120124096 -125918315,-124108094 -132170600,-136069126 -110171246))
32727;POLYGON((-166104093 -146975977,-160690146 -140207531,-146043017 -167547483,-150860448 -175516996,-166104093 -146975977))
32728;POLYGON((-202423772 -193716684,-195887976 -185145098,-177331243 -220446000,-183133668 -230532941,-202423772 -193716684))
32729;POLYGON((-246159269 -252665200,-238302256 -241883919,-214952332 -287200673,-221913441 -299881587,-246159269 -252665200))
32730;POLYGON((-298604460 -326518205,-289198556 -313045720,-260008539 -370884283,-268326552 -386723456,-298604460 -326518205))
32731;POLYGON((263604344 -275480247,272205460 -287541848,245089489 -340896971,237476338 -326713426,263604344 -275480247))
32732;POLYGON((217117908 -211885908,224287689 -221507078,202643290 -263230617,196284709 -251911459,217117908 -211885908))
32733;POLYGON((178459660 -161348128,184411268 -168971616,167248482 -201410684,161958828 -192437000,178459660 -161348128))
32734;POLYGON((146446101 -121459974,151365808 -127458579,137850646 -152533960,133467583 -145468728,146446101 -121459974))
32735;POLYGON((120045551 -90201390,124095431 -94887201,113529328 -114160998,109911509 -108638279,120045551 -90201390))
32736;POLYGON((98362701 -65887138,101683123 -69519818,93484518 -84254101,90509422 -79969350,98362701 -65887138))
32737;POLYGON((80624254 -47120248,83336205 -49914426,77024086 -61121823,74586016 -57823239,80624254 -47120248))
32738;POLYGON((66165652 -32750559,68372873 -34882404,63552152 -43369506,61560384 -40850341,66165652 -32750559))
32739;POLYGON((54418818 -21837968,56209778 -23451004,52558340 -29855391,50935420 -27947149,54418818 -21837968))
32740;POLYGON((44900883 -13620012,46350594 -14830234,43607896 -19651869,42288068 -18218311,44900883 -13620012))
32741;POLYGON((37203858 -7483408,38375529 -8383766,36332613 -12011431,35260385 -10943335,37203858 -7483408))
32742;POLYGON((30985196 -2939235,31931747 -3603532,30422541 -6336938,29551379 -5547533,30985196 -2939235))
32743;POLYGON((25959219 398595,26724653 -87669,25618449 -2155799,24909588 -1576817,25959219 398595))
32744;POLYGON((21889352 2831879,22509995 2478497,21704978 902291,21126350 1324005,21889352 2831879))
32745;POLYGON((18581130 4593973,19086743 4338736,18504487 3124417,18029752 3429796,18581130 4593973))
32746;POLYGON((15875936 5863228,16290710 5679725,15871510 4730633,15479198 4950827,15875936 5863228))
32747;POLYGON((13645419 6774287,13988862 6642694,13687832 5887590,13360576 6046011,13645419 6774287))
32748;POLYGON((11786560 7427485,12074273 7333114,11858114 6719903,11581970 6833918,11786560 7427485))
32749;POLYGON((10217341 7896574,10461703 7828696,10306045 7319523,10069901 7401841,10217341 7896574))
32750;POLYGON((8872969 8235016,9083726 8185902,8970984 7753375,8766047 7813168,8872969 8235016))
32751;POLYGON((7702613 8481013,7887391 8445174,7805054 8069496,7624405 8113293,7702613 8481013))
32752;POLYGON((6666627 8661489,6831363 8635082,6770647 8301903,6608863 8334289,6666627 8661489))
32753;POLYGON((5734192 8795173,5883496 8775537,5838314 8474371,5691151 8498528,5734192 8795173))
32754;POLYGON((4881351 8894942,5018813 8880256,4984990 8603333,4849116 8621446,4881351 8894942))
32755;POLYGON((4089395 8969562,4217828 8958593,4192525 8700034,4065306 8713592,4089395 8969562))
32756;POLYGON((3343546 9024959,3465187 9016873,3446490 8772110,3325812 8782118,3343546 9024959))
32757;POLYGON((2631907 9065098,2748576 9059343,2735207 8824703,2619334 8831834,2631907 9065098))
32758;POLYGON((1944630 9092593,2057857 9088809,2048977 8861227,1936441 8865921,1944630 9092593))
32759;POLYGON((1273257 9109103,1384378 9107067,1379471 8883873,1268980 8886400,1273257 9109103))
32760;POLYGON((610204 9115568,720441 9115166,719233 8893922,609600 8894421,610204 9115568))
32601;POLYGON((-51673 -887654,58856 -886443,61280 -1108075,-48636 -1109577,-51673 -887654))
32602;POLYGON((-719460 -900741,-607445 -897851,-601255 -1122228,-712615 -1125813,-719460 -900741))
32603;POLYGON((-1400549 -924430,-1285778 -919696,-1275473 -1149317,-1389507 -1155186,-1400549 -924430))
32604;POLYGON((-2103054 -960118,-1984105 -953253,-1969072 -1190902,-2087149 -1199404,-2103054 -960118))
32605;POLYGON((-2836294 -1010064,-2711508 -1000621,-2690778 -1249538,-2814488 -1261218,-2836294 -1010064))
32606;POLYGON((-3611401 -1077731,-3478765 -1065028,-3450874 -1329146,-3582127 -1344830,-3611401 -1077731))
32607;POLYGON((-4442086 -1168305,-4299098 -1151329,-4261860 -1435601,-4403010 -1456512,-4442086 -1168305))
32608;POLYGON((-5345617 -1289486,-5189104 -1266738,-5139288 -1577596,-5293294 -1605540,-5345617 -1289486))
32609;POLYGON((-6344038 -1452616,-6169932 -1421890,-6102800 -1767906,-6273419 -1805523,-6344038 -1452616))
32610;POLYGON((-7465678 -1674241,-7268749 -1632336,-7177413 -2025138,-7369442 -2076253,-7465678 -1674241))
32611;POLYGON((-8747003 -1978252,-8520519 -1920567,-8395081 -2376119,-8614649 -2446212,-8747003 -1978252))
32612;POLYGON((-10234826 -2398699,-9970158 -2318708,-9796584 -2859068,-10051495 -2955890,-10234826 -2398699))
32613;POLYGON((-11988948 -2983451,-11675103 -2872032,-11433755 -3527720,-11733902 -3662088,-11988948 -2983451))
32614;POLYGON((-14085253 -3798865,-13708322 -3643444,-13372114 -4456590,-13729956 -4643385,-14085253 -3798865))
32615;POLYGON((-16619307 -4935632,-16161825 -4719115,-15693919 -5747589,-16125032 -6007009,-16619307 -4935632))
32616;POLYGON((-19710498 -6516000,-19150721 -6215468,-18501682 -7538208,-19025395 -7897302,-19710498 -6516000))
32617;POLYGON((-23506769 -8702598,-22817836 -8287714,-21922189 -10011533,-22562305 -10506063,-23506769 -8702598))
32618;POLYGON((-28189973 -11709062,-27338973 -11140167,-26111052 -13408325,-26896660 -14085003,-28189973 -11709062))
32619;POLYGON((-33981908 -15812739,-32928825 -15038577,-31257842 -18041474,-32224233 -18960620,-33981908 -15812739))
32620;POLYGON((-41151062 -21369699,-39847596 -20324745,-37591824 -24313112,-38781505 -25551789,-41151062 -21369699))
32621;POLYGON((-50020112 -28832348,-48408378 -27433680,-45388341 -32734704,-46852169 -34390378,-50020112 -28832348))
32622;POLYGON((-60974228 -38769925,-58985315 -36913592,-54975887 -43950458,-56774315 -46145247,-60974228 -38769925))
32623;POLYGON((-74470218 -51892191,-72022601 -49449032,-66743893 -58764407,-68948339 -61649978,-74470218 -51892191))
32624;POLYGON((-91046551 -69076638,-88044361 -65887489,-81151274 -78171539,-83845623 -81934716,-91046551 -69076638))
32625;POLYGON((-111334312 -91399545,-107665444 -87269780,-98735766 -103393360,-102018006 -108262514,-111334312 -91399545))
32626;POLYGON((-136069126 -120171246,-131603179 -114864589,-120124096 -135918315,-124108094 -142170600,-136069126 -120171246))
32627;POLYGON((-166104093 -156975977,-160690146 -150207531,-146043017 -177547483,-150860448 -185516996,-166104093 -156975977))
32628;POLYGON((-202423772 -203716684,-195887976 -195145098,-177331243 -230446000,-183133668 -240532941,-202423772 -203716684))
32629;POLYGON((-246159269 -262665200,-238302256 -251883919,-214952332 -297200673,-221913441 -309881587,-246159269 -262665200))
32630;POLYGON((-298604460 -336518205,-289198556 -323045720,-260008539 -380884283,-268326552 -396723456,-298604460 -336518205))
32631;POLYGON((263604344 -285480247,272205460 -297541848,245089489 -350896971,237476338 -336713426,263604344 -285480247))
32632;POLYGON((217117908 -221885908,224287689 -231507078,202643290 -273230617,196284709 -261911459,217117908 -221885908))
32633;POLYGON((178459660 -171348128,184411268 -178971616,167248482 -211410684,161958828 -202437000,178459660 -171348128))
32634;POLYGON((146446101 -131459974,151365808 -137458579,137850646 -162533960,133467583 -155468728,146446101 -131459974))
32635;POLYGON((120045551 -100201390,124095431 -104887201,113529328 -124160998,109911509 -118638279,120045551 -100201390))
32636;POLYGON((98362701 -75887138,101683123 -79519818,93484518 -94254101,90509422 -89969350,98362701 -75887138))
32637;POLYGON((80624254 -57120248,83336205 -59914426,77024086 -71121823,74586016 -67823239,80624254 -57120248))
32638;POLYGON((66165652 -42750559,68372873 -44882404,63552152 -53369506,61560384 -50850341,66165652 -42750559))
32639;POLYGON((54418818 -31837968,56209778 -33451004,52558340 -39855391,50935420 -37947149,54418818 -31837968))
32640;POLYGON((44900883 -23620012,46350594 -24830234,43607896 -29651869,42288068 -28218311,44900883 -23620012))
32641;POLYGON((37203858 -17483408,38375529 -18383766,36332613 -22011431,35260385 -20943335,37203858 -17483408))
32642;POLYGON((30985196 -12939235,31931747 -13603532,30422541 -16336938,29551379 -15547533,30985196 -12939235))
32643;POLYGON((25959219 -9601404,26724653 -10087669,25618449 -12155799,24909588 -11576817,25959219 -9601404))
32644;POLYGON((21889352 -7168120,22509995 -7521502,21704978 -9097708,21126350 -8675994,21889352 -7168120))
32645;POLYGON((18581130 -5406026,19086743 -5661263,18504487 -6875582,18029752 -6570203,18581130 -5406026))
32646;POLYGON((15875936 -4136771,16290710 -4320274,15871510 -5269366,15479198 -5049172,15875936 -4136771))
32647;POLYGON((13645419 -3225712,13988862 -3357305,13687832 -4112409,13360576 -3953988,13645419 -3225712))
32648;POLYGON((11786560 -2572514,12074273 -2666885,11858114 -3280096,11581970 -3166081,11786560 -2572514))
32649;POLYGON((10217341 -2103425,10461703 -2171303,10306045 -2680476,10069901 -2598158,10217341 -2103425))
32650;POLYGON((8872969 -1764983,9083726 -1814097,8970984 -2246624,8766047 -2186831,8872969 -1764983))
32651;POLYGON((7702613 -1518986,7887391 -1554825,7805054 -1930503,7624405 -1886706,7702613 -1518986))
32652;POLYGON((6666627 -1338510,6831363 -1364917,6770647 -1698096,6608863 -1665710,6666627 -1338510))
32653;POLYGON((5734192 -1204826,5883496 -1224462,5838314 -1525628,5691151 -1501471,5734192 -1204826))
32654;POLYGON((4881351 -1105057,5018813 -1119743,4984990 -1396666,4849116 -1378553,4881351 -1105057))
32655;POLYGON((4089395 -1030437,4217828 -1041406,4192525 -1299965,4065306 -1286407,4089395 -1030437))
32656;POLYGON((3343546 -975040,3465187 -983126,3446490 -1227889,3325812 -1217881,3343546 -975040))
32657;POLYGON((2631907 -934901,2748576 -940656,2735207 -1175296,2619334 -1168165,2631907 -934901))
32658;POLYGON((1944630 -907406,2057857 -911190,2048977 -1138772,1936441 -1134078,1944630 -907406))
32659;POLYGON((1273257 -890896,1384378 -892932,1379471 -1116126,1268980 -1113599,1273257 -890896))
32660;POLYGON((610204 -884431,720441 -884833,719233 -1106077,609600 -1105578,610204 -884431))
