32701;POLYGON((-8990 7336724,92932 7339987,99487 7118180,-782 7114721,-8990 7336724))
32702;POLYGON((-623465 7301541,-520598 7309297,-503930 7085650,-605053 7077432,-623465 7301541))
32703;POLYGON((-1246294 7238258,-1141712 7250864,-1114184 7023778,-1216848 7010441,-1246294 7238258))
32704;POLYGON((-1882183 7143904,-1775090 7161961,-1735425 6929806,-1840327 6910743,-1882183 7143904))
32705;POLYGON((-2535997 7013837,-2425572 7038252,-2371836 6799374,-2479673 6773679,-2535997 7013837))
32706;POLYGON((-3212770 6841270,-3098163 6873350,-3027580 6626120,-3139036 6592496,-3212770 6841270))
32707;POLYGON((-3917653 6616567,-3798000 6658154,-3706671 6401067,-3822388 6357709,-3917653 6616567))
32708;POLYGON((-4655810 6326236,-4530257 6379900,-4412772 6111780,-4533305 6056204,-4655810 6326236))
32709;POLYGON((-5432243 5951545,-5299978 6020845,-5148885 5741196,-5274644 5670004,-5432243 5951545))
32710;POLYGON((-6251521 5466655,-6111826 5556487,-5916930 5266060,-6048092 5174638,-6251521 5466655))
32711;POLYGON((-7117417 4836154,-6969738 4953210,-6717176 4654876,-6853576 4536998,-7117417 4836154))
32712;POLYGON((-8032437 4011864,-7876468 4165221,-7547525 3865262,-7688524 3712580,-8032437 4011864))
32713;POLYGON((-8997214 2928774,-8833008 3130639,-8402619 2840590,-8546935 2642003,-8997214 2928774))
32714;POLYGON((-10009779 1499935,-9837881 1766574,-9272763 1505790,-9418270 1246642,-10009779 1499935))
32715;POLYGON((-11064671 -389862,-10886276 -36975,-10142629 -237846,-10286121 -576731,-11064671 -389862))
32716;POLYGON((-12151894 -2891818,-11969032 -2424608,-10989740 -2519004,-11126658 -2962503,-12151894 -2891818))
32717;POLYGON((-13255694 -6202474,-13071449 -5584585,-11782712 -5503994,-11906820 -6084103,-13255694 -6202474))
32718;POLYGON((-14353156 -10574911,-14171910 -9759701,-12479227 -9405910,-12582251 -10163428,-14353156 -10574911))
32719;POLYGON((-15412590 -16332030,-15240308 -15260201,-13023729 -14495480,-13094945 -15481999,-15412590 -16332030))
32720;POLYGON((-16391718 -23882180,-16236265 -22479000,-13344825 -21113825,-13370595 -22394053,-16391718 -23882180))
32721;POLYGON((-17235628 -33737400,-17107128 -31909468,-13352366 -29687345,-13315617 -31341815,-17235628 -33737400))
32722;POLYGON((-17874494 -46534565,-17785724 -44166076,-12934194 -40744967,-12813847 -42873154,-17874494 -46534565))
32723;POLYGON((-18221045 -63059745,-18187878 -60008188,-11952542 -54938008,-11722872 -57661916,-18221045 -63059745))
32724;POLYGON((-18167772 -84276087,-18209657 -80367344,-10240060 -73062908,-9869998 -76531156,-18167772 -84276087))
32725;POLYGON((-17583859 -111355568,-17724356 -106378336,-7595452 -96087114,-7047822 -100479574,-17583859 -111355568))
32726;POLYGON((-16311831 -145714957,-16579189 -139414446,-3778717 -125178394,-3009396 -130711432,-16311831 -145714957))
32727;POLYGON((-14163892 -189056363,-14591680 -181127207,1494044 -161737887,2537028 -168670258,-14163892 -189056363))
32728;POLYGON((-10917962 -243412756,-11545752 -233491059,8556257 -207437197,9933711 -216076642,-10917962 -243412756))
32729;POLYGON((-6313381 -311198834,-7187489 -298853308,17796962 -264259868,19579587 -274970475,-6313381 -311198834))
32730;POLYGON((-46275 -395267694,-1220554 -379989791,29667379 -334547560,31936911 -347757943,-46275 -395267694))
32731;POLYGON((5425415 -337257895,4408458 -351000799,-24387761 -309461421,-22372637 -297558879,5425415 -337257895))
32732;POLYGON((10548133 -264384631,9803425 -275459746,-13448174 -243946411,-11877635 -234320727,10548133 -264384631))
32733;POLYGON((14215949 -205840402,13693510 -214716349,-4980558 -191073022,-3778532 -183328922,14215949 -205840402))
32734;POLYGON((16703396 -159070969,16360378 -166144171,1444821 -148624403,2343948 -142426942,16703396 -159070969))
32735;POLYGON((18244920 -121922050,18044841 -127526088,6197760 -114725883,6850251 -109792683,18244920 -121922050))
32736;POLYGON((19039289 -92586563,18951322 -97000577,9594520 -87800395,10048305 -83894676,19039289 -92586563))
32737;POLYGON((19253662 -69557367,19251978 -73013566,11903767 -66528507,12199386 -63452844,19253662 -69557367))
32738;POLYGON((19027355 -51585103,19090519 -54275459,13352044 -49812707,13523520 -47403471,19027355 -51585103))
32739;POLYGON((18475291 -37640742,18585706 -39722915,14128821 -36745632,14204460 -34868056,18475291 -37640742))
32740;POLYGON((17691164 -26882472,17834561 -28485046,14391124 -26581929,14394243 -25125752,17691164 -26882472))
32741;POLYGON((16750320 -18626559,16915302 -19853637,14267760 -18713458,14217361 -17589094,16750320 -18626559))
32742;POLYGON((15712377 -12321854,15889998 -13257067,13863169 -12647540,13774538 -11782731,15712377 -12321854))
32743;POLYGON((14623587 -7527608,14806972 -8237596,13260902 -7987996,13146160 -7324906,14623587 -7527608))
32744;POLYGON((13518955 -3894298,13702968 -4431711,12526767 -4418714,12395357 -3911417,13518955 -3894298))
32745;POLYGON((12424133 -1147156,12605075 -1553221,11711631 -1689496,11570759 -1301822,12424133 -1147156))
32746;POLYGON((11357096 927863,11532439 621161,10853926 396040,10708949 692334,11357096 927863))
32747;POLYGON((10329615 2495951,10497771 2264028,9981858 1990725,9836619 2217504,10329615 2495951))
32748;POLYGON((9348537 3683377,9508658 3507521,9115334 3212467,8972469 3386512,9348537 3683377))
32749;POLYGON((8416890 4585743,8568695 4451847,8267650 4151452,8128834 4285533,8416890 4585743))
32750;POLYGON((7534818 5274749,7678449 5172275,7446922 4876079,7313094 4979832,7534818 5274749))
32751;POLYGON((6700369 5803684,6836267 5724831,6657310 5437804,6528853 5518445,6700369 5803684))
32752;POLYGON((5910131 6211821,6038943 6150858,5900033 5875045,5776926 5937937,5910131 6211821))
32753;POLYGON((5159755 6527883,5282253 6480633,5174201 6216289,5056138 6265395,5159755 6527883))
32754;POLYGON((4444351 6772737,4561373 6736174,4477477 6482525,4363967 6520752,4444351 6772737))
32755;POLYGON((3758785 6961446,3871194 6933391,3806598 6689122,3697036 6718591,3758785 6961446))
32756;POLYGON((3097884 7104802,3206538 7083701,3157755 6847248,3051472 6869492,3097884 7104802))
32757;POLYGON((2456569 7210450,2562306 7195211,2526866 6964929,2423170 6981035,2456569 7210450))
32758;POLYGON((1829918 7283685,1933545 7273563,1909751 7047803,1807944 7058520,1829918 7283685))
32759;POLYGON((1213172 7327994,1315472 7322515,1302235 7099658,1201624 7105465,1213172 7327994))
32760;POLYGON((601714 7345412,703449 7344328,700180 7122784,600080 7123933,601714 7345412))
32601;POLYGON((-8990 -2663275,92932 -2660012,99487 -2881819,-782 -2885278,-8990 -2663275))
32602;POLYGON((-623465 -2698458,-520598 -2690702,-503930 -2914349,-605053 -2922567,-623465 -2698458))
32603;POLYGON((-1246294 -2761741,-1141712 -2749135,-1114184 -2976221,-1216848 -2989558,-1246294 -2761741))
32604;POLYGON((-1882183 -2856095,-1775090 -2838038,-1735425 -3070193,-1840327 -3089256,-1882183 -2856095))
32605;POLYGON((-2535997 -2986162,-2425572 -2961747,-2371836 -3200625,-2479673 -3226320,-2535997 -2986162))
32606;POLYGON((-3212770 -3158729,-3098163 -3126649,-3027580 -3373879,-3139036 -3407503,-3212770 -3158729))
32607;POLYGON((-3917653 -3383432,-3798000 -3341845,-3706671 -3598932,-3822388 -3642290,-3917653 -3383432))
32608;POLYGON((-4655810 -3673763,-4530257 -3620099,-4412772 -3888219,-4533305 -3943795,-4655810 -3673763))
32609;POLYGON((-5432243 -4048454,-5299978 -3979154,-5148885 -4258803,-5274644 -4329995,-5432243 -4048454))
32610;POLYGON((-6251521 -4533344,-6111826 -4443512,-5916930 -4733939,-6048092 -4825361,-6251521 -4533344))
32611;POLYGON((-7117417 -5163845,-6969738 -5046789,-6717176 -5345123,-6853576 -5463001,-7117417 -5163845))
32612;POLYGON((-8032437 -5988135,-7876468 -5834778,-7547525 -6134737,-7688524 -6287419,-8032437 -5988135))
32613;POLYGON((-8997214 -7071225,-8833008 -6869360,-8402619 -7159409,-8546935 -7357996,-8997214 -7071225))
32614;POLYGON((-10009779 -8500064,-9837881 -8233425,-9272763 -8494209,-9418270 -8753357,-10009779 -8500064))
32615;POLYGON((-11064671 -10389862,-10886276 -10036975,-10142629 -10237846,-10286121 -10576731,-11064671 -10389862))
32616;POLYGON((-12151894 -12891818,-11969032 -12424608,-10989740 -12519004,-11126658 -12962503,-12151894 -12891818))
32617;POLYGON((-13255694 -16202474,-13071449 -15584585,-11782712 -15503994,-11906820 -16084103,-13255694 -16202474))
32618;POLYGON((-14353156 -20574911,-14171910 -19759701,-12479227 -19405910,-12582251 -20163428,-14353156 -20574911))
32619;POLYGON((-15412590 -26332030,-15240308 -25260201,-13023729 -24495480,-13094945 -25481999,-15412590 -26332030))
32620;POLYGON((-16391718 -33882180,-16236265 -32479000,-13344825 -31113825,-13370595 -32394053,-16391718 -33882180))
32621;POLYGON((-17235628 -43737400,-17107128 -41909468,-13352366 -39687345,-13315617 -41341815,-17235628 -43737400))
32622;POLYGON((-17874494 -56534565,-17785724 -54166076,-12934194 -50744967,-12813847 -52873154,-17874494 -56534565))
32623;POLYGON((-18221045 -73059745,-18187878 -70008188,-11952542 -64938008,-11722872 -67661916,-18221045 -73059745))
32624;POLYGON((-18167772 -94276087,-18209657 -90367344,-10240060 -83062908,-9869998 -86531156,-18167772 -94276087))
32625;POLYGON((-17583859 -121355568,-17724356 -116378336,-7595452 -106087114,-7047822 -110479574,-17583859 -121355568))
32626;POLYGON((-16311831 -155714957,-16579189 -149414446,-3778717 -135178394,-3009396 -140711432,-16311831 -155714957))
32627;POLYGON((-14163892 -199056363,-14591680 -191127207,1494044 -171737887,2537028 -178670258,-14163892 -199056363))
32628;POLYGON((-10917962 -253412756,-11545752 -243491059,8556257 -217437197,9933711 -226076642,-10917962 -253412756))
32629;POLYGON((-6313381 -321198834,-7187489 -308853308,17796962 -274259868,19579587 -284970475,-6313381 -321198834))
32630;POLYGON((-46275 -405267694,-1220554 -389989791,29667379 -344547560,31936911 -357757943,-46275 -405267694))
32631;POLYGON((5425415 -347257895,4408458 -361000799,-24387761 -319461421,-22372637 -307558879,5425415 -347257895))
32632;POLYGON((10548133 -274384631,9803425 -285459746,-13448174 -253946411,-11877635 -244320727,10548133 -274384631))
32633;POLYGON((14215949 -215840402,13693510 -224716349,-4980558 -201073022,-3778532 -193328922,14215949 -215840402))
32634;POLYGON((16703396 -169070969,16360378 -176144171,1444821 -158624403,2343948 -152426942,16703396 -169070969))
32635;POLYGON((18244920 -131922050,18044841 -137526088,6197760 -124725883,6850251 -119792683,18244920 -131922050))
32636;POLYGON((19039289 -102586563,18951322 -107000577,9594520 -97800395,10048305 -93894676,19039289 -102586563))
32637;POLYGON((19253662 -79557367,19251978 -83013566,11903767 -76528507,12199386 -73452844,19253662 -79557367))
32638;POLYGON((19027355 -61585103,19090519 -64275459,13352044 -59812707,13523520 -57403471,19027355 -61585103))
32639;POLYGON((18475291 -47640742,18585706 -49722915,14128821 -46745632,14204460 -44868056,18475291 -47640742))
32640;POLYGON((17691164 -36882472,17834561 -38485046,14391124 -36581929,14394243 -35125752,17691164 -36882472))
32641;POLYGON((16750320 -28626559,16915302 -29853637,14267760 -28713458,14217361 -27589094,16750320 -28626559))
32642;POLYGON((15712377 -22321854,15889998 -23257067,13863169 -22647540,13774538 -21782731,15712377 -22321854))
32643;POLYGON((14623587 -17527608,14806972 -18237596,13260902 -17987996,13146160 -17324906,14623587 -17527608))
32644;POLYGON((13518955 -13894298,13702968 -14431711,12526767 -14418714,12395357 -13911417,13518955 -13894298))
32645;POLYGON((12424133 -11147156,12605075 -11553221,11711631 -11689496,11570759 -11301822,12424133 -11147156))
32646;POLYGON((11357096 -9072136,11532439 -9378838,10853926 -9603959,10708949 -9307665,11357096 -9072136))
32647;POLYGON((10329615 -7504048,10497771 -7735971,9981858 -8009274,9836619 -7782495,10329615 -7504048))
32648;POLYGON((9348537 -6316622,9508658 -6492478,9115334 -6787532,8972469 -6613487,9348537 -6316622))
32649;POLYGON((8416890 -5414256,8568695 -5548152,8267650 -5848547,8128834 -5714466,8416890 -5414256))
32650;POLYGON((7534818 -4725250,7678449 -4827724,7446922 -5123920,7313094 -5020167,7534818 -4725250))
32651;POLYGON((6700369 -4196315,6836267 -4275168,6657310 -4562195,6528853 -4481554,6700369 -4196315))
32652;POLYGON((5910131 -3788178,6038943 -3849141,5900033 -4124954,5776926 -4062062,5910131 -3788178))
32653;POLYGON((5159755 -3472116,5282253 -3519366,5174201 -3783710,5056138 -3734604,5159755 -3472116))
32654;POLYGON((4444351 -3227262,4561373 -3263825,4477477 -3517474,4363967 -3479247,4444351 -3227262))
32655;POLYGON((3758785 -3038553,3871194 -3066608,3806598 -3310877,3697036 -3281408,3758785 -3038553))
32656;POLYGON((3097884 -2895197,3206538 -2916298,3157755 -3152751,3051472 -3130507,3097884 -2895197))
32657;POLYGON((2456569 -2789549,2562306 -2804788,2526866 -3035070,2423170 -3018964,2456569 -2789549))
32658;POLYGON((1829918 -2716314,1933545 -2726436,1909751 -2952196,1807944 -2941479,1829918 -2716314))
32659;POLYGON((1213172 -2672005,1315472 -2677484,1302235 -2900341,1201624 -2894534,1213172 -2672005))
32660;POLYGON((601714 -2654587,703449 -2655671,700180 -2877215,600080 -2876066,601714 -2654587))
