32701;POLYGON((451407 19441846,461108 19441085,445619 19218343,432054 19219403,451407 19441846))
32702;POLYGON((393609 19449938,403179 19448171,364610 19228216,351225 19230678,393609 19449938))
32703;POLYGON((336960 19464009,346295 19461254,285042 19246449,271981 19250289,336960 19464009))
32704;POLYGON((282073 19483910,291073 19480196,207767 19272860,195169 19278039,282073 19483910))
32705;POLYGON((229545 19509432,238112 19504799,133617 19307180,121619 19313645,229545 19509432))
32706;POLYGON((179950 19540306,187989 19534802,63396 19349059,52129 19356745,179950 19540306))
32707;POLYGON((133831 19576201,141254 19569885,-2123 19398065,-12535 19406891,133831 19576201))
32708;POLYGON((91696 19616734,98422 19609674,-62219 19453686,-71659 19463559,91696 19616734))
32709;POLYGON((54013 19661469,59966 19653742,-116218 19515335,-124582 19526150,54013 19661469))
32710;POLYGON((21197 19709922,26312 19701610,-163517 19582354,-170711 19593996,21197 19709922))
32711;POLYGON((-6387 19761567,-2166 19752762,-203589 19654022,-209533 19666365,-6387 19761567))
32712;POLYGON((-28443 19815844,-25162 19806640,-235998 19729566,-240630 19742477,-28443 19815844))
32713;POLYGON((-44741 19872166,-42432 19862663,-260419 19808175,-263696 19821516,-44741 19872166))
32714;POLYGON((-55131 19929930,-53813 19920229,-276648 19889015,-278550 19902647,-55131 19929930))
32715;POLYGON((-59545 19988529,-59224 19978730,-284627 19971256,-285160 19985041,-59545 19988529))
32716;POLYGON((-58014 20047368,-58678 20037570,-284464 20054095,-283662 20067906,-58014 20047368))
32717;POLYGON((-50668 20105879,-52287 20096173,-276452 20136796,-274386 20150520,-50668 20105879))
32718;POLYGON((-37750 20163543,-40276 20154011,-261101 20218732,-257878 20232277,-37750 20163543))
32719;POLYGON((-19622 20219913,-22986 20210624,-239164 20299432,-234935 20312740,-19622 20219913))
32720;POLYGON((3219 20274642,-889 20265646,-211665 20378647,-206630 20391703,3219 20274642))
32721;POLYGON((30141 20327515,25402 20318836,-179938 20456420,-174351 20469265,30141 20327515))
32722;POLYGON((60356 20378481,55129 20370115,-145660 20533170,-139838 20545918,60356 20378481))
32723;POLYGON((92912 20427699,87369 20419604,-110896 20609792,-105223 20622644,92912 20427699))
32724;POLYGON((126685 20475584,121025 20467669,-78136 20687765,-73072 20701034,126685 20475584))
32725;POLYGON((160363 20522855,154818 20514978,-50348 20769288,-46438 20783421,160363 20522855))
32726;POLYGON((192431 20570599,187269 20562550,-31027 20857421,-28907 20873024,192431 20570599))
32727;POLYGON((221165 20620334,216688 20611828,-24248 20956258,-24659 20974125,221165 20620334))
32728;POLYGON((244608 20674085,241158 20664745,-34727 21071109,-38521 21092258,244608 20674085))
32729;POLYGON((260562 20734463,258524 20723809,-67885 21208714,-76038 21234424,260562 20734463))
32730;POLYGON((266572 20804758,266373 20792191,-129910 21377482,-143535 21409334,266572 20804758))
32731;POLYGON((736200 20756609,735025 20768136,1105611 21317168,1094870 21288605,736200 20756609))
32732;POLYGON((749125 20693327,746331 20703257,1053947 21159836,1048103 21136584,749125 20693327))
32733;POLYGON((770329 20637689,766320 20646559,1028997 21030662,1027009 21011296,770329 20637689))
32734;POLYGON((797528 20586867,792667 20595104,1024837 20921823,1025791 20905201,797528 20586867))
32735;POLYGON((828687 20538652,823298 20546584,1036288 20827079,1039389 20812299,828687 20538652))
32736;POLYGON((862007 20491364,856374 20499238,1058854 20741550,1063415 20727913,862007 20491364))
32737;POLYGON((895904 20443780,890275 20451771,1088661 20661504,1094092 20648490,895904 20443780))
32738;POLYGON((929000 20395066,923592 20403289,1122394 20584188,1128194 20571420,929000 20395066))
32739;POLYGON((960109 20344712,955107 20353231,1157251 20507656,1162998 20494880,960109 20344712))
32740;POLYGON((988223 20292479,983783 20301318,1190887 20430639,1196233 20417698,988223 20292479))
32741;POLYGON((1012503 20238352,1008754 20247500,1221374 20352411,1226034 20339230,1012503 20238352))
32742;POLYGON((1032264 20182496,1029309 20191914,1247151 20272690,1250899 20259258,1032264 20182496))
32743;POLYGON((1046966 20125218,1044886 20134847,1266993 20191538,1269653 20177893,1046966 20125218))
32744;POLYGON((1056202 20066935,1055056 20076698,1279968 20109286,1281412 20095505,1056202 20066935))
32745;POLYGON((1059691 20008145,1059517 20017955,1285409 20026462,1285550 20012648,1059691 20008145))
32746;POLYGON((1057267 19949400,1058085 19959163,1282881 19943737,1281666 19930012,1057267 19949400))
32747;POLYGON((1048866 19891291,1050681 19900906,1272155 19861872,1269564 19848369,1048866 19891291))
32748;POLYGON((1034525 19834421,1037323 19843787,1253181 19781683,1249223 19768539,1034525 19834421))
32749;POLYGON((1014366 19779396,1018122 19788413,1226069 19704004,1220774 19691360,1014366 19779396))
32750;POLYGON((988594 19726810,993268 19735380,1191063 19629663,1184486 19617654,988594 19726810))
32751;POLYGON((957485 19677232,963027 19685263,1148530 19559461,1140740 19548217,957485 19677232))
32752;POLYGON((921380 19631202,927728 19638606,1098935 19494155,1090020 19483797,921380 19631202))
32753;POLYGON((880680 19589217,887764 19595914,1042832 19434445,1032893 19425084,880680 19589217))
32754;POLYGON((835834 19551731,843576 19557648,980851 19380968,969997 19372701,835834 19551731))
32755;POLYGON((787339 19519144,795653 19524219,913681 19334284,902033 19327200,787339 19519144))
32756;POLYGON((735726 19491805,744521 19495984,842063 19294881,829749 19289051,735726 19491805))
32757;POLYGON((681560 19470004,690740 19473242,766780 19263163,753934 19258647,681560 19470004))
32758;POLYGON((625431 19453970,634897 19456234,688648 19239452,675407 19236297,625431 19453970))
32759;POLYGON((567947 19443872,577596 19445138,608504 19223990,595011 19222227,567947 19443872))
32760;POLYGON((509730 19439817,519457 19440071,527206 19216930,513605 19216576,509730 19439817))
32601;POLYGON((451407 9441846,461108 9441085,445619 9218343,432054 9219403,451407 9441846))
32602;POLYGON((393609 9449938,403179 9448171,364610 9228216,351225 9230678,393609 9449938))
32603;POLYGON((336960 9464009,346295 9461254,285042 9246449,271981 9250289,336960 9464009))
32604;POLYGON((282073 9483910,291073 9480196,207767 9272860,195169 9278039,282073 9483910))
32605;POLYGON((229545 9509432,238112 9504799,133617 9307180,121619 9313645,229545 9509432))
32606;POLYGON((179950 9540306,187989 9534802,63396 9349059,52129 9356745,179950 9540306))
32607;POLYGON((133831 9576201,141254 9569885,-2123 9398065,-12535 9406891,133831 9576201))
32608;POLYGON((91696 9616734,98422 9609674,-62219 9453686,-71659 9463559,91696 9616734))
32609;POLYGON((54013 9661469,59966 9653742,-116218 9515335,-124582 9526150,54013 9661469))
32610;POLYGON((21197 9709922,26312 9701610,-163517 9582354,-170711 9593996,21197 9709922))
32611;POLYGON((-6387 9761567,-2166 9752762,-203589 9654022,-209533 9666365,-6387 9761567))
32612;POLYGON((-28443 9815844,-25162 9806640,-235998 9729566,-240630 9742477,-28443 9815844))
32613;POLYGON((-44741 9872166,-42432 9862663,-260419 9808175,-263696 9821516,-44741 9872166))
32614;POLYGON((-55131 9929930,-53813 9920229,-276648 9889015,-278550 9902647,-55131 9929930))
32615;POLYGON((-59545 9988529,-59224 9978730,-284627 9971256,-285160 9985041,-59545 9988529))
32616;POLYGON((-58014 10047368,-58678 10037570,-284464 10054095,-283662 10067906,-58014 10047368))
32617;POLYGON((-50668 10105879,-52287 10096173,-276452 10136796,-274386 10150520,-50668 10105879))
32618;POLYGON((-37750 10163543,-40276 10154011,-261101 10218732,-257878 10232277,-37750 10163543))
32619;POLYGON((-19622 10219913,-22986 10210624,-239164 10299432,-234935 10312740,-19622 10219913))
32620;POLYGON((3219 10274642,-889 10265646,-211665 10378647,-206630 10391703,3219 10274642))
32621;POLYGON((30141 10327515,25402 10318836,-179938 10456420,-174351 10469265,30141 10327515))
32622;POLYGON((60356 10378481,55129 10370115,-145660 10533170,-139838 10545918,60356 10378481))
32623;POLYGON((92912 10427699,87369 10419604,-110896 10609792,-105223 10622644,92912 10427699))
32624;POLYGON((126685 10475584,121025 10467669,-78136 10687765,-73072 10701034,126685 10475584))
32625;POLYGON((160363 10522855,154818 10514978,-50348 10769288,-46438 10783421,160363 10522855))
32626;POLYGON((192431 10570599,187269 10562550,-31027 10857421,-28907 10873024,192431 10570599))
32627;POLYGON((221165 10620334,216688 10611828,-24248 10956258,-24659 10974125,221165 10620334))
32628;POLYGON((244608 10674085,241158 10664745,-34727 11071109,-38521 11092258,244608 10674085))
32629;POLYGON((260562 10734463,258524 10723809,-67885 11208714,-76038 11234424,260562 10734463))
32630;POLYGON((266572 10804758,266373 10792191,-129910 11377482,-143535 11409334,266572 10804758))
32631;POLYGON((736200 10756609,735025 10768136,1105611 11317168,1094870 11288605,736200 10756609))
32632;POLYGON((749125 10693327,746331 10703257,1053947 11159836,1048103 11136584,749125 10693327))
32633;POLYGON((770329 10637689,766320 10646559,1028997 11030662,1027009 11011296,770329 10637689))
32634;POLYGON((797528 10586867,792667 10595104,1024837 10921823,1025791 10905201,797528 10586867))
32635;POLYGON((828687 10538652,823298 10546584,1036288 10827079,1039389 10812299,828687 10538652))
32636;POLYGON((862007 10491364,856374 10499238,1058854 10741550,1063415 10727913,862007 10491364))
32637;POLYGON((895904 10443780,890275 10451771,1088661 10661504,1094092 10648490,895904 10443780))
32638;POLYGON((929000 10395066,923592 10403289,1122394 10584188,1128194 10571420,929000 10395066))
32639;POLYGON((960109 10344712,955107 10353231,1157251 10507656,1162998 10494880,960109 10344712))
32640;POLYGON((988223 10292479,983783 10301318,1190887 10430639,1196233 10417698,988223 10292479))
32641;POLYGON((1012503 10238352,1008754 10247500,1221374 10352411,1226034 10339230,1012503 10238352))
32642;POLYGON((1032264 10182496,1029309 10191914,1247151 10272690,1250899 10259258,1032264 10182496))
32643;POLYGON((1046966 10125218,1044886 10134847,1266993 10191538,1269653 10177893,1046966 10125218))
32644;POLYGON((1056202 10066935,1055056 10076698,1279968 10109286,1281412 10095505,1056202 10066935))
32645;POLYGON((1059691 10008145,1059517 10017955,1285409 10026462,1285550 10012648,1059691 10008145))
32646;POLYGON((1057267 9949400,1058085 9959163,1282881 9943737,1281666 9930012,1057267 9949400))
32647;POLYGON((1048866 9891291,1050681 9900906,1272155 9861872,1269564 9848369,1048866 9891291))
32648;POLYGON((1034525 9834421,1037323 9843787,1253181 9781683,1249223 9768539,1034525 9834421))
32649;POLYGON((1014366 9779396,1018122 9788413,1226069 9704004,1220774 9691360,1014366 9779396))
32650;POLYGON((988594 9726810,993268 9735380,1191063 9629663,1184486 9617654,988594 9726810))
32651;POLYGON((957485 9677232,963027 9685263,1148530 9559461,1140740 9548217,957485 9677232))
32652;POLYGON((921380 9631202,927728 9638606,1098935 9494155,1090020 9483797,921380 9631202))
32653;POLYGON((880680 9589217,887764 9595914,1042832 9434445,1032893 9425084,880680 9589217))
32654;POLYGON((835834 9551731,843576 9557648,980851 9380968,969997 9372701,835834 9551731))
32655;POLYGON((787339 9519144,795653 9524219,913681 9334284,902033 9327200,787339 9519144))
32656;POLYGON((735726 9491805,744521 9495984,842063 9294881,829749 9289051,735726 9491805))
32657;POLYGON((681560 9470004,690740 9473242,766780 9263163,753934 9258647,681560 9470004))
32658;POLYGON((625431 9453970,634897 9456234,688648 9239452,675407 9236297,625431 9453970))
32659;POLYGON((567947 9443872,577596 9445138,608504 9223990,595011 9222227,567947 9443872))
32660;POLYGON((509730 9439817,519457 9440071,527206 9216930,513605 9216576,509730 9439817))
