32701;POLYGON((355706 18329692,384519 18327502,369553 18104836,337003 18107286,355706 18329692))
32702;POLYGON((183896 18353019,212366 18347922,175037 18127679,142859 18133383,183896 18353019))
32703;POLYGON((15109 18393673,42960 18385704,-16499 18169974,-48006 18178899,15109 18393673))
32704;POLYGON((-148996 18451375,-122040 18440590,-203250 18231478,-233782 18243572,-148996 18451375))
32705;POLYGON((-306758 18525708,-280975 18512186,-383381 18311817,-412629 18327004,-306758 18525708))
32706;POLYGON((-456511 18616107,-432178 18599954,-555032 18410465,-582685 18428640,-456511 18616107))
32707;POLYGON((-596600 18721838,-573993 18703188,-716324 18526715,-742067 18547740,-596600 18721838))
32708;POLYGON((-725404 18841986,-704788 18821005,-865379 18659651,-888902 18683353,-725404 18841986))
32709;POLYGON((-841360 18975436,-822990 18952324,-1000350 18808122,-1021350 18834282,-841360 18975436))
32710;POLYGON((-943011 19120863,-927120 19095856,-1119467 18970713,-1137662 18999070,-943011 19120863))
32711;POLYGON((-1029060 19276735,-1015850 19250103,-1221104 19145729,-1236242 19175971,-1029060 19276735))
32712;POLYGON((-1098440 19441316,-1088071 19413360,-1303861 19331180,-1315737 19362948,-1098440 19441316))
32713;POLYGON((-1150408 19612691,-1142976 19583742,-1366668 19524794,-1375146 19557682,-1150408 19612691))
32714;POLYGON((-1184645 19788813,-1180168 19759219,-1408922 19724032,-1413957 19757595,-1184645 19788813))
32715;POLYGON((-1201392 19967569,-1199785 19937683,-1430638 19926143,-1432305 19959906,-1201392 19967569))
32716;POLYGON((-1201593 20146879,-1202643 20117040,-1432638 20128239,-1431167 20161715,-1201593 20146879))
32717;POLYGON((-1187078 20324827,-1190411 20295336,-1416770 20327410,-1412586 20360122,-1187078 20324827))
32718;POLYGON((-1160757 20499838,-1165803 20470925,-1386155 20520881,-1379922 20552395,-1160757 20499838))
32719;POLYGON((-1126853 20670898,-1132806 20642682,-1345479 20706222,-1338152 20736182,-1126853 20670898))
32720;POLYGON((-1091157 20837831,-1096931 20810270,-1301316 20881607,-1294200 20909791,-1091157 20837831))
32721;POLYGON((-1061317 21001639,-1065496 20974467,-1262494 21046152,-1257306 21072530,-1061317 21001639))
32722;POLYGON((-1047162 21164908,-1047941 21137566,-1240502 21200311,-1239448 21225123,-1047162 21164908))
32723;POLYGON((-1061057 21332297,-1056184 21303840,-1249946 21346371,-1255798 21370216,-1061057 21332297))
32724;POLYGON((-1118296 21511109,-1105000 21480109,-1309049 21489030,-1325234 21512970,-1118296 21511109))
32725;POLYGON((-1237534 21711956,-1212452 21676384,-1440202 21636075,-1470897 21661763,-1237534 21711956))
32726;POLYGON((-1441255 21949538,-1400353 21906624,-1670565 21799183,-1720806 21829008,-1441255 21949538))
32727;POLYGON((-1756287 22243525,-1694770 22189603,-2032723 21994841,-2108519 22032087,-1756287 22243525))
32728;POLYGON((-2214358 22619572,-2126572 22549904,-2565403 22245392,-2673857 22294437,-2214358 22619572))
32729;POLYGON((-2852696 23110465,-2732028 23019039,-3314242 22580246,-3463691 22646771,-2852696 23110465))
32730;POLYGON((-3714678 23757419,-3553442 23636721,-4332623 23037235,-4532778 23128468,-3714678 23757419))
32731;POLYGON((4112842 23306471,4252762 23411491,4959573 22868608,4786077 22790740,4112842 23306471))
32732;POLYGON((3405099 22768593,3508435 22848300,4037485 22457115,3909658 22400131,3405099 22768593))
32733;POLYGON((2891365 22358296,2965252 22419423,3366230 22154120,3275067 22111597,2891365 22358296))
32734;POLYGON((2532437 22040133,2582995 22088031,2895104 21924759,2832902 21891697,2532437 22040133))
32735;POLYGON((2294823 21786209,2327265 21825054,2580862 21742121,2541081 21714715,2294823 21786209))
32736;POLYGON((2150127 21574976,2168856 21607965,2386908 21585941,2364041 21561375,2150127 21574976))
32737;POLYGON((2074473 21390183,2083177 21419698,2282541 21441446,2271995 21417720,2074473 21390183))
32738;POLYGON((2047986 21219947,2049721 21247701,2242260 21298351,2240246 21274124,2047986 21219947))
32739;POLYGON((2054301 21055939,2051570 21083104,2245130 21149981,2248560 21124436,2054301 21055939))
32740;POLYGON((2080122 20892690,2074946 20920006,2274191 20992513,2280587 20965243,2080122 20892690))
32741;POLYGON((2114817 20726979,2108798 20754849,2315930 20824330,2323339 20795241,2114817 20726979))
32742;POLYGON((2150048 20557326,2144431 20585896,2359792 20645474,2366712 20614700,2150048 20557326))
32743;POLYGON((2179437 20383554,2175163 20412779,2397745 20457184,2403053 20425021,2179437 20383554))
32744;POLYGON((2198270 20206433,2196021 20236132,2423881 20261521,2426776 20228369,2198270 20206433))
32745;POLYGON((2203227 20027377,2203469 20057280,2434072 20061056,2434014 20027376,2203227 20027377))
32746;POLYGON((2192140 19848210,2195164 19877994,2425650 19858630,2422317 19824907,2192140 19848210))
32747;POLYGON((2163791 19670974,2169743 19700290,2397135 19657161,2390380 19623878,2163791 19670974))
32748;POLYGON((2117723 19497785,2126632 19526279,2347997 19459501,2337809 19427120,2117723 19497785))
32749;POLYGON((2054083 19330719,2065889 19358053,2278447 19268338,2264919 19237286,2054083 19330719))
32750;POLYGON((1973486 19171742,1988059 19197598,2189260 19086127,2172565 19056785,1973486 19171742))
32751;POLYGON((1876901 19022652,1894059 19046743,2081627 18915046,2061996 18887752,1876901 19022652))
32752;POLYGON((1765558 18885052,1785082 18907126,1957036 18756988,1934738 18732027,1765558 18885052))
32753;POLYGON((1640868 18760337,1662512 18780175,1817169 18613551,1792498 18591164,1640868 18760337))
32754;POLYGON((1504362 18649688,1527866 18667109,1663828 18486061,1637091 18466442,1504362 18649688))
32755;POLYGON((1357647 18554089,1382739 18568941,1498873 18375588,1470384 18358892,1357647 18554089))
32756;POLYGON((1202370 18474329,1228774 18486494,1324188 18282974,1294259 18269322,1202370 18474329))
32757;POLYGON((1040194 18411030,1067632 18420416,1141644 18208862,1110587 18198345,1040194 18411030))
32758;POLYGON((872783 18364656,900978 18371194,953095 18153727,921215 18146407,872783 18364656))
32759;POLYGON((701797 18335530,730473 18339177,760365 18117895,727964 18113816,701797 18335530))
32760;POLYGON((528889 18323850,557770 18324580,565256 18101569,532632 18100752,528889 18323850))
32601;POLYGON((355706 8329692,384519 8327502,369553 8104836,337003 8107286,355706 8329692))
32602;POLYGON((183896 8353019,212366 8347922,175037 8127679,142859 8133383,183896 8353019))
32603;POLYGON((15109 8393673,42960 8385704,-16499 8169974,-48006 8178899,15109 8393673))
32604;POLYGON((-148996 8451375,-122040 8440590,-203250 8231478,-233782 8243572,-148996 8451375))
32605;POLYGON((-306758 8525708,-280975 8512186,-383381 8311817,-412629 8327004,-306758 8525708))
32606;POLYGON((-456511 8616107,-432178 8599954,-555032 8410465,-582685 8428640,-456511 8616107))
32607;POLYGON((-596600 8721838,-573993 8703188,-716324 8526715,-742067 8547740,-596600 8721838))
32608;POLYGON((-725404 8841986,-704788 8821005,-865379 8659651,-888902 8683353,-725404 8841986))
32609;POLYGON((-841360 8975436,-822990 8952324,-1000350 8808122,-1021350 8834282,-841360 8975436))
32610;POLYGON((-943011 9120863,-927120 9095856,-1119467 8970713,-1137662 8999070,-943011 9120863))
32611;POLYGON((-1029060 9276735,-1015850 9250103,-1221104 9145729,-1236242 9175971,-1029060 9276735))
32612;POLYGON((-1098440 9441316,-1088071 9413360,-1303861 9331180,-1315737 9362948,-1098440 9441316))
32613;POLYGON((-1150408 9612691,-1142976 9583742,-1366668 9524794,-1375146 9557682,-1150408 9612691))
32614;POLYGON((-1184645 9788813,-1180168 9759219,-1408922 9724032,-1413957 9757595,-1184645 9788813))
32615;POLYGON((-1201392 9967569,-1199785 9937683,-1430638 9926143,-1432305 9959906,-1201392 9967569))
32616;POLYGON((-1201593 10146879,-1202643 10117040,-1432638 10128239,-1431167 10161715,-1201593 10146879))
32617;POLYGON((-1187078 10324827,-1190411 10295336,-1416770 10327410,-1412586 10360122,-1187078 10324827))
32618;POLYGON((-1160757 10499838,-1165803 10470925,-1386155 10520881,-1379922 10552395,-1160757 10499838))
32619;POLYGON((-1126853 10670898,-1132806 10642682,-1345479 10706222,-1338152 10736182,-1126853 10670898))
32620;POLYGON((-1091157 10837831,-1096931 10810270,-1301316 10881607,-1294200 10909791,-1091157 10837831))
32621;POLYGON((-1061317 11001639,-1065496 10974467,-1262494 11046152,-1257306 11072530,-1061317 11001639))
32622;POLYGON((-1047162 11164908,-1047941 11137566,-1240502 11200311,-1239448 11225123,-1047162 11164908))
32623;POLYGON((-1061057 11332297,-1056184 11303840,-1249946 11346371,-1255798 11370216,-1061057 11332297))
32624;POLYGON((-1118296 11511109,-1105000 11480109,-1309049 11489030,-1325234 11512970,-1118296 11511109))
32625;POLYGON((-1237534 11711956,-1212452 11676384,-1440202 11636075,-1470897 11661763,-1237534 11711956))
32626;POLYGON((-1441255 11949538,-1400353 11906624,-1670565 11799183,-1720806 11829008,-1441255 11949538))
32627;POLYGON((-1756287 12243525,-1694770 12189603,-2032723 11994841,-2108519 12032087,-1756287 12243525))
32628;POLYGON((-2214358 12619572,-2126572 12549904,-2565403 12245392,-2673857 12294437,-2214358 12619572))
32629;POLYGON((-2852696 13110465,-2732028 13019039,-3314242 12580246,-3463691 12646771,-2852696 13110465))
32630;POLYGON((-3714678 13757419,-3553442 13636721,-4332623 13037235,-4532778 13128468,-3714678 13757419))
32631;POLYGON((4112842 13306471,4252762 13411491,4959573 12868608,4786077 12790740,4112842 13306471))
32632;POLYGON((3405099 12768593,3508435 12848300,4037485 12457115,3909658 12400131,3405099 12768593))
32633;POLYGON((2891365 12358296,2965252 12419423,3366230 12154120,3275067 12111597,2891365 12358296))
32634;POLYGON((2532437 12040133,2582995 12088031,2895104 11924759,2832902 11891697,2532437 12040133))
32635;POLYGON((2294823 11786209,2327265 11825054,2580862 11742121,2541081 11714715,2294823 11786209))
32636;POLYGON((2150127 11574976,2168856 11607965,2386908 11585941,2364041 11561375,2150127 11574976))
32637;POLYGON((2074473 11390183,2083177 11419698,2282541 11441446,2271995 11417720,2074473 11390183))
32638;POLYGON((2047986 11219947,2049721 11247701,2242260 11298351,2240246 11274124,2047986 11219947))
32639;POLYGON((2054301 11055939,2051570 11083104,2245130 11149981,2248560 11124436,2054301 11055939))
32640;POLYGON((2080122 10892690,2074946 10920006,2274191 10992513,2280587 10965243,2080122 10892690))
32641;POLYGON((2114817 10726979,2108798 10754849,2315930 10824330,2323339 10795241,2114817 10726979))
32642;POLYGON((2150048 10557326,2144431 10585896,2359792 10645474,2366712 10614700,2150048 10557326))
32643;POLYGON((2179437 10383554,2175163 10412779,2397745 10457184,2403053 10425021,2179437 10383554))
32644;POLYGON((2198270 10206433,2196021 10236132,2423881 10261521,2426776 10228369,2198270 10206433))
32645;POLYGON((2203227 10027377,2203469 10057280,2434072 10061056,2434014 10027376,2203227 10027377))
32646;POLYGON((2192140 9848210,2195164 9877994,2425650 9858630,2422317 9824907,2192140 9848210))
32647;POLYGON((2163791 9670974,2169743 9700290,2397135 9657161,2390380 9623878,2163791 9670974))
32648;POLYGON((2117723 9497785,2126632 9526279,2347997 9459501,2337809 9427120,2117723 9497785))
32649;POLYGON((2054083 9330719,2065889 9358053,2278447 9268338,2264919 9237286,2054083 9330719))
32650;POLYGON((1973486 9171742,1988059 9197598,2189260 9086127,2172565 9056785,1973486 9171742))
32651;POLYGON((1876901 9022652,1894059 9046743,2081627 8915046,2061996 8887752,1876901 9022652))
32652;POLYGON((1765558 8885052,1785082 8907126,1957036 8756988,1934738 8732027,1765558 8885052))
32653;POLYGON((1640868 8760337,1662512 8780175,1817169 8613551,1792498 8591164,1640868 8760337))
32654;POLYGON((1504362 8649688,1527866 8667109,1663828 8486061,1637091 8466442,1504362 8649688))
32655;POLYGON((1357647 8554089,1382739 8568941,1498873 8375588,1470384 8358892,1357647 8554089))
32656;POLYGON((1202370 8474329,1228774 8486494,1324188 8282974,1294259 8269322,1202370 8474329))
32657;POLYGON((1040194 8411030,1067632 8420416,1141644 8208862,1110587 8198345,1040194 8411030))
32658;POLYGON((872783 8364656,900978 8371194,953095 8153727,921215 8146407,872783 8364656))
32659;POLYGON((701797 8335530,730473 8339177,760365 8117895,727964 8113816,701797 8335530))
32660;POLYGON((528889 8323850,557770 8324580,565256 8101569,532632 8100752,528889 8323850))
