32701;POLYGON((60877 5782371,148741 5786629,158512 5564573,73106 5560253,60877 5782371))
32702;POLYGON((-467196 5736624,-379048 5746684,-354342 5524051,-439944 5513852,-467196 5736624))
32703;POLYGON((-997689 5655083,-909059 5671250,-868700 5447626,-954618 5431263,-997689 5655083))
32704;POLYGON((-1531572 5535262,-1442328 5558031,-1385134 5333162,-1471424 5310178,-1531572 5535262))
32705;POLYGON((-2069306 5373490,-1979419 5403559,-1903717 5177463,-1990320 5147218,-2069306 5373490))
32706;POLYGON((-2610543 5164795,-2520141 5203089,-2423725 4976209,-2510420 4937870,-2610543 5164795))
32707;POLYGON((-3153722 4902773,-3063172 4950465,-2943262 4723901,-3029585 4676432,-3153722 4902773))
32708;POLYGON((-3695536 4579460,-3605537 4637990,-3458752 4413818,-3543901 4355981,-3695536 4579460))
32709;POLYGON((-4230235 4185208,-4141950 4256305,-3964297 4038039,-4047008 3968403,-4230235 4185208))
32710;POLYGON((-4748745 3708615,-4663960 3794303,-4450854 3587538,-4529246 3504503,-4748745 3708615))
32711;POLYGON((-5237569 3136503,-5158895 3239099,-4905223 3052396,-4976608 2954247,-5237569 3136503))
32712;POLYGON((-5677446 2453996,-5608559 2576092,-5308808 2422174,-5369462 2307156,-5677446 2453996))
32713;POLYGON((-6041746 1644711,-5987672 1789129,-5636133 1686482,-5681022 1552922,-6041746 1644711))
32714;POLYGON((-6294559 691112,-6262018 860835,-5853083 835803,-5875542 682274,-6294559 691112))
32715;POLYGON((-6388463 -424945,-6386264 -226881,-5914848 -137373,-5906206 -311828,-6388463 -424945))
32716;POLYGON((-6261943 -1721438,-6301438 -1492091,-5763538 -1237058,-5712688 -1432638,-6261943 -1721438))
32717;POLYGON((-5836430 -3215116,-5932035 -2951832,-5325451 -2461826,-5218360 -2677604,-5836430 -3215116))
32718;POLYGON((-5012924 -4920110,-5182714 -4620787,-4507964 -3802392,-4327115 -4035853,-5012924 -4920110))
32719;POLYGON((-3668197 -6846174,-3934568 -6509578,-3196022 -5238595,-2919787 -5485076,-3668197 -6846174))
32720;POLYGON((-1650523 -8996485,-2040937 -8622650,-1248200 -6735742,-850145 -6987748,-1650523 -8996485))
32721;POLYGON((1225076 -11364948,677262 -10955664,1507687 -8240196,2059586 -8486593,1225076 -11364948))
32722;POLYGON((5182102 -13932961,4436724 -13492353,5279456 -9674144,6023669 -9899194,5182102 -13932961))
32723;POLYGON((10488397 -16665551,9497471 -16200768,10315930 -10929437,11298320 -11111678,10488397 -16665551))
32724;POLYGON((17462531 -19506830,16169151 -19028855,16912838 -11860403,18187699 -11971340,17462531 -19506830))
32725;POLYGON((26480786 -22374693,24817915 -21899280,25419280 -12275534,27050471 -12278144,26480786 -22374693))
32726;POLYGON((37984773 -25154684,35873929 -24703442,36244766 -11927938,38306939 -11774940,37984773 -25154684))
32727;POLYGON((52489694 -27692956,49839530 -27294590,49866862 -10504430,52446800 -10136337,52489694 -27692956))
32728;POLYGON((70593294 -29788233,67298052 -29479956,66839473 -7613161,70037532 -6956061,70593294 -29788233))
32729;POLYGON((92985514 -31182708,88923369 -31011834,87801778 -2769649,91733445 -1732713,92985514 -31182708))
32730;POLYGON((120458886 -31551762,115490162 -31577507,113487856 4618918,118285418 6146230,120458886 -31551762))
32731;POLYGON((-100536430 -31437831,-105033216 -31518617,-103351441 1831710,-99004481 564753,-100536430 -31437831))
32732;POLYGON((-76543932 -30345476,-80206325 -30591665,-79327793 -4635249,-75778376 -5469751,-76543932 -30345476))
32733;POLYGON((-57092297 -28452078,-60050817 -28810642,-59772059 -8767838,-56896513 -9270199,-57092297 -28452078))
32734;POLYGON((-41458580 -26036513,-43826802 -26465402,-43982904 -11120901,-41673510 -11373164,-41458580 -26036513))
32735;POLYGON((-29015411 -23317835,-30891689 -23784276,-31350608 -12146390,-29513984 -12214960,-29015411 -23317835))
32736;POLYGON((-19221104 -20464754,-20690168 -20943756,-21347675 -12208459,-19903275 -12146460,-19221104 -20464754))
32737;POLYGON((-11610469 -17604028,-12744905 -18077054,-13520110 -11596896,-12398841 -11446250,-11610469 -17604028))
32738;POLYGON((-5786325 -14827820,-6647948 -15281629,-7479361 -10538991,-6622294 -10332256,-5786325 -14827820))
32739;POLYGON((-1411670 -12200130,-2052782 -12625763,-2894871 -9209973,-2252062 -8971953,-1411670 -12200130))
32740;POLYGON((1797505 -9762360,1332964 -10154274,512765 -7742142,983357 -7491285,1797505 -9762360))
32741;POLYGON((4078813 -7538110,3754201 -7893427,2978071 -6232789,3311582 -5982402,4078813 -7538110))
32742;POLYGON((5629458 -5537252,5414475 -5855127,4696416 -4751032,4921971 -4510319,5629458 -5537252))
32743;POLYGON((6611697 -3759376,6481512 -4040462,5829215 -3343654,5970754 -3118600,6611697 -3759376))
32744;POLYGON((7157761 -2196654,7092227 -2442666,6508636 -2040053,6585648 -1834170,7157761 -2196654))
32745;POLYGON((7374280 -836197,7357229 -1049547,6841842 -856392,6870029 -671338,7374280 -836197))
32746;POLYGON((7346238 338044,7364856 154529,6914779 200968,6906645 364879,7346238 338044))
32747;POLYGON((7140486 1343769,7184754 1187078,6795551 1132658,6760928 1276048,7140486 1343769))
32748;POLYGON((6808840 2199167,6871046 2066275,6537404 1944048,6483910 2068139,6808840 2199167))
32749;POLYGON((6390779 2922047,6465097 2810040,6181335 2643463,6114775 2749829,6390779 2922047))
32750;POLYGON((5915803 3529225,5997919 3435390,5758365 3240820,5683082 3331193,5915803 3529225))
32751;POLYGON((5405434 4036107,5492239 3957986,5291495 3746605,5210664 3822731,5405434 4036107))
32752;POLYGON((4874930 4456451,4964252 4391872,4797371 4171134,4713249 4234680,4874930 4456451))
32753;POLYGON((4334704 4802253,4425092 4749341,4287680 4524063,4201818 4576549,4334704 4802253))
32754;POLYGON((3791508 5083739,3882048 5040910,3770315 4814066,3683730 4856828,3791508 5083739))
32755;POLYGON((3249377 5309424,3339550 5275373,3250319 5048670,3163629 5082846,3249377 5309424))
32756;POLYGON((2710386 5486217,2799956 5459899,2730642 5234187,2644180 5260710,2710386 5486217))
32757;POLYGON((2175237 5619552,2264163 5600158,2212741 5375718,2126638 5395323,2175237 5619552))
32758;POLYGON((1643703 5713520,1732071 5700456,1697037 5477201,1611288 5490436,1643703 5713520))
32759;POLYGON((1114952 5770992,1202931 5763860,1183262 5541471,1097776 5548706,1114952 5770992))
32760;POLYGON((587798 5793713,675603 5792297,670725 5570327,585360 5571763,587798 5793713))
32601;POLYGON((60877 -4217628,148741 -4213370,158512 -4435426,73106 -4439746,60877 -4217628))
32602;POLYGON((-467196 -4263375,-379048 -4253315,-354342 -4475948,-439944 -4486147,-467196 -4263375))
32603;POLYGON((-997689 -4344916,-909059 -4328749,-868700 -4552373,-954618 -4568736,-997689 -4344916))
32604;POLYGON((-1531572 -4464737,-1442328 -4441968,-1385134 -4666837,-1471424 -4689821,-1531572 -4464737))
32605;POLYGON((-2069306 -4626509,-1979419 -4596440,-1903717 -4822536,-1990320 -4852781,-2069306 -4626509))
32606;POLYGON((-2610543 -4835204,-2520141 -4796910,-2423725 -5023790,-2510420 -5062129,-2610543 -4835204))
32607;POLYGON((-3153722 -5097226,-3063172 -5049534,-2943262 -5276098,-3029585 -5323567,-3153722 -5097226))
32608;POLYGON((-3695536 -5420539,-3605537 -5362009,-3458752 -5586181,-3543901 -5644018,-3695536 -5420539))
32609;POLYGON((-4230235 -5814791,-4141950 -5743694,-3964297 -5961960,-4047008 -6031596,-4230235 -5814791))
32610;POLYGON((-4748745 -6291384,-4663960 -6205696,-4450854 -6412461,-4529246 -6495496,-4748745 -6291384))
32611;POLYGON((-5237569 -6863496,-5158895 -6760900,-4905223 -6947603,-4976608 -7045752,-5237569 -6863496))
32612;POLYGON((-5677446 -7546003,-5608559 -7423907,-5308808 -7577825,-5369462 -7692843,-5677446 -7546003))
32613;POLYGON((-6041746 -8355288,-5987672 -8210870,-5636133 -8313517,-5681022 -8447077,-6041746 -8355288))
32614;POLYGON((-6294559 -9308887,-6262018 -9139164,-5853083 -9164196,-5875542 -9317725,-6294559 -9308887))
32615;POLYGON((-6388463 -10424945,-6386264 -10226881,-5914848 -10137373,-5906206 -10311828,-6388463 -10424945))
32616;POLYGON((-6261943 -11721438,-6301438 -11492091,-5763538 -11237058,-5712688 -11432638,-6261943 -11721438))
32617;POLYGON((-5836430 -13215116,-5932035 -12951832,-5325451 -12461826,-5218360 -12677604,-5836430 -13215116))
32618;POLYGON((-5012924 -14920110,-5182714 -14620787,-4507964 -13802392,-4327115 -14035853,-5012924 -14920110))
32619;POLYGON((-3668197 -16846174,-3934568 -16509578,-3196022 -15238595,-2919787 -15485076,-3668197 -16846174))
32620;POLYGON((-1650523 -18996485,-2040937 -18622650,-1248200 -16735742,-850145 -16987748,-1650523 -18996485))
32621;POLYGON((1225076 -21364948,677262 -20955664,1507687 -18240196,2059586 -18486593,1225076 -21364948))
32622;POLYGON((5182102 -23932961,4436724 -23492353,5279456 -19674144,6023669 -19899194,5182102 -23932961))
32623;POLYGON((10488397 -26665551,9497471 -26200768,10315930 -20929437,11298320 -21111678,10488397 -26665551))
32624;POLYGON((17462531 -29506830,16169151 -29028855,16912838 -21860403,18187699 -21971340,17462531 -29506830))
32625;POLYGON((26480786 -32374693,24817915 -31899280,25419280 -22275534,27050471 -22278144,26480786 -32374693))
32626;POLYGON((37984773 -35154684,35873929 -34703442,36244766 -21927938,38306939 -21774940,37984773 -35154684))
32627;POLYGON((52489694 -37692956,49839530 -37294590,49866862 -20504430,52446800 -20136337,52489694 -37692956))
32628;POLYGON((70593294 -39788233,67298052 -39479956,66839473 -17613161,70037532 -16956061,70593294 -39788233))
32629;POLYGON((92985514 -41182708,88923369 -41011834,87801778 -12769649,91733445 -11732713,92985514 -41182708))
32630;POLYGON((120458886 -41551762,115490162 -41577507,113487856 -5381081,118285418 -3853769,120458886 -41551762))
32631;POLYGON((-100536430 -41437831,-105033216 -41518617,-103351441 -8168289,-99004481 -9435246,-100536430 -41437831))
32632;POLYGON((-76543932 -40345476,-80206325 -40591665,-79327793 -14635249,-75778376 -15469751,-76543932 -40345476))
32633;POLYGON((-57092297 -38452078,-60050817 -38810642,-59772059 -18767838,-56896513 -19270199,-57092297 -38452078))
32634;POLYGON((-41458580 -36036513,-43826802 -36465402,-43982904 -21120901,-41673510 -21373164,-41458580 -36036513))
32635;POLYGON((-29015411 -33317835,-30891689 -33784276,-31350608 -22146390,-29513984 -22214960,-29015411 -33317835))
32636;POLYGON((-19221104 -30464754,-20690168 -30943756,-21347675 -22208459,-19903275 -22146460,-19221104 -30464754))
32637;POLYGON((-11610469 -27604028,-12744905 -28077054,-13520110 -21596896,-12398841 -21446250,-11610469 -27604028))
32638;POLYGON((-5786325 -24827820,-6647948 -25281629,-7479361 -20538991,-6622294 -20332256,-5786325 -24827820))
32639;POLYGON((-1411670 -22200130,-2052782 -22625763,-2894871 -19209973,-2252062 -18971953,-1411670 -22200130))
32640;POLYGON((1797505 -19762360,1332964 -20154274,512765 -17742142,983357 -17491285,1797505 -19762360))
32641;POLYGON((4078813 -17538110,3754201 -17893427,2978071 -16232789,3311582 -15982402,4078813 -17538110))
32642;POLYGON((5629458 -15537252,5414475 -15855127,4696416 -14751032,4921971 -14510319,5629458 -15537252))
32643;POLYGON((6611697 -13759376,6481512 -14040462,5829215 -13343654,5970754 -13118600,6611697 -13759376))
32644;POLYGON((7157761 -12196654,7092227 -12442666,6508636 -12040053,6585648 -11834170,7157761 -12196654))
32645;POLYGON((7374280 -10836197,7357229 -11049547,6841842 -10856392,6870029 -10671338,7374280 -10836197))
32646;POLYGON((7346238 -9661955,7364856 -9845470,6914779 -9799031,6906645 -9635120,7346238 -9661955))
32647;POLYGON((7140486 -8656230,7184754 -8812921,6795551 -8867341,6760928 -8723951,7140486 -8656230))
32648;POLYGON((6808840 -7800832,6871046 -7933724,6537404 -8055951,6483910 -7931860,6808840 -7800832))
32649;POLYGON((6390779 -7077952,6465097 -7189959,6181335 -7356536,6114775 -7250170,6390779 -7077952))
32650;POLYGON((5915803 -6470774,5997919 -6564609,5758365 -6759179,5683082 -6668806,5915803 -6470774))
32651;POLYGON((5405434 -5963892,5492239 -6042013,5291495 -6253394,5210664 -6177268,5405434 -5963892))
32652;POLYGON((4874930 -5543548,4964252 -5608127,4797371 -5828865,4713249 -5765319,4874930 -5543548))
32653;POLYGON((4334704 -5197746,4425092 -5250658,4287680 -5475936,4201818 -5423450,4334704 -5197746))
32654;POLYGON((3791508 -4916260,3882048 -4959089,3770315 -5185933,3683730 -5143171,3791508 -4916260))
32655;POLYGON((3249377 -4690575,3339550 -4724626,3250319 -4951329,3163629 -4917153,3249377 -4690575))
32656;POLYGON((2710386 -4513782,2799956 -4540100,2730642 -4765812,2644180 -4739289,2710386 -4513782))
32657;POLYGON((2175237 -4380447,2264163 -4399841,2212741 -4624281,2126638 -4604676,2175237 -4380447))
32658;POLYGON((1643703 -4286479,1732071 -4299543,1697037 -4522798,1611288 -4509563,1643703 -4286479))
32659;POLYGON((1114952 -4229007,1202931 -4236139,1183262 -4458528,1097776 -4451293,1114952 -4229007))
32660;POLYGON((587798 -4206286,675603 -4207702,670725 -4429672,585360 -4428236,587798 -4206286))
