32701;POLYGON((149244 15661732,219368 15657443,207462 15435168,134351 15439511,149244 15661732))
32702;POLYGON((-270856 15707650,-200941 15697579,-230894 15475822,-303856 15486028,-270856 15707650))
32703;POLYGON((-689014 15788740,-619512 15772739,-667990 15552048,-740646 15568292,-689014 15788740))
32704;POLYGON((-1103800 15906170,-1034977 15884012,-1102729 15665131,-1174853 15687684,-1103800 15906170))
32705;POLYGON((-1513289 16061543,-1445510 16032934,-1533521 15816908,-1604786 15846122,-1513289 16061543))
32706;POLYGON((-1914852 16256794,-1848614 16221394,-1958053 16009684,-2027984 16045982,-1914852 16256794))
32707;POLYGON((-2304903 16494038,-2240881 16451492,-2373010 16246109,-2440935 16289952,-2304903 16494038))
32708;POLYGON((-2678615 16775324,-2617714 16725307,-2773744 16528959,-2838731 16580801,-2678615 16775324))
32709;POLYGON((-3029575 17102269,-2972990 17044563,-3153871 16860806,-3214656 16921026,-3029575 17102269))
32710;POLYGON((-3349386 17475547,-3298674 17410132,-3504795 17243531,-3559690 17312328,-3349386 17475547))
32711;POLYGON((-3627197 17894162,-3584359 17821358,-3815126 17677628,-3861916 17754887,-3627197 17894162))
32712;POLYGON((-3849149 18354492,-3816728 18275134,-4070009 18161254,-4105827 18246359,-3849149 18354492))
32713;POLYGON((-3997743 18849013,-3978940 18764691,-4250324 18688966,-4271505 18780548,-3997743 18849013))
32714;POLYGON((-4051109 19364672,-4049907 19278026,-4331763 19250067,-4333679 19345693,-4051109 19364672))
32715;POLYGON((-3982167 19880817,-4003478 19795920,-4283765 19826504,-4260633 19922272,-3982167 19880817))
32716;POLYGON((-3757675 20366638,-3807512 20289456,-4068300 20390226,-4012958 20480272,-3757675 20366638))
32717;POLYGON((-3337161 20778012,-3422821 20716977,-3638480 20899927,-3542148 20975809,-3337161 20778012))
32718;POLYGON((-2671714 21053690,-2801991 21020383,-2937006 21297072,-2789001 21347036,-2671714 21053690))
32719;POLYGON((-1702645 21110723,-1888060 21120695,-1894413 21501114,-1681840 21509210,-1702645 21110723))
32720;POLYGON((-359986 20839039,-613052 20912776,-427121 21403794,-134530 21348828,-359986 20839039))
32721;POLYGON((1439152 20095057,1103648 20259119,1564728 20862415,1955728 20716722,1439152 20095057))
32722;POLYGON((3792409 18694247,3357087 18982583,4199664 19691968,4710823 19419976,3792409 18694247))
32723;POLYGON((6814156 16402506,6258702 16857980,7617510 17655989,8274401 17212567,6814156 16402506))
32724;POLYGON((10637685 12926237,9938472 13602376,11982264 14456012,12814786 13784563,10637685 12926237))
32725;POLYGON((15417573 7901009,14547252 8863998,17485233 9719485,18528162 8749773,15417573 7901009))
32726;POLYGON((21332259 878658,20259320 2209603,24348451 2986001,25642035 1631683,21332259 878658))
32727;POLYGON((28586831 -8687299,27275116 -6889816,32828372 -6308306,34418976 -8152471,28586831 -8687299))
32728;POLYGON((37416026 -21458097,35824218 -19075147,43219870 -18848355,45160672 -21309643,37416026 -21458097))
32729;POLYGON((48087464 -38228125,46168533 -35117217,55860542 -35459868,58212282 -38691103,48087464 -38228125))
32730;POLYGON((60905124 -59945477,58605727 -55936982,71135336 -57131444,73967120 -61314916,60905124 -59945477))
32731;POLYGON((-51105420 -44865866,-53207498 -48402517,-64725199 -49276905,-62142631 -45594344,-51105420 -44865866))
32732;POLYGON((-39754249 -26560300,-41503360 -29287810,-50374341 -29412897,-48236166 -26587484,-39754249 -26560300))
32733;POLYGON((-30342431 -12551837,-31788685 -14625795,-38523729 -14259859,-36765129 -12124552,-30342431 -12551837))
32734;POLYGON((-22590622 -1997246,-23778120 -3547937,-28804733 -2886086,-27368844 -1301299,-22590622 -1997246))
32735;POLYGON((-16253495 5806942,-17220907 4671141,-20894493 5484873,-19731635 6634983,-16253495 5806942))
32736;POLYGON((-11116424 11443543,-11897522 10633128,-14511407 11495504,-13578356 12306360,-11116424 11443543))
32737;POLYGON((-6992407 15391786,-7616565 14833411,-9410923 15673333,-8670246 16222895,-6992407 15391786))
32738;POLYGON((-3719210 18042497,-4211861 17676572,-5381646 18447841,-4801076 18799237,-3719210 18042497))
32739;POLYGON((-1156719 19711552,-1539785 19490115,-2241736 20165441,-1793603 20369281,-1156719 19711552))
32740;POLYGON((815493 20651715,523211 20536563,164410 21102669,503706 21199082,815493 20651715))
32741;POLYGON((2300412 21063020,2082871 21024077,1969211 21477737,2219687 21498149,2300412 21063020))
32742;POLYGON((3385635 21101815,3229222 21115711,3284692 21460599,3463218 21429274,3385635 21101815))
32743;POLYGON((4145243 20888583,4038476 20937429,4205032 21181657,4325735 21117025,4145243 20888583))
32744;POLYGON((4641513 20514666,4574765 20585008,4808875 20739239,4883502 20655032,4641513 20514666))
32745;POLYGON((4926458 20047998,4891711 20129922,5161425 20205968,5199671 20112182,4926458 20047998))
32746;POLYGON((5043223 19537951,5033848 19624337,5316326 19634147,5326130 19537852,5043223 19537951))
32747;POLYGON((5027334 19019392,5037890 19105286,5317348 19060260,5305153 18966271,5027334 19019392))
32748;POLYGON((4907813 18516046,4933871 18598143,5199887 18508695,5170873 18420123,4907813 18516046))
32749;POLYGON((4708170 18043248,4746155 18119474,4992292 17994788,4950584 17913488,4708170 18043248))
32750;POLYGON((4447273 17610162,4494330 17679339,4717030 17527274,4665873 17454205,4447273 17610162))
32751;POLYGON((4140120 17221554,4193989 17283130,4391704 17110235,4333623 17045736,4140120 17221554))
32752;POLYGON((3798499 16879174,3857412 16933018,4029931 16744609,3966863 16688617,3798499 16879174))
32753;POLYGON((3431570 16582814,3494161 16629059,3642099 16429349,3575508 16381560,3431570 16582814))
32754;POLYGON((3046358 16331104,3111586 16370034,3236010 16162279,3166983 16122267,3046358 16331104))
32755;POLYGON((2648179 16122093,2715260 16154053,2817418 15940712,2746749 15908012,2648179 16122093))
32756;POLYGON((2240998 15953655,2309352 15978999,2390487 15761883,2318743 15736049,2240998 15953655))
32757;POLYGON((1827733 15823775,1896935 15842822,1958163 15623239,1885739 15603880,1827733 15823775))
32758;POLYGON((1410521 15730724,1480258 15743736,1522491 15522619,1449659 15509421,1410521 15730724))
32759;POLYGON((990931 15673183,1060973 15680349,1084872 15458365,1011818 15451106,990931 15673183))
32760;POLYGON((570168 15650300,640333 15651728,646280 15429382,573142 15427937,570168 15650300))
32601;POLYGON((149244 5661732,219368 5657443,207462 5435168,134351 5439511,149244 5661732))
32602;POLYGON((-270856 5707650,-200941 5697579,-230894 5475822,-303856 5486028,-270856 5707650))
32603;POLYGON((-689014 5788740,-619512 5772739,-667990 5552048,-740646 5568292,-689014 5788740))
32604;POLYGON((-1103800 5906170,-1034977 5884012,-1102729 5665131,-1174853 5687684,-1103800 5906170))
32605;POLYGON((-1513289 6061543,-1445510 6032934,-1533521 5816908,-1604786 5846122,-1513289 6061543))
32606;POLYGON((-1914852 6256794,-1848614 6221394,-1958053 6009684,-2027984 6045982,-1914852 6256794))
32607;POLYGON((-2304903 6494038,-2240881 6451492,-2373010 6246109,-2440935 6289952,-2304903 6494038))
32608;POLYGON((-2678615 6775324,-2617714 6725307,-2773744 6528959,-2838731 6580801,-2678615 6775324))
32609;POLYGON((-3029575 7102269,-2972990 7044563,-3153871 6860806,-3214656 6921026,-3029575 7102269))
32610;POLYGON((-3349386 7475547,-3298674 7410132,-3504795 7243531,-3559690 7312328,-3349386 7475547))
32611;POLYGON((-3627197 7894162,-3584359 7821358,-3815126 7677628,-3861916 7754887,-3627197 7894162))
32612;POLYGON((-3849149 8354492,-3816728 8275134,-4070009 8161254,-4105827 8246359,-3849149 8354492))
32613;POLYGON((-3997743 8849013,-3978940 8764691,-4250324 8688966,-4271505 8780548,-3997743 8849013))
32614;POLYGON((-4051109 9364672,-4049907 9278026,-4331763 9250067,-4333679 9345693,-4051109 9364672))
32615;POLYGON((-3982167 9880817,-4003478 9795920,-4283765 9826504,-4260633 9922272,-3982167 9880817))
32616;POLYGON((-3757675 10366638,-3807512 10289456,-4068300 10390226,-4012958 10480272,-3757675 10366638))
32617;POLYGON((-3337161 10778012,-3422821 10716977,-3638480 10899927,-3542148 10975809,-3337161 10778012))
32618;POLYGON((-2671714 11053690,-2801991 11020383,-2937006 11297072,-2789001 11347036,-2671714 11053690))
32619;POLYGON((-1702645 11110723,-1888060 11120695,-1894413 11501114,-1681840 11509210,-1702645 11110723))
32620;POLYGON((-359986 10839039,-613052 10912776,-427121 11403794,-134530 11348828,-359986 10839039))
32621;POLYGON((1439152 10095057,1103648 10259119,1564728 10862415,1955728 10716722,1439152 10095057))
32622;POLYGON((3792409 8694247,3357087 8982583,4199664 9691968,4710823 9419976,3792409 8694247))
32623;POLYGON((6814156 6402506,6258702 6857980,7617510 7655989,8274401 7212567,6814156 6402506))
32624;POLYGON((10637685 2926237,9938472 3602376,11982264 4456012,12814786 3784563,10637685 2926237))
32625;POLYGON((15417573 -2098990,14547252 -1136001,17485233 -280514,18528162 -1250226,15417573 -2098990))
32626;POLYGON((21332259 -9121341,20259320 -7790396,24348451 -7013998,25642035 -8368316,21332259 -9121341))
32627;POLYGON((28586831 -18687299,27275116 -16889816,32828372 -16308306,34418976 -18152471,28586831 -18687299))
32628;POLYGON((37416026 -31458097,35824218 -29075147,43219870 -28848355,45160672 -31309643,37416026 -31458097))
32629;POLYGON((48087464 -48228125,46168533 -45117217,55860542 -45459868,58212282 -48691103,48087464 -48228125))
32630;POLYGON((60905124 -69945477,58605727 -65936982,71135336 -67131444,73967120 -71314916,60905124 -69945477))
32631;POLYGON((-51105420 -54865866,-53207498 -58402517,-64725199 -59276905,-62142631 -55594344,-51105420 -54865866))
32632;POLYGON((-39754249 -36560300,-41503360 -39287810,-50374341 -39412897,-48236166 -36587484,-39754249 -36560300))
32633;POLYGON((-30342431 -22551837,-31788685 -24625795,-38523729 -24259859,-36765129 -22124552,-30342431 -22551837))
32634;POLYGON((-22590622 -11997246,-23778120 -13547937,-28804733 -12886086,-27368844 -11301299,-22590622 -11997246))
32635;POLYGON((-16253495 -4193057,-17220907 -5328858,-20894493 -4515126,-19731635 -3365016,-16253495 -4193057))
32636;POLYGON((-11116424 1443543,-11897522 633128,-14511407 1495504,-13578356 2306360,-11116424 1443543))
32637;POLYGON((-6992407 5391786,-7616565 4833411,-9410923 5673333,-8670246 6222895,-6992407 5391786))
32638;POLYGON((-3719210 8042497,-4211861 7676572,-5381646 8447841,-4801076 8799237,-3719210 8042497))
32639;POLYGON((-1156719 9711552,-1539785 9490115,-2241736 10165441,-1793603 10369281,-1156719 9711552))
32640;POLYGON((815493 10651715,523211 10536563,164410 11102669,503706 11199082,815493 10651715))
32641;POLYGON((2300412 11063020,2082871 11024077,1969211 11477737,2219687 11498149,2300412 11063020))
32642;POLYGON((3385635 11101815,3229222 11115711,3284692 11460599,3463218 11429274,3385635 11101815))
32643;POLYGON((4145243 10888583,4038476 10937429,4205032 11181657,4325735 11117025,4145243 10888583))
32644;POLYGON((4641513 10514666,4574765 10585008,4808875 10739239,4883502 10655032,4641513 10514666))
32645;POLYGON((4926458 10047998,4891711 10129922,5161425 10205968,5199671 10112182,4926458 10047998))
32646;POLYGON((5043223 9537951,5033848 9624337,5316326 9634147,5326130 9537852,5043223 9537951))
32647;POLYGON((5027334 9019392,5037890 9105286,5317348 9060260,5305153 8966271,5027334 9019392))
32648;POLYGON((4907813 8516046,4933871 8598143,5199887 8508695,5170873 8420123,4907813 8516046))
32649;POLYGON((4708170 8043248,4746155 8119474,4992292 7994788,4950584 7913488,4708170 8043248))
32650;POLYGON((4447273 7610162,4494330 7679339,4717030 7527274,4665873 7454205,4447273 7610162))
32651;POLYGON((4140120 7221554,4193989 7283130,4391704 7110235,4333623 7045736,4140120 7221554))
32652;POLYGON((3798499 6879174,3857412 6933018,4029931 6744609,3966863 6688617,3798499 6879174))
32653;POLYGON((3431570 6582814,3494161 6629059,3642099 6429349,3575508 6381560,3431570 6582814))
32654;POLYGON((3046358 6331104,3111586 6370034,3236010 6162279,3166983 6122267,3046358 6331104))
32655;POLYGON((2648179 6122093,2715260 6154053,2817418 5940712,2746749 5908012,2648179 6122093))
32656;POLYGON((2240998 5953655,2309352 5978999,2390487 5761883,2318743 5736049,2240998 5953655))
32657;POLYGON((1827733 5823775,1896935 5842822,1958163 5623239,1885739 5603880,1827733 5823775))
32658;POLYGON((1410521 5730724,1480258 5743736,1522491 5522619,1449659 5509421,1410521 5730724))
32659;POLYGON((990931 5673183,1060973 5680349,1084872 5458365,1011818 5451106,990931 5673183))
32660;POLYGON((570168 5650300,640333 5651728,646280 5429382,573142 5427937,570168 5650300))
