32701;POLYGON((441721 669375,453356 670286,468872 447540,461108 446931,441721 669375))
32702;POLYGON((372399 659686,383877 661801,422509 441861,414850 440445,372399 659686))
32703;POLYGON((304445 642835,315644 646135,376987 431377,369517 429170,304445 642835))
32704;POLYGON((238593 618998,249392 623446,332802 416200,325601 413225,238593 618998))
32705;POLYGON((175555 588420,185836 593972,290434 396491,283582 392780,175555 588420))
32706;POLYGON((116018 551421,125670 558018,250346 372462,243917 368055,116018 551421))
32707;POLYGON((60636 508388,69552 515961,212977 344372,207043 339316,60636 508388))
32708;POLYGON((10022 459779,18102 468247,178740 312523,173365 306873,10022 459779))
32709;POLYGON((-35263 406112,-28108 415384,148010 277259,143254 271077,-35263 406112))
32710;POLYGON((-74715 347963,-68564 357940,121127 238965,117042 232317,-74715 347963))
32711;POLYGON((-107898 285963,-102819 296536,98387 198057,95018 191016,-107898 285963))
32712;POLYGON((-134452 220780,-130499 231836,80038 154980,77422 147622,-134452 220780))
32713;POLYGON((-154110 153118,-151321 164537,66277 110202,64440 102608,-154110 153118))
32714;POLYGON((-166703 83695,-165099 95357,57241 64207,56201 56458,-166703 83695))
32715;POLYGON((-172178 13230,-171758 25016,53009 17487,52772 9664,-172178 13230))
32716;POLYGON((-170606 -57580,-171350 -45783,53591 -29469,54153 -37284,-170606 -57580))
32717;POLYGON((-162206 -128088,-164067 -116383,58929 -76184,60273 -83915,-162206 -128088))
32718;POLYGON((-147353 -197720,-150255 -186196,68890 -122207,70986 -129780,-147353 -197720))
32719;POLYGON((-126598 -266021,-130438 -254745,83263 -167123,86068 -174475,-126598 -266021))
32720;POLYGON((-100690 -332692,-105328 -321700,101755 -210573,105213 -217650,-100690 -332692))
32721;POLYGON((-70593 -397641,-75852 -386932,123988 -252269,128026 -259032,-70593 -397641))
32722;POLYGON((-37508 -461044,-43171 -450568,149493 -292014,154024 -298441,-37508 -461044))
32723;POLYGON((-2899 -523409,-8702 -513053,177709 -329727,182630 -335817,-2899 -523409))
32724;POLYGON((31482 -585650,25851 -575232,207980 -365464,213173 -371241,31482 -585650))
32725;POLYGON((63574 -649181,58482 -638426,239549 -399448,244878 -404967,63574 -649181))
32726;POLYGON((90966 -716009,86840 -704537,271560 -432096,276872 -437449,90966 -716009))
32727;POLYGON((110879 -788848,108210 -776152,303050 -464058,308174 -469379,110879 -788848))
32728;POLYGON((120123 -871240,119472 -856666,332950 -496252,337698 -501721,120123 -871240))
32729;POLYGON((115069 -967699,117072 -950421,360083 -529900,364247 -535755,115069 -967699))
32730;POLYGON((91606 -1083864,96985 -1062858,383159 -566583,386513 -573125,91606 -1083864))
32731;POLYGON((890488 -1003917,894084 -1022917,623997 -553905,627786 -547749,890488 -1003917))
32732;POLYGON((879779 -901576,880370 -917387,648575 -518433,653058 -512804,879779 -901576))
32733;POLYGON((884683 -815049,882948 -828592,676768 -485426,681729 -480057,884683 -815049))
32734;POLYGON((901415 -739465,897952 -751477,707324 -453430,712565 -448112,901415 -739465))
32735;POLYGON((926643 -670973,921977 -682032,739101 -421327,744442 -415904,926643 -670973))
32736;POLYGON((957453 -606598,952042 -617144,771067 -388293,776346 -382654,957453 -606598))
32737;POLYGON((991318 -544111,985558 -554469,802293 -353762,807367 -347833,991318 -544111))
32738;POLYGON((1026060 -481912,1020291 -492310,831958 -317382,836698 -311125,1026060 -481912))
32739;POLYGON((1059830 -418930,1054338 -429513,859339 -278990,863635 -272393,1059830 -418930))
32740;POLYGON((1091069 -354530,1086096 -365378,883810 -238579,887568 -231655,1091069 -354530))
32741;POLYGON((1118492 -288435,1114233 -299571,904844 -196272,907983 -189051,1118492 -288435))
32742;POLYGON((1141057 -220653,1137671 -232060,922001 -152298,924458 -144827,1141057 -220653))
32743;POLYGON((1157949 -151421,1155556 -163045,934932 -106970,936656 -99309,1157949 -151421))
32744;POLYGON((1168550 -81147,1167240 -92910,943371 -60668,944327 -52886,1168550 -81147))
32745;POLYGON((1172429 -10368,1172263 -22174,947135 -13820,947299 -5991,1172429 -10368))
32746;POLYGON((1169318 60287,1170329 48548,946115 33111,945477 40907,1169318 60287))
32747;POLYGON((1159098 130137,1161296 118582,940277 79644,938837 87326,1159098 130137))
32748;POLYGON((1141782 198467,1145156 187215,929654 125287,927425 132774,1141782 198467))
32749;POLYGON((1117501 264555,1122022 253726,914345 169551,911349 176761,1117501 264555))
32750;POLYGON((1086492 327692,1092114 317404,894509 211957,890777 218811,1086492 327692))
32751;POLYGON((1049085 387197,1055747 377559,870358 252042,865931 258466,1049085 387197))
32752;POLYGON((1005691 442424,1013319 433543,842157 289370,837085 295295,1005691 442424))
32753;POLYGON((956793 492781,965302 484750,810219 323536,804556 328896,956793 492781))
32754;POLYGON((902934 537726,912230 530632,774894 354169,768704 358907,902934 537726))
32755;POLYGON((844712 576783,854692 570700,736572 380937,729922 385002,844712 576783))
32756;POLYGON((782766 609540,793321 604533,695674 403552,688638 406900,782766 609540))
32757;POLYGON((717774 635655,728788 631776,652647 421771,645302 424366,717774 635655))
32758;POLYGON((650440 654857,661794 652146,607962 435400,600387 437214,650440 654857))
32759;POLYGON((581492 666949,593064 665433,562104 444292,554382 445306,581492 666949))
32760;POLYGON((511669 671804,523335 671501,515573 448353,507787 448557,511669 671804))
32601;POLYGON((441721 -9330624,453356 -9329713,468872 -9552459,461108 -9553068,441721 -9330624))
32602;POLYGON((372399 -9340313,383877 -9338198,422509 -9558138,414850 -9559554,372399 -9340313))
32603;POLYGON((304445 -9357164,315644 -9353864,376987 -9568622,369517 -9570829,304445 -9357164))
32604;POLYGON((238593 -9381001,249392 -9376553,332802 -9583799,325601 -9586774,238593 -9381001))
32605;POLYGON((175555 -9411579,185836 -9406027,290434 -9603508,283582 -9607219,175555 -9411579))
32606;POLYGON((116018 -9448578,125670 -9441981,250346 -9627537,243917 -9631944,116018 -9448578))
32607;POLYGON((60636 -9491611,69552 -9484038,212977 -9655627,207043 -9660683,60636 -9491611))
32608;POLYGON((10022 -9540220,18102 -9531752,178740 -9687476,173365 -9693126,10022 -9540220))
32609;POLYGON((-35263 -9593887,-28108 -9584615,148010 -9722740,143254 -9728922,-35263 -9593887))
32610;POLYGON((-74715 -9652036,-68564 -9642059,121127 -9761034,117042 -9767682,-74715 -9652036))
32611;POLYGON((-107898 -9714036,-102819 -9703463,98387 -9801942,95018 -9808983,-107898 -9714036))
32612;POLYGON((-134452 -9779219,-130499 -9768163,80038 -9845019,77422 -9852377,-134452 -9779219))
32613;POLYGON((-154110 -9846881,-151321 -9835462,66277 -9889797,64440 -9897391,-154110 -9846881))
32614;POLYGON((-166703 -9916304,-165099 -9904642,57241 -9935792,56201 -9943541,-166703 -9916304))
32615;POLYGON((-172178 -9986769,-171758 -9974983,53009 -9982512,52772 -9990335,-172178 -9986769))
32616;POLYGON((-170606 -10057580,-171350 -10045783,53591 -10029469,54153 -10037284,-170606 -10057580))
32617;POLYGON((-162206 -10128088,-164067 -10116383,58929 -10076184,60273 -10083915,-162206 -10128088))
32618;POLYGON((-147353 -10197720,-150255 -10186196,68890 -10122207,70986 -10129780,-147353 -10197720))
32619;POLYGON((-126598 -10266021,-130438 -10254745,83263 -10167123,86068 -10174475,-126598 -10266021))
32620;POLYGON((-100690 -10332692,-105328 -10321700,101755 -10210573,105213 -10217650,-100690 -10332692))
32621;POLYGON((-70593 -10397641,-75852 -10386932,123988 -10252269,128026 -10259032,-70593 -10397641))
32622;POLYGON((-37508 -10461044,-43171 -10450568,149493 -10292014,154024 -10298441,-37508 -10461044))
32623;POLYGON((-2899 -10523409,-8702 -10513053,177709 -10329727,182630 -10335817,-2899 -10523409))
32624;POLYGON((31482 -10585650,25851 -10575232,207980 -10365464,213173 -10371241,31482 -10585650))
32625;POLYGON((63574 -10649181,58482 -10638426,239549 -10399448,244878 -10404967,63574 -10649181))
32626;POLYGON((90966 -10716009,86840 -10704537,271560 -10432096,276872 -10437449,90966 -10716009))
32627;POLYGON((110879 -10788848,108210 -10776152,303050 -10464058,308174 -10469379,110879 -10788848))
32628;POLYGON((120123 -10871240,119472 -10856666,332950 -10496252,337698 -10501721,120123 -10871240))
32629;POLYGON((115069 -10967699,117072 -10950421,360083 -10529900,364247 -10535755,115069 -10967699))
32630;POLYGON((91606 -11083864,96985 -11062858,383159 -10566583,386513 -10573125,91606 -11083864))
32631;POLYGON((890488 -11003917,894084 -11022917,623997 -10553905,627786 -10547749,890488 -11003917))
32632;POLYGON((879779 -10901576,880370 -10917387,648575 -10518433,653058 -10512804,879779 -10901576))
32633;POLYGON((884683 -10815049,882948 -10828592,676768 -10485426,681729 -10480057,884683 -10815049))
32634;POLYGON((901415 -10739465,897952 -10751477,707324 -10453430,712565 -10448112,901415 -10739465))
32635;POLYGON((926643 -10670973,921977 -10682032,739101 -10421327,744442 -10415904,926643 -10670973))
32636;POLYGON((957453 -10606598,952042 -10617144,771067 -10388293,776346 -10382654,957453 -10606598))
32637;POLYGON((991318 -10544111,985558 -10554469,802293 -10353762,807367 -10347833,991318 -10544111))
32638;POLYGON((1026060 -10481912,1020291 -10492310,831958 -10317382,836698 -10311125,1026060 -10481912))
32639;POLYGON((1059830 -10418930,1054338 -10429513,859339 -10278990,863635 -10272393,1059830 -10418930))
32640;POLYGON((1091069 -10354530,1086096 -10365378,883810 -10238579,887568 -10231655,1091069 -10354530))
32641;POLYGON((1118492 -10288435,1114233 -10299571,904844 -10196272,907983 -10189051,1118492 -10288435))
32642;POLYGON((1141057 -10220653,1137671 -10232060,922001 -10152298,924458 -10144827,1141057 -10220653))
32643;POLYGON((1157949 -10151421,1155556 -10163045,934932 -10106970,936656 -10099309,1157949 -10151421))
32644;POLYGON((1168550 -10081147,1167240 -10092910,943371 -10060668,944327 -10052886,1168550 -10081147))
32645;POLYGON((1172429 -10010368,1172263 -10022174,947135 -10013820,947299 -10005991,1172429 -10010368))
32646;POLYGON((1169318 -9939712,1170329 -9951451,946115 -9966888,945477 -9959092,1169318 -9939712))
32647;POLYGON((1159098 -9869862,1161296 -9881417,940277 -9920355,938837 -9912673,1159098 -9869862))
32648;POLYGON((1141782 -9801532,1145156 -9812784,929654 -9874712,927425 -9867225,1141782 -9801532))
32649;POLYGON((1117501 -9735444,1122022 -9746273,914345 -9830448,911349 -9823238,1117501 -9735444))
32650;POLYGON((1086492 -9672307,1092114 -9682595,894509 -9788042,890777 -9781188,1086492 -9672307))
32651;POLYGON((1049085 -9612802,1055747 -9622440,870358 -9747957,865931 -9741533,1049085 -9612802))
32652;POLYGON((1005691 -9557575,1013319 -9566456,842157 -9710629,837085 -9704704,1005691 -9557575))
32653;POLYGON((956793 -9507218,965302 -9515249,810219 -9676463,804556 -9671103,956793 -9507218))
32654;POLYGON((902934 -9462273,912230 -9469367,774894 -9645830,768704 -9641092,902934 -9462273))
32655;POLYGON((844712 -9423216,854692 -9429299,736572 -9619062,729922 -9614997,844712 -9423216))
32656;POLYGON((782766 -9390459,793321 -9395466,695674 -9596447,688638 -9593099,782766 -9390459))
32657;POLYGON((717774 -9364344,728788 -9368223,652647 -9578228,645302 -9575633,717774 -9364344))
32658;POLYGON((650440 -9345142,661794 -9347853,607962 -9564599,600387 -9562785,650440 -9345142))
32659;POLYGON((581492 -9333050,593064 -9334566,562104 -9555707,554382 -9554693,581492 -9333050))
32660;POLYGON((511669 -9328195,523335 -9328498,515573 -9551646,507787 -9551442,511669 -9328195))
