32701;POLYGON((156852 4227149,225451 4231404,237867 4009070,172380 4004900,156852 4227149))
32702;POLYGON((-254011 4181614,-185648 4191599,-154454 3970074,-219654 3960297,-254011 4181614))
32703;POLYGON((-662692 4101258,-594791 4117109,-544427 3897186,-609080 3881691,-662692 4101258))
32704;POLYGON((-1067646 3985013,-1000491 4006937,-930357 3789598,-994146 3768219,-1067646 3985013))
32705;POLYGON((-1466850 3831434,-1400820 3859694,-1310148 3646201,-1372672 3618730,-1466850 3831434))
32706;POLYGON((-1857610 3638794,-1793210 3673691,-1681128 3465683,-1741873 3431891,-1857610 3638794))
32707;POLYGON((-2236330 3405244,-2174232 3447087,-2039869 3246684,-2098177 3206354,-2236330 3405244))
32708;POLYGON((-2598251 3129067,-2539341 3178119,-2381979 2988015,-2437008 2940988,-2598251 3129067))
32709;POLYGON((-2937144 2809028,-2882577 2865441,-2701870 2688991,-2752555 2635230,-2937144 2809028))
32710;POLYGON((-3244958 2444889,-3196219 2508607,-2992495 2349874,-3037498 2289554,-3244958 2444889))
32711;POLYGON((-3511406 2038105,-3470385 2108731,-3245051 1972485,-3282712 1906117,-3511406 2038105))
32712;POLYGON((-3723486 1592758,-3692560 1669382,-3448647 1561015,-3476921 1489596,-3723486 1592758))
32713;POLYGON((-3864933 1116776,-3847066 1197748,-3589920 1123072,-3606311 1048291,-3864933 1116776))
32714;POLYGON((-3915593 623498,-3914443 706140,-3652611 671014,-3654094 595506,-3915593 623498))
32715;POLYGON((-3850702 133645,-3870749 213894,-3617082 223631,-3600021 151292,-3850702 133645))
32716;POLYGON((-3640079 -322239,-3686767 -250275,-3459784 -191784,-3419830 -255410,-3640079 -322239))
32717;POLYGON((-3247217 -700793,-3327112 -645377,-3152651 -536911,-3084643 -584156,-3247217 -700793))
32718;POLYGON((-2628261 -942219,-2749229 -914632,-2662442 -759338,-2560286 -779853,-2628261 -942219))
32719;POLYGON((-1730874 -965954,-1902279 -981273,-1950002 -788925,-1806541 -769001,-1730874 -965954))
32720;POLYGON((-492977 -665537,-725898 -743548,-969450 -533477,-776322 -455262,-492977 -665537))
32721;POLYGON((1158641 97417,851164 -68852,332706 126313,585224 285741,1158641 97417))
32722;POLYGON((3309851 1500246,2912559 1213126,2018552 1342770,2341715 1612473,3309851 1500246))
32723;POLYGON((6060852 3767371,5555975 3318347,4159822 3308055,4566604 3724469,6060852 3767371))
32724;POLYGON((9528004 7179641,8894944 6517550,6839060 6262007,7344356 6870350,9528004 7179641))
32725;POLYGON((13845809 12085018,13060800 11146710,10150872 10501092,10771717 11356977,13845809 12085018))
32726;POLYGON((19169065 18910718,18204800 17618924,14203285 16388579,14959088 17559833,19169065 18910718))
32727;POLYGON((25675191 28176930,24500427 26437863,19119207 24366035,20032009 25934749,25675191 28176930))
32728;POLYGON((33566744 40512269,32145862 38212919,25038002 34966260,26132747 37031099,33566744 40512269))
32729;POLYGON((43074108 56671075,41366659 53676194,32117181 48827780,33422011 51506553,43074108 56671075))
32730;POLYGON((54458397 77552730,52418598 73701466,40534212 66711011,42080778 70143539,54458397 77552730))
32731;POLYGON((-45646486 63057873,-47514034 66459098,-36568051 60250592,-35146542 57213916,-45646486 63057873))
32732;POLYGON((-35544097 45432475,-37102885 48061167,-28618000 43800665,-27421942 41444890,-35544097 45432475))
32733;POLYGON((-27140995 31913208,-28434076 33916975,-21944310 31104363,-20943847 29301052,-27140995 31913208))
32734;POLYGON((-20196883 21699634,-21262229 23202206,-16376375 21443805,-15545002 20085061,-20196883 21699634))
32735;POLYGON((-14500238 14123248,-15371226 15227667,-11762928 14217417,-11077189 13213167,-14500238 14123248))
32736;POLYGON((-9865551 8629524,-10571403 9421000,-7970272 8924342,-7409473 8199897,-9865551 8629524))
32737;POLYGON((-6130748 4761863,-6696953 5310322,-4880629 5150476,-4426580 4644359,-6130748 4761863))
32738;POLYGON((-3154812 2147310,-3603506 2509659,-2390603 2556026,-2027367 2218036,-3154812 2147310))
32739;POLYGON((-815564 483900,-1165891 706028,-409754 864471,-123424 653968,-815564 483900))
32740;POLYGON((992371 -470494,723934 -351958,1140723 -147196,1362239 -262796,992371 -470494))
32741;POLYGON((2359449 -907946,2158787 -864088,2329226 -657042,2496394 -703586,2359449 -907946))
32742;POLYGON((3362922 -978989,3218008 -987279,3214859 -805674,3336701 -803426,3362922 -978989))
32743;POLYGON((4068419 -800010,3969059 -843139,3848474 -702750,3932731 -667383,4068419 -800010))
32744;POLYGON((4531378 -459592,4468984 -524487,4273614 -432587,4326895 -376040,4531378 -459592))
32745;POLYGON((4798350 -23936,4765729 -100913,4527379 -58972,4555295 9823,4798350 -23936))
32746;POLYGON((4908173 458554,4899341 376497,4641205 370755,4648497 445259,4908173 458554))
32747;POLYGON((4893028 953422,4903043 871203,4641582 822261,4632230 897806,4893028 953422))
32748;POLYGON((4779392 1436971,4804199 1357911,4550693 1271346,4528017 1344710,4779392 1436971))
32749;POLYGON((4588870 1893642,4625175 1819863,4386991 1701573,4353742 1770629,4588870 1893642))
32750;POLYGON((4338951 2313896,4384095 2246647,4165721 2102334,4124159 2165768,4338951 2313896))
32751;POLYGON((4043659 2692519,4095521 2632430,3899376 2467295,3851346 2524375,4043659 2692519))
32752;POLYGON((3714130 3027299,3771031 2974576,3598111 2793159,3545105 2843560,3714130 3027299))
32753;POLYGON((3359111 3317997,3419741 3272578,3270108 3078703,3213321 3122367,3359111 3317997))
32754;POLYGON((2985396 3565580,3048742 3527247,2921897 3324039,2862277 3361075,2985396 3565580))
32755;POLYGON((2598199 3771652,2663487 3740112,2558640 3530065,2496933 3560668,2598199 3771652))
32756;POLYGON((2201470 3938049,2268117 3912993,2184384 3698057,2121171 3722454,2201470 3938049))
32757;POLYGON((1798179 4066561,1865748 4047704,1802282 3829379,1738017 3847793,1798179 4066561))
32758;POLYGON((1390549 4158742,1458712 4145846,1414794 3925290,1349832 3937909,1390549 4158742))
32759;POLYGON((980262 4215792,1048768 4208685,1023866 3986808,958492 3993771,980262 4215792))
32760;POLYGON((568649 4238489,637294 4237073,631090 4014627,565548 4016015,568649 4238489))
32601;POLYGON((156852 -5772850,225451 -5768595,237867 -5990929,172380 -5995099,156852 -5772850))
32602;POLYGON((-254011 -5818385,-185648 -5808400,-154454 -6029925,-219654 -6039702,-254011 -5818385))
32603;POLYGON((-662692 -5898741,-594791 -5882890,-544427 -6102813,-609080 -6118308,-662692 -5898741))
32604;POLYGON((-1067646 -6014986,-1000491 -5993062,-930357 -6210401,-994146 -6231780,-1067646 -6014986))
32605;POLYGON((-1466850 -6168565,-1400820 -6140305,-1310148 -6353798,-1372672 -6381269,-1466850 -6168565))
32606;POLYGON((-1857610 -6361205,-1793210 -6326308,-1681128 -6534316,-1741873 -6568108,-1857610 -6361205))
32607;POLYGON((-2236330 -6594755,-2174232 -6552912,-2039869 -6753315,-2098177 -6793645,-2236330 -6594755))
32608;POLYGON((-2598251 -6870932,-2539341 -6821880,-2381979 -7011984,-2437008 -7059011,-2598251 -6870932))
32609;POLYGON((-2937144 -7190971,-2882577 -7134558,-2701870 -7311008,-2752555 -7364769,-2937144 -7190971))
32610;POLYGON((-3244958 -7555110,-3196219 -7491392,-2992495 -7650125,-3037498 -7710445,-3244958 -7555110))
32611;POLYGON((-3511406 -7961894,-3470385 -7891268,-3245051 -8027514,-3282712 -8093882,-3511406 -7961894))
32612;POLYGON((-3723486 -8407241,-3692560 -8330617,-3448647 -8438984,-3476921 -8510403,-3723486 -8407241))
32613;POLYGON((-3864933 -8883223,-3847066 -8802251,-3589920 -8876927,-3606311 -8951708,-3864933 -8883223))
32614;POLYGON((-3915593 -9376501,-3914443 -9293859,-3652611 -9328985,-3654094 -9404493,-3915593 -9376501))
32615;POLYGON((-3850702 -9866354,-3870749 -9786105,-3617082 -9776368,-3600021 -9848707,-3850702 -9866354))
32616;POLYGON((-3640079 -10322239,-3686767 -10250275,-3459784 -10191784,-3419830 -10255410,-3640079 -10322239))
32617;POLYGON((-3247217 -10700793,-3327112 -10645377,-3152651 -10536911,-3084643 -10584156,-3247217 -10700793))
32618;POLYGON((-2628261 -10942219,-2749229 -10914632,-2662442 -10759338,-2560286 -10779853,-2628261 -10942219))
32619;POLYGON((-1730874 -10965954,-1902279 -10981273,-1950002 -10788925,-1806541 -10769001,-1730874 -10965954))
32620;POLYGON((-492977 -10665537,-725898 -10743548,-969450 -10533477,-776322 -10455262,-492977 -10665537))
32621;POLYGON((1158641 -9902582,851164 -10068852,332706 -9873686,585224 -9714258,1158641 -9902582))
32622;POLYGON((3309851 -8499753,2912559 -8786873,2018552 -8657229,2341715 -8387526,3309851 -8499753))
32623;POLYGON((6060852 -6232628,5555975 -6681652,4159822 -6691944,4566604 -6275530,6060852 -6232628))
32624;POLYGON((9528004 -2820358,8894944 -3482449,6839060 -3737992,7344356 -3129649,9528004 -2820358))
32625;POLYGON((13845809 2085018,13060800 1146710,10150872 501092,10771717 1356977,13845809 2085018))
32626;POLYGON((19169065 8910718,18204800 7618924,14203285 6388579,14959088 7559833,19169065 8910718))
32627;POLYGON((25675191 18176930,24500427 16437863,19119207 14366035,20032009 15934749,25675191 18176930))
32628;POLYGON((33566744 30512269,32145862 28212919,25038002 24966260,26132747 27031099,33566744 30512269))
32629;POLYGON((43074108 46671075,41366659 43676194,32117181 38827780,33422011 41506553,43074108 46671075))
32630;POLYGON((54458397 67552730,52418598 63701466,40534212 56711011,42080778 60143539,54458397 67552730))
32631;POLYGON((-45646486 53057873,-47514034 56459098,-36568051 50250592,-35146542 47213916,-45646486 53057873))
32632;POLYGON((-35544097 35432475,-37102885 38061167,-28618000 33800665,-27421942 31444890,-35544097 35432475))
32633;POLYGON((-27140995 21913208,-28434076 23916975,-21944310 21104363,-20943847 19301052,-27140995 21913208))
32634;POLYGON((-20196883 11699634,-21262229 13202206,-16376375 11443805,-15545002 10085061,-20196883 11699634))
32635;POLYGON((-14500238 4123248,-15371226 5227667,-11762928 4217417,-11077189 3213167,-14500238 4123248))
32636;POLYGON((-9865551 -1370475,-10571403 -578999,-7970272 -1075657,-7409473 -1800102,-9865551 -1370475))
32637;POLYGON((-6130748 -5238136,-6696953 -4689677,-4880629 -4849523,-4426580 -5355640,-6130748 -5238136))
32638;POLYGON((-3154812 -7852689,-3603506 -7490340,-2390603 -7443973,-2027367 -7781963,-3154812 -7852689))
32639;POLYGON((-815564 -9516099,-1165891 -9293971,-409754 -9135528,-123424 -9346031,-815564 -9516099))
32640;POLYGON((992371 -10470494,723934 -10351958,1140723 -10147196,1362239 -10262796,992371 -10470494))
32641;POLYGON((2359449 -10907946,2158787 -10864088,2329226 -10657042,2496394 -10703586,2359449 -10907946))
32642;POLYGON((3362922 -10978989,3218008 -10987279,3214859 -10805674,3336701 -10803426,3362922 -10978989))
32643;POLYGON((4068419 -10800010,3969059 -10843139,3848474 -10702750,3932731 -10667383,4068419 -10800010))
32644;POLYGON((4531378 -10459592,4468984 -10524487,4273614 -10432587,4326895 -10376040,4531378 -10459592))
32645;POLYGON((4798350 -10023936,4765729 -10100913,4527379 -10058972,4555295 -9990176,4798350 -10023936))
32646;POLYGON((4908173 -9541445,4899341 -9623502,4641205 -9629244,4648497 -9554740,4908173 -9541445))
32647;POLYGON((4893028 -9046577,4903043 -9128796,4641582 -9177738,4632230 -9102193,4893028 -9046577))
32648;POLYGON((4779392 -8563028,4804199 -8642088,4550693 -8728653,4528017 -8655289,4779392 -8563028))
32649;POLYGON((4588870 -8106357,4625175 -8180136,4386991 -8298426,4353742 -8229370,4588870 -8106357))
32650;POLYGON((4338951 -7686103,4384095 -7753352,4165721 -7897665,4124159 -7834231,4338951 -7686103))
32651;POLYGON((4043659 -7307480,4095521 -7367569,3899376 -7532704,3851346 -7475624,4043659 -7307480))
32652;POLYGON((3714130 -6972700,3771031 -7025423,3598111 -7206840,3545105 -7156439,3714130 -6972700))
32653;POLYGON((3359111 -6682002,3419741 -6727421,3270108 -6921296,3213321 -6877632,3359111 -6682002))
32654;POLYGON((2985396 -6434419,3048742 -6472752,2921897 -6675960,2862277 -6638924,2985396 -6434419))
32655;POLYGON((2598199 -6228347,2663487 -6259887,2558640 -6469934,2496933 -6439331,2598199 -6228347))
32656;POLYGON((2201470 -6061950,2268117 -6087006,2184384 -6301942,2121171 -6277545,2201470 -6061950))
32657;POLYGON((1798179 -5933438,1865748 -5952295,1802282 -6170620,1738017 -6152206,1798179 -5933438))
32658;POLYGON((1390549 -5841257,1458712 -5854153,1414794 -6074709,1349832 -6062090,1390549 -5841257))
32659;POLYGON((980262 -5784207,1048768 -5791314,1023866 -6013191,958492 -6006228,980262 -5784207))
32660;POLYGON((568649 -5761510,637294 -5762926,631090 -5985372,565548 -5983984,568649 -5761510))
