32701;POLYGON((393619 18774533,414859 18772892,399627 18550188,374586 18552108,393619 18774533))
32702;POLYGON((267021 18792000,287991 18788184,250032 18568087,225300 18572553,267021 18792000))
32703;POLYGON((142800 18822404,163284 18816448,102910 18601185,78734 18608163,142800 18822404))
32704;POLYGON((22240 18865481,42025 18857437,-40255 18649222,-63628 18658656,22240 18865481))
32705;POLYGON((-93388 18920845,-74512 18910784,-177992 18711810,-200317 18723621,-93388 18920845))
32706;POLYGON((-202844 18987988,-185082 18976005,-308837 18788422,-329874 18802509,-202844 18987988))
32707;POLYGON((-304922 19066278,-288471 19052486,-431358 18878388,-450870 18894625,-304922 19066278))
32708;POLYGON((-398468 19154951,-383516 19139488,-544161 18980882,-561923 18999116,-398468 19154951))
32709;POLYGON((-482406 19253119,-469126 19236140,-645923 19094920,-661722 19114971,-482406 19253119))
32710;POLYGON((-555754 19359765,-544302 19341448,-735420 19219354,-749066 19241014,-555754 19359765))
32711;POLYGON((-617663 19473759,-608170 19454301,-811571 19352879,-822899 19375917,-617663 19473759))
32712;POLYGON((-667453 19593873,-660019 19573484,-873486 19494045,-882373 19518208,-667453 19593873))
32713;POLYGON((-704656 19718809,-699342 19697708,-920539 19641290,-926909 19666307,-704656 19718809))
32714;POLYGON((-729075 19847233,-725892 19825643,-952435 19792975,-956280 19818571,-729075 19847233))
32715;POLYGON((-740843 19977837,-739743 19955972,-969312 19947449,-970702 19973354,-740843 19977837))
32716;POLYGON((-740497 20109406,-741359 20087458,-971837 20103139,-970946 20129105,-740497 20109406))
32717;POLYGON((-729063 20240911,-731678 20219033,-961342 20258660,-958463 20284484,-729063 20240911))
32718;POLYGON((-708148 20371625,-712204 20349912,-939953 20412963,-935530 20438515,-708148 20371625))
32719;POLYGON((-680052 20501271,-685113 20479732,-910762 20565522,-905417 20590781,-680052 20501271))
32720;POLYGON((-647883 20630198,-653368 20608722,-878001 20716560,-872564 20741655,-647883 20630198))
32721;POLYGON((-615692 20759588,-620855 20737910,-847250 20867329,-842796 20892591,-615692 20759588))
32722;POLYGON((-588622 20891716,-592523 20869369,-825655 21020444,-823547 21046469,-588622 20891716))
32723;POLYGON((-573072 21030243,-574550 21006506,-822189 21180275,-824117 21207992,-573072 21030243))
32724;POLYGON((-576874 21180562,-574516 21154400,-847915 21353412,-855948 21384173,-576874 21180562))
32725;POLYGON((-609490 21350200,-601597 21320191,-916297 21549203,-932935 21584875,-609490 21350200))
32726;POLYGON((-682226 21549277,-666776 21513534,-1043524 21780376,-1071755 21823459,-682226 21549277))
32727;POLYGON((-808463 21791036,-783072 21747110,-1248869 22063752,-1292231 22117502,-808463 21791036))
32728;POLYGON((-1003908 22092433,-965785 22037212,-1555078 22421056,-1617729 22489633,-1003908 22092433))
32729;POLYGON((-1286865 22474816,-1232767 22404406,-1988790 22879833,-2075579 22968466,-1286865 22474816))
32730;POLYGON((-1678526 22964677,-1604707 22874271,-2580986 23474488,-2697533 23589657,-1678526 22964677))
32731;POLYGON((2404205 22624688,2467662 22704432,3363872 23258732,3262958 23157727,2404205 22624688))
32732;POLYGON((2087519 22209701,2133194 22271976,2828235 22713662,2754167 22635783,2087519 22209701))
32733;POLYGON((1865073 21883918,1896454 21933057,2440242 22292170,2387797 22231589,1865073 21883918))
32734;POLYGON((1717635 21624366,1737732 21663856,2170413 21962263,2135097 21914306,1717635 21624366))
32735;POLYGON((1628661 21412703,1640058 21445311,1993455 21698442,1971427 21659421,1628661 21412703))
32736;POLYGON((1584026 21234520,1588919 21262400,1887824 21480714,1875830 21447768,1584026 21234520))
32737;POLYGON((1571757 21078716,1572003 21103513,1835318 21293708,1830621 21264668,1571757 21078716))
32738;POLYGON((1581803 20936954,1578953 20959888,1820693 21125897,1821017 21099166,1581803 20936954))
32739;POLYGON((1605811 20803177,1601148 20825117,1831323 20968916,1834793 20943367,1605811 20803177))
32740;POLYGON((1636925 20673189,1631496 20694721,1856871 20816973,1861967 20791851,1636925 20673189))
32741;POLYGON((1669603 20544288,1664247 20565773,1889004 20666330,1894513 20641180,1669603 20544288))
32742;POLYGON((1699445 20414957,1694824 20436577,1921124 20514867,1926097 20489467,1699445 20414957))
32743;POLYGON((1723046 20284594,1719664 20306396,1948124 20361710,1951840 20336012,1723046 20284594))
32744;POLYGON((1737851 20153292,1736080 20175221,1966174 20206912,1968105 20180996,1737851 20153292))
32745;POLYGON((1742034 20021642,1742133 20043571,1972523 20051198,1972302 20025235,1742034 20021642))
32746;POLYGON((1734386 19890588,1736517 19912342,1965326 19895748,1962723 19869964,1734386 19890588))
32747;POLYGON((1714217 19761295,1718464 19782668,1943489 19742022,1938384 19716681,1714217 19761295))
32748;POLYGON((1681268 19635048,1687647 19655821,1906532 19591634,1898897 19567009,1681268 19635048))
32749;POLYGON((1635634 19513180,1644107 19533131,1854474 19446235,1844354 19422602,1635634 19513180))
32750;POLYGON((1577698 19397005,1588185 19415918,1787730 19307447,1775225 19285067,1577698 19397005))
32751;POLYGON((1508076 19287779,1520460 19305450,1707021 19176799,1692276 19155916,1508076 19287779))
32752;POLYGON((1427566 19186667,1441702 19202909,1613307 19055693,1596502 19036526,1427566 19186667))
32753;POLYGON((1337107 19094723,1352831 19109369,1507723 18945383,1489059 18928127,1337107 19094723))
32754;POLYGON((1237748 19012881,1254879 19025784,1391530 18846963,1371226 18831783,1237748 19012881))
32755;POLYGON((1130620 18941946,1148964 18952981,1266077 18761364,1244366 18748401,1130620 18941946))
32756;POLYGON((1016911 18882593,1036268 18891656,1132773 18689360,1109894 18678727,1016911 18882593))
32757;POLYGON((897855 18835372,918016 18842380,993064 18631571,969259 18623358,897855 18835372))
32758;POLYGON((774712 18800708,795466 18805599,848415 18588477,823930 18582750,774712 18800708))
32759;POLYGON((648763 18778906,669895 18781637,700304 18560423,675386 18557226,648763 18778906))
32760;POLYGON((521300 18770156,542594 18770703,550213 18547627,525110 18546986,521300 18770156))
32601;POLYGON((393619 8774533,414859 8772892,399627 8550188,374586 8552108,393619 8774533))
32602;POLYGON((267021 8792000,287991 8788184,250032 8568087,225300 8572553,267021 8792000))
32603;POLYGON((142800 8822404,163284 8816448,102910 8601185,78734 8608163,142800 8822404))
32604;POLYGON((22240 8865481,42025 8857437,-40255 8649222,-63628 8658656,22240 8865481))
32605;POLYGON((-93388 8920845,-74512 8910784,-177992 8711810,-200317 8723621,-93388 8920845))
32606;POLYGON((-202844 8987988,-185082 8976005,-308837 8788422,-329874 8802509,-202844 8987988))
32607;POLYGON((-304922 9066278,-288471 9052486,-431358 8878388,-450870 8894625,-304922 9066278))
32608;POLYGON((-398468 9154951,-383516 9139488,-544161 8980882,-561923 8999116,-398468 9154951))
32609;POLYGON((-482406 9253119,-469126 9236140,-645923 9094920,-661722 9114971,-482406 9253119))
32610;POLYGON((-555754 9359765,-544302 9341448,-735420 9219354,-749066 9241014,-555754 9359765))
32611;POLYGON((-617663 9473759,-608170 9454301,-811571 9352879,-822899 9375917,-617663 9473759))
32612;POLYGON((-667453 9593873,-660019 9573484,-873486 9494045,-882373 9518208,-667453 9593873))
32613;POLYGON((-704656 9718809,-699342 9697708,-920539 9641290,-926909 9666307,-704656 9718809))
32614;POLYGON((-729075 9847233,-725892 9825643,-952435 9792975,-956280 9818571,-729075 9847233))
32615;POLYGON((-740843 9977837,-739743 9955972,-969312 9947449,-970702 9973354,-740843 9977837))
32616;POLYGON((-740497 10109406,-741359 10087458,-971837 10103139,-970946 10129105,-740497 10109406))
32617;POLYGON((-729063 10240911,-731678 10219033,-961342 10258660,-958463 10284484,-729063 10240911))
32618;POLYGON((-708148 10371625,-712204 10349912,-939953 10412963,-935530 10438515,-708148 10371625))
32619;POLYGON((-680052 10501271,-685113 10479732,-910762 10565522,-905417 10590781,-680052 10501271))
32620;POLYGON((-647883 10630198,-653368 10608722,-878001 10716560,-872564 10741655,-647883 10630198))
32621;POLYGON((-615692 10759588,-620855 10737910,-847250 10867329,-842796 10892591,-615692 10759588))
32622;POLYGON((-588622 10891716,-592523 10869369,-825655 11020444,-823547 11046469,-588622 10891716))
32623;POLYGON((-573072 11030243,-574550 11006506,-822189 11180275,-824117 11207992,-573072 11030243))
32624;POLYGON((-576874 11180562,-574516 11154400,-847915 11353412,-855948 11384173,-576874 11180562))
32625;POLYGON((-609490 11350200,-601597 11320191,-916297 11549203,-932935 11584875,-609490 11350200))
32626;POLYGON((-682226 11549277,-666776 11513534,-1043524 11780376,-1071755 11823459,-682226 11549277))
32627;POLYGON((-808463 11791036,-783072 11747110,-1248869 12063752,-1292231 12117502,-808463 11791036))
32628;POLYGON((-1003908 12092433,-965785 12037212,-1555078 12421056,-1617729 12489633,-1003908 12092433))
32629;POLYGON((-1286865 12474816,-1232767 12404406,-1988790 12879833,-2075579 12968466,-1286865 12474816))
32630;POLYGON((-1678526 12964677,-1604707 12874271,-2580986 13474488,-2697533 13589657,-1678526 12964677))
32631;POLYGON((2404205 12624688,2467662 12704432,3363872 13258732,3262958 13157727,2404205 12624688))
32632;POLYGON((2087519 12209701,2133194 12271976,2828235 12713662,2754167 12635783,2087519 12209701))
32633;POLYGON((1865073 11883918,1896454 11933057,2440242 12292170,2387797 12231589,1865073 11883918))
32634;POLYGON((1717635 11624366,1737732 11663856,2170413 11962263,2135097 11914306,1717635 11624366))
32635;POLYGON((1628661 11412703,1640058 11445311,1993455 11698442,1971427 11659421,1628661 11412703))
32636;POLYGON((1584026 11234520,1588919 11262400,1887824 11480714,1875830 11447768,1584026 11234520))
32637;POLYGON((1571757 11078716,1572003 11103513,1835318 11293708,1830621 11264668,1571757 11078716))
32638;POLYGON((1581803 10936954,1578953 10959888,1820693 11125897,1821017 11099166,1581803 10936954))
32639;POLYGON((1605811 10803177,1601148 10825117,1831323 10968916,1834793 10943367,1605811 10803177))
32640;POLYGON((1636925 10673189,1631496 10694721,1856871 10816973,1861967 10791851,1636925 10673189))
32641;POLYGON((1669603 10544288,1664247 10565773,1889004 10666330,1894513 10641180,1669603 10544288))
32642;POLYGON((1699445 10414957,1694824 10436577,1921124 10514867,1926097 10489467,1699445 10414957))
32643;POLYGON((1723046 10284594,1719664 10306396,1948124 10361710,1951840 10336012,1723046 10284594))
32644;POLYGON((1737851 10153292,1736080 10175221,1966174 10206912,1968105 10180996,1737851 10153292))
32645;POLYGON((1742034 10021642,1742133 10043571,1972523 10051198,1972302 10025235,1742034 10021642))
32646;POLYGON((1734386 9890588,1736517 9912342,1965326 9895748,1962723 9869964,1734386 9890588))
32647;POLYGON((1714217 9761295,1718464 9782668,1943489 9742022,1938384 9716681,1714217 9761295))
32648;POLYGON((1681268 9635048,1687647 9655821,1906532 9591634,1898897 9567009,1681268 9635048))
32649;POLYGON((1635634 9513180,1644107 9533131,1854474 9446235,1844354 9422602,1635634 9513180))
32650;POLYGON((1577698 9397005,1588185 9415918,1787730 9307447,1775225 9285067,1577698 9397005))
32651;POLYGON((1508076 9287779,1520460 9305450,1707021 9176799,1692276 9155916,1508076 9287779))
32652;POLYGON((1427566 9186667,1441702 9202909,1613307 9055693,1596502 9036526,1427566 9186667))
32653;POLYGON((1337107 9094723,1352831 9109369,1507723 8945383,1489059 8928127,1337107 9094723))
32654;POLYGON((1237748 9012881,1254879 9025784,1391530 8846963,1371226 8831783,1237748 9012881))
32655;POLYGON((1130620 8941946,1148964 8952981,1266077 8761364,1244366 8748401,1130620 8941946))
32656;POLYGON((1016911 8882593,1036268 8891656,1132773 8689360,1109894 8678727,1016911 8882593))
32657;POLYGON((897855 8835372,918016 8842380,993064 8631571,969259 8623358,897855 8835372))
32658;POLYGON((774712 8800708,795466 8805599,848415 8588477,823930 8582750,774712 8800708))
32659;POLYGON((648763 8778906,669895 8781637,700304 8560423,675386 8557226,648763 8778906))
32660;POLYGON((521300 8770156,542594 8770703,550213 8547627,525110 8546986,521300 8770156))
