32701;POLYGON((-38133 8335585,69665 8337781,73938 8116091,-32780 8113635,-38133 8335585))
32702;POLYGON((-688960 8311867,-579861 8317102,-568966 8092970,-676916 8087119,-688960 8311867))
32703;POLYGON((-1351400 8269025,-1239901 8277578,-1221813 8048812,-1332029 8039261,-1351400 8269025))
32704;POLYGON((-2032377 8204704,-1917278 8217055,-1890999 7981274,-2004600 7967503,-2032377 8204704))
32705;POLYGON((-2739616 8115133,-2619559 8132028,-2583541 7886564,-2701775 7867770,-2739616 8115133))
32706;POLYGON((-3482012 7994627,-3355416 8017175,-3307351 7758956,-3431647 7733948,-3482012 7994627))
32707;POLYGON((-4270066 7834803,-4135047 7864632,-4071561 7590043,-4203582 7557087,-4270066 7834803))
32708;POLYGON((-5116411 7623435,-4970691 7662912,-4886886 7367633,-5028604 7324228,-5116411 7623435))
32709;POLYGON((-6036456 7342830,-5877243 7395370,-5766072 7074185,-5919842 7016746,-6036456 7342830))
32710;POLYGON((-7049158 6967570,-6873008 7038063,-6724401 6684642,-6893059 6608069,-7049158 6967570))
32711;POLYGON((-8177934 6461487,-7980591 6556865,-7780297 6163510,-7967266 6060617,-8177934 6461487))
32712;POLYGON((-9451757 5773666,-9227955 5903641,-8956027 5461002,-9165447 5321772,-9451757 5773666))
32713;POLYGON((-10906424 4833281,-10649663 5011299,-10278511 4508062,-10515384 4318687,-10906424 4833281))
32714;POLYGON((-12586041 3543048,-12288324 3787487,-11780256 3210024,-12050617 2951706,-12586041 3543048))
32715;POLYGON((-14544725 1771028,-14196257 2106687,-13500426 1438689,-13811532 1086146,-14544725 1771028))
32716;POLYGON((-16848556 -659469,-16437402 -199542,-15486053 -977456,-15846601 -1457825,-16848556 -659469))
32717;POLYGON((-19577790 -3982189,-19089487 -3354479,-17793404 -4265168,-18213777 -4917496,-19577790 -3982189))
32718;POLYGON((-22829350 -8502737,-22246473 -7650607,-20489526 -8720816,-20982062 -9602429,-22829350 -8502737))
32719;POLYGON((-26719629 -14616235,-26021298 -13466773,-23653956 -14727539,-24233257 -15912101,-26719629 -14616235))
32720;POLYGON((-31387600 -22828180,-30548944 -21288481,-27380630 -22775517,-28063897 -24356749,-31387600 -22828180))
32721;POLYGON((-36998276 -33778881,-35989826 -31731711,-31779997 -33485759,-32587405 -35581762,-36998276 -33778881))
32722;POLYGON((-43746522 -48271873,-42533555 -45570639,-36981342 -47637771,-37936445 -50396053,-43746522 -48271873))
32723;POLYGON((-51861245 -67306737,-50403055 -63769693,-43135336 -66201542,-44265515 -69804791,-51861245 -67306737))
32724;POLYGON((-61609984 -92116761,-59859093 -87520375,-50416819 -90374272,-51753776 -95046976,-61609984 -92116761))
32725;POLYGON((-73303911 -124211910,-71205200 -118283313,-59027841 -121622307,-60608123 -127638279,-73303911 -124211910))
32726;POLYGON((-87303269 -165427597,-84793046 -157836031,-69200955 -161728759,-71066532 -169419664,-87303269 -165427597))
32727;POLYGON((-104023260 -217979751,-101028245 -208326931,-81202781 -212847316,-83401668 -222612278,-104023260 -217979751))
32728;POLYGON((-123940414 -284526734,-120376641 -272336029,-95337855 -277562761,-97924781 -289879135,-123940414 -284526734))
32729;POLYGON((-147599434 -368238632,-143371078 -352942982,-111952775 -358958749,-114989903 -374394168,-147599434 -368238632))
32730;POLYGON((-175620568 -472874517,-170618682 -453802976,-131440646 -460693408,-134998346 -479919183,-175620568 -472874517))
32731;POLYGON((157422178 -400588172,162022808 -417680841,125599151 -424270075,122311078 -407030434,157422178 -400588172))
32732;POLYGON((132381989 -310350760,136265285 -324016893,107115672 -329760254,104311910 -315961460,132381989 -310350760))
32733;POLYGON((111281644 -238461787,114549829 -249318618,91368654 -254300891,88983036 -243325238,111281644 -238461787))
32734;POLYGON((93552100 -181563833,96294918 -190131612,77981008 -194434257,75955182 -185760837,93552100 -181563833))
32735;POLYGON((78694891 -136836044,80990821 -143550800,66620636 -147250989,64903315 -140442986,78694891 -136836044))
32736;POLYGON((66275102 -101922245,68192501 -107147223,56996084 -110317162,55542358 -105010455,66275102 -101922245))
32737;POLYGON((55914849 -74866630,57512999 -78902508,48852504 -81608998,47623188 -77501978,55914849 -74866630))
32738;POLYGON((47287228 -54056470,48617315 -57150444,41967892 -59454634,40928931 -56299152,47287228 -54056470))
32739;POLYGON((40110734 -38171302,41216746 -40525128,36149621 -42482440,35271538 -40075790,40110734 -38171302))
32740;POLYGON((34144110 -26138081,35063668 -27915153,31231232 -29575347,30488617 -27753204,34144110 -26138081))
32741;POLYGON((29181631 -17091798,29946743 -18423355,27069480 -19830696,26440522 -18460929,29181631 -17091798))
32742;POLYGON((25048774 -10341102,25686532 -11331628,23541632 -12525146,23007693 -11502427,25048774 -10341102))
32743;POLYGON((21598288 -5338462,22131495 -6070365,20542990 -7084173,20088212 -6325309,21598288 -5338462))
32744;POLYGON((18706616 -1654450,19154362 -2192077,17984641 -3055736,17595594 -2495661,18706616 -1654450))
32745;POLYGON((16270670 1044265,16648841 651200,15791415 -87714,15456774 323939,16270670 1044265))
32746;POLYGON((14204931 3013603,14526675 2727123,13900040 2091297,13610299 2393094,14204931 3013603))
32747;POLYGON((12438853 4447789,12714988 4239221,12257489 3688172,12004698 3909302,12438853 4447789))
32748;POLYGON((10914560 5492455,11153942 5340416,10819497 4858772,10597036 5021068,10914560 5492455))
32749;POLYGON((9584811 6255438,9794653 6144184,9549246 5719127,9351620 5838725,9584811 6255438))
32750;POLYGON((8411214 6815579,8597370 6733664,8416204 6354572,8238861 6443249,8411214 6815579))
32751;POLYGON((7362673 7229792,7529878 7168999,7395099 6827106,7234274 6893359,7362673 7229792))
32752;POLYGON((6414049 7538664,6566129 7493164,6465030 7181258,6317608 7231148,6414049 7538664))
32753;POLYGON((5545007 7770816,5685062 7736517,5608692 7448665,5472091 7486474,5545007 7770816))
32754;POLYGON((4739050 7946232,4869599 7920287,4811711 7651596,4683778 7680320,4739050 7946232))
32755;POLYGON((3982694 8078751,4105807 8059196,4062072 7805601,3940999 7827324,3982694 8078751))
32756;POLYGON((3264794 8177887,3382190 8163377,3349632 7921460,3233880 7937621,3264794 8177887))
32757;POLYGON((2575971 8250125,2689111 8239747,2665704 8006584,2553943 8018164,2575971 8250125))
32758;POLYGON((1908154 8299803,2018311 8292955,2002708 8065987,1893758 8073637,1908154 8299803))
32759;POLYGON((1254189 8329706,1362505 8326015,1353862 8102934,1246653 8107061,1254189 8329706))
32760;POLYGON((607512 8341431,715053 8340702,712922 8119358,606447 8120173,607512 8341431))
32601;POLYGON((-38133 -1664414,69665 -1662218,73938 -1883908,-32780 -1886364,-38133 -1664414))
32602;POLYGON((-688960 -1688132,-579861 -1682897,-568966 -1907029,-676916 -1912880,-688960 -1688132))
32603;POLYGON((-1351400 -1730974,-1239901 -1722421,-1221813 -1951187,-1332029 -1960738,-1351400 -1730974))
32604;POLYGON((-2032377 -1795295,-1917278 -1782944,-1890999 -2018725,-2004600 -2032496,-2032377 -1795295))
32605;POLYGON((-2739616 -1884866,-2619559 -1867971,-2583541 -2113435,-2701775 -2132229,-2739616 -1884866))
32606;POLYGON((-3482012 -2005372,-3355416 -1982824,-3307351 -2241043,-3431647 -2266051,-3482012 -2005372))
32607;POLYGON((-4270066 -2165196,-4135047 -2135367,-4071561 -2409956,-4203582 -2442912,-4270066 -2165196))
32608;POLYGON((-5116411 -2376564,-4970691 -2337087,-4886886 -2632366,-5028604 -2675771,-5116411 -2376564))
32609;POLYGON((-6036456 -2657169,-5877243 -2604629,-5766072 -2925814,-5919842 -2983253,-6036456 -2657169))
32610;POLYGON((-7049158 -3032429,-6873008 -2961936,-6724401 -3315357,-6893059 -3391930,-7049158 -3032429))
32611;POLYGON((-8177934 -3538512,-7980591 -3443134,-7780297 -3836489,-7967266 -3939382,-8177934 -3538512))
32612;POLYGON((-9451757 -4226333,-9227955 -4096358,-8956027 -4538997,-9165447 -4678227,-9451757 -4226333))
32613;POLYGON((-10906424 -5166718,-10649663 -4988700,-10278511 -5491937,-10515384 -5681312,-10906424 -5166718))
32614;POLYGON((-12586041 -6456951,-12288324 -6212512,-11780256 -6789975,-12050617 -7048293,-12586041 -6456951))
32615;POLYGON((-14544725 -8228971,-14196257 -7893312,-13500426 -8561310,-13811532 -8913853,-14544725 -8228971))
32616;POLYGON((-16848556 -10659469,-16437402 -10199542,-15486053 -10977456,-15846601 -11457825,-16848556 -10659469))
32617;POLYGON((-19577790 -13982189,-19089487 -13354479,-17793404 -14265168,-18213777 -14917496,-19577790 -13982189))
32618;POLYGON((-22829350 -18502737,-22246473 -17650607,-20489526 -18720816,-20982062 -19602429,-22829350 -18502737))
32619;POLYGON((-26719629 -24616235,-26021298 -23466773,-23653956 -24727539,-24233257 -25912101,-26719629 -24616235))
32620;POLYGON((-31387600 -32828180,-30548944 -31288481,-27380630 -32775517,-28063897 -34356749,-31387600 -32828180))
32621;POLYGON((-36998276 -43778881,-35989826 -41731711,-31779997 -43485759,-32587405 -45581762,-36998276 -43778881))
32622;POLYGON((-43746522 -58271873,-42533555 -55570639,-36981342 -57637771,-37936445 -60396053,-43746522 -58271873))
32623;POLYGON((-51861245 -77306737,-50403055 -73769693,-43135336 -76201542,-44265515 -79804791,-51861245 -77306737))
32624;POLYGON((-61609984 -102116761,-59859093 -97520375,-50416819 -100374272,-51753776 -105046976,-61609984 -102116761))
32625;POLYGON((-73303911 -134211910,-71205200 -128283313,-59027841 -131622307,-60608123 -137638279,-73303911 -134211910))
32626;POLYGON((-87303269 -175427597,-84793046 -167836031,-69200955 -171728759,-71066532 -179419664,-87303269 -175427597))
32627;POLYGON((-104023260 -227979751,-101028245 -218326931,-81202781 -222847316,-83401668 -232612278,-104023260 -227979751))
32628;POLYGON((-123940414 -294526734,-120376641 -282336029,-95337855 -287562761,-97924781 -299879135,-123940414 -294526734))
32629;POLYGON((-147599434 -378238632,-143371078 -362942982,-111952775 -368958749,-114989903 -384394168,-147599434 -378238632))
32630;POLYGON((-175620568 -482874517,-170618682 -463802976,-131440646 -470693408,-134998346 -489919183,-175620568 -482874517))
32631;POLYGON((157422178 -410588172,162022808 -427680841,125599151 -434270075,122311078 -417030434,157422178 -410588172))
32632;POLYGON((132381989 -320350760,136265285 -334016893,107115672 -339760254,104311910 -325961460,132381989 -320350760))
32633;POLYGON((111281644 -248461787,114549829 -259318618,91368654 -264300891,88983036 -253325238,111281644 -248461787))
32634;POLYGON((93552100 -191563833,96294918 -200131612,77981008 -204434257,75955182 -195760837,93552100 -191563833))
32635;POLYGON((78694891 -146836044,80990821 -153550800,66620636 -157250989,64903315 -150442986,78694891 -146836044))
32636;POLYGON((66275102 -111922245,68192501 -117147223,56996084 -120317162,55542358 -115010455,66275102 -111922245))
32637;POLYGON((55914849 -84866630,57512999 -88902508,48852504 -91608998,47623188 -87501978,55914849 -84866630))
32638;POLYGON((47287228 -64056470,48617315 -67150444,41967892 -69454634,40928931 -66299152,47287228 -64056470))
32639;POLYGON((40110734 -48171302,41216746 -50525128,36149621 -52482440,35271538 -50075790,40110734 -48171302))
32640;POLYGON((34144110 -36138081,35063668 -37915153,31231232 -39575347,30488617 -37753204,34144110 -36138081))
32641;POLYGON((29181631 -27091798,29946743 -28423355,27069480 -29830696,26440522 -28460929,29181631 -27091798))
32642;POLYGON((25048774 -20341102,25686532 -21331628,23541632 -22525146,23007693 -21502427,25048774 -20341102))
32643;POLYGON((21598288 -15338462,22131495 -16070365,20542990 -17084173,20088212 -16325309,21598288 -15338462))
32644;POLYGON((18706616 -11654450,19154362 -12192077,17984641 -13055736,17595594 -12495661,18706616 -11654450))
32645;POLYGON((16270670 -8955734,16648841 -9348799,15791415 -10087714,15456774 -9676060,16270670 -8955734))
32646;POLYGON((14204931 -6986396,14526675 -7272876,13900040 -7908702,13610299 -7606905,14204931 -6986396))
32647;POLYGON((12438853 -5552210,12714988 -5760778,12257489 -6311827,12004698 -6090697,12438853 -5552210))
32648;POLYGON((10914560 -4507544,11153942 -4659583,10819497 -5141227,10597036 -4978931,10914560 -4507544))
32649;POLYGON((9584811 -3744561,9794653 -3855815,9549246 -4280872,9351620 -4161274,9584811 -3744561))
32650;POLYGON((8411214 -3184420,8597370 -3266335,8416204 -3645427,8238861 -3556750,8411214 -3184420))
32651;POLYGON((7362673 -2770207,7529878 -2831000,7395099 -3172893,7234274 -3106640,7362673 -2770207))
32652;POLYGON((6414049 -2461335,6566129 -2506835,6465030 -2818741,6317608 -2768851,6414049 -2461335))
32653;POLYGON((5545007 -2229183,5685062 -2263482,5608692 -2551334,5472091 -2513525,5545007 -2229183))
32654;POLYGON((4739050 -2053767,4869599 -2079712,4811711 -2348403,4683778 -2319679,4739050 -2053767))
32655;POLYGON((3982694 -1921248,4105807 -1940803,4062072 -2194398,3940999 -2172675,3982694 -1921248))
32656;POLYGON((3264794 -1822112,3382190 -1836622,3349632 -2078539,3233880 -2062378,3264794 -1822112))
32657;POLYGON((2575971 -1749874,2689111 -1760252,2665704 -1993415,2553943 -1981835,2575971 -1749874))
32658;POLYGON((1908154 -1700196,2018311 -1707044,2002708 -1934012,1893758 -1926362,1908154 -1700196))
32659;POLYGON((1254189 -1670293,1362505 -1673984,1353862 -1897065,1246653 -1892938,1254189 -1670293))
32660;POLYGON((607512 -1658568,715053 -1659297,712922 -1880641,606447 -1879826,607512 -1658568))
