32701;POLYGON((-57087 10000000,54535 10000000,54806 9778395,-56748 9778089,-57087 10000000))
32702;POLYGON((-731665 10000000,-618481 10000000,-617790 9775508,-730901 9774776,-731665 10000000))
32703;POLYGON((-1420254 10000000,-1304165 10000000,-1303013 9769974,-1419020 9768774,-1420254 10000000))
32704;POLYGON((-2131474 10000000,-2010963 10000000,-2009279 9761463,-2129692 9759720,-2131474 10000000))
32705;POLYGON((-2875332 10000000,-2748607 10000000,-2746279 9749427,-2872882 9747024,-2875332 10000000))
32706;POLYGON((-3663945 10000000,-3528804 10000000,-3525659 9733019,-3660642 9729778,-3663945 10000000))
32707;POLYGON((-4512457 10000000,-4366119 10000000,-4361899 9710960,-4508024 9706611,-4512457 10000000))
32708;POLYGON((-5440230 10000000,-5279115 10000000,-5273434 9681332,-5434255 9675476,-5440230 10000000))
32709;POLYGON((-6472336 10000000,-6291796 10000000,-6284083 9641294,-6464212 9633340,-6472336 10000000))
32710;POLYGON((-7641427 10000000,-7435402 10000000,-7424822 9586667,-7630264 9575752,-7641427 10000000))
32711;POLYGON((-8990014 10000000,-8750623 10000000,-8735968 9511376,-8974529 9496254,-8990014 10000000))
32712;POLYGON((-10573231 10000000,-10290275 10000000,-10269824 9406707,-10551600 9385604,-10573231 10000000))
32713;POLYGON((-12462121 10000000,-12122499 10000000,-12093830 9260333,-12431785 9230761,-12462121 10000000))
32714;POLYGON((-14747506 10000000,-14334524 10000000,-14294286 9055074,-14704932 9013593,-14747506 10000000))
32715;POLYGON((-17544490 10000000,-17037067 10000000,-16980686 8767332,-17484869 8709255,-17544490 10000000))
32716;POLYGON((-20997659 10000000,-20369407 10000000,-20290730 8365155,-20914533 8284186,-20997659 10000000))
32717;POLYGON((-25287011 10000000,-24505196 10000000,-24396053 7805868,-25171827 7693657,-25287011 10000000))
32718;POLYGON((-30634697 10000000,-29659055 10000000,-29508737 7033204,-30476263 6878821,-30634697 10000000))
32719;POLYGON((-37312598 10000000,-36094014 10000000,-35888646 5973878,-37096445 5763178,-37312598 10000000))
32720;POLYGON((-45650822 10000000,-44129845 10000000,-43851655 4533524,-45358446 4248406,-45650822 10000000))
32721;POLYGON((-56047143 10000000,-54152348 10000000,-53778798 2591921,-55655120 2209458,-56047143 10000000))
32722;POLYGON((-68977465 10000000,-66623633 10000000,-66126424 -2564,-68456427 -511139,-68977465 10000000))
32723;POLYGON((-85007338 10000000,-82093464 10000000,-81437379 -3439425,-84320793 -4109879,-85007338 10000000))
32724;POLYGON((-104804608 10000000,-101211708 10000000,-100353290 -7953411,-103907582 -8829846,-104804608 10000000))
32725;POLYGON((-129153226 10000000,-124741957 10000000,-123627997 -13832989,-127990726 -14969363,-129153226 10000000))
32726;POLYGON((-158968293 10000000,-153576353 10000000,-152142183 -21429964,-157473558 -22891813,-158968293 10000000))
32727;POLYGON((-195312376 10000000,-188751698 10000000,-186919260 -31170353,-193404913 -33036736,-195312376 10000000))
32728;POLYGON((-239413169 10000000,-231466879 10000000,-229142557 -43566631,-236996540 -45932304,-239413169 10000000))
32729;POLYGON((-292682532 10000000,-283101680 10000000,-280173874 -59231446,-289641886 -62209307,-292682532 10000000))
32730;POLYGON((-356736975 10000000,-345237017 10000000,-341573447 -78892932,-352936301 -82616736,-356736975 10000000))
32731;POLYGON((313749534 10000000,324252002 10000000,320849781 -71844828,310471787 -68512132,313749534 10000000))
32732;POLYGON((257075481 10000000,265805794 10000000,263092767 -53604279,254464593 -50947861,257075481 10000000))
32733;POLYGON((210085042 10000000,217309492 10000000,215160590 -39103844,208019428 -37000735,210085042 10000000))
32734;POLYGON((171300489 10000000,177251563 10000000,175561467 -27655688,169677861 -26002382,171300489 10000000))
32735;POLYGON((139434924 10000000,144314700 10000000,142995236 -18682175,138169732 -17392051,139434924 10000000))
32736;POLYGON((113372768 10000000,117356064 10000000,116333866 -11701098,112393904 -10702118,113372768 10000000))
32737;POLYGON((92151643 10000000,95388943 10000000,94603366 -6312468,91400395 -5545114,92151643 10000000))
32738;POLYGON((74945613 10000000,77565771 10000000,76967037 -2186736,74373851 -1602180,74945613 10000000))
32739;POLYGON((61049728 10000000,63162451 10000000,62710007 945648,60618289 1387163,61049728 10000000))
32740;POLYGON((49865797 10000000,51563937 10000000,51225011 3303463,49543079 3634049,49865797 10000000))
32741;POLYGON((40889371 10000000,42251012 10000000,41999346 5062810,40650090 5308176,40889371 10000000))
32742;POLYGON((33697845 10000000,34788209 10000000,34602957 6364180,33521962 6544726,33697845 10000000))
32743;POLYGON((27939655 10000000,28812830 10000000,28677609 7318599,27811445 7450346,27939655 10000000))
32744;POLYGON((23324500 10000000,24025000 10000000,23927066 8012913,23231757 8108312,23324500 10000000))
32745;POLYGON((19614538 10000000,20178707 10000000,20108260 8514314,19547893 8582933,19614538 10000000))
32746;POLYGON((16616510 10000000,17073768 10000000,17023366 8874187,16568861 8923289,16616510 10000000))
32747;POLYGON((14174723 10000000,14548684 10000000,14512743 9131342,14140757 9166368,14174723 10000000))
32748;POLYGON((12164860 10000000,12474304 10000000,12448695 9314704,12140654 9339677,12164860 10000000))
32749;POLYGON((10488537 10000000,10748269 10000000,10729980 9445536,10471238 9463387,10488537 10000000))
32750;POLYGON((9068578 10000000,9290169 10000000,9277035 9539243,9056140 9552077,9068578 10000000))
32751;POLYGON((7844941 10000000,8037363 10000000,8027852 9606826,7835919 9616132,7844941 10000000))
32752;POLYGON((6771236 10000000,6941403 10000000,6934445 9656022,6764625 9662838,6771236 10000000))
32753;POLYGON((5811803 10000000,5965022 10000000,5959881 9692201,5806911 9697243,5811803 10000000))
32754;POLYGON((4939270 10000000,5079618 10000000,5075792 9719043,4935627 9722798,4939270 10000000))
32755;POLYGON((4132555 10000000,4263181 10000000,4260333 9739042,4129845 9741837,4132555 10000000))
32756;POLYGON((3375253 10000000,3498625 10000000,3496528 9753875,3373265 9755930,3375253 10000000))
32757;POLYGON((2654353 10000000,2772450 10000000,2770954 9764659,2652947 9766119,2654353 10000000))
32758;POLYGON((1959235 10000000,2073695 10000000,2072703 9772129,1958320 9773088,1959235 10000000))
32759;POLYGON((1280882 10000000,1393126 10000000,1392578 9776753,1280405 9777268,1280882 10000000))
32760;POLYGON((611280 10000000,722595 10000000,722460 9778803,611213 9778905,611280 10000000))
32601;POLYGON((-57087 0,54535 0,54806 -221604,-56748 -221910,-57087 0))
32602;POLYGON((-731665 0,-618481 0,-617790 -224491,-730901 -225223,-731665 0))
32603;POLYGON((-1420254 0,-1304165 0,-1303013 -230025,-1419020 -231225,-1420254 0))
32604;POLYGON((-2131474 0,-2010963 0,-2009279 -238536,-2129692 -240279,-2131474 0))
32605;POLYGON((-2875332 0,-2748607 0,-2746279 -250572,-2872882 -252975,-2875332 0))
32606;POLYGON((-3663945 0,-3528804 0,-3525659 -266980,-3660642 -270221,-3663945 0))
32607;POLYGON((-4512457 0,-4366119 0,-4361899 -289039,-4508024 -293388,-4512457 0))
32608;POLYGON((-5440230 0,-5279115 0,-5273434 -318667,-5434255 -324523,-5440230 0))
32609;POLYGON((-6472336 0,-6291796 0,-6284083 -358705,-6464212 -366659,-6472336 0))
32610;POLYGON((-7641427 0,-7435402 0,-7424822 -413332,-7630264 -424247,-7641427 0))
32611;POLYGON((-8990014 0,-8750623 0,-8735968 -488623,-8974529 -503745,-8990014 0))
32612;POLYGON((-10573231 0,-10290275 0,-10269824 -593292,-10551600 -614395,-10573231 0))
32613;POLYGON((-12462121 0,-12122499 0,-12093830 -739666,-12431785 -769238,-12462121 0))
32614;POLYGON((-14747506 0,-14334524 0,-14294286 -944925,-14704932 -986406,-14747506 0))
32615;POLYGON((-17544490 0,-17037067 0,-16980686 -1232667,-17484869 -1290744,-17544490 0))
32616;POLYGON((-20997659 0,-20369407 0,-20290730 -1634844,-20914533 -1715813,-20997659 0))
32617;POLYGON((-25287011 0,-24505196 0,-24396053 -2194131,-25171827 -2306342,-25287011 0))
32618;POLYGON((-30634697 0,-29659055 0,-29508737 -2966795,-30476263 -3121178,-30634697 0))
32619;POLYGON((-37312598 0,-36094014 0,-35888646 -4026121,-37096445 -4236821,-37312598 0))
32620;POLYGON((-45650822 0,-44129845 0,-43851655 -5466475,-45358446 -5751593,-45650822 0))
32621;POLYGON((-56047143 0,-54152348 0,-53778798 -7408078,-55655120 -7790541,-56047143 0))
32622;POLYGON((-68977465 0,-66623633 0,-66126424 -10002564,-68456427 -10511139,-68977465 0))
32623;POLYGON((-85007338 0,-82093464 0,-81437379 -13439425,-84320793 -14109879,-85007338 0))
32624;POLYGON((-104804608 0,-101211708 0,-100353290 -17953411,-103907582 -18829846,-104804608 0))
32625;POLYGON((-129153226 0,-124741957 0,-123627997 -23832989,-127990726 -24969363,-129153226 0))
32626;POLYGON((-158968293 0,-153576353 0,-152142183 -31429964,-157473558 -32891813,-158968293 0))
32627;POLYGON((-195312376 0,-188751698 0,-186919260 -41170353,-193404913 -43036736,-195312376 0))
32628;POLYGON((-239413169 0,-231466879 0,-229142557 -53566631,-236996540 -55932304,-239413169 0))
32629;POLYGON((-292682532 0,-283101680 0,-280173874 -69231446,-289641886 -72209307,-292682532 0))
32630;POLYGON((-356736975 0,-345237017 0,-341573447 -88892932,-352936301 -92616736,-356736975 0))
32631;POLYGON((313749534 0,324252002 0,320849781 -81844828,310471787 -78512132,313749534 0))
32632;POLYGON((257075481 0,265805794 0,263092767 -63604279,254464593 -60947861,257075481 0))
32633;POLYGON((210085042 0,217309492 0,215160590 -49103844,208019428 -47000735,210085042 0))
32634;POLYGON((171300489 0,177251563 0,175561467 -37655688,169677861 -36002382,171300489 0))
32635;POLYGON((139434924 0,144314700 0,142995236 -28682175,138169732 -27392051,139434924 0))
32636;POLYGON((113372768 0,117356064 0,116333866 -21701098,112393904 -20702118,113372768 0))
32637;POLYGON((92151643 0,95388943 0,94603366 -16312468,91400395 -15545114,92151643 0))
32638;POLYGON((74945613 0,77565771 0,76967037 -12186736,74373851 -11602180,74945613 0))
32639;POLYGON((61049728 0,63162451 0,62710007 -9054351,60618289 -8612836,61049728 0))
32640;POLYGON((49865797 0,51563937 0,51225011 -6696536,49543079 -6365950,49865797 0))
32641;POLYGON((40889371 0,42251012 0,41999346 -4937189,40650090 -4691823,40889371 0))
32642;POLYGON((33697845 0,34788209 0,34602957 -3635819,33521962 -3455273,33697845 0))
32643;POLYGON((27939655 0,28812830 0,28677609 -2681400,27811445 -2549653,27939655 0))
32644;POLYGON((23324500 0,24025000 0,23927066 -1987086,23231757 -1891687,23324500 0))
32645;POLYGON((19614538 0,20178707 0,20108260 -1485685,19547893 -1417066,19614538 0))
32646;POLYGON((16616510 0,17073768 0,17023366 -1125812,16568861 -1076710,16616510 0))
32647;POLYGON((14174723 0,14548684 0,14512743 -868657,14140757 -833631,14174723 0))
32648;POLYGON((12164860 0,12474304 0,12448695 -685295,12140654 -660322,12164860 0))
32649;POLYGON((10488537 0,10748269 0,10729980 -554463,10471238 -536612,10488537 0))
32650;POLYGON((9068578 0,9290169 0,9277035 -460756,9056140 -447922,9068578 0))
32651;POLYGON((7844941 0,8037363 0,8027852 -393173,7835919 -383867,7844941 0))
32652;POLYGON((6771236 0,6941403 0,6934445 -343977,6764625 -337161,6771236 0))
32653;POLYGON((5811803 0,5965022 0,5959881 -307798,5806911 -302756,5811803 0))
32654;POLYGON((4939270 0,5079618 0,5075792 -280956,4935627 -277201,4939270 0))
32655;POLYGON((4132555 0,4263181 0,4260333 -260957,4129845 -258162,4132555 0))
32656;POLYGON((3375253 0,3498625 0,3496528 -246124,3373265 -244069,3375253 0))
32657;POLYGON((2654353 0,2772450 0,2770954 -235340,2652947 -233880,2654353 0))
32658;POLYGON((1959235 0,2073695 0,2072703 -227870,1958320 -226911,1959235 0))
32659;POLYGON((1280882 0,1393126 0,1392578 -223246,1280405 -222731,1280882 0))
32660;POLYGON((611280 0,722595 0,722460 -221196,611213 -221094,611280 0))
