32701;POLYGON((73938 11883908,180548 11882001,177349 11660513,69665 11662218,73938 11883908))
32702;POLYGON((-568966 11907029,-461291 11901760,-471052 11678184,-579861 11682897,-568966 11907029))
32703;POLYGON((-1221813 11951187,-1112049 11942283,-1128882 11714448,-1239901 11722421,-1221813 11951187))
32704;POLYGON((-1890999 12018725,-1778045 12005705,-1802868 11771269,-1917278 11782944,-1890999 12018725))
32705;POLYGON((-2583541 12113435,-2466173 12095549,-2500431 11851899,-2619559 11867971,-2583541 12113435))
32706;POLYGON((-3307351 12241043,-3184175 12217173,-3230031 11961315,-3355416 11982824,-3307351 12241043))
32707;POLYGON((-4071561 12409956,-3940955 12378475,-4001579 12106893,-4135047 12135367,-4071561 12409956))
32708;POLYGON((-4886886 12632366,-4746937 12590918,-4826933 12299423,-4970691 12337087,-4886886 12632366))
32709;POLYGON((-5766072 12925814,-5614493 12871021,-5720498 12554560,-5877243 12604629,-5766072 12925814))
32710;POLYGON((-6724401 13315357,-6558445 13242407,-6699953 12894853,-6873008 12961936,-6724401 13315357))
32711;POLYGON((-7780297 13836489,-7596647 13738591,-7787117 13352493,-7980591 13443134,-7780297 13836489))
32712;POLYGON((-8956027 14538997,-8750672 14406665,-9008979 13972969,-9227955 14096358,-8956027 14538997))
32713;POLYGON((-10278511 15491937,-10046603 15312073,-10398907 14819815,-10649663 14988700,-10278511 15491937))
32714;POLYGON((-11780256 16789975,-11515945 16544709,-11998060 15980672,-12288324 16212512,-11780256 16789975))
32715;POLYGON((-13500426 18561310,-13196674 18226555,-13857013 17574904,-14196257 17893312,-13500426 18561310))
32716;POLYGON((-15486053 20977456,-15134417 20521141,-16037627 19763035,-16437402 20199542,-15486053 20977456))
32717;POLYGON((-17793404 24265168,-17383803 23645087,-18615168 22758275,-19089487 23354479,-17793404 24265168))
32718;POLYGON((-20489526 28720816,-20009967 27882050,-21680709 26840462,-22246473 27650607,-20489526 28720816))
32719;POLYGON((-23653956 34727539,-23090235 33599385,-25343823 32372727,-26021298 33466773,-23653956 34727539))
32720;POLYGON((-27380630 42775517,-26716005 41267882,-29735589 39821247,-30548944 41288481,-27380630 42775517))
32721;POLYGON((-31779997 53485759,-30994818 51484933,-35011936 49778439,-35989826 51731711,-31779997 53485759))
32722;POLYGON((-36981342 67637771,-36052648 65001529,-41357329 62990010,-42533555 65570639,-36981342 67637771))
32723;POLYGON((-43135336 86201542,-42036414 82753494,-48988840 80386257,-50403055 83769693,-43135336 86201542))
32724;POLYGON((-50416819 110374272,-49116725 105897394,-58160595 103118063,-59859093 107520375,-50416819 110374272))
32725;POLYGON((-59027841 141622307,-57490875 135851570,-69168639 132598044,-71205200 138283313,-59027841 141622307))
32726;POLYGON((-69200955 181728759,-67386091 174342777,-82356226 170547334,-84793046 177836031,-69200955 181728759))
32727;POLYGON((-81202781 232847316,-79063057 223458926,-98119557 219048494,-101028245 228326931,-81202781 232847316))
32728;POLYGON((-95337855 297562761,-92819709 285708445,-116913980 280605083,-120376641 292336029,-95337855 297562761))
32729;POLYGON((-111952775 378958749,-108995336 364086813,-139260682 358208435,-143371078 372942982,-111952775 378958749))
32730;POLYGON((-131440646 480693408,-127974968 462150813,-165753880 455412191,-170618682 473802976,-131440646 480693408))
32731;POLYGON((125599151 444270075,128974968 462150813,166753880 455412191,162022808 437680841,125599151 444270075))
32732;POLYGON((107115672 349760254,109995336 364086813,140260682 358208435,136265285 344016893,107115672 349760254))
32733;POLYGON((91368654 274300891,93819709 285708445,117913980 280605083,114549829 269318618,91368654 274300891))
32734;POLYGON((77981008 214434257,80063057 223458926,99119557 219048494,96294918 210131612,77981008 214434257))
32735;POLYGON((66620636 167250989,68386091 174342777,83356226 170547334,80990821 163550800,66620636 167250989))
32736;POLYGON((56996084 130317162,58490875 135851570,70168639 132598044,68192501 127147223,56996084 130317162))
32737;POLYGON((48852504 101608998,50116725 105897394,59160595 103118063,57512999 98902508,48852504 101608998))
32738;POLYGON((41967892 79454634,43036414 82753494,49988840 80386257,48617315 77150444,41967892 79454634))
32739;POLYGON((36149621 62482440,37052648 65001529,42357329 62990010,41216746 60525128,36149621 62482440))
32740;POLYGON((31231232 49575347,31994818 51484933,36011936 49778439,35063668 47915153,31231232 49575347))
32741;POLYGON((27069480 39830696,27716005 41267882,30735589 39821247,29946743 38423355,27069480 39830696))
32742;POLYGON((23541632 32525146,24090235 33599385,26343823 32372727,25686532 31331628,23541632 32525146))
32743;POLYGON((20542990 27084173,21009967 27882050,22680709 26840462,22131495 26070365,20542990 27084173))
32744;POLYGON((17984641 23055736,18383803 23645087,19615168 22758275,19154362 22192077,17984641 23055736))
32745;POLYGON((15791415 20087714,16134417 20521141,17037627 19763035,16648841 19348799,15791415 20087714))
32746;POLYGON((13900040 17908702,14196674 18226555,14857013 17574904,14526675 17272876,13900040 17908702))
32747;POLYGON((12257489 16311827,12515945 16544709,12998060 15980672,12714988 15760778,12257489 16311827))
32748;POLYGON((10819497 15141227,11046603 15312073,11398907 14819815,11153942 14659583,10819497 15141227))
32749;POLYGON((9549246 14280872,9750672 14406665,10008979 13972969,9794653 13855815,9549246 14280872))
32750;POLYGON((8416204 13645427,8596647 13738591,8787117 13352493,8597370 13266335,8416204 13645427))
32751;POLYGON((7395099 13172893,7558445 13242407,7699953 12894853,7529878 12831000,7395099 13172893))
32752;POLYGON((6465030 12818741,6614493 12871021,6720498 12554560,6566129 12506835,6465030 12818741))
32753;POLYGON((5608692 12551334,5746937 12590918,5826933 12299423,5685062 12263482,5608692 12551334))
32754;POLYGON((4811711 12348403,4940955 12378475,5001579 12106893,4869599 12079712,4811711 12348403))
32755;POLYGON((4062072 12194398,4184175 12217173,4230031 11961315,4105807 11940803,4062072 12194398))
32756;POLYGON((3349632 12078539,3466173 12095549,3500431 11851899,3382190 11836622,3349632 12078539))
32757;POLYGON((2665704 11993415,2778045 12005705,2802868 11771269,2689111 11760252,2665704 11993415))
32758;POLYGON((2002708 11934012,2112049 11942283,2128882 11714448,2018311 11707044,2002708 11934012))
32759;POLYGON((1353862 11897065,1461291 11901760,1471052 11678184,1362505 11673984,1353862 11897065))
32760;POLYGON((712922 11880641,819451 11882001,822650 11660513,715053 11659297,712922 11880641))
32601;POLYGON((73938 1883908,180548 1882001,177349 1660513,69665 1662218,73938 1883908))
32602;POLYGON((-568966 1907029,-461291 1901760,-471052 1678184,-579861 1682897,-568966 1907029))
32603;POLYGON((-1221813 1951187,-1112049 1942283,-1128882 1714448,-1239901 1722421,-1221813 1951187))
32604;POLYGON((-1890999 2018725,-1778045 2005705,-1802868 1771269,-1917278 1782944,-1890999 2018725))
32605;POLYGON((-2583541 2113435,-2466173 2095549,-2500431 1851899,-2619559 1867971,-2583541 2113435))
32606;POLYGON((-3307351 2241043,-3184175 2217173,-3230031 1961315,-3355416 1982824,-3307351 2241043))
32607;POLYGON((-4071561 2409956,-3940955 2378475,-4001579 2106893,-4135047 2135367,-4071561 2409956))
32608;POLYGON((-4886886 2632366,-4746937 2590918,-4826933 2299423,-4970691 2337087,-4886886 2632366))
32609;POLYGON((-5766072 2925814,-5614493 2871021,-5720498 2554560,-5877243 2604629,-5766072 2925814))
32610;POLYGON((-6724401 3315357,-6558445 3242407,-6699953 2894853,-6873008 2961936,-6724401 3315357))
32611;POLYGON((-7780297 3836489,-7596647 3738591,-7787117 3352493,-7980591 3443134,-7780297 3836489))
32612;POLYGON((-8956027 4538997,-8750672 4406665,-9008979 3972969,-9227955 4096358,-8956027 4538997))
32613;POLYGON((-10278511 5491937,-10046603 5312073,-10398907 4819815,-10649663 4988700,-10278511 5491937))
32614;POLYGON((-11780256 6789975,-11515945 6544709,-11998060 5980672,-12288324 6212512,-11780256 6789975))
32615;POLYGON((-13500426 8561310,-13196674 8226555,-13857013 7574904,-14196257 7893312,-13500426 8561310))
32616;POLYGON((-15486053 10977456,-15134417 10521141,-16037627 9763035,-16437402 10199542,-15486053 10977456))
32617;POLYGON((-17793404 14265168,-17383803 13645087,-18615168 12758275,-19089487 13354479,-17793404 14265168))
32618;POLYGON((-20489526 18720816,-20009967 17882050,-21680709 16840462,-22246473 17650607,-20489526 18720816))
32619;POLYGON((-23653956 24727539,-23090235 23599385,-25343823 22372727,-26021298 23466773,-23653956 24727539))
32620;POLYGON((-27380630 32775517,-26716005 31267882,-29735589 29821247,-30548944 31288481,-27380630 32775517))
32621;POLYGON((-31779997 43485759,-30994818 41484933,-35011936 39778439,-35989826 41731711,-31779997 43485759))
32622;POLYGON((-36981342 57637771,-36052648 55001529,-41357329 52990010,-42533555 55570639,-36981342 57637771))
32623;POLYGON((-43135336 76201542,-42036414 72753494,-48988840 70386257,-50403055 73769693,-43135336 76201542))
32624;POLYGON((-50416819 100374272,-49116725 95897394,-58160595 93118063,-59859093 97520375,-50416819 100374272))
32625;POLYGON((-59027841 131622307,-57490875 125851570,-69168639 122598044,-71205200 128283313,-59027841 131622307))
32626;POLYGON((-69200955 171728759,-67386091 164342777,-82356226 160547334,-84793046 167836031,-69200955 171728759))
32627;POLYGON((-81202781 222847316,-79063057 213458926,-98119557 209048494,-101028245 218326931,-81202781 222847316))
32628;POLYGON((-95337855 287562761,-92819709 275708445,-116913980 270605083,-120376641 282336029,-95337855 287562761))
32629;POLYGON((-111952775 368958749,-108995336 354086813,-139260682 348208435,-143371078 362942982,-111952775 368958749))
32630;POLYGON((-131440646 470693408,-127974968 452150813,-165753880 445412191,-170618682 463802976,-131440646 470693408))
32631;POLYGON((125599151 434270075,128974968 452150813,166753880 445412191,162022808 427680841,125599151 434270075))
32632;POLYGON((107115672 339760254,109995336 354086813,140260682 348208435,136265285 334016893,107115672 339760254))
32633;POLYGON((91368654 264300891,93819709 275708445,117913980 270605083,114549829 259318618,91368654 264300891))
32634;POLYGON((77981008 204434257,80063057 213458926,99119557 209048494,96294918 200131612,77981008 204434257))
32635;POLYGON((66620636 157250989,68386091 164342777,83356226 160547334,80990821 153550800,66620636 157250989))
32636;POLYGON((56996084 120317162,58490875 125851570,70168639 122598044,68192501 117147223,56996084 120317162))
32637;POLYGON((48852504 91608998,50116725 95897394,59160595 93118063,57512999 88902508,48852504 91608998))
32638;POLYGON((41967892 69454634,43036414 72753494,49988840 70386257,48617315 67150444,41967892 69454634))
32639;POLYGON((36149621 52482440,37052648 55001529,42357329 52990010,41216746 50525128,36149621 52482440))
32640;POLYGON((31231232 39575347,31994818 41484933,36011936 39778439,35063668 37915153,31231232 39575347))
32641;POLYGON((27069480 29830696,27716005 31267882,30735589 29821247,29946743 28423355,27069480 29830696))
32642;POLYGON((23541632 22525146,24090235 23599385,26343823 22372727,25686532 21331628,23541632 22525146))
32643;POLYGON((20542990 17084173,21009967 17882050,22680709 16840462,22131495 16070365,20542990 17084173))
32644;POLYGON((17984641 13055736,18383803 13645087,19615168 12758275,19154362 12192077,17984641 13055736))
32645;POLYGON((15791415 10087714,16134417 10521141,17037627 9763035,16648841 9348799,15791415 10087714))
32646;POLYGON((13900040 7908702,14196674 8226555,14857013 7574904,14526675 7272876,13900040 7908702))
32647;POLYGON((12257489 6311827,12515945 6544709,12998060 5980672,12714988 5760778,12257489 6311827))
32648;POLYGON((10819497 5141227,11046603 5312073,11398907 4819815,11153942 4659583,10819497 5141227))
32649;POLYGON((9549246 4280872,9750672 4406665,10008979 3972969,9794653 3855815,9549246 4280872))
32650;POLYGON((8416204 3645427,8596647 3738591,8787117 3352493,8597370 3266335,8416204 3645427))
32651;POLYGON((7395099 3172893,7558445 3242407,7699953 2894853,7529878 2831000,7395099 3172893))
32652;POLYGON((6465030 2818741,6614493 2871021,6720498 2554560,6566129 2506835,6465030 2818741))
32653;POLYGON((5608692 2551334,5746937 2590918,5826933 2299423,5685062 2263482,5608692 2551334))
32654;POLYGON((4811711 2348403,4940955 2378475,5001579 2106893,4869599 2079712,4811711 2348403))
32655;POLYGON((4062072 2194398,4184175 2217173,4230031 1961315,4105807 1940803,4062072 2194398))
32656;POLYGON((3349632 2078539,3466173 2095549,3500431 1851899,3382190 1836622,3349632 2078539))
32657;POLYGON((2665704 1993415,2778045 2005705,2802868 1771269,2689111 1760252,2665704 1993415))
32658;POLYGON((2002708 1934012,2112049 1942283,2128882 1714448,2018311 1707044,2002708 1934012))
32659;POLYGON((1353862 1897065,1461291 1901760,1471052 1678184,1362505 1673984,1353862 1897065))
32660;POLYGON((712922 1880641,819451 1882001,822650 1660513,715053 1659297,712922 1880641))
