32701;POLYGON((54535 10000000,166021 10000000,166223 9778633,54806 9778395,54535 10000000))
32702;POLYGON((-618481 10000000,-505646 10000000,-505028 9776166,-617790 9775508,-618481 10000000))
32703;POLYGON((-1304165 10000000,-1188658 10000000,-1187588 9771092,-1303013 9769974,-1304165 10000000))
32704;POLYGON((-2010963 10000000,-1891304 10000000,-1889716 9763108,-2009279 9761463,-2010963 10000000))
32705;POLYGON((-2748607 10000000,-2623058 10000000,-2620847 9751709,-2746279 9749427,-2748607 10000000))
32706;POLYGON((-3528804 10000000,-3395241 10000000,-3392247 9736105,-3525659 9733019,-3528804 10000000))
32707;POLYGON((-4366119 10000000,-4221871 10000000,-4217853 9715100,-4361899 9710960,-4366119 10000000))
32708;POLYGON((-5279115 10000000,-5120754 10000000,-5115350 9686902,-5273434 9681332,-5279115 10000000))
32709;POLYGON((-6291796 10000000,-6114872 10000000,-6107547 9648847,-6284083 9641294,-6291796 10000000))
32710;POLYGON((-7435402 10000000,-7234117 10000000,-7224087 9597014,-7424822 9586667,-7435402 10000000))
32711;POLYGON((-8750623 10000000,-8517431 10000000,-8503559 9525691,-8735968 9511376,-8750623 10000000))
32712;POLYGON((-10290275 10000000,-10015404 10000000,-9996065 9426663,-10269824 9406707,-10290275 10000000))
32713;POLYGON((-12122499 10000000,-11793375 10000000,-11766279 9288284,-12093830 9260333,-12122499 10000000))
32714;POLYGON((-14334524 10000000,-13935104 10000000,-13897074 9094283,-14294286 9055074,-14334524 10000000))
32715;POLYGON((-17037067 10000000,-16547061 10000000,-16493750 8822254,-16980686 8767332,-17037067 10000000))
32716;POLYGON((-20369407 10000000,-19763381 10000000,-19688927 8441791,-20290730 8365155,-20369407 10000000))
32717;POLYGON((-24505196 10000000,-23751552 10000000,-23648155 7912190,-24396053 7805868,-24505196 10000000))
32718;POLYGON((-29659055 10000000,-28718872 10000000,-28576286 7179672,-29508737 7033204,-29659055 10000000))
32719;POLYGON((-36094014 10000000,-34919750 10000000,-34724676 6174052,-35888646 5973878,-36094014 10000000))
32720;POLYGON((-44129845 10000000,-42663882 10000000,-42399254 4804788,-43851655 4533524,-44129845 10000000))
32721;POLYGON((-54152348 10000000,-52325378 10000000,-51969517 2956334,-53778798 2591921,-54152348 10000000))
32722;POLYGON((-66623633 10000000,-64352870 10000000,-63878514 482712,-66126424 -2564,-66623633 10000000))
32723;POLYGON((-82093464 10000000,-79280678 10000000,-78653851 -2798771,-81437379 -3439425,-82093464 10000000))
32724;POLYGON((-101211708 10000000,-97741075 10000000,-96919791 -7114767,-100353290 -7953411,-101211708 10000000))
32725;POLYGON((-124741957 10000000,-120477699 10000000,-119410489 -12744153,-123627997 -13832989,-124741957 10000000))
32726;POLYGON((-153576353 10000000,-148360186 10000000,-146984418 -20027459,-152142183 -21429964,-153576353 10000000))
32727;POLYGON((-188751698 10000000,-182400052 10000000,-180640045 -29377521,-186919260 -31170353,-188751698 10000000))
32728;POLYGON((-231466879 10000000,-223767904 10000000,-221532795 -41291492,-229142557 -43566631,-231466879 10000000))
32729;POLYGON((-283101680 10000000,-273812009 10000000,-270993376 -56364305,-280173874 -59231446,-283101680 10000000))
32730;POLYGON((-345237017 10000000,-334078293 10000000,-330547501 -75303714,-341573447 -78892932,-345237017 10000000))
32731;POLYGON((324252002 10000000,335078293 10000000,331547501 -75303714,320849781 -71844828,324252002 10000000))
32732;POLYGON((265805794 10000000,274812009 10000000,271993376 -56364305,263092767 -53604279,265805794 10000000))
32733;POLYGON((217309492 10000000,224767904 10000000,222532795 -41291492,215160590 -39103844,217309492 10000000))
32734;POLYGON((177251563 10000000,183400052 10000000,181640045 -29377521,175561467 -27655688,177251563 10000000))
32735;POLYGON((144314700 10000000,149360186 10000000,147984418 -20027459,142995236 -18682175,144314700 10000000))
32736;POLYGON((117356064 10000000,121477699 10000000,120410489 -12744153,116333866 -11701098,117356064 10000000))
32737;POLYGON((95388943 10000000,98741075 10000000,97919791 -7114767,94603366 -6312468,95388943 10000000))
32738;POLYGON((77565771 10000000,80280678 10000000,79653851 -2798771,76967037 -2186736,77565771 10000000))
32739;POLYGON((63162451 10000000,65352870 10000000,64878514 482712,62710007 945648,63162451 10000000))
32740;POLYGON((51563937 10000000,53325378 10000000,52969517 2956334,51225011 3303463,51563937 10000000))
32741;POLYGON((42251012 10000000,43663882 10000000,43399254 4804788,41999346 5062810,42251012 10000000))
32742;POLYGON((34788209 10000000,35919750 10000000,35724676 6174052,34602957 6364180,34788209 10000000))
32743;POLYGON((28812830 10000000,29718872 10000000,29576286 7179672,28677609 7318599,28812830 10000000))
32744;POLYGON((24025000 10000000,24751552 10000000,24648155 7912190,23927066 8012913,24025000 10000000))
32745;POLYGON((20178707 10000000,20763381 10000000,20688927 8441791,20108260 8514314,20178707 10000000))
32746;POLYGON((17073768 10000000,17547061 10000000,17493750 8822254,17023366 8874187,17073768 10000000))
32747;POLYGON((14548684 10000000,14935104 10000000,14897074 9094283,14512743 9131342,14548684 10000000))
32748;POLYGON((12474304 10000000,12793375 10000000,12766279 9288284,12448695 9314704,12474304 10000000))
32749;POLYGON((10748269 10000000,11015404 10000000,10996065 9426663,10729980 9445536,10748269 10000000))
32750;POLYGON((9290169 10000000,9517431 10000000,9503559 9525691,9277035 9539243,9290169 10000000))
32751;POLYGON((8037363 10000000,8234117 10000000,8224087 9597014,8027852 9606826,8037363 10000000))
32752;POLYGON((6941403 10000000,7114872 10000000,7107547 9648847,6934445 9656022,6941403 10000000))
32753;POLYGON((5965022 10000000,6120754 10000000,6115350 9686902,5959881 9692201,5965022 10000000))
32754;POLYGON((5079618 10000000,5221871 10000000,5217853 9715100,5075792 9719043,5079618 10000000))
32755;POLYGON((4263181 10000000,4395241 10000000,4392247 9736105,4260333 9739042,4263181 10000000))
32756;POLYGON((3498625 10000000,3623058 10000000,3620847 9751709,3496528 9753875,3498625 10000000))
32757;POLYGON((2772450 10000000,2891304 10000000,2889716 9763108,2770954 9764659,2772450 10000000))
32758;POLYGON((2073695 10000000,2188658 10000000,2187588 9771092,2072703 9772129,2073695 10000000))
32759;POLYGON((1393126 10000000,1505646 10000000,1505028 9776166,1392578 9776753,1393126 10000000))
32760;POLYGON((722595 10000000,833978 10000000,833776 9778633,722460 9778803,722595 10000000))
32601;POLYGON((54535 0,166021 0,166223 -221366,54806 -221604,54535 0))
32602;POLYGON((-618481 0,-505646 0,-505028 -223833,-617790 -224491,-618481 0))
32603;POLYGON((-1304165 0,-1188658 0,-1187588 -228907,-1303013 -230025,-1304165 0))
32604;POLYGON((-2010963 0,-1891304 0,-1889716 -236891,-2009279 -238536,-2010963 0))
32605;POLYGON((-2748607 0,-2623058 0,-2620847 -248290,-2746279 -250572,-2748607 0))
32606;POLYGON((-3528804 0,-3395241 0,-3392247 -263894,-3525659 -266980,-3528804 0))
32607;POLYGON((-4366119 0,-4221871 0,-4217853 -284899,-4361899 -289039,-4366119 0))
32608;POLYGON((-5279115 0,-5120754 0,-5115350 -313097,-5273434 -318667,-5279115 0))
32609;POLYGON((-6291796 0,-6114872 0,-6107547 -351152,-6284083 -358705,-6291796 0))
32610;POLYGON((-7435402 0,-7234117 0,-7224087 -402985,-7424822 -413332,-7435402 0))
32611;POLYGON((-8750623 0,-8517431 0,-8503559 -474308,-8735968 -488623,-8750623 0))
32612;POLYGON((-10290275 0,-10015404 0,-9996065 -573336,-10269824 -593292,-10290275 0))
32613;POLYGON((-12122499 0,-11793375 0,-11766279 -711715,-12093830 -739666,-12122499 0))
32614;POLYGON((-14334524 0,-13935104 0,-13897074 -905716,-14294286 -944925,-14334524 0))
32615;POLYGON((-17037067 0,-16547061 0,-16493750 -1177745,-16980686 -1232667,-17037067 0))
32616;POLYGON((-20369407 0,-19763381 0,-19688927 -1558208,-20290730 -1634844,-20369407 0))
32617;POLYGON((-24505196 0,-23751552 0,-23648155 -2087809,-24396053 -2194131,-24505196 0))
32618;POLYGON((-29659055 0,-28718872 0,-28576286 -2820327,-29508737 -2966795,-29659055 0))
32619;POLYGON((-36094014 0,-34919750 0,-34724676 -3825947,-35888646 -4026121,-36094014 0))
32620;POLYGON((-44129845 0,-42663882 0,-42399254 -5195211,-43851655 -5466475,-44129845 0))
32621;POLYGON((-54152348 0,-52325378 0,-51969517 -7043665,-53778798 -7408078,-54152348 0))
32622;POLYGON((-66623633 0,-64352870 0,-63878514 -9517287,-66126424 -10002564,-66623633 0))
32623;POLYGON((-82093464 0,-79280678 0,-78653851 -12798771,-81437379 -13439425,-82093464 0))
32624;POLYGON((-101211708 0,-97741075 0,-96919791 -17114767,-100353290 -17953411,-101211708 0))
32625;POLYGON((-124741957 0,-120477699 0,-119410489 -22744153,-123627997 -23832989,-124741957 0))
32626;POLYGON((-153576353 0,-148360186 0,-146984418 -30027459,-152142183 -31429964,-153576353 0))
32627;POLYGON((-188751698 0,-182400052 0,-180640045 -39377521,-186919260 -41170353,-188751698 0))
32628;POLYGON((-231466879 0,-223767904 0,-221532795 -51291492,-229142557 -53566631,-231466879 0))
32629;POLYGON((-283101680 0,-273812009 0,-270993376 -66364305,-280173874 -69231446,-283101680 0))
32630;POLYGON((-345237017 0,-334078293 0,-330547501 -85303714,-341573447 -88892932,-345237017 0))
32631;POLYGON((324252002 0,335078293 0,331547501 -85303714,320849781 -81844828,324252002 0))
32632;POLYGON((265805794 0,274812009 0,271993376 -66364305,263092767 -63604279,265805794 0))
32633;POLYGON((217309492 0,224767904 0,222532795 -51291492,215160590 -49103844,217309492 0))
32634;POLYGON((177251563 0,183400052 0,181640045 -39377521,175561467 -37655688,177251563 0))
32635;POLYGON((144314700 0,149360186 0,147984418 -30027459,142995236 -28682175,144314700 0))
32636;POLYGON((117356064 0,121477699 0,120410489 -22744153,116333866 -21701098,117356064 0))
32637;POLYGON((95388943 0,98741075 0,97919791 -17114767,94603366 -16312468,95388943 0))
32638;POLYGON((77565771 0,80280678 0,79653851 -12798771,76967037 -12186736,77565771 0))
32639;POLYGON((63162451 0,65352870 0,64878514 -9517287,62710007 -9054351,63162451 0))
32640;POLYGON((51563937 0,53325378 0,52969517 -7043665,51225011 -6696536,51563937 0))
32641;POLYGON((42251012 0,43663882 0,43399254 -5195211,41999346 -4937189,42251012 0))
32642;POLYGON((34788209 0,35919750 0,35724676 -3825947,34602957 -3635819,34788209 0))
32643;POLYGON((28812830 0,29718872 0,29576286 -2820327,28677609 -2681400,28812830 0))
32644;POLYGON((24025000 0,24751552 0,24648155 -2087809,23927066 -1987086,24025000 0))
32645;POLYGON((20178707 0,20763381 0,20688927 -1558208,20108260 -1485685,20178707 0))
32646;POLYGON((17073768 0,17547061 0,17493750 -1177745,17023366 -1125812,17073768 0))
32647;POLYGON((14548684 0,14935104 0,14897074 -905716,14512743 -868657,14548684 0))
32648;POLYGON((12474304 0,12793375 0,12766279 -711715,12448695 -685295,12474304 0))
32649;POLYGON((10748269 0,11015404 0,10996065 -573336,10729980 -554463,10748269 0))
32650;POLYGON((9290169 0,9517431 0,9503559 -474308,9277035 -460756,9290169 0))
32651;POLYGON((8037363 0,8234117 0,8224087 -402985,8027852 -393173,8037363 0))
32652;POLYGON((6941403 0,7114872 0,7107547 -351152,6934445 -343977,6941403 0))
32653;POLYGON((5965022 0,6120754 0,6115350 -313097,5959881 -307798,5965022 0))
32654;POLYGON((5079618 0,5221871 0,5217853 -284899,5075792 -280956,5079618 0))
32655;POLYGON((4263181 0,4395241 0,4392247 -263894,4260333 -260957,4263181 0))
32656;POLYGON((3498625 0,3623058 0,3620847 -248290,3496528 -246124,3498625 0))
32657;POLYGON((2772450 0,2891304 0,2889716 -236891,2770954 -235340,2772450 0))
32658;POLYGON((2073695 0,2188658 0,2187588 -228907,2072703 -227870,2073695 0))
32659;POLYGON((1393126 0,1505646 0,1505028 -223833,1392578 -223246,1393126 0))
32660;POLYGON((722595 0,833978 0,833776 -221366,722460 -221196,722595 0))
