32701;POLYGON((270278 16546929,327680 16543920,317790 16321388,257088 16324501,270278 16546929))
32702;POLYGON((-73143 16583091,-16066 16574904,-45809 16353456,-106212 16361933,-73143 16583091))
32703;POLYGON((-413511 16650482,-357078 16637067,-406889 16417861,-466695 16431771,-413511 16650482))
32704;POLYGON((-748782 16749491,-693352 16730774,-763558 16515113,-822425 16534563,-748782 16749491))
32705;POLYGON((-1076626 16880612,-1022612 16856506,-1113614 16645914,-1171135 16671031,-1076626 16880612))
32706;POLYGON((-1394319 17044351,-1342205 17014777,-1454408 16811060,-1510090 16841979,-1394319 17044351))
32707;POLYGON((-1698639 17241099,-1649002 17206006,-1782716 17011313,-1835955 17048145,-1698639 17241099))
32708;POLYGON((-1985768 17470944,-1939289 17430348,-2094599 17247207,-2144660 17290000,-1985768 17470944))
32709;POLYGON((-2251196 17733428,-2208679 17687457,-2385259 17518777,-2431248 17567466,-2251196 17733428))
32710;POLYGON((-2489635 18027226,-2452020 17976177,-2648891 17825202,-2689732 17879535,-2489635 18027226))
32711;POLYGON((-2694927 18349727,-2663303 18294145,-2878525 18164324,-2912930 18223770,-2694927 18349727))
32712;POLYGON((-2859972 18696505,-2835591 18637279,-3065858 18532030,-3092303 18595660,-2859972 18696505))
32713;POLYGON((-2976651 19060652,-2960940 18999141,-3201080 18921457,-3217770 18987794,-2976651 19060652))
32714;POLYGON((-3035770 19431962,-3030338 19370134,-3272686 19321996,-3277525 19388824,-3035770 19431962))
32715;POLYGON((-3026999 19795912,-3033649 19736537,-3267279 19718056,-3257834 19782190,-3026999 19795912))
32716;POLYGON((-2938826 20132447,-2959560 20079312,-3169354 20087545,-3142823 20144547,-2938826 20132447))
32717;POLYGON((-2758528 20414514,-2795553 20372683,-2961080 20400032,-2914246 20443872,-2758528 20414514))
32718;POLYGON((-2472139 20606311,-2527869 20582442,-2622053 20614546,-2551249 20637192,-2472139 20606311))
32719;POLYGON((-2064440 20661235,-2141498 20663943,-2129045 20676949,-2030106 20667888,-2064440 20661235))
32720;POLYGON((-1518958 20519471,-1620177 20559756,-1455727 20516849,-1323943 20462524,-1518958 20519471))
32721;POLYGON((-817975 20105187,-946393 20196931,-572383 20043988,-402450 19927139,-817975 20105187))
32722;POLYGON((57441 19323303,-101413 19483842,554406 19144049,768440 18942954,57441 19323303))
32723;POLYGON((1127406 18055770,934681 18306547,1962087 17673815,2226879 17361416,1127406 18055770))
32724;POLYGON((2413153 16157332,2182944 16524642,3692488 15455625,4015461 14998532,2413153 16157332))
32725;POLYGON((3936970 13450700,3665492 13966539,5792188 12271049,6181596 11628402,3936970 13450700))
32726;POLYGON((5722109 9721110,5405425 10424126,8312919 7853717,8777912 6975906,5722109 9721110))
32727;POLYGON((7792683 4710182,7426719 5646749,11311978 1881222,11862678 708443,7792683 4710182))
32728;POLYGON((10173540 -1890944,9754109 -665528,14852678 -6033971,15500256 -7573340,10173540 -1890944))
32729;POLYGON((12890127 -10449290,12412954 -8869465,19004819 -16354717,19761573 -18345918,12890127 -10449290))
32730;POLYGON((15968324 -21398563,15429072 -19387023,23845183 -29630523,24724625 -32174432,15968324 -21398563))
32731;POLYGON((-13900469 -17453351,-14429072 -19387023,-22845183 -29630523,-21987182 -27186467,-13900469 -17453351))
32732;POLYGON((-10945704 -7353739,-11412954 -8869465,-18004819 -16354717,-17267166 -14445378,-10945704 -7353739))
32733;POLYGON((-8343885 507488,-8754109 -665528,-13852678 -6033971,-13222069 -4561229,-8343885 507488))
32734;POLYGON((-6069256 6540808,-6426719 5646749,-10311978 1881222,-9776308 3000207,-6069256 6540808))
32735;POLYGON((-4096555 11092948,-4405425 10424126,-7312919 7853717,-6861199 8688474,-4096555 11092948))
32736;POLYGON((-2401162 14455132,-2665492 13966539,-4792188 12271049,-4414464 12879578,-2401162 14455132))
32737;POLYGON((-959240 16870473,-1182944 16524642,-2692488 15455625,-2379761 15885982,-959240 16870473))
32738;POLYGON((252153 18540598,65318 18306547,-962087 17673815,-706249 17965529,252153 18540598))
32739;POLYGON((1254963 19631545,1101413 19483842,445593 19144049,651834 19329381,1254963 19631545))
32740;POLYGON((2070058 20278996,1946393 20196931,1572383 20043988,1735562 20149039,2070058 20278996))
32741;POLYGON((2717163 20592898,2620177 20559756,2455727 20516849,2581686 20562541,2717163 20592898))
32742;POLYGON((3214810 20661527,3141498 20663943,3129045 20676949,3222983 20679874,3214810 20661527))
32743;POLYGON((3580304 20555038,3527869 20582442,3622053 20614546,3688586 20587712,3580304 20555038))
32744;POLYGON((3829700 20328553,3795553 20372683,3961080 20400032,4004287 20353501,3829700 20328553))
32745;POLYGON((3977800 20024823,3959560 20079312,4169354 20087545,4192826 20028982,3977800 20024823))
32746;POLYGON((4038152 19676522,4033649 19736537,4267279 19718056,4274158 19653202,4038152 19676522))
32747;POLYGON((4023073 19308192,4030338 19370134,4272686 19321996,4265713 19255058,4023073 19308192))
32748;POLYGON((3943677 18937892,3960940 18999141,4201080 18921457,4182628 18855440,3943677 18937892))
32749;POLYGON((3809908 18578582,3835591 18637279,4065858 18532030,4037970 18469012,3809908 18578582))
32750;POLYGON((3630598 18239267,3663303 18294145,3878525 18164324,3842949 18105678,3630598 18239267))
32751;POLYGON((3413516 17925944,3452020 17976177,3648891 17825202,3607110 17771782,3413516 17925944))
32752;POLYGON((3165441 17642367,3208679 17687457,3385259 17518777,3338522 17471059,3165441 17642367))
32753;POLYGON((2892231 17390665,2939289 17430348,3094599 17247207,3043951 17205406,2892231 17390665))
32754;POLYGON((2598907 17171835,2649002 17206006,2782716 17011313,2729023 16975472,2598907 17171835))
32755;POLYGON((2289737 16986119,2342205 17014777,2454408 16811060,2398381 16781116,2289737 16986119))
32756;POLYGON((1968329 16833305,2022612 16856506,2113614 16645914,2055836 16621751,1968329 16833305))
32757;POLYGON((1637728 16712946,1693352 16730774,1763558 16515113,1704508 16496596,1637728 16712946))
32758;POLYGON((1300515 16624528,1357078 16637067,1406889 16417861,1346961 16404862,1300515 16624528))
32759;POLYGON((958914 16567582,1016066 16574904,1045809 16353456,985337 16345876,958914 16567582))
32760;POLYGON((614893 16541771,672319 16543920,682209 16321388,621485 16319164,614893 16541771))
32601;POLYGON((270278 6546929,327680 6543920,317790 6321388,257088 6324501,270278 6546929))
32602;POLYGON((-73143 6583091,-16066 6574904,-45809 6353456,-106212 6361933,-73143 6583091))
32603;POLYGON((-413511 6650482,-357078 6637067,-406889 6417861,-466695 6431771,-413511 6650482))
32604;POLYGON((-748782 6749491,-693352 6730774,-763558 6515113,-822425 6534563,-748782 6749491))
32605;POLYGON((-1076626 6880612,-1022612 6856506,-1113614 6645914,-1171135 6671031,-1076626 6880612))
32606;POLYGON((-1394319 7044351,-1342205 7014777,-1454408 6811060,-1510090 6841979,-1394319 7044351))
32607;POLYGON((-1698639 7241099,-1649002 7206006,-1782716 7011313,-1835955 7048145,-1698639 7241099))
32608;POLYGON((-1985768 7470944,-1939289 7430348,-2094599 7247207,-2144660 7290000,-1985768 7470944))
32609;POLYGON((-2251196 7733428,-2208679 7687457,-2385259 7518777,-2431248 7567466,-2251196 7733428))
32610;POLYGON((-2489635 8027226,-2452020 7976177,-2648891 7825202,-2689732 7879535,-2489635 8027226))
32611;POLYGON((-2694927 8349727,-2663303 8294145,-2878525 8164324,-2912930 8223770,-2694927 8349727))
32612;POLYGON((-2859972 8696505,-2835591 8637279,-3065858 8532030,-3092303 8595660,-2859972 8696505))
32613;POLYGON((-2976651 9060652,-2960940 8999141,-3201080 8921457,-3217770 8987794,-2976651 9060652))
32614;POLYGON((-3035770 9431962,-3030338 9370134,-3272686 9321996,-3277525 9388824,-3035770 9431962))
32615;POLYGON((-3026999 9795912,-3033649 9736537,-3267279 9718056,-3257834 9782190,-3026999 9795912))
32616;POLYGON((-2938826 10132447,-2959560 10079312,-3169354 10087545,-3142823 10144547,-2938826 10132447))
32617;POLYGON((-2758528 10414514,-2795553 10372683,-2961080 10400032,-2914246 10443872,-2758528 10414514))
32618;POLYGON((-2472139 10606311,-2527869 10582442,-2622053 10614546,-2551249 10637192,-2472139 10606311))
32619;POLYGON((-2064440 10661235,-2141498 10663943,-2129045 10676949,-2030106 10667888,-2064440 10661235))
32620;POLYGON((-1518958 10519471,-1620177 10559756,-1455727 10516849,-1323943 10462524,-1518958 10519471))
32621;POLYGON((-817975 10105187,-946393 10196931,-572383 10043988,-402450 9927139,-817975 10105187))
32622;POLYGON((57441 9323303,-101413 9483842,554406 9144049,768440 8942954,57441 9323303))
32623;POLYGON((1127406 8055770,934681 8306547,1962087 7673815,2226879 7361416,1127406 8055770))
32624;POLYGON((2413153 6157332,2182944 6524642,3692488 5455625,4015461 4998532,2413153 6157332))
32625;POLYGON((3936970 3450700,3665492 3966539,5792188 2271049,6181596 1628402,3936970 3450700))
32626;POLYGON((5722109 -278889,5405425 424126,8312919 -2146282,8777912 -3024093,5722109 -278889))
32627;POLYGON((7792683 -5289817,7426719 -4353250,11311978 -8118777,11862678 -9291556,7792683 -5289817))
32628;POLYGON((10173540 -11890944,9754109 -10665528,14852678 -16033971,15500256 -17573340,10173540 -11890944))
32629;POLYGON((12890127 -20449290,12412954 -18869465,19004819 -26354717,19761573 -28345918,12890127 -20449290))
32630;POLYGON((15968324 -31398563,15429072 -29387023,23845183 -39630523,24724625 -42174432,15968324 -31398563))
32631;POLYGON((-13900469 -27453351,-14429072 -29387023,-22845183 -39630523,-21987182 -37186467,-13900469 -27453351))
32632;POLYGON((-10945704 -17353739,-11412954 -18869465,-18004819 -26354717,-17267166 -24445378,-10945704 -17353739))
32633;POLYGON((-8343885 -9492511,-8754109 -10665528,-13852678 -16033971,-13222069 -14561229,-8343885 -9492511))
32634;POLYGON((-6069256 -3459191,-6426719 -4353250,-10311978 -8118777,-9776308 -6999792,-6069256 -3459191))
32635;POLYGON((-4096555 1092948,-4405425 424126,-7312919 -2146282,-6861199 -1311525,-4096555 1092948))
32636;POLYGON((-2401162 4455132,-2665492 3966539,-4792188 2271049,-4414464 2879578,-2401162 4455132))
32637;POLYGON((-959240 6870473,-1182944 6524642,-2692488 5455625,-2379761 5885982,-959240 6870473))
32638;POLYGON((252153 8540598,65318 8306547,-962087 7673815,-706249 7965529,252153 8540598))
32639;POLYGON((1254963 9631545,1101413 9483842,445593 9144049,651834 9329381,1254963 9631545))
32640;POLYGON((2070058 10278996,1946393 10196931,1572383 10043988,1735562 10149039,2070058 10278996))
32641;POLYGON((2717163 10592898,2620177 10559756,2455727 10516849,2581686 10562541,2717163 10592898))
32642;POLYGON((3214810 10661527,3141498 10663943,3129045 10676949,3222983 10679874,3214810 10661527))
32643;POLYGON((3580304 10555038,3527869 10582442,3622053 10614546,3688586 10587712,3580304 10555038))
32644;POLYGON((3829700 10328553,3795553 10372683,3961080 10400032,4004287 10353501,3829700 10328553))
32645;POLYGON((3977800 10024823,3959560 10079312,4169354 10087545,4192826 10028982,3977800 10024823))
32646;POLYGON((4038152 9676522,4033649 9736537,4267279 9718056,4274158 9653202,4038152 9676522))
32647;POLYGON((4023073 9308192,4030338 9370134,4272686 9321996,4265713 9255058,4023073 9308192))
32648;POLYGON((3943677 8937892,3960940 8999141,4201080 8921457,4182628 8855440,3943677 8937892))
32649;POLYGON((3809908 8578582,3835591 8637279,4065858 8532030,4037970 8469012,3809908 8578582))
32650;POLYGON((3630598 8239267,3663303 8294145,3878525 8164324,3842949 8105678,3630598 8239267))
32651;POLYGON((3413516 7925944,3452020 7976177,3648891 7825202,3607110 7771782,3413516 7925944))
32652;POLYGON((3165441 7642367,3208679 7687457,3385259 7518777,3338522 7471059,3165441 7642367))
32653;POLYGON((2892231 7390665,2939289 7430348,3094599 7247207,3043951 7205406,2892231 7390665))
32654;POLYGON((2598907 7171835,2649002 7206006,2782716 7011313,2729023 6975472,2598907 7171835))
32655;POLYGON((2289737 6986119,2342205 7014777,2454408 6811060,2398381 6781116,2289737 6986119))
32656;POLYGON((1968329 6833305,2022612 6856506,2113614 6645914,2055836 6621751,1968329 6833305))
32657;POLYGON((1637728 6712946,1693352 6730774,1763558 6515113,1704508 6496596,1637728 6712946))
32658;POLYGON((1300515 6624528,1357078 6637067,1406889 6417861,1346961 6404862,1300515 6624528))
32659;POLYGON((958914 6567582,1016066 6574904,1045809 6353456,985337 6345876,958914 6567582))
32660;POLYGON((614893 6541771,672319 6543920,682209 6321388,621485 6319164,614893 6541771))
