32701;POLYGON((283749 16769393,337781 16766502,327680 16543920,270278 16546929,283749 16769393))
32702;POLYGON((-39394 16804110,14293 16796253,-16066 16574904,-73143 16583091,-39394 16804110))
32703;POLYGON((-359312 16868738,-306304 16855881,-357078 16637067,-413511 16650482,-359312 16868738))
32704;POLYGON((-673893 16963522,-621930 16945618,-693352 16730774,-748782 16749491,-673893 16963522))
32705;POLYGON((-980782 17088750,-930277 17065752,-1022612 16856506,-1076626 16880612,-980782 17088750))
32706;POLYGON((-1277300 17244671,-1228725 17216546,-1342205 17014777,-1394319 17044351,-1277300 17244671))
32707;POLYGON((-1560369 17431377,-1514269 17398126,-1649002 17206006,-1698639 17241099,-1560369 17431377))
32708;POLYGON((-1826447 17648647,-1783447 17610336,-1939289 17430348,-1985768 17470944,-1826447 17648647))
32709;POLYGON((-2071471 17895734,-2032285 17852535,-2208679 17687457,-2251196 17733428,-2071471 17895734))
32710;POLYGON((-2290816 18171112,-2256255 18123347,-2452020 17976177,-2489635 18027226,-2290816 18171112))
32711;POLYGON((-2479272 18472130,-2450247 18420335,-2663303 18294145,-2694927 18349727,-2479272 18472130))
32712;POLYGON((-2631035 18794608,-2608554 18739606,-2835591 18637279,-2859972 18696505,-2631035 18794608))
32713;POLYGON((-2739718 19132318,-2724884 19075315,-2960940 18999141,-2976651 19060652,-2739718 19132318))
32714;POLYGON((-2798384 19476371,-2792389 19419063,-3030338 19370134,-3035770 19431962,-2798384 19476371))
32715;POLYGON((-2799603 19814457,-2803718 19759169,-3033649 19736537,-3026999 19795912,-2799603 19814457))
32716;POLYGON((-2735535 20129955,-2751090 20079799,-2959560 20079312,-2938826 20132447,-2735535 20129955))
32717;POLYGON((-2598039 20400864,-2626406 20359932,-2795553 20372683,-2758528 20414514,-2598039 20400864))
32718;POLYGON((-2378813 20598552,-2421380 20572136,-2527869 20582442,-2472139 20606311,-2378813 20598552))
32719;POLYGON((-2069565 20686286,-2127705 20681140,-2141498 20663943,-2064440 20661235,-2069565 20686286))
32720;POLYGON((-1662217 20617530,-1737252 20642171,-1620177 20559756,-1518958 20519471,-1662217 20617530))
32721;POLYGON((-1149147 20333976,-1242304 20399031,-946393 20196931,-817975 20105187,-1149147 20333976))
32722;POLYGON((-523468 19763285,-635831 19881890,-101413 19483842,57441 19323303,-523468 19763285))
32723;POLYGON((220657 18816504,88202 19004758,934681 18306547,1127406 18055770,220657 18816504))
32724;POLYGON((1087654 17385134,934486 17662614,2182944 16524642,2413153 16157332,1087654 17385134))
32725;POLYGON((2080133 15337811,1905960 15728152,3665492 13966539,3936970 13450700,2080133 15337811))
32726;POLYGON((3198439 12516570,3003381 13048119,5405425 10424126,5722109 9721110,3198439 12516570))
32727;POLYGON((4440156 8732652,4224831 9439199,7426719 5646749,7792683 4710182,4440156 8732652))
32728;POLYGON((5799560 3761817,5565176 4683414,9754109 -665528,10173540 -1890944,5799560 3761817))
32729;POLYGON((7267020 -2660864,7015481 -1476998,12412954 -8869465,12890127 -10449290,7267020 -2660864))
32730;POLYGON((8828343 -10846802,8562359 -9345273,15429072 -19387023,15968324 -21398563,8828343 -10846802))
32731;POLYGON((-7298557 -7900914,-7562359 -9345273,-14429072 -19387023,-13900469 -17453351,-7298557 -7900914))
32732;POLYGON((-5766635 -340455,-6015481 -1476998,-11412954 -8869465,-10945704 -7353739,-5766635 -340455))
32733;POLYGON((-4333857 5566097,-4565176 4683414,-8754109 -665528,-8343885 507488,-4333857 5566097))
32734;POLYGON((-3012817 10113979,-3224831 9439199,-6426719 5646749,-6069256 6540808,-3012817 10113979))
32735;POLYGON((-1811776 13553944,-2003381 13048119,-4405425 10424126,-4096555 11092948,-1811776 13553944))
32736;POLYGON((-735291 16097851,-905960 15728152,-2665492 13966539,-2401162 14455132,-735291 16097851))
32737;POLYGON((215200 17923699,65513 17662614,-1182944 16524642,-959240 16870473,215200 17923699))
32738;POLYGON((1040851 19180146,911797 19004758,65318 18306547,252153 18540598,1040851 19180146))
32739;POLYGON((1744926 19990538,1635831 19881890,1101413 19483842,1254963 19631545,1744926 19990538))
32740;POLYGON((2332361 20456511,2242304 20399031,1946393 20196931,2070058 20278996,2332361 20456511))
32741;POLYGON((2809382 20661170,2737252 20642171,2620177 20559756,2717163 20592898,2809382 20661170))
32742;POLYGON((3183156 20671909,3127705 20681140,3141498 20663943,3214810 20661527,3183156 20671909))
32743;POLYGON((3461484 20542875,3421380 20572136,3527869 20582442,3580304 20555038,3461484 20542875))
32744;POLYGON((3652541 20317131,3626406 20359932,3795553 20372683,3829700 20328553,3652541 20317131))
32745;POLYGON((3764643 20028533,3751090 20079799,3959560 20079312,3977800 20024823,3764643 20028533))
32746;POLYGON((3806056 19703351,3803718 19759169,4033649 19736537,4038152 19676522,3806056 19703351))
32747;POLYGON((3784835 19361662,3792389 19419063,4030338 19370134,4023073 19308192,3784835 19361662))
32748;POLYGON((3708695 19018542,3724884 19075315,3960940 18999141,3943677 18937892,3708695 19018542))
32749;POLYGON((3584907 18685067,3608554 18739606,3835591 18637279,3809908 18578582,3584907 18685067))
32750;POLYGON((3420232 18369163,3450247 18420335,3663303 18294145,3630598 18239267,3420232 18369163))
32751;POLYGON((3220863 18076312,3256255 18123347,3452020 17976177,3413516 17925944,3220863 18076312))
32752;POLYGON((2992409 17810134,3032285 17852535,3208679 17687457,3165441 17642367,2992409 17810134))
32753;POLYGON((2739882 17572860,2783447 17610336,2939289 17430348,2892231 17390665,2739882 17572860))
32754;POLYGON((2467715 17365726,2514269 17398126,2649002 17206006,2598907 17171835,2467715 17365726))
32755;POLYGON((2179793 17189276,2228725 17216546,2342205 17014777,2289737 16986119,2179793 17189276))
32756;POLYGON((1879498 17043607,1930277 17065752,2022612 16856506,1968329 16833305,1879498 17043607))
32757;POLYGON((1569765 16928559,1621930 16945618,1693352 16730774,1637728 16712946,1569765 16928559))
32758;POLYGON((1253158 16843859,1306304 16855881,1357078 16637067,1300515 16624528,1253158 16843859))
32759;POLYGON((931938 16789224,985706 16796253,1016066 16574904,958914 16567582,931938 16789224))
32760;POLYGON((608160 16764438,662218 16766502,672319 16543920,614893 16541771,608160 16764438))
32601;POLYGON((283749 6769393,337781 6766502,327680 6543920,270278 6546929,283749 6769393))
32602;POLYGON((-39394 6804110,14293 6796253,-16066 6574904,-73143 6583091,-39394 6804110))
32603;POLYGON((-359312 6868738,-306304 6855881,-357078 6637067,-413511 6650482,-359312 6868738))
32604;POLYGON((-673893 6963522,-621930 6945618,-693352 6730774,-748782 6749491,-673893 6963522))
32605;POLYGON((-980782 7088750,-930277 7065752,-1022612 6856506,-1076626 6880612,-980782 7088750))
32606;POLYGON((-1277300 7244671,-1228725 7216546,-1342205 7014777,-1394319 7044351,-1277300 7244671))
32607;POLYGON((-1560369 7431377,-1514269 7398126,-1649002 7206006,-1698639 7241099,-1560369 7431377))
32608;POLYGON((-1826447 7648647,-1783447 7610336,-1939289 7430348,-1985768 7470944,-1826447 7648647))
32609;POLYGON((-2071471 7895734,-2032285 7852535,-2208679 7687457,-2251196 7733428,-2071471 7895734))
32610;POLYGON((-2290816 8171112,-2256255 8123347,-2452020 7976177,-2489635 8027226,-2290816 8171112))
32611;POLYGON((-2479272 8472130,-2450247 8420335,-2663303 8294145,-2694927 8349727,-2479272 8472130))
32612;POLYGON((-2631035 8794608,-2608554 8739606,-2835591 8637279,-2859972 8696505,-2631035 8794608))
32613;POLYGON((-2739718 9132318,-2724884 9075315,-2960940 8999141,-2976651 9060652,-2739718 9132318))
32614;POLYGON((-2798384 9476371,-2792389 9419063,-3030338 9370134,-3035770 9431962,-2798384 9476371))
32615;POLYGON((-2799603 9814457,-2803718 9759169,-3033649 9736537,-3026999 9795912,-2799603 9814457))
32616;POLYGON((-2735535 10129955,-2751090 10079799,-2959560 10079312,-2938826 10132447,-2735535 10129955))
32617;POLYGON((-2598039 10400864,-2626406 10359932,-2795553 10372683,-2758528 10414514,-2598039 10400864))
32618;POLYGON((-2378813 10598552,-2421380 10572136,-2527869 10582442,-2472139 10606311,-2378813 10598552))
32619;POLYGON((-2069565 10686286,-2127705 10681140,-2141498 10663943,-2064440 10661235,-2069565 10686286))
32620;POLYGON((-1662217 10617530,-1737252 10642171,-1620177 10559756,-1518958 10519471,-1662217 10617530))
32621;POLYGON((-1149147 10333976,-1242304 10399031,-946393 10196931,-817975 10105187,-1149147 10333976))
32622;POLYGON((-523468 9763285,-635831 9881890,-101413 9483842,57441 9323303,-523468 9763285))
32623;POLYGON((220657 8816504,88202 9004758,934681 8306547,1127406 8055770,220657 8816504))
32624;POLYGON((1087654 7385134,934486 7662614,2182944 6524642,2413153 6157332,1087654 7385134))
32625;POLYGON((2080133 5337811,1905960 5728152,3665492 3966539,3936970 3450700,2080133 5337811))
32626;POLYGON((3198439 2516570,3003381 3048119,5405425 424126,5722109 -278889,3198439 2516570))
32627;POLYGON((4440156 -1267347,4224831 -560800,7426719 -4353250,7792683 -5289817,4440156 -1267347))
32628;POLYGON((5799560 -6238182,5565176 -5316585,9754109 -10665528,10173540 -11890944,5799560 -6238182))
32629;POLYGON((7267020 -12660864,7015481 -11476998,12412954 -18869465,12890127 -20449290,7267020 -12660864))
32630;POLYGON((8828343 -20846802,8562359 -19345273,15429072 -29387023,15968324 -31398563,8828343 -20846802))
32631;POLYGON((-7298557 -17900914,-7562359 -19345273,-14429072 -29387023,-13900469 -27453351,-7298557 -17900914))
32632;POLYGON((-5766635 -10340455,-6015481 -11476998,-11412954 -18869465,-10945704 -17353739,-5766635 -10340455))
32633;POLYGON((-4333857 -4433902,-4565176 -5316585,-8754109 -10665528,-8343885 -9492511,-4333857 -4433902))
32634;POLYGON((-3012817 113979,-3224831 -560800,-6426719 -4353250,-6069256 -3459191,-3012817 113979))
32635;POLYGON((-1811776 3553944,-2003381 3048119,-4405425 424126,-4096555 1092948,-1811776 3553944))
32636;POLYGON((-735291 6097851,-905960 5728152,-2665492 3966539,-2401162 4455132,-735291 6097851))
32637;POLYGON((215200 7923699,65513 7662614,-1182944 6524642,-959240 6870473,215200 7923699))
32638;POLYGON((1040851 9180146,911797 9004758,65318 8306547,252153 8540598,1040851 9180146))
32639;POLYGON((1744926 9990538,1635831 9881890,1101413 9483842,1254963 9631545,1744926 9990538))
32640;POLYGON((2332361 10456511,2242304 10399031,1946393 10196931,2070058 10278996,2332361 10456511))
32641;POLYGON((2809382 10661170,2737252 10642171,2620177 10559756,2717163 10592898,2809382 10661170))
32642;POLYGON((3183156 10671909,3127705 10681140,3141498 10663943,3214810 10661527,3183156 10671909))
32643;POLYGON((3461484 10542875,3421380 10572136,3527869 10582442,3580304 10555038,3461484 10542875))
32644;POLYGON((3652541 10317131,3626406 10359932,3795553 10372683,3829700 10328553,3652541 10317131))
32645;POLYGON((3764643 10028533,3751090 10079799,3959560 10079312,3977800 10024823,3764643 10028533))
32646;POLYGON((3806056 9703351,3803718 9759169,4033649 9736537,4038152 9676522,3806056 9703351))
32647;POLYGON((3784835 9361662,3792389 9419063,4030338 9370134,4023073 9308192,3784835 9361662))
32648;POLYGON((3708695 9018542,3724884 9075315,3960940 8999141,3943677 8937892,3708695 9018542))
32649;POLYGON((3584907 8685067,3608554 8739606,3835591 8637279,3809908 8578582,3584907 8685067))
32650;POLYGON((3420232 8369163,3450247 8420335,3663303 8294145,3630598 8239267,3420232 8369163))
32651;POLYGON((3220863 8076312,3256255 8123347,3452020 7976177,3413516 7925944,3220863 8076312))
32652;POLYGON((2992409 7810134,3032285 7852535,3208679 7687457,3165441 7642367,2992409 7810134))
32653;POLYGON((2739882 7572860,2783447 7610336,2939289 7430348,2892231 7390665,2739882 7572860))
32654;POLYGON((2467715 7365726,2514269 7398126,2649002 7206006,2598907 7171835,2467715 7365726))
32655;POLYGON((2179793 7189276,2228725 7216546,2342205 7014777,2289737 6986119,2179793 7189276))
32656;POLYGON((1879498 7043607,1930277 7065752,2022612 6856506,1968329 6833305,1879498 7043607))
32657;POLYGON((1569765 6928559,1621930 6945618,1693352 6730774,1637728 6712946,1569765 6928559))
32658;POLYGON((1253158 6843859,1306304 6855881,1357078 6637067,1300515 6624528,1253158 6843859))
32659;POLYGON((931938 6789224,985706 6796253,1016066 6574904,958914 6567582,931938 6789224))
32660;POLYGON((608160 6764438,662218 6766502,672319 6543920,614893 6541771,608160 6764438))
