32701;POLYGON((244196 3897889,308124 3901092,317790 3678611,257088 3675498,244196 3897889))
32702;POLYGON((-138562 3859367,-74899 3868094,-45809 3646543,-106212 3638066,-138562 3859367))
32703;POLYGON((-518799 3787411,-455673 3801753,-406889 3582138,-466695 3568228,-518799 3787411))
32704;POLYGON((-894733 3681302,-832462 3701397,-763558 3484886,-822425 3465436,-894733 3681302))
32705;POLYGON((-1264196 3540064,-1203175 3566090,-1113614 3354085,-1171135 3328968,-1264196 3540064))
32706;POLYGON((-1624486 3362563,-1565209 3394714,-1454408 3188939,-1510090 3158020,-1624486 3362563))
32707;POLYGON((-1972195 3147658,-1915287 3186117,-1782716 2988686,-1835955 2951854,-1972195 3147658))
32708;POLYGON((-2303027 2894422,-2249274 2939317,-2094599 2752792,-2144660 2709999,-2303027 2894422))
32709;POLYGON((-2611597 2602451,-2561981 2653795,-2385259 2481222,-2431248 2432533,-2611597 2602451))
32710;POLYGON((-2891208 2272294,-2846947 2329908,-2648891 2174797,-2689732 2120464,-2891208 2272294))
32711;POLYGON((-3133605 1906034,-3096193 1969434,-2878525 1835675,-2912930 1776229,-3133605 1906034))
32712;POLYGON((-3328696 1508040,-3299956 1576300,-3065858 1467969,-3092303 1404339,-3328696 1508040))
32713;POLYGON((-3464248 1085947,-3446382 1157520,-3201080 1078542,-3217770 1012205,-3464248 1085947))
32714;POLYGON((-3525547 651901,-3521195 724387,-3272686 678003,-3277525 611175,-3525547 651901))
32715;POLYGON((-3495012 224101,-3507320 293970,-3267279 281943,-3257834 217809,-3495012 224101))
32716;POLYGON((-3351782 -171283,-3384474 -109038,-3169354 -87545,-3142823 -144547,-3351782 -171283))
32717;POLYGON((-3071248 -497793,-3128707 -450077,-2961080 -400032,-2914246 -443872,-3071248 -497793))
32718;POLYGON((-2624538 -705872,-2711896 -681987,-2622053 -614546,-2551249 -637192,-2624538 -705872))
32719;POLYGON((-1977961 -729533,-2101192 -741779,-2129045 -676949,-2030106 -667888,-1977961 -729533))
32720;POLYGON((-1092383 -482413,-1258416 -546785,-1455727 -516849,-1323943 -462524,-1092383 -482413))
32721;POLYGON((77443 146853,-139387 9839,-572383 -43988,-402450 72860,77443 146853))
32722;POLYGON((1583614 1300009,1306793 1064367,554406 855950,768440 1057045,1583614 1300009))
32723;POLYGON((3485874 3155383,3138540 2788561,1962087 2326184,2226879 2638583,3485874 3155383))
32724;POLYGON((5852481 5935027,5422626 5396647,3692488 4544374,4015461 5001467,5852481 5935027))
32725;POLYGON((8761140 9912847,8235116 9153280,5792188 7728950,6181596 8371597,8761140 9912847))
32726;POLYGON((12300016 15423846,11662358 14382587,8312919 12146282,8777912 13024093,12300016 15423846))
32727;POLYGON((16568817 22874559,15802056 21478404,11311978 18118777,11862678 19291556,16568817 22874559))
32728;POLYGON((21679960 32754785,20764426 30915779,14852678 26033971,15500256 27573340,21679960 32754785))
32729;POLYGON((27759823 45650731,26673427 43263876,19004819 36354717,19761573 38345918,27759823 45650731))
32730;POLYGON((34950075 62259661,33668085 59200363,23845183 49630523,24724625 52174432,34950075 62259661))
32731;POLYGON((-31420531 56262706,-32668085 59200363,-22845183 49630523,-21987182 47186467,-31420531 56262706))
32732;POLYGON((-24617151 40976418,-25673427 43263876,-18004819 36354717,-17267166 34445378,-24617151 40976418))
32733;POLYGON((-18875153 29157382,-19764426 30915779,-13852678 26033971,-13222069 24561229,-18875153 29157382))
32734;POLYGON((-14058116 20147081,-14802056 21478404,-10311978 18118777,-9776308 16999792,-14058116 20147081))
32735;POLYGON((-10044462 13392993,-10662358 14382587,-7312919 12146282,-6861199 11311525,-10044462 13392993))
32736;POLYGON((-6726144 8434464,-7235116 9153280,-4792188 7728950,-4414464 7120421,-6726144 8434464))
32737;POLYGON((-4007426 4890038,-4422626 5396647,-2692488 4544374,-2379761 4114017,-4007426 4890038))
32738;POLYGON((-1803749 2446178,-2138540 2788561,-962087 2326184,-706249 2034470,-1803749 2446178))
32739;POLYGON((-40664 847232,-306793 1064367,445593 855950,651834 670618,-40664 847232))
32740;POLYGON((1347148 -113422,1139387 9839,1572383 -43988,1735562 -149039,1347148 -113422))
32741;POLYGON((2416790 -601178,2258416 -546785,2455727 -516849,2581686 -562541,2416790 -601178))
32742;POLYGON((3217991 -747001,3101192 -741779,3129045 -676949,3222983 -679874,3217991 -747001))
32743;POLYGON((3793879 -653366,3711896 -681987,3622053 -614546,3688586 -587712,3793879 -653366))
32744;POLYGON((4181704 -399365,4128707 -450077,3961080 -400032,4004287 -353501,4181704 -399365))
32745;POLYGON((4413484 -45100,4384474 -109038,4169354 -87545,4192826 -28982,4413484 -45100))
32746;POLYGON((4516609 364579,4507320 293970,4267279 281943,4274158 346797,4516609 364579))
32747;POLYGON((4514386 796932,4521195 724387,4272686 678003,4265713 744941,4514386 796932))
32748;POLYGON((4426533 1228681,4446382 1157520,4201080 1078542,4182628 1144559,4426533 1228681))
32749;POLYGON((4269629 1643839,4299956 1576300,4065858 1467969,4037970 1530987,4269629 1643839))
32750;POLYGON((4057523 2031919,4096193 1969434,3878525 1835675,3842949 1894321,4057523 2031919))
32751;POLYGON((3801697 2386500,3846947 2329908,3648891 2174797,3607110 2228217,3801697 2386500))
32752;POLYGON((3511598 2704070,3561981 2653795,3385259 2481222,3338522 2528940,3511598 2704070))
32753;POLYGON((3194933 2983133,3249274 2939317,3094599 2752792,3043951 2794593,3194933 2983133))
32754;POLYGON((2857935 3223514,2915287 3186117,2782716 2988686,2729023 3024527,2857935 3223514))
32755;POLYGON((2505602 3425831,2565209 3394714,2454408 3188939,2398381 3218883,2505602 3425831))
32756;POLYGON((2141914 3591114,2203175 3566090,2113614 3354085,2055836 3378248,2141914 3591114))
32757;POLYGON((1770024 3720522,1832462 3701397,1763558 3484886,1704508 3503403,1770024 3720522))
32758;POLYGON((1392437 3815150,1455673 3801753,1406889 3582138,1346961 3595137,1392437 3815150))
32759;POLYGON((1011175 3875896,1074899 3868094,1045809 3646543,985337 3654123,1011175 3875896))
32760;POLYGON((627928 3903379,691875 3901092,682209 3678611,621485 3680835,627928 3903379))
32601;POLYGON((244196 -6102110,308124 -6098907,317790 -6321388,257088 -6324501,244196 -6102110))
32602;POLYGON((-138562 -6140632,-74899 -6131905,-45809 -6353456,-106212 -6361933,-138562 -6140632))
32603;POLYGON((-518799 -6212588,-455673 -6198246,-406889 -6417861,-466695 -6431771,-518799 -6212588))
32604;POLYGON((-894733 -6318697,-832462 -6298602,-763558 -6515113,-822425 -6534563,-894733 -6318697))
32605;POLYGON((-1264196 -6459935,-1203175 -6433909,-1113614 -6645914,-1171135 -6671031,-1264196 -6459935))
32606;POLYGON((-1624486 -6637436,-1565209 -6605285,-1454408 -6811060,-1510090 -6841979,-1624486 -6637436))
32607;POLYGON((-1972195 -6852341,-1915287 -6813882,-1782716 -7011313,-1835955 -7048145,-1972195 -6852341))
32608;POLYGON((-2303027 -7105577,-2249274 -7060682,-2094599 -7247207,-2144660 -7290000,-2303027 -7105577))
32609;POLYGON((-2611597 -7397548,-2561981 -7346204,-2385259 -7518777,-2431248 -7567466,-2611597 -7397548))
32610;POLYGON((-2891208 -7727705,-2846947 -7670091,-2648891 -7825202,-2689732 -7879535,-2891208 -7727705))
32611;POLYGON((-3133605 -8093965,-3096193 -8030565,-2878525 -8164324,-2912930 -8223770,-3133605 -8093965))
32612;POLYGON((-3328696 -8491959,-3299956 -8423699,-3065858 -8532030,-3092303 -8595660,-3328696 -8491959))
32613;POLYGON((-3464248 -8914052,-3446382 -8842479,-3201080 -8921457,-3217770 -8987794,-3464248 -8914052))
32614;POLYGON((-3525547 -9348098,-3521195 -9275612,-3272686 -9321996,-3277525 -9388824,-3525547 -9348098))
32615;POLYGON((-3495012 -9775898,-3507320 -9706029,-3267279 -9718056,-3257834 -9782190,-3495012 -9775898))
32616;POLYGON((-3351782 -10171283,-3384474 -10109038,-3169354 -10087545,-3142823 -10144547,-3351782 -10171283))
32617;POLYGON((-3071248 -10497793,-3128707 -10450077,-2961080 -10400032,-2914246 -10443872,-3071248 -10497793))
32618;POLYGON((-2624538 -10705872,-2711896 -10681987,-2622053 -10614546,-2551249 -10637192,-2624538 -10705872))
32619;POLYGON((-1977961 -10729533,-2101192 -10741779,-2129045 -10676949,-2030106 -10667888,-1977961 -10729533))
32620;POLYGON((-1092383 -10482413,-1258416 -10546785,-1455727 -10516849,-1323943 -10462524,-1092383 -10482413))
32621;POLYGON((77443 -9853146,-139387 -9990160,-572383 -10043988,-402450 -9927139,77443 -9853146))
32622;POLYGON((1583614 -8699990,1306793 -8935632,554406 -9144049,768440 -8942954,1583614 -8699990))
32623;POLYGON((3485874 -6844616,3138540 -7211438,1962087 -7673815,2226879 -7361416,3485874 -6844616))
32624;POLYGON((5852481 -4064972,5422626 -4603352,3692488 -5455625,4015461 -4998532,5852481 -4064972))
32625;POLYGON((8761140 -87152,8235116 -846719,5792188 -2271049,6181596 -1628402,8761140 -87152))
32626;POLYGON((12300016 5423846,11662358 4382587,8312919 2146282,8777912 3024093,12300016 5423846))
32627;POLYGON((16568817 12874559,15802056 11478404,11311978 8118777,11862678 9291556,16568817 12874559))
32628;POLYGON((21679960 22754785,20764426 20915779,14852678 16033971,15500256 17573340,21679960 22754785))
32629;POLYGON((27759823 35650731,26673427 33263876,19004819 26354717,19761573 28345918,27759823 35650731))
32630;POLYGON((34950075 52259661,33668085 49200363,23845183 39630523,24724625 42174432,34950075 52259661))
32631;POLYGON((-31420531 46262706,-32668085 49200363,-22845183 39630523,-21987182 37186467,-31420531 46262706))
32632;POLYGON((-24617151 30976418,-25673427 33263876,-18004819 26354717,-17267166 24445378,-24617151 30976418))
32633;POLYGON((-18875153 19157382,-19764426 20915779,-13852678 16033971,-13222069 14561229,-18875153 19157382))
32634;POLYGON((-14058116 10147081,-14802056 11478404,-10311978 8118777,-9776308 6999792,-14058116 10147081))
32635;POLYGON((-10044462 3392993,-10662358 4382587,-7312919 2146282,-6861199 1311525,-10044462 3392993))
32636;POLYGON((-6726144 -1565535,-7235116 -846719,-4792188 -2271049,-4414464 -2879578,-6726144 -1565535))
32637;POLYGON((-4007426 -5109961,-4422626 -4603352,-2692488 -5455625,-2379761 -5885982,-4007426 -5109961))
32638;POLYGON((-1803749 -7553821,-2138540 -7211438,-962087 -7673815,-706249 -7965529,-1803749 -7553821))
32639;POLYGON((-40664 -9152767,-306793 -8935632,445593 -9144049,651834 -9329381,-40664 -9152767))
32640;POLYGON((1347148 -10113422,1139387 -9990160,1572383 -10043988,1735562 -10149039,1347148 -10113422))
32641;POLYGON((2416790 -10601178,2258416 -10546785,2455727 -10516849,2581686 -10562541,2416790 -10601178))
32642;POLYGON((3217991 -10747001,3101192 -10741779,3129045 -10676949,3222983 -10679874,3217991 -10747001))
32643;POLYGON((3793879 -10653366,3711896 -10681987,3622053 -10614546,3688586 -10587712,3793879 -10653366))
32644;POLYGON((4181704 -10399365,4128707 -10450077,3961080 -10400032,4004287 -10353501,4181704 -10399365))
32645;POLYGON((4413484 -10045100,4384474 -10109038,4169354 -10087545,4192826 -10028982,4413484 -10045100))
32646;POLYGON((4516609 -9635420,4507320 -9706029,4267279 -9718056,4274158 -9653202,4516609 -9635420))
32647;POLYGON((4514386 -9203067,4521195 -9275612,4272686 -9321996,4265713 -9255058,4514386 -9203067))
32648;POLYGON((4426533 -8771318,4446382 -8842479,4201080 -8921457,4182628 -8855440,4426533 -8771318))
32649;POLYGON((4269629 -8356160,4299956 -8423699,4065858 -8532030,4037970 -8469012,4269629 -8356160))
32650;POLYGON((4057523 -7968080,4096193 -8030565,3878525 -8164324,3842949 -8105678,4057523 -7968080))
32651;POLYGON((3801697 -7613499,3846947 -7670091,3648891 -7825202,3607110 -7771782,3801697 -7613499))
32652;POLYGON((3511598 -7295929,3561981 -7346204,3385259 -7518777,3338522 -7471059,3511598 -7295929))
32653;POLYGON((3194933 -7016866,3249274 -7060682,3094599 -7247207,3043951 -7205406,3194933 -7016866))
32654;POLYGON((2857935 -6776485,2915287 -6813882,2782716 -7011313,2729023 -6975472,2857935 -6776485))
32655;POLYGON((2505602 -6574168,2565209 -6605285,2454408 -6811060,2398381 -6781116,2505602 -6574168))
32656;POLYGON((2141914 -6408885,2203175 -6433909,2113614 -6645914,2055836 -6621751,2141914 -6408885))
32657;POLYGON((1770024 -6279477,1832462 -6298602,1763558 -6515113,1704508 -6496596,1770024 -6279477))
32658;POLYGON((1392437 -6184849,1455673 -6198246,1406889 -6417861,1346961 -6404862,1392437 -6184849))
32659;POLYGON((1011175 -6124103,1074899 -6131905,1045809 -6353456,985337 -6345876,1011175 -6124103))
32660;POLYGON((627928 -6096620,691875 -6098907,682209 -6321388,621485 -6319164,627928 -6096620))
