32701;POLYGON((201643 15324045,276224 15320655,267706 15098424,190279 15101830,201643 15324045))
32702;POLYGON((-245545 15364884,-171063 15355621,-196784 15133574,-274173 15142890,-245545 15364884))
32703;POLYGON((-691732 15441506,-617472 15426200,-660899 15204606,-738182 15220026,-691732 15441506))
32704;POLYGON((-1135971 15555296,-1062120 15533672,-1124085 15312984,-1201129 15334820,-1135971 15555296))
32705;POLYGON((-1576809 15708241,-1503654 15679930,-1585304 15460885,-1661871 15489569,-1576809 15708241))
32706;POLYGON((-2012047 15902864,-1940019 15867412,-2042780 15651169,-2118482 15687239,-2012047 15902864))
32707;POLYGON((-2438443 16142106,-2368168 16099001,-2493685 15887297,-2567922 15931378,-2438443 16142106))
32708;POLYGON((-2851354 16429119,-2783721 16377832,-2933751 16173176,-3005640 16225947,-2851354 16429119))
32709;POLYGON((-3244307 16766951,-3180542 16707000,-3356784 16512904,-3425064 16575041,-3244307 16766951))
32710;POLYGON((-3608463 17158064,-3550230 17089106,-3754068 16910362,-3816994 16982452,-3608463 17158064))
32711;POLYGON((-3931994 17603653,-3881502 17525613,-4113645 17368615,-4168850 17451033,-3931994 17603653))
32712;POLYGON((-4199324 18102692,-4159465 18015945,-4419444 17889056,-4463779 17981795,-4199324 18102692))
32713;POLYGON((-4390251 18650671,-4364755 18556275,-4650252 18470242,-4679599 18572685,-4390251 18650671))
32714;POLYGON((-4478913 19237928,-4472532 19137936,-4778502 19106351,-4787554 19216966,-4478913 19237928))
32715;POLYGON((-4432596 19847527,-4451314 19745372,-4768870 19785171,-4750874 19901134,-4432596 19847527))
32716;POLYGON((-4210374 20452575,-4261645 20353563,-4576652 20485561,-4523120 20602267,-4210374 20452575))
32717;POLYGON((-3761550 21012915,-3854575 20924823,-4145916 21174277,-4046291 21284745,-3761550 21012915))
32718;POLYGON((-3023906 21471079,-3169935 21404882,-3407404 21802068,-3248685 21896216,-3023906 21471079))
32719;POLYGON((-1921733 21747410,-2134412 21718159,-2276169 22298953,-2042491 22362718,-1921733 21747410))
32720;POLYGON((-363630 21734246,-659381 21762108,-648929 22568548,-321094 22582844,-363630 21734246))
32721;POLYGON((1759935 21289037,1361485 21400519,1598873 22481343,2043916 22420827,1759935 21289037))
32722;POLYGON((4579327 20226296,4054882 20455676,4616330 21866796,5206064 21698429,4579327 20226296))
32723;POLYGON((8248706 18308235,7570785 18699215,8580664 20504117,9347631 20185489,8248706 18308235))
32724;POLYGON((12949281 15233953,12085657 15841571,13701165 18111604,14683662 17589005,12949281 15233953))
32725;POLYGON((18892864 10627051,17805951 11519861,20223502 14334378,21466335 13540594,18892864 10627051))
32726;POLYGON((26325728 4021505,24971913 5284056,28434418 8730387,29989722 7582177,26325728 4021505))
32727;POLYGON((35532791 -5154350,33861716 -3418705,38666824 754492,40594953 -850252,35532791 -5154350))
32728;POLYGON((46842147 -17595888,44795930 -15261829,51305310 -10259509,53675798 -12444976,46842147 -17595888))
32729;POLYGON((60629941 -34142472,58142335 -31059174,66792096 -25119096,69684693 -28035154,60629941 -34142472))
32730;POLYGON((77325613 -55800143,74321110 -51787320,85633433 -44795667,89139214 -48621885,77325613 -55800143))
32731;POLYGON((-70408422 -47943316,-73321110 -51787320,-84633433 -44795667,-81236689 -41135005,-70408422 -47943316))
32732;POLYGON((-54733276 -28112422,-57142335 -31059174,-65792096 -25119096,-62992521 -22336419,-54733276 -28112422))
32733;POLYGON((-41816600 -13037244,-43795930 -15261829,-50305310 -10259509,-48013797 -8180495,-41816600 -13037244))
32734;POLYGON((-31247324 -1769976,-32861716 -3418705,-37666824 754492,-35805401 2275161,-31247324 -1769976))
32735;POLYGON((-22665887 6478350,-23971913 5284056,-27434418 8730387,-25935151 9812983,-22665887 6478350))
32736;POLYGON((-15759110 12359732,-16805951 11519861,-19223502 14334378,-18027470 15077651,-15759110 12359732))
32737;POLYGON((-10255441 16408716,-11085657 15841571,-12701165 18111604,-11757515 18595933,-10255441 16408716))
32738;POLYGON((-5920545 19059771,-6570785 18699215,-7580664 20504117,-6845731 20794303,-5920545 19059771))
32739;POLYGON((-2553224 20662648,-3054882 20455676,-3616330 21866796,-3052826 22014518,-2553224 20662648))
32740;POLYGON((18335 21495914,-361485 21400519,-598873 22481343,-175145 22527324,18335 21495914))
32741;POLYGON((1940016 21778798,1659381 21762108,1648929 22568548,1959581 22544434,1940016 21778798))
32742;POLYGON((3334921 21681503,3134412 21718159,3276169 22298953,3496117 22228949,3334921 21681503))
32743;POLYGON((4306251 21334112,4169935 21404882,4407404 21802068,4555256 21704343,4306251 21334112))
32744;POLYGON((4939919 20834244,4854575 20924823,5145916 21174277,5237028 21062163,4939919 20834244))
32745;POLYGON((5306903 20253563,5261645 20353563,5576652 20485561,5623588 20368567,5306903 20253563))
32746;POLYGON((5465374 19643267,5451314 19745372,5768870 19785171,5781819 19669834,5465374 19643267))
32747;POLYGON((5462586 19038680,5472532 19137936,5778502 19106351,5765642 18996942,5462586 19038680))
32748;POLYGON((5336566 18463043,5364755 18556275,5650252 18470242,5618074 18369340,5336566 18463043))
32749;POLYGON((5117600 17930597,5159465 18015945,5419444 17889056,5373041 17798014,5117600 17930597))
32750;POLYGON((4829540 17449076,4881502 17525613,5113645 17368615,5056959 17287931,4829540 17449076))
32751;POLYGON((4490938 17021664,4550230 17089106,4754068 16910362,4690104 16839965,4490938 17021664))
32752;POLYGON((4116031 16648523,4180542 16707000,4356784 16512904,4287795 16452372,4116031 16648523))
32753;POLYGON((3715572 16327945,3783721 16377832,3933751 16173176,3861395 16121900,3715572 16327945))
32754;POLYGON((3297547 16057208,3368168 16099001,3493685 15887297,3419150 15844597,3297547 16057208))
32755;POLYGON((2867765 15833184,2940019 15867412,3042780 15651169,2966898 15616371,2867765 15833184))
32756;POLYGON((2430358 15652763,2503654 15679930,2585304 15460885,2508635 15433376,2430358 15652763))
32757;POLYGON((1988184 15513125,2062120 15533672,2124085 15312984,2046988 15292244,1988184 15513125))
32758;POLYGON((1543165 15411917,1617472 15426200,1660899 15204606,1583591 15190223,1543165 15411917))
32759;POLYGON((1096557 15347346,1171063 15355621,1196784 15133574,1119385 15125252,1096557 15347346))
32760;POLYGON((649187 15318235,723775 15320655,732293 15098424,654863 15095992,649187 15318235))
32601;POLYGON((201643 5324045,276224 5320655,267706 5098424,190279 5101830,201643 5324045))
32602;POLYGON((-245545 5364884,-171063 5355621,-196784 5133574,-274173 5142890,-245545 5364884))
32603;POLYGON((-691732 5441506,-617472 5426200,-660899 5204606,-738182 5220026,-691732 5441506))
32604;POLYGON((-1135971 5555296,-1062120 5533672,-1124085 5312984,-1201129 5334820,-1135971 5555296))
32605;POLYGON((-1576809 5708241,-1503654 5679930,-1585304 5460885,-1661871 5489569,-1576809 5708241))
32606;POLYGON((-2012047 5902864,-1940019 5867412,-2042780 5651169,-2118482 5687239,-2012047 5902864))
32607;POLYGON((-2438443 6142106,-2368168 6099001,-2493685 5887297,-2567922 5931378,-2438443 6142106))
32608;POLYGON((-2851354 6429119,-2783721 6377832,-2933751 6173176,-3005640 6225947,-2851354 6429119))
32609;POLYGON((-3244307 6766951,-3180542 6707000,-3356784 6512904,-3425064 6575041,-3244307 6766951))
32610;POLYGON((-3608463 7158064,-3550230 7089106,-3754068 6910362,-3816994 6982452,-3608463 7158064))
32611;POLYGON((-3931994 7603653,-3881502 7525613,-4113645 7368615,-4168850 7451033,-3931994 7603653))
32612;POLYGON((-4199324 8102692,-4159465 8015945,-4419444 7889056,-4463779 7981795,-4199324 8102692))
32613;POLYGON((-4390251 8650671,-4364755 8556275,-4650252 8470242,-4679599 8572685,-4390251 8650671))
32614;POLYGON((-4478913 9237928,-4472532 9137936,-4778502 9106351,-4787554 9216966,-4478913 9237928))
32615;POLYGON((-4432596 9847527,-4451314 9745372,-4768870 9785171,-4750874 9901134,-4432596 9847527))
32616;POLYGON((-4210374 10452575,-4261645 10353563,-4576652 10485561,-4523120 10602267,-4210374 10452575))
32617;POLYGON((-3761550 11012915,-3854575 10924823,-4145916 11174277,-4046291 11284745,-3761550 11012915))
32618;POLYGON((-3023906 11471079,-3169935 11404882,-3407404 11802068,-3248685 11896216,-3023906 11471079))
32619;POLYGON((-1921733 11747410,-2134412 11718159,-2276169 12298953,-2042491 12362718,-1921733 11747410))
32620;POLYGON((-363630 11734246,-659381 11762108,-648929 12568548,-321094 12582844,-363630 11734246))
32621;POLYGON((1759935 11289037,1361485 11400519,1598873 12481343,2043916 12420827,1759935 11289037))
32622;POLYGON((4579327 10226296,4054882 10455676,4616330 11866796,5206064 11698429,4579327 10226296))
32623;POLYGON((8248706 8308235,7570785 8699215,8580664 10504117,9347631 10185489,8248706 8308235))
32624;POLYGON((12949281 5233953,12085657 5841571,13701165 8111604,14683662 7589005,12949281 5233953))
32625;POLYGON((18892864 627051,17805951 1519861,20223502 4334378,21466335 3540594,18892864 627051))
32626;POLYGON((26325728 -5978494,24971913 -4715943,28434418 -1269612,29989722 -2417822,26325728 -5978494))
32627;POLYGON((35532791 -15154350,33861716 -13418705,38666824 -9245507,40594953 -10850252,35532791 -15154350))
32628;POLYGON((46842147 -27595888,44795930 -25261829,51305310 -20259509,53675798 -22444976,46842147 -27595888))
32629;POLYGON((60629941 -44142472,58142335 -41059174,66792096 -35119096,69684693 -38035154,60629941 -44142472))
32630;POLYGON((77325613 -65800143,74321110 -61787320,85633433 -54795667,89139214 -58621885,77325613 -65800143))
32631;POLYGON((-70408422 -57943316,-73321110 -61787320,-84633433 -54795667,-81236689 -51135005,-70408422 -57943316))
32632;POLYGON((-54733276 -38112422,-57142335 -41059174,-65792096 -35119096,-62992521 -32336419,-54733276 -38112422))
32633;POLYGON((-41816600 -23037244,-43795930 -25261829,-50305310 -20259509,-48013797 -18180495,-41816600 -23037244))
32634;POLYGON((-31247324 -11769976,-32861716 -13418705,-37666824 -9245507,-35805401 -7724838,-31247324 -11769976))
32635;POLYGON((-22665887 -3521649,-23971913 -4715943,-27434418 -1269612,-25935151 -187016,-22665887 -3521649))
32636;POLYGON((-15759110 2359732,-16805951 1519861,-19223502 4334378,-18027470 5077651,-15759110 2359732))
32637;POLYGON((-10255441 6408716,-11085657 5841571,-12701165 8111604,-11757515 8595933,-10255441 6408716))
32638;POLYGON((-5920545 9059771,-6570785 8699215,-7580664 10504117,-6845731 10794303,-5920545 9059771))
32639;POLYGON((-2553224 10662648,-3054882 10455676,-3616330 11866796,-3052826 12014518,-2553224 10662648))
32640;POLYGON((18335 11495914,-361485 11400519,-598873 12481343,-175145 12527324,18335 11495914))
32641;POLYGON((1940016 11778798,1659381 11762108,1648929 12568548,1959581 12544434,1940016 11778798))
32642;POLYGON((3334921 11681503,3134412 11718159,3276169 12298953,3496117 12228949,3334921 11681503))
32643;POLYGON((4306251 11334112,4169935 11404882,4407404 11802068,4555256 11704343,4306251 11334112))
32644;POLYGON((4939919 10834244,4854575 10924823,5145916 11174277,5237028 11062163,4939919 10834244))
32645;POLYGON((5306903 10253563,5261645 10353563,5576652 10485561,5623588 10368567,5306903 10253563))
32646;POLYGON((5465374 9643267,5451314 9745372,5768870 9785171,5781819 9669834,5465374 9643267))
32647;POLYGON((5462586 9038680,5472532 9137936,5778502 9106351,5765642 8996942,5462586 9038680))
32648;POLYGON((5336566 8463043,5364755 8556275,5650252 8470242,5618074 8369340,5336566 8463043))
32649;POLYGON((5117600 7930597,5159465 8015945,5419444 7889056,5373041 7798014,5117600 7930597))
32650;POLYGON((4829540 7449076,4881502 7525613,5113645 7368615,5056959 7287931,4829540 7449076))
32651;POLYGON((4490938 7021664,4550230 7089106,4754068 6910362,4690104 6839965,4490938 7021664))
32652;POLYGON((4116031 6648523,4180542 6707000,4356784 6512904,4287795 6452372,4116031 6648523))
32653;POLYGON((3715572 6327945,3783721 6377832,3933751 6173176,3861395 6121900,3715572 6327945))
32654;POLYGON((3297547 6057208,3368168 6099001,3493685 5887297,3419150 5844597,3297547 6057208))
32655;POLYGON((2867765 5833184,2940019 5867412,3042780 5651169,2966898 5616371,2867765 5833184))
32656;POLYGON((2430358 5652763,2503654 5679930,2585304 5460885,2508635 5433376,2430358 5652763))
32657;POLYGON((1988184 5513125,2062120 5533672,2124085 5312984,2046988 5292244,1988184 5513125))
32658;POLYGON((1543165 5411917,1617472 5426200,1660899 5204606,1583591 5190223,1543165 5411917))
32659;POLYGON((1096557 5347346,1171063 5355621,1196784 5133574,1119385 5125252,1096557 5347346))
32660;POLYGON((649187 5318235,723775 5320655,732293 5098424,654863 5095992,649187 5318235))
