32701;POLYGON((399627 18550188,424696 18548694,413362 18325798,384519 18327502,399627 18550188))
32702;POLYGON((250032 18568087,274833 18564043,240912 18343308,212366 18347922,250032 18568087))
32703;POLYGON((102910 18601185,127196 18594623,70934 18378211,42960 18385704,102910 18601185))
32704;POLYGON((-40255 18649222,-16732 18640194,-94916 18430269,-122040 18440590,-40255 18649222))
32705;POLYGON((-177992 18711810,-155475 18700389,-254978 18499114,-280975 18512186,-177992 18711810))
32706;POLYGON((-308837 18788422,-287570 18774706,-407585 18584230,-432178 18599954,-308837 18788422))
32707;POLYGON((-431358 18878388,-411576 18862499,-551079 18684943,-573993 18703188,-431358 18878388))
32708;POLYGON((-544161 18980882,-526092 18962970,-683822 18800400,-704788 18821005,-544161 18980882))
32709;POLYGON((-645923 19094920,-629783 19075159,-804228 18929552,-822990 18952324,-645923 19094920))
32710;POLYGON((-735420 19219354,-721404 19197947,-910801 19071147,-927120 19095856,-735420 19219354))
32711;POLYGON((-811571 19352879,-799846 19330053,-1002182 19223721,-1015850 19250103,-811571 19352879))
32712;POLYGON((-873486 19494045,-864186 19470052,-1077219 19385603,-1088071 19413360,-873486 19494045))
32713;POLYGON((-920539 19641290,-913746 19616396,-1135050 19554935,-1142976 19583742,-920539 19641290))
32714;POLYGON((-952435 19792975,-948172 19767456,-1175201 19729708,-1180168 19759219,-952435 19792975))
32715;POLYGON((-969312 19947449,-967521 19921578,-1197711 19907821,-1199785 19937683,-969312 19947449))
32716;POLYGON((-971837 20103139,-972366 20077169,-1203272 20087171,-1202643 20117040,-971837 20103139))
32717;POLYGON((-961342 20258660,-963916 20232802,-1193397 20265769,-1190411 20295336,-961342 20258660))
32718;POLYGON((-939953 20412963,-944156 20387361,-1170612 20441904,-1165803 20470925,-939953 20412963))
32719;POLYGON((-910762 20565522,-916005 20540218,-1138675 20614348,-1132806 20642682,-910762 20565522))
32720;POLYGON((-878001 20716560,-883491 20691454,-1102824 20782611,-1096931 20810270,-878001 20716560))
32721;POLYGON((-847250 20867329,-851953 20842128,-1070055 20947261,-1065496 20974467,-847250 20867329))
32722;POLYGON((-825655 21020444,-828262 20994602,-1049431 21110306,-1047941 21137566,-825655 21020444))
32723;POLYGON((-822189 21180275,-821066 21152922,-1052430 21275654,-1056184 21303840,-822189 21180275))
32724;POLYGON((-847915 21353412,-841061 21323274,-1093323 21449657,-1105000 21480109,-847915 21353412))
32725;POLYGON((-916297 21549203,-901287 21514505,-1189596 21641745,-1212452 21676384,-916297 21549203))
32726;POLYGON((-1043524 21780376,-1017456 21738733,-1362400 21865161,-1400353 21906624,-1043524 21780376))
32727;POLYGON((-1248869 22063752,-1208301 22012043,-1637057 22137814,-1694770 22189603,-1248869 22063752))
32728;POLYGON((-1555078 22421056,-1495960 22355281,-2043596 22483241,-2126572 22549904,-1555078 22421056))
32729;POLYGON((-1988790 22879833,-1906393 22794956,-2617344 22931718,-2732028 23019039,-1988790 22879833))
32730;POLYGON((-2580986 23474488,-2469824 23364250,-3399550 23521494,-3553442 23636721,-2580986 23474488))
32731;POLYGON((3363872 23258732,3469824 23364250,4399550 23521494,4252762 23411491,3363872 23258732))
32732;POLYGON((2828235 22713662,2906393 22794956,3617344 22931718,3508435 22848300,2828235 22713662))
32733;POLYGON((2440242 22292170,2495960 22355281,3043596 22483241,2965252 22419423,2440242 22292170))
32734;POLYGON((2170413 21962263,2208301 22012043,2637057 22137814,2582995 22088031,2170413 21962263))
32735;POLYGON((1993455 21698442,2017456 21738733,2362400 21865161,2327265 21825054,1993455 21698442))
32736;POLYGON((1887824 21480714,1901287 21514505,2189596 21641745,2168856 21607965,1887824 21480714))
32737;POLYGON((1835318 21293708,1841061 21323274,2093323 21449657,2083177 21419698,1835318 21293708))
32738;POLYGON((1820693 21125897,1821066 21152922,2052430 21275654,2049721 21247701,1820693 21125897))
32739;POLYGON((1831323 20968916,1828262 20994602,2049431 21110306,2051570 21083104,1831323 20968916))
32740;POLYGON((1856871 20816973,1851953 20842128,2070055 20947261,2074946 20920006,1856871 20816973))
32741;POLYGON((1889004 20666330,1883491 20691454,2102824 20782611,2108798 20754849,1889004 20666330))
32742;POLYGON((1921124 20514867,1916005 20540218,2138675 20614348,2144431 20585896,1921124 20514867))
32743;POLYGON((1948124 20361710,1944156 20387361,2170612 20441904,2175163 20412779,1948124 20361710))
32744;POLYGON((1966174 20206912,1963916 20232802,2193397 20265769,2196021 20236132,1966174 20206912))
32745;POLYGON((1972523 20051198,1972366 20077169,2203272 20087171,2203469 20057280,1972523 20051198))
32746;POLYGON((1965326 19895748,1967521 19921578,2197711 19907821,2195164 19877994,1965326 19895748))
32747;POLYGON((1943489 19742022,1948172 19767456,2175201 19729708,2169743 19700290,1943489 19742022))
32748;POLYGON((1906532 19591634,1913746 19616396,2135050 19554935,2126632 19526279,1906532 19591634))
32749;POLYGON((1854474 19446235,1864186 19470052,2077219 19385603,2065889 19358053,1854474 19446235))
32750;POLYGON((1787730 19307447,1799846 19330053,2002182 19223721,1988059 19197598,1787730 19307447))
32751;POLYGON((1707021 19176799,1721404 19197947,1910801 19071147,1894059 19046743,1707021 19176799))
32752;POLYGON((1613307 19055693,1629783 19075159,1804228 18929552,1785082 18907126,1613307 19055693))
32753;POLYGON((1507723 18945383,1526092 18962970,1683822 18800400,1662512 18780175,1507723 18945383))
32754;POLYGON((1391530 18846963,1411576 18862499,1551079 18684943,1527866 18667109,1391530 18846963))
32755;POLYGON((1266077 18761364,1287570 18774706,1407585 18584230,1382739 18568941,1266077 18761364))
32756;POLYGON((1132773 18689360,1155475 18700389,1254978 18499114,1228774 18486494,1132773 18689360))
32757;POLYGON((993064 18631571,1016732 18640194,1094916 18430269,1067632 18420416,993064 18631571))
32758;POLYGON((848415 18588477,872803 18594623,929065 18378211,900978 18371194,848415 18588477))
32759;POLYGON((700304 18560423,725166 18564043,759087 18343308,730473 18339177,700304 18560423))
32760;POLYGON((550213 18547627,575303 18548694,586637 18325798,557770 18324580,550213 18547627))
32601;POLYGON((399627 8550188,424696 8548694,413362 8325798,384519 8327502,399627 8550188))
32602;POLYGON((250032 8568087,274833 8564043,240912 8343308,212366 8347922,250032 8568087))
32603;POLYGON((102910 8601185,127196 8594623,70934 8378211,42960 8385704,102910 8601185))
32604;POLYGON((-40255 8649222,-16732 8640194,-94916 8430269,-122040 8440590,-40255 8649222))
32605;POLYGON((-177992 8711810,-155475 8700389,-254978 8499114,-280975 8512186,-177992 8711810))
32606;POLYGON((-308837 8788422,-287570 8774706,-407585 8584230,-432178 8599954,-308837 8788422))
32607;POLYGON((-431358 8878388,-411576 8862499,-551079 8684943,-573993 8703188,-431358 8878388))
32608;POLYGON((-544161 8980882,-526092 8962970,-683822 8800400,-704788 8821005,-544161 8980882))
32609;POLYGON((-645923 9094920,-629783 9075159,-804228 8929552,-822990 8952324,-645923 9094920))
32610;POLYGON((-735420 9219354,-721404 9197947,-910801 9071147,-927120 9095856,-735420 9219354))
32611;POLYGON((-811571 9352879,-799846 9330053,-1002182 9223721,-1015850 9250103,-811571 9352879))
32612;POLYGON((-873486 9494045,-864186 9470052,-1077219 9385603,-1088071 9413360,-873486 9494045))
32613;POLYGON((-920539 9641290,-913746 9616396,-1135050 9554935,-1142976 9583742,-920539 9641290))
32614;POLYGON((-952435 9792975,-948172 9767456,-1175201 9729708,-1180168 9759219,-952435 9792975))
32615;POLYGON((-969312 9947449,-967521 9921578,-1197711 9907821,-1199785 9937683,-969312 9947449))
32616;POLYGON((-971837 10103139,-972366 10077169,-1203272 10087171,-1202643 10117040,-971837 10103139))
32617;POLYGON((-961342 10258660,-963916 10232802,-1193397 10265769,-1190411 10295336,-961342 10258660))
32618;POLYGON((-939953 10412963,-944156 10387361,-1170612 10441904,-1165803 10470925,-939953 10412963))
32619;POLYGON((-910762 10565522,-916005 10540218,-1138675 10614348,-1132806 10642682,-910762 10565522))
32620;POLYGON((-878001 10716560,-883491 10691454,-1102824 10782611,-1096931 10810270,-878001 10716560))
32621;POLYGON((-847250 10867329,-851953 10842128,-1070055 10947261,-1065496 10974467,-847250 10867329))
32622;POLYGON((-825655 11020444,-828262 10994602,-1049431 11110306,-1047941 11137566,-825655 11020444))
32623;POLYGON((-822189 11180275,-821066 11152922,-1052430 11275654,-1056184 11303840,-822189 11180275))
32624;POLYGON((-847915 11353412,-841061 11323274,-1093323 11449657,-1105000 11480109,-847915 11353412))
32625;POLYGON((-916297 11549203,-901287 11514505,-1189596 11641745,-1212452 11676384,-916297 11549203))
32626;POLYGON((-1043524 11780376,-1017456 11738733,-1362400 11865161,-1400353 11906624,-1043524 11780376))
32627;POLYGON((-1248869 12063752,-1208301 12012043,-1637057 12137814,-1694770 12189603,-1248869 12063752))
32628;POLYGON((-1555078 12421056,-1495960 12355281,-2043596 12483241,-2126572 12549904,-1555078 12421056))
32629;POLYGON((-1988790 12879833,-1906393 12794956,-2617344 12931718,-2732028 13019039,-1988790 12879833))
32630;POLYGON((-2580986 13474488,-2469824 13364250,-3399550 13521494,-3553442 13636721,-2580986 13474488))
32631;POLYGON((3363872 13258732,3469824 13364250,4399550 13521494,4252762 13411491,3363872 13258732))
32632;POLYGON((2828235 12713662,2906393 12794956,3617344 12931718,3508435 12848300,2828235 12713662))
32633;POLYGON((2440242 12292170,2495960 12355281,3043596 12483241,2965252 12419423,2440242 12292170))
32634;POLYGON((2170413 11962263,2208301 12012043,2637057 12137814,2582995 12088031,2170413 11962263))
32635;POLYGON((1993455 11698442,2017456 11738733,2362400 11865161,2327265 11825054,1993455 11698442))
32636;POLYGON((1887824 11480714,1901287 11514505,2189596 11641745,2168856 11607965,1887824 11480714))
32637;POLYGON((1835318 11293708,1841061 11323274,2093323 11449657,2083177 11419698,1835318 11293708))
32638;POLYGON((1820693 11125897,1821066 11152922,2052430 11275654,2049721 11247701,1820693 11125897))
32639;POLYGON((1831323 10968916,1828262 10994602,2049431 11110306,2051570 11083104,1831323 10968916))
32640;POLYGON((1856871 10816973,1851953 10842128,2070055 10947261,2074946 10920006,1856871 10816973))
32641;POLYGON((1889004 10666330,1883491 10691454,2102824 10782611,2108798 10754849,1889004 10666330))
32642;POLYGON((1921124 10514867,1916005 10540218,2138675 10614348,2144431 10585896,1921124 10514867))
32643;POLYGON((1948124 10361710,1944156 10387361,2170612 10441904,2175163 10412779,1948124 10361710))
32644;POLYGON((1966174 10206912,1963916 10232802,2193397 10265769,2196021 10236132,1966174 10206912))
32645;POLYGON((1972523 10051198,1972366 10077169,2203272 10087171,2203469 10057280,1972523 10051198))
32646;POLYGON((1965326 9895748,1967521 9921578,2197711 9907821,2195164 9877994,1965326 9895748))
32647;POLYGON((1943489 9742022,1948172 9767456,2175201 9729708,2169743 9700290,1943489 9742022))
32648;POLYGON((1906532 9591634,1913746 9616396,2135050 9554935,2126632 9526279,1906532 9591634))
32649;POLYGON((1854474 9446235,1864186 9470052,2077219 9385603,2065889 9358053,1854474 9446235))
32650;POLYGON((1787730 9307447,1799846 9330053,2002182 9223721,1988059 9197598,1787730 9307447))
32651;POLYGON((1707021 9176799,1721404 9197947,1910801 9071147,1894059 9046743,1707021 9176799))
32652;POLYGON((1613307 9055693,1629783 9075159,1804228 8929552,1785082 8907126,1613307 9055693))
32653;POLYGON((1507723 8945383,1526092 8962970,1683822 8800400,1662512 8780175,1507723 8945383))
32654;POLYGON((1391530 8846963,1411576 8862499,1551079 8684943,1527866 8667109,1391530 8846963))
32655;POLYGON((1266077 8761364,1287570 8774706,1407585 8584230,1382739 8568941,1266077 8761364))
32656;POLYGON((1132773 8689360,1155475 8700389,1254978 8499114,1228774 8486494,1132773 8689360))
32657;POLYGON((993064 8631571,1016732 8640194,1094916 8430269,1067632 8420416,993064 8631571))
32658;POLYGON((848415 8588477,872803 8594623,929065 8378211,900978 8371194,848415 8588477))
32659;POLYGON((700304 8560423,725166 8564043,759087 8343308,730473 8339177,700304 8560423))
32660;POLYGON((550213 8547627,575303 8548694,586637 8325798,557770 8324580,550213 8547627))
