32701;POLYGON((76269 8005238,182293 8007242,186073 7785705,81316 7783514,76269 8005238))
32702;POLYGON((-563025 7980938,-455967 7986476,-444443 7763001,-550165 7756949,-563025 7980938))
32703;POLYGON((-1211956 7934547,-1102875 7943900,-1083030 7716487,-1190638 7706275,-1211956 7934547))
32704;POLYGON((-1876696 7863641,-1764531 7877306,-1735332 7643828,-1845799 7628933,-1876696 7863641))
32705;POLYGON((-2563968 7764306,-2447551 7783057,-2407386 7541198,-2521768 7520808,-2563968 7764306))
32706;POLYGON((-3281292 7630648,-3159302 7655633,-3105780 7402826,-3225241 7375745,-3281292 7630648))
32707;POLYGON((-4037240 7454046,-3908164 7486933,-3837820 7220306,-3963658 7184813,-4037240 7454046))
32708;POLYGON((-4841747 7222049,-4703820 7265239,-4611684 6981587,-4745358 6935223,-4841747 7222049))
32709;POLYGON((-5706453 6916814,-5557601 6973739,-5436592 6669525,-5579752 6608810,-5706453 6916814))
32710;POLYGON((-6645097 6512947,-6482865 6588475,-6322969 6259911,-6477482 6179946,-6645097 6512947))
32711;POLYGON((-7673980 5974607,-7495452 6075588,-7282618 5718795,-7450596 5612744,-7673980 5974607))
32712;POLYGON((-8812478 5251681,-8614188 5387651,-8328890 4998984,-8512722 4857389,-8812478 5251681))
32713;POLYGON((-10083648 4274847,-9861469 4458942,-9476864 4035497,-9679243 3845416,-10083648 4274847))
32714;POLYGON((-11514902 2949311,-11263931 3199411,-10743523 2739807,-10967479 2483713,-11514902 2949311))
32715;POLYGON((-13138777 1146962,-12853200 1487118,-12147945 992635,-12396874 647061,-13138777 1146962))
32716;POLYGON((-14993804 -1303286,-14666743 -841105,-13711490 -1364949,-13989187 -1831077,-14993804 -1303286))
32717;POLYGON((-17125474 -4627284,-16748820 -4001062,-15457995 -4542368,-15768688 -5169746,-17125474 -4627284))
32718;POLYGON((-19587331 -9119823,-19151551 -8274958,-17413977 -8812608,-17762360 -9653967,-19587331 -9119823))
32719;POLYGON((-22442171 -15161566,-21936101 -14027843,-19608838 -14527816,-20000108 -15650796,-22442171 -15161566))
32720;POLYGON((-25763378 -23239049,-25173991 -21727076,-22075081 -22137754,-22514971 -23628273,-25763378 -23239049))
32721;POLYGON((-29636393 -33968130,-28948546 -31965177,-24848529 -32211434,-25343347 -34177637,-29636393 -33968130))
32722;POLYGON((-34160331 -48121273,-33356481 -45486438,-27968551 -45462318,-28525221 -48039141,-34160331 -48121273))
32723;POLYGON((-39449741 -66659068,-38509646 -63217713,-31478300 -62777433,-32104400 -66131872,-39449741 -66659068))
32724;POLYGON((-45636535 -90766428,-44536917 -86303803,-35424956 -85250839,-36128758 -89587973,-45636535 -90766428))
32725;POLYGON((-52872075 -121893906,-51586262 -116147886,-39859976 -114221836,-40650489 -119791694,-52872075 -121893906))
32726;POLYGON((-61329443 -161804603,-59826979 -154457463,-44839354 -151318376,-45726371 -158423704,-61329443 -161804603))
32727;POLYGON((-71205884 -212627174,-69452107 -203296309,-50423893 -198506129,-51418034 -207511155,-71205884 -212627174))
32728;POLYGON((-82725450 -276915427,-80681038 -265142937,-56679481 -258143689,-57792242 -269483952,-82725450 -276915427))
32729;POLYGON((-96141831 -357715072,-93762318 -342956119,-63677382 -333044414,-64921185 -347237758,-96141831 -357715072))
32730;POLYGON((-111741395 -458638159,-108976648 -440248002,-71494535 -426545440,-72882776 -444204244,-111741395 -458638159))
32731;POLYGON((107279846 -422512481,109976648 -440248002,72494535 -426545440,71131341 -409511149,107279846 -422512481))
32732;POLYGON((92441977 -328736816,94762318 -342956119,64677382 -333044414,63456323 -319366397,92441977 -328736816))
32733;POLYGON((79688008 -253812720,81681038 -265142937,57679481 -258143689,56587327 -247226226,79688008 -253812720))
32734;POLYGON((68742814 -194325693,70452107 -203296309,51423893 -198506129,50448380 -189845910,68742814 -194325693))
32735;POLYGON((59362911 -147401872,60826979 -154457463,45839354 -151318376,44969136 -144492477,59362911 -147401872))
32736;POLYGON((51333490 -110636219,52586262 -116147886,40859976 -114221836,40084574 -108876930,51333490 -110636219))
32737;POLYGON((44465642 -82028216,45536917 -86303803,36424956 -85250839,35734711 -81093545,44465642 -82028216))
32738;POLYGON((38593789 -59924523,39509646 -63217713,32478300 -62777433,31864327 -59565730,38593789 -59924523))
32739;POLYGON((33573294 -42968058,34356481 -45486438,28968551 -45462318,28422696 -42997926,33573294 -42968058))
32740;POLYGON((29278258 -30053014,29948546 -31965177,25848529 -32211434,25363329 -30333098,29278258 -30053014))
32741;POLYGON((25599481 -20285288,26173991 -21727076,23075081 -22137754,22643717 -20715348,25599481 -20285288))
32742;POLYGON((22442597 -12947905,22936101 -14027843,20608838 -14527816,20225100 -13457201,22442597 -12947905))
32743;POLYGON((19726353 -7470947,20151551 -8274958,18413977 -8812608,18072222 -8011168,19726353 -7470947))
32744;POLYGON((17381052 -3405597,17748820 -4001062,16457995 -4542368,16153115 -3945170,17381052 -3405597))
32745;POLYGON((15347124 -401878,15666743 -841105,14711490 -1364949,14438870 -921451,15347124 -401878))
32746;POLYGON((13573838 1810281,13853200 1487118,13147945 992635,12903431 1321367,13573838 1810281))
32747;POLYGON((12018136 3437026,12263931 3199411,11743523 2739807,11523388 2983449,12018136 3437026))
32748;POLYGON((10643589 4633919,10861469 4458942,10476864 4035497,10277776 4216419,10643589 4633919))
32749;POLYGON((9419458 5516987,9614188 5387651,9328890 4998984,9147879 5133863,9419458 5516987))
32750;POLYGON((8319866 6171746,8495452 6075588,8282618 5718795,8117042 5819923,8319866 6171746))
32751;POLYGON((7323052 6660489,7482865 6588475,7322969 6259911,7170488 6336252,7323052 6660489))
32752;POLYGON((6410729 7028081,6557601 6973739,6436592 6669525,6295136 6727552,6410729 7028081))
32753;POLYGON((5567503 7306506,5703820 7265239,5611684 6981587,5479425 7025928,5567503 7306506))
32754;POLYGON((4780384 7518360,4908164 7486933,4837820 7220306,4713142 7254249,4780384 7518360))
32755;POLYGON((4038341 7679480,4159302 7655633,4105780 7402826,3987252 7428688,4038341 7679480))
32756;POLYGON((3331929 7800892,3447551 7783057,3407386 7541198,3293733 7560601,3331929 7800892))
32757;POLYGON((2652958 7890207,2764531 7877306,2735332 7643828,2625413 7657895,2652958 7890207))
32758;POLYGON((1994203 7952588,2102875 7943900,2083030 7716487,1975803 7725975,1994203 7952588))
32759;POLYGON((1349149 7991410,1455967 7986476,1444443 7763001,1338944 7768395,1349149 7991410))
32760;POLYGON((711760 8008672,817706 8007242,813926 7785705,709243 7787269,711760 8008672))
32601;POLYGON((76269 -1994761,182293 -1992757,186073 -2214294,81316 -2216485,76269 -1994761))
32602;POLYGON((-563025 -2019061,-455967 -2013523,-444443 -2236998,-550165 -2243050,-563025 -2019061))
32603;POLYGON((-1211956 -2065452,-1102875 -2056099,-1083030 -2283512,-1190638 -2293724,-1211956 -2065452))
32604;POLYGON((-1876696 -2136358,-1764531 -2122693,-1735332 -2356171,-1845799 -2371066,-1876696 -2136358))
32605;POLYGON((-2563968 -2235693,-2447551 -2216942,-2407386 -2458801,-2521768 -2479191,-2563968 -2235693))
32606;POLYGON((-3281292 -2369351,-3159302 -2344366,-3105780 -2597173,-3225241 -2624254,-3281292 -2369351))
32607;POLYGON((-4037240 -2545953,-3908164 -2513066,-3837820 -2779693,-3963658 -2815186,-4037240 -2545953))
32608;POLYGON((-4841747 -2777950,-4703820 -2734760,-4611684 -3018412,-4745358 -3064776,-4841747 -2777950))
32609;POLYGON((-5706453 -3083185,-5557601 -3026260,-5436592 -3330474,-5579752 -3391189,-5706453 -3083185))
32610;POLYGON((-6645097 -3487052,-6482865 -3411524,-6322969 -3740088,-6477482 -3820053,-6645097 -3487052))
32611;POLYGON((-7673980 -4025392,-7495452 -3924411,-7282618 -4281204,-7450596 -4387255,-7673980 -4025392))
32612;POLYGON((-8812478 -4748318,-8614188 -4612348,-8328890 -5001015,-8512722 -5142610,-8812478 -4748318))
32613;POLYGON((-10083648 -5725152,-9861469 -5541057,-9476864 -5964502,-9679243 -6154583,-10083648 -5725152))
32614;POLYGON((-11514902 -7050688,-11263931 -6800588,-10743523 -7260192,-10967479 -7516286,-11514902 -7050688))
32615;POLYGON((-13138777 -8853037,-12853200 -8512881,-12147945 -9007364,-12396874 -9352938,-13138777 -8853037))
32616;POLYGON((-14993804 -11303286,-14666743 -10841105,-13711490 -11364949,-13989187 -11831077,-14993804 -11303286))
32617;POLYGON((-17125474 -14627284,-16748820 -14001062,-15457995 -14542368,-15768688 -15169746,-17125474 -14627284))
32618;POLYGON((-19587331 -19119823,-19151551 -18274958,-17413977 -18812608,-17762360 -19653967,-19587331 -19119823))
32619;POLYGON((-22442171 -25161566,-21936101 -24027843,-19608838 -24527816,-20000108 -25650796,-22442171 -25161566))
32620;POLYGON((-25763378 -33239049,-25173991 -31727076,-22075081 -32137754,-22514971 -33628273,-25763378 -33239049))
32621;POLYGON((-29636393 -43968130,-28948546 -41965177,-24848529 -42211434,-25343347 -44177637,-29636393 -43968130))
32622;POLYGON((-34160331 -58121273,-33356481 -55486438,-27968551 -55462318,-28525221 -58039141,-34160331 -58121273))
32623;POLYGON((-39449741 -76659068,-38509646 -73217713,-31478300 -72777433,-32104400 -76131872,-39449741 -76659068))
32624;POLYGON((-45636535 -100766428,-44536917 -96303803,-35424956 -95250839,-36128758 -99587973,-45636535 -100766428))
32625;POLYGON((-52872075 -131893906,-51586262 -126147886,-39859976 -124221836,-40650489 -129791694,-52872075 -131893906))
32626;POLYGON((-61329443 -171804603,-59826979 -164457463,-44839354 -161318376,-45726371 -168423704,-61329443 -171804603))
32627;POLYGON((-71205884 -222627174,-69452107 -213296309,-50423893 -208506129,-51418034 -217511155,-71205884 -222627174))
32628;POLYGON((-82725450 -286915427,-80681038 -275142937,-56679481 -268143689,-57792242 -279483952,-82725450 -286915427))
32629;POLYGON((-96141831 -367715072,-93762318 -352956119,-63677382 -343044414,-64921185 -357237758,-96141831 -367715072))
32630;POLYGON((-111741395 -468638159,-108976648 -450248002,-71494535 -436545440,-72882776 -454204244,-111741395 -468638159))
32631;POLYGON((107279846 -432512481,109976648 -450248002,72494535 -436545440,71131341 -419511149,107279846 -432512481))
32632;POLYGON((92441977 -338736816,94762318 -352956119,64677382 -343044414,63456323 -329366397,92441977 -338736816))
32633;POLYGON((79688008 -263812720,81681038 -275142937,57679481 -268143689,56587327 -257226226,79688008 -263812720))
32634;POLYGON((68742814 -204325693,70452107 -213296309,51423893 -208506129,50448380 -199845910,68742814 -204325693))
32635;POLYGON((59362911 -157401872,60826979 -164457463,45839354 -161318376,44969136 -154492477,59362911 -157401872))
32636;POLYGON((51333490 -120636219,52586262 -126147886,40859976 -124221836,40084574 -118876930,51333490 -120636219))
32637;POLYGON((44465642 -92028216,45536917 -96303803,36424956 -95250839,35734711 -91093545,44465642 -92028216))
32638;POLYGON((38593789 -69924523,39509646 -73217713,32478300 -72777433,31864327 -69565730,38593789 -69924523))
32639;POLYGON((33573294 -52968058,34356481 -55486438,28968551 -55462318,28422696 -52997926,33573294 -52968058))
32640;POLYGON((29278258 -40053014,29948546 -41965177,25848529 -42211434,25363329 -40333098,29278258 -40053014))
32641;POLYGON((25599481 -30285288,26173991 -31727076,23075081 -32137754,22643717 -30715348,25599481 -30285288))
32642;POLYGON((22442597 -22947905,22936101 -24027843,20608838 -24527816,20225100 -23457201,22442597 -22947905))
32643;POLYGON((19726353 -17470947,20151551 -18274958,18413977 -18812608,18072222 -18011168,19726353 -17470947))
32644;POLYGON((17381052 -13405597,17748820 -14001062,16457995 -14542368,16153115 -13945170,17381052 -13405597))
32645;POLYGON((15347124 -10401878,15666743 -10841105,14711490 -11364949,14438870 -10921451,15347124 -10401878))
32646;POLYGON((13573838 -8189718,13853200 -8512881,13147945 -9007364,12903431 -8678632,13573838 -8189718))
32647;POLYGON((12018136 -6562973,12263931 -6800588,11743523 -7260192,11523388 -7016550,12018136 -6562973))
32648;POLYGON((10643589 -5366080,10861469 -5541057,10476864 -5964502,10277776 -5783580,10643589 -5366080))
32649;POLYGON((9419458 -4483012,9614188 -4612348,9328890 -5001015,9147879 -4866136,9419458 -4483012))
32650;POLYGON((8319866 -3828253,8495452 -3924411,8282618 -4281204,8117042 -4180076,8319866 -3828253))
32651;POLYGON((7323052 -3339510,7482865 -3411524,7322969 -3740088,7170488 -3663747,7323052 -3339510))
32652;POLYGON((6410729 -2971918,6557601 -3026260,6436592 -3330474,6295136 -3272447,6410729 -2971918))
32653;POLYGON((5567503 -2693493,5703820 -2734760,5611684 -3018412,5479425 -2974071,5567503 -2693493))
32654;POLYGON((4780384 -2481639,4908164 -2513066,4837820 -2779693,4713142 -2745750,4780384 -2481639))
32655;POLYGON((4038341 -2320519,4159302 -2344366,4105780 -2597173,3987252 -2571311,4038341 -2320519))
32656;POLYGON((3331929 -2199107,3447551 -2216942,3407386 -2458801,3293733 -2439398,3331929 -2199107))
32657;POLYGON((2652958 -2109792,2764531 -2122693,2735332 -2356171,2625413 -2342104,2652958 -2109792))
32658;POLYGON((1994203 -2047411,2102875 -2056099,2083030 -2283512,1975803 -2274024,1994203 -2047411))
32659;POLYGON((1349149 -2008589,1455967 -2013523,1444443 -2236998,1338944 -2231604,1349149 -2008589))
32660;POLYGON((711760 -1991327,817706 -1992757,813926 -2214294,709243 -2212730,711760 -1991327))
