32701;POLYGON((54806 10221604,166223 10221366,166021 10000000,54535 10000000,54806 10221604))
32702;POLYGON((-617790 10224491,-505028 10223833,-505646 10000000,-618481 10000000,-617790 10224491))
32703;POLYGON((-1303013 10230025,-1187588 10228907,-1188658 10000000,-1304165 10000000,-1303013 10230025))
32704;POLYGON((-2009279 10238536,-1889716 10236891,-1891304 10000000,-2010963 10000000,-2009279 10238536))
32705;POLYGON((-2746279 10250572,-2620847 10248290,-2623058 10000000,-2748607 10000000,-2746279 10250572))
32706;POLYGON((-3525659 10266980,-3392247 10263894,-3395241 10000000,-3528804 10000000,-3525659 10266980))
32707;POLYGON((-4361899 10289039,-4217853 10284899,-4221871 10000000,-4366119 10000000,-4361899 10289039))
32708;POLYGON((-5273434 10318667,-5115350 10313097,-5120754 10000000,-5279115 10000000,-5273434 10318667))
32709;POLYGON((-6284083 10358705,-6107547 10351152,-6114872 10000000,-6291796 10000000,-6284083 10358705))
32710;POLYGON((-7424822 10413332,-7224087 10402985,-7234117 10000000,-7435402 10000000,-7424822 10413332))
32711;POLYGON((-8735968 10488623,-8503559 10474308,-8517431 10000000,-8750623 10000000,-8735968 10488623))
32712;POLYGON((-10269824 10593292,-9996065 10573336,-10015404 10000000,-10290275 10000000,-10269824 10593292))
32713;POLYGON((-12093830 10739666,-11766279 10711715,-11793375 10000000,-12122499 10000000,-12093830 10739666))
32714;POLYGON((-14294286 10944925,-13897074 10905716,-13935104 10000000,-14334524 10000000,-14294286 10944925))
32715;POLYGON((-16980686 11232667,-16493750 11177745,-16547061 10000000,-17037067 10000000,-16980686 11232667))
32716;POLYGON((-20290730 11634844,-19688927 11558208,-19763381 10000000,-20369407 10000000,-20290730 11634844))
32717;POLYGON((-24396053 12194131,-23648155 12087809,-23751552 10000000,-24505196 10000000,-24396053 12194131))
32718;POLYGON((-29508737 12966795,-28576286 12820327,-28718872 10000000,-29659055 10000000,-29508737 12966795))
32719;POLYGON((-35888646 14026121,-34724676 13825947,-34919750 10000000,-36094014 10000000,-35888646 14026121))
32720;POLYGON((-43851655 15466475,-42399254 15195211,-42663882 10000000,-44129845 10000000,-43851655 15466475))
32721;POLYGON((-53778798 17408078,-51969517 17043665,-52325378 10000000,-54152348 10000000,-53778798 17408078))
32722;POLYGON((-66126424 20002564,-63878514 19517287,-64352870 10000000,-66623633 10000000,-66126424 20002564))
32723;POLYGON((-81437379 23439425,-78653851 22798771,-79280678 10000000,-82093464 10000000,-81437379 23439425))
32724;POLYGON((-100353290 27953411,-96919791 27114767,-97741075 10000000,-101211708 10000000,-100353290 27953411))
32725;POLYGON((-123627997 33832989,-119410489 32744153,-120477699 10000000,-124741957 10000000,-123627997 33832989))
32726;POLYGON((-152142183 41429964,-146984418 40027459,-148360186 10000000,-153576353 10000000,-152142183 41429964))
32727;POLYGON((-186919260 51170353,-180640045 49377521,-182400052 10000000,-188751698 10000000,-186919260 51170353))
32728;POLYGON((-229142557 63566631,-221532795 61291492,-223767904 10000000,-231466879 10000000,-229142557 63566631))
32729;POLYGON((-280173874 79231446,-270993376 76364305,-273812009 10000000,-283101680 10000000,-280173874 79231446))
32730;POLYGON((-341573447 98892932,-330547501 95303714,-334078293 10000000,-345237017 10000000,-341573447 98892932))
32731;POLYGON((320849781 91844828,331547501 95303714,335078293 10000000,324252002 10000000,320849781 91844828))
32732;POLYGON((263092767 73604279,271993376 76364305,274812009 10000000,265805794 10000000,263092767 73604279))
32733;POLYGON((215160590 59103844,222532795 61291492,224767904 10000000,217309492 10000000,215160590 59103844))
32734;POLYGON((175561467 47655688,181640045 49377521,183400052 10000000,177251563 10000000,175561467 47655688))
32735;POLYGON((142995236 38682175,147984418 40027459,149360186 10000000,144314700 10000000,142995236 38682175))
32736;POLYGON((116333866 31701098,120410489 32744153,121477699 10000000,117356064 10000000,116333866 31701098))
32737;POLYGON((94603366 26312468,97919791 27114767,98741075 10000000,95388943 10000000,94603366 26312468))
32738;POLYGON((76967037 22186736,79653851 22798771,80280678 10000000,77565771 10000000,76967037 22186736))
32739;POLYGON((62710007 19054351,64878514 19517287,65352870 10000000,63162451 10000000,62710007 19054351))
32740;POLYGON((51225011 16696536,52969517 17043665,53325378 10000000,51563937 10000000,51225011 16696536))
32741;POLYGON((41999346 14937189,43399254 15195211,43663882 10000000,42251012 10000000,41999346 14937189))
32742;POLYGON((34602957 13635819,35724676 13825947,35919750 10000000,34788209 10000000,34602957 13635819))
32743;POLYGON((28677609 12681400,29576286 12820327,29718872 10000000,28812830 10000000,28677609 12681400))
32744;POLYGON((23927066 11987086,24648155 12087809,24751552 10000000,24025000 10000000,23927066 11987086))
32745;POLYGON((20108260 11485685,20688927 11558208,20763381 10000000,20178707 10000000,20108260 11485685))
32746;POLYGON((17023366 11125812,17493750 11177745,17547061 10000000,17073768 10000000,17023366 11125812))
32747;POLYGON((14512743 10868657,14897074 10905716,14935104 10000000,14548684 10000000,14512743 10868657))
32748;POLYGON((12448695 10685295,12766279 10711715,12793375 10000000,12474304 10000000,12448695 10685295))
32749;POLYGON((10729980 10554463,10996065 10573336,11015404 10000000,10748269 10000000,10729980 10554463))
32750;POLYGON((9277035 10460756,9503559 10474308,9517431 10000000,9290169 10000000,9277035 10460756))
32751;POLYGON((8027852 10393173,8224087 10402985,8234117 10000000,8037363 10000000,8027852 10393173))
32752;POLYGON((6934445 10343977,7107547 10351152,7114872 10000000,6941403 10000000,6934445 10343977))
32753;POLYGON((5959881 10307798,6115350 10313097,6120754 10000000,5965022 10000000,5959881 10307798))
32754;POLYGON((5075792 10280956,5217853 10284899,5221871 10000000,5079618 10000000,5075792 10280956))
32755;POLYGON((4260333 10260957,4392247 10263894,4395241 10000000,4263181 10000000,4260333 10260957))
32756;POLYGON((3496528 10246124,3620847 10248290,3623058 10000000,3498625 10000000,3496528 10246124))
32757;POLYGON((2770954 10235340,2889716 10236891,2891304 10000000,2772450 10000000,2770954 10235340))
32758;POLYGON((2072703 10227870,2187588 10228907,2188658 10000000,2073695 10000000,2072703 10227870))
32759;POLYGON((1392578 10223246,1505028 10223833,1505646 10000000,1393126 10000000,1392578 10223246))
32760;POLYGON((722460 10221196,833776 10221366,833978 10000000,722595 10000000,722460 10221196))
32601;POLYGON((54806 221604,166223 221366,166021 0,54535 0,54806 221604))
32602;POLYGON((-617790 224491,-505028 223833,-505646 0,-618481 0,-617790 224491))
32603;POLYGON((-1303013 230025,-1187588 228907,-1188658 0,-1304165 0,-1303013 230025))
32604;POLYGON((-2009279 238536,-1889716 236891,-1891304 0,-2010963 0,-2009279 238536))
32605;POLYGON((-2746279 250572,-2620847 248290,-2623058 0,-2748607 0,-2746279 250572))
32606;POLYGON((-3525659 266980,-3392247 263894,-3395241 0,-3528804 0,-3525659 266980))
32607;POLYGON((-4361899 289039,-4217853 284899,-4221871 0,-4366119 0,-4361899 289039))
32608;POLYGON((-5273434 318667,-5115350 313097,-5120754 0,-5279115 0,-5273434 318667))
32609;POLYGON((-6284083 358705,-6107547 351152,-6114872 0,-6291796 0,-6284083 358705))
32610;POLYGON((-7424822 413332,-7224087 402985,-7234117 0,-7435402 0,-7424822 413332))
32611;POLYGON((-8735968 488623,-8503559 474308,-8517431 0,-8750623 0,-8735968 488623))
32612;POLYGON((-10269824 593292,-9996065 573336,-10015404 0,-10290275 0,-10269824 593292))
32613;POLYGON((-12093830 739666,-11766279 711715,-11793375 0,-12122499 0,-12093830 739666))
32614;POLYGON((-14294286 944925,-13897074 905716,-13935104 0,-14334524 0,-14294286 944925))
32615;POLYGON((-16980686 1232667,-16493750 1177745,-16547061 0,-17037067 0,-16980686 1232667))
32616;POLYGON((-20290730 1634844,-19688927 1558208,-19763381 0,-20369407 0,-20290730 1634844))
32617;POLYGON((-24396053 2194131,-23648155 2087809,-23751552 0,-24505196 0,-24396053 2194131))
32618;POLYGON((-29508737 2966795,-28576286 2820327,-28718872 0,-29659055 0,-29508737 2966795))
32619;POLYGON((-35888646 4026121,-34724676 3825947,-34919750 0,-36094014 0,-35888646 4026121))
32620;POLYGON((-43851655 5466475,-42399254 5195211,-42663882 0,-44129845 0,-43851655 5466475))
32621;POLYGON((-53778798 7408078,-51969517 7043665,-52325378 0,-54152348 0,-53778798 7408078))
32622;POLYGON((-66126424 10002564,-63878514 9517287,-64352870 0,-66623633 0,-66126424 10002564))
32623;POLYGON((-81437379 13439425,-78653851 12798771,-79280678 0,-82093464 0,-81437379 13439425))
32624;POLYGON((-100353290 17953411,-96919791 17114767,-97741075 0,-101211708 0,-100353290 17953411))
32625;POLYGON((-123627997 23832989,-119410489 22744153,-120477699 0,-124741957 0,-123627997 23832989))
32626;POLYGON((-152142183 31429964,-146984418 30027459,-148360186 0,-153576353 0,-152142183 31429964))
32627;POLYGON((-186919260 41170353,-180640045 39377521,-182400052 0,-188751698 0,-186919260 41170353))
32628;POLYGON((-229142557 53566631,-221532795 51291492,-223767904 0,-231466879 0,-229142557 53566631))
32629;POLYGON((-280173874 69231446,-270993376 66364305,-273812009 0,-283101680 0,-280173874 69231446))
32630;POLYGON((-341573447 88892932,-330547501 85303714,-334078293 0,-345237017 0,-341573447 88892932))
32631;POLYGON((320849781 81844828,331547501 85303714,335078293 0,324252002 0,320849781 81844828))
32632;POLYGON((263092767 63604279,271993376 66364305,274812009 0,265805794 0,263092767 63604279))
32633;POLYGON((215160590 49103844,222532795 51291492,224767904 0,217309492 0,215160590 49103844))
32634;POLYGON((175561467 37655688,181640045 39377521,183400052 0,177251563 0,175561467 37655688))
32635;POLYGON((142995236 28682175,147984418 30027459,149360186 0,144314700 0,142995236 28682175))
32636;POLYGON((116333866 21701098,120410489 22744153,121477699 0,117356064 0,116333866 21701098))
32637;POLYGON((94603366 16312468,97919791 17114767,98741075 0,95388943 0,94603366 16312468))
32638;POLYGON((76967037 12186736,79653851 12798771,80280678 0,77565771 0,76967037 12186736))
32639;POLYGON((62710007 9054351,64878514 9517287,65352870 0,63162451 0,62710007 9054351))
32640;POLYGON((51225011 6696536,52969517 7043665,53325378 0,51563937 0,51225011 6696536))
32641;POLYGON((41999346 4937189,43399254 5195211,43663882 0,42251012 0,41999346 4937189))
32642;POLYGON((34602957 3635819,35724676 3825947,35919750 0,34788209 0,34602957 3635819))
32643;POLYGON((28677609 2681400,29576286 2820327,29718872 0,28812830 0,28677609 2681400))
32644;POLYGON((23927066 1987086,24648155 2087809,24751552 0,24025000 0,23927066 1987086))
32645;POLYGON((20108260 1485685,20688927 1558208,20763381 0,20178707 0,20108260 1485685))
32646;POLYGON((17023366 1125812,17493750 1177745,17547061 0,17073768 0,17023366 1125812))
32647;POLYGON((14512743 868657,14897074 905716,14935104 0,14548684 0,14512743 868657))
32648;POLYGON((12448695 685295,12766279 711715,12793375 0,12474304 0,12448695 685295))
32649;POLYGON((10729980 554463,10996065 573336,11015404 0,10748269 0,10729980 554463))
32650;POLYGON((9277035 460756,9503559 474308,9517431 0,9290169 0,9277035 460756))
32651;POLYGON((8027852 393173,8224087 402985,8234117 0,8037363 0,8027852 393173))
32652;POLYGON((6934445 343977,7107547 351152,7114872 0,6941403 0,6934445 343977))
32653;POLYGON((5959881 307798,6115350 313097,6120754 0,5965022 0,5959881 307798))
32654;POLYGON((5075792 280956,5217853 284899,5221871 0,5079618 0,5075792 280956))
32655;POLYGON((4260333 260957,4392247 263894,4395241 0,4263181 0,4260333 260957))
32656;POLYGON((3496528 246124,3620847 248290,3623058 0,3498625 0,3496528 246124))
32657;POLYGON((2770954 235340,2889716 236891,2891304 0,2772450 0,2770954 235340))
32658;POLYGON((2072703 227870,2187588 228907,2188658 0,2073695 0,2072703 227870))
32659;POLYGON((1392578 223246,1505028 223833,1505646 0,1393126 0,1392578 223246))
32660;POLYGON((722460 221196,833776 221366,833978 0,722595 0,722460 221196))
