32701;POLYGON((69665 11662218,177349 11660513,174541 11439053,65915 11440548,69665 11662218))
32702;POLYGON((-579861 11682897,-471052 11678184,-479622 11454548,-589426 11458683,-579861 11682897))
32703;POLYGON((-1239901 11722421,-1128882 11714448,-1143673 11486367,-1255798 11493365,-1239901 11722421))
32704;POLYGON((-1917278 11782944,-1802868 11771269,-1824708 11536272,-1940404 11546533,-1917278 11782944))
32705;POLYGON((-2619559 11867971,-2500431 11851899,-2530629 11607196,-2651321 11621349,-2619559 11867971))
32706;POLYGON((-3355416 11982824,-3230031 11961315,-3270559 11703648,-3397918 11722637,-3355416 11982824))
32707;POLYGON((-4135047 12135367,-4001579 12106893,-4055346 11832348,-4191390 11857569,-4135047 12135367))
32708;POLYGON((-4970691 12337087,-4826933 12299423,-4898189 12003185,-5045400 12036686,-4970691 12337087))
32709;POLYGON((-5877243 12604629,-5720498 12554560,-5815414 12230600,-5976878 12275355,-5877243 12604629))
32710;POLYGON((-6873008 12961936,-6699953 12894853,-6827409 12535512,-7006998 12595810,-6873008 12961936))
32711;POLYGON((-7980591 13443134,-7787117 13352493,-7959773 12947947,-8162351 13029910,-7980591 13443134))
32712;POLYGON((-9227955 14096358,-9008979 13972969,-9244676 13510535,-9476354 13622795,-9227955 14096358))
32713;POLYGON((-10649663 14988700,-10398907 14819815,-10722476 14283061,-10990905 14437638,-10649663 14988700))
32714;POLYGON((-12288324 16212512,-11998060 15980672,-12443616 15348286,-12758333 15561697,-12288324 16212512))
32715;POLYGON((-14196257 17893312,-13857013 17574904,-14470819 16819265,-14843644 17113907,-14196257 17893312))
32716;POLYGON((-16437402 20199542,-16037627 19763035,-16881616 18848426,-17327108 19254278,-16437402 20199542))
32717;POLYGON((-19089487 23354479,-18615168 22758275,-19771233 21638669,-20307206 22195362,-19089487 23354479))
32718;POLYGON((-22246473 27650607,-21680709 26840462,-23255854 25456795,-23903962 26216094,-22246473 27650607))
32719;POLYGON((-26021298 33466773,-25343823 32372727,-27476302 30649574,-28262694 31678339,-26021298 33466773))
32720;POLYGON((-30548944 41288481,-29735589 39821247,-32602153 37662786,-33558200 39046461,-30548944 41288481))
32721;POLYGON((-35989826 51731711,-35011936 49778439,-38836304 47063613,-39999412 48910303,-35989826 51731711))
32722;POLYGON((-42533555 65570639,-41357329 62990010,-46420047 59566730,-47834546 62011947,-42533555 65570639))
32723;POLYGON((-50403055 83769693,-48988840 80386257,-55638640 76064534,-57356769 79276658,-50403055 83769693))
32724;POLYGON((-59859093 107520375,-58160595 103118063,-66827431 97661895,-68910414 101848444,-59859093 107520375))
32725;POLYGON((-71205200 138283313,-69168639 132598044,-80378548 125715911,-82897761 131130678,-71205200 138283313))
32726;POLYGON((-84793046 177836031,-82356226 170547334,-96748179 161881095,-99786428 168832245,-84793046 177836031))
32727;POLYGON((-101028245 228326931,-98119557 219048494,-116464478 208160505,-120117376 217019712,-101028245 228326931))
32728;POLYGON((-120376641 292336029,-116913980 280605083,-140136116 266963315,-144513572 278176017,-120376641 292336029))
32729;POLYGON((-143371078 372942982,-139260682 358208435,-168461503 341169357,-173689332 355266227,-143371078 372942982))
32730;POLYGON((-170618682 473802976,-165753880 455412191,-202238718 434201172,-208460359 451810902,-170618682 473802976))
32731;POLYGON((162022808 437680841,166753880 455412191,203238718 434201172,197193476 417225154,162022808 437680841))
32732;POLYGON((136265285 344016893,140260682 358208435,169461503 341169357,164384866 327594026,136265285 344016893))
32733;POLYGON((114549829 269318618,117913980 280605083,141136116 266963315,136887706 256177263,114549829 269318618))
32734;POLYGON((96294918 210131612,99119557 219048494,117464478 208160505,113921250 199648113,96294918 210131612))
32735;POLYGON((80990821 163550800,83356226 170547334,97748179 161881095,94802712 155209983,80990821 163550800))
32736;POLYGON((68192501 127147223,70168639 132598044,81378548 125715911,78937465 120525673,68192501 127147223))
32737;POLYGON((57512999 98902508,59160595 103118063,67827431 97661895,65809924 93654031,57512999 98902508))
32738;POLYGON((48617315 77150444,49988840 80386257,56638640 76064534,54975110 72993498,48617315 77150444))
32739;POLYGON((41216746 60525128,42357329 62990010,47420047 59566730,46050848 57232000,41216746 60525128))
32740;POLYGON((35063668 47915153,36011936 49778439,39836304 47063613,38710587 45302699,35063668 47915153))
32741;POLYGON((29946743 38423355,30735589 39821247,33602153 37662786,32676805 36345104,29946743 38423355))
32742;POLYGON((25686532 31331628,26343823 32372727,28476302 30649574,27714985 29671104,25686532 31331628))
32743;POLYGON((22131495 26070365,22680709 26840462,24255854 25456795,23628120 24735459,22131495 26070365))
32744;POLYGON((19154362 22192077,19615168 22758275,20771233 21638669,20251732 21110349,19154362 22192077))
32745;POLYGON((16648841 19348799,17037627 19763035,17881616 18848426,17449378 18463571,16648841 19348799))
32746;POLYGON((14526675 17272876,14857013 17574904,15470819 16819265,15108610 16540015,14526675 17272876))
32747;POLYGON((12714988 15760778,12998060 15980672,13443616 15348286,13137368 15146058,12714988 15760778))
32748;POLYGON((11153942 14659583,11398907 14819815,11722476 14283061,11460779 14136547,11153942 14659583))
32749;POLYGON((9794653 13855815,10008979 13972969,10244676 13510535,10018333 13404056,9794653 13855815))
32750;POLYGON((8597370 13266335,8787117 13352493,8959773 12947947,8761414 12870117,8597370 13266335))
32751;POLYGON((7529878 12831000,7699953 12894853,7827409 12535512,7651149 12478172,7529878 12831000))
32752;POLYGON((6566129 12506835,6720498 12554560,6815414 12230600,6656570 12187978,6566129 12506835))
32753;POLYGON((5685062 12263482,5826933 12299423,5898189 12003185,5753035 11971241,5685062 12263482))
32754;POLYGON((4869599 12079712,5001579 12106893,5055346 11832348,4920907 11808286,4869599 12079712))
32755;POLYGON((4105807 11940803,4230031 11961315,4270559 11703648,4144441 11685548,4105807 11940803))
32756;POLYGON((3382190 11836622,3500431 11851899,3530629 11607196,3410879 11593748,3382190 11836622))
32757;POLYGON((2689111 11760252,2802868 11771269,2824708 11536272,2709700 11526591,2689111 11760252))
32758;POLYGON((2018311 11707044,2128882 11714448,2143673 11486367,2032018 11479868,2018311 11707044))
32759;POLYGON((1362505 11673984,1471052 11678184,1479622 11454548,1370091 11450865,1362505 11673984))
32760;POLYGON((715053 11659297,822650 11660513,825458 11439053,716922 11437987,715053 11659297))
32601;POLYGON((69665 1662218,177349 1660513,174541 1439053,65915 1440548,69665 1662218))
32602;POLYGON((-579861 1682897,-471052 1678184,-479622 1454548,-589426 1458683,-579861 1682897))
32603;POLYGON((-1239901 1722421,-1128882 1714448,-1143673 1486367,-1255798 1493365,-1239901 1722421))
32604;POLYGON((-1917278 1782944,-1802868 1771269,-1824708 1536272,-1940404 1546533,-1917278 1782944))
32605;POLYGON((-2619559 1867971,-2500431 1851899,-2530629 1607196,-2651321 1621349,-2619559 1867971))
32606;POLYGON((-3355416 1982824,-3230031 1961315,-3270559 1703648,-3397918 1722637,-3355416 1982824))
32607;POLYGON((-4135047 2135367,-4001579 2106893,-4055346 1832348,-4191390 1857569,-4135047 2135367))
32608;POLYGON((-4970691 2337087,-4826933 2299423,-4898189 2003185,-5045400 2036686,-4970691 2337087))
32609;POLYGON((-5877243 2604629,-5720498 2554560,-5815414 2230600,-5976878 2275355,-5877243 2604629))
32610;POLYGON((-6873008 2961936,-6699953 2894853,-6827409 2535512,-7006998 2595810,-6873008 2961936))
32611;POLYGON((-7980591 3443134,-7787117 3352493,-7959773 2947947,-8162351 3029910,-7980591 3443134))
32612;POLYGON((-9227955 4096358,-9008979 3972969,-9244676 3510535,-9476354 3622795,-9227955 4096358))
32613;POLYGON((-10649663 4988700,-10398907 4819815,-10722476 4283061,-10990905 4437638,-10649663 4988700))
32614;POLYGON((-12288324 6212512,-11998060 5980672,-12443616 5348286,-12758333 5561697,-12288324 6212512))
32615;POLYGON((-14196257 7893312,-13857013 7574904,-14470819 6819265,-14843644 7113907,-14196257 7893312))
32616;POLYGON((-16437402 10199542,-16037627 9763035,-16881616 8848426,-17327108 9254278,-16437402 10199542))
32617;POLYGON((-19089487 13354479,-18615168 12758275,-19771233 11638669,-20307206 12195362,-19089487 13354479))
32618;POLYGON((-22246473 17650607,-21680709 16840462,-23255854 15456795,-23903962 16216094,-22246473 17650607))
32619;POLYGON((-26021298 23466773,-25343823 22372727,-27476302 20649574,-28262694 21678339,-26021298 23466773))
32620;POLYGON((-30548944 31288481,-29735589 29821247,-32602153 27662786,-33558200 29046461,-30548944 31288481))
32621;POLYGON((-35989826 41731711,-35011936 39778439,-38836304 37063613,-39999412 38910303,-35989826 41731711))
32622;POLYGON((-42533555 55570639,-41357329 52990010,-46420047 49566730,-47834546 52011947,-42533555 55570639))
32623;POLYGON((-50403055 73769693,-48988840 70386257,-55638640 66064534,-57356769 69276658,-50403055 73769693))
32624;POLYGON((-59859093 97520375,-58160595 93118063,-66827431 87661895,-68910414 91848444,-59859093 97520375))
32625;POLYGON((-71205200 128283313,-69168639 122598044,-80378548 115715911,-82897761 121130678,-71205200 128283313))
32626;POLYGON((-84793046 167836031,-82356226 160547334,-96748179 151881095,-99786428 158832245,-84793046 167836031))
32627;POLYGON((-101028245 218326931,-98119557 209048494,-116464478 198160505,-120117376 207019712,-101028245 218326931))
32628;POLYGON((-120376641 282336029,-116913980 270605083,-140136116 256963315,-144513572 268176017,-120376641 282336029))
32629;POLYGON((-143371078 362942982,-139260682 348208435,-168461503 331169357,-173689332 345266227,-143371078 362942982))
32630;POLYGON((-170618682 463802976,-165753880 445412191,-202238718 424201172,-208460359 441810902,-170618682 463802976))
32631;POLYGON((162022808 427680841,166753880 445412191,203238718 424201172,197193476 407225154,162022808 427680841))
32632;POLYGON((136265285 334016893,140260682 348208435,169461503 331169357,164384866 317594026,136265285 334016893))
32633;POLYGON((114549829 259318618,117913980 270605083,141136116 256963315,136887706 246177263,114549829 259318618))
32634;POLYGON((96294918 200131612,99119557 209048494,117464478 198160505,113921250 189648113,96294918 200131612))
32635;POLYGON((80990821 153550800,83356226 160547334,97748179 151881095,94802712 145209983,80990821 153550800))
32636;POLYGON((68192501 117147223,70168639 122598044,81378548 115715911,78937465 110525673,68192501 117147223))
32637;POLYGON((57512999 88902508,59160595 93118063,67827431 87661895,65809924 83654031,57512999 88902508))
32638;POLYGON((48617315 67150444,49988840 70386257,56638640 66064534,54975110 62993498,48617315 67150444))
32639;POLYGON((41216746 50525128,42357329 52990010,47420047 49566730,46050848 47232000,41216746 50525128))
32640;POLYGON((35063668 37915153,36011936 39778439,39836304 37063613,38710587 35302699,35063668 37915153))
32641;POLYGON((29946743 28423355,30735589 29821247,33602153 27662786,32676805 26345104,29946743 28423355))
32642;POLYGON((25686532 21331628,26343823 22372727,28476302 20649574,27714985 19671104,25686532 21331628))
32643;POLYGON((22131495 16070365,22680709 16840462,24255854 15456795,23628120 14735459,22131495 16070365))
32644;POLYGON((19154362 12192077,19615168 12758275,20771233 11638669,20251732 11110349,19154362 12192077))
32645;POLYGON((16648841 9348799,17037627 9763035,17881616 8848426,17449378 8463571,16648841 9348799))
32646;POLYGON((14526675 7272876,14857013 7574904,15470819 6819265,15108610 6540015,14526675 7272876))
32647;POLYGON((12714988 5760778,12998060 5980672,13443616 5348286,13137368 5146058,12714988 5760778))
32648;POLYGON((11153942 4659583,11398907 4819815,11722476 4283061,11460779 4136547,11153942 4659583))
32649;POLYGON((9794653 3855815,10008979 3972969,10244676 3510535,10018333 3404056,9794653 3855815))
32650;POLYGON((8597370 3266335,8787117 3352493,8959773 2947947,8761414 2870117,8597370 3266335))
32651;POLYGON((7529878 2831000,7699953 2894853,7827409 2535512,7651149 2478172,7529878 2831000))
32652;POLYGON((6566129 2506835,6720498 2554560,6815414 2230600,6656570 2187978,6566129 2506835))
32653;POLYGON((5685062 2263482,5826933 2299423,5898189 2003185,5753035 1971241,5685062 2263482))
32654;POLYGON((4869599 2079712,5001579 2106893,5055346 1832348,4920907 1808286,4869599 2079712))
32655;POLYGON((4105807 1940803,4230031 1961315,4270559 1703648,4144441 1685548,4105807 1940803))
32656;POLYGON((3382190 1836622,3500431 1851899,3530629 1607196,3410879 1593748,3382190 1836622))
32657;POLYGON((2689111 1760252,2802868 1771269,2824708 1536272,2709700 1526591,2689111 1760252))
32658;POLYGON((2018311 1707044,2128882 1714448,2143673 1486367,2032018 1479868,2018311 1707044))
32659;POLYGON((1362505 1673984,1471052 1678184,1479622 1454548,1370091 1450865,1362505 1673984))
32660;POLYGON((715053 1659297,822650 1660513,825458 1439053,716922 1437987,715053 1659297))
