32701;POLYGON((237867 15990929,303379 15987687,294071 15765288,225451 15768595,237867 15990929))
32702;POLYGON((-154454 16029925,-89188 16021089,-117232 15799377,-185648 15808400,-154454 16029925))
32703;POLYGON((-544427 16102813,-479662 16088281,-526795 15868029,-594791 15882890,-544427 16102813))
32704;POLYGON((-930357 16210401,-866399 16190016,-933188 15972168,-1000491 15993062,-930357 16210401))
32705;POLYGON((-1310148 16353798,-1247381 16327358,-1334571 16113121,-1400820 16140305,-1310148 16353798))
32706;POLYGON((-1681128 16534316,-1620044 16501593,-1728496 16292538,-1793210 16326308,-1681128 16534316))
32707;POLYGON((-2039869 16753315,-1981101 16714089,-2111695 16512247,-2174232 16552912,-2039869 16753315))
32708;POLYGON((-2381979 17011984,-2326337 16966079,-2479828 16774045,-2539341 16821880,-2381979 17011984))
32709;POLYGON((-2701870 17311008,-2650377 17258364,-2827193 17079376,-2882577 17134558,-2701870 17311008))
32710;POLYGON((-2992495 17650125,-2946440 17590874,-3146390 17428876,-3196219 17491392,-2992495 17650125))
32711;POLYGON((-3245051 18027514,-3206036 17962100,-3427927 17821747,-3470385 17891268,-3245051 18027514))
32712;POLYGON((-3448647 18438984,-3418648 18368311,-3659763 18254902,-3692560 18330617,-3448647 18438984))
32713;POLYGON((-3589920 18876927,-3571353 18802553,-3826789 18721851,-3847066 18802251,-3589920 18876927))
32714;POLYGON((-3652611 19328985,-3648407 19253366,-3910220 19211255,-3914443 19293859,-3652611 19328985))
32715;POLYGON((-3617082 19776368,-3630771 19703165,-3886913 19705103,-3870749 19786105,-3617082 19776368))
32716;POLYGON((-3459784 20191784,-3495587 20126238,-3728592 20176428,-3686767 20250275,-3459784 20191784))
32717;POLYGON((-3152651 20536911,-3215587 20486297,-3400964 20586509,-3327112 20645377,-3152651 20536911))
32718;POLYGON((-2662442 20759338,-2758440 20733517,-2862744 20881473,-2749229 20914632,-2662442 20759338))
32719;POLYGON((-1950002 20788925,-2086032 20800991,-2064557 20988207,-1902279 20981273,-1950002 20788925))
32720;POLYGON((-969450 20533477,-1153663 20600534,-947718 20809505,-725898 20743548,-969450 20533477))
32721;POLYGON((332706 19873686,90825 20017741,557110 20218355,851164 20068852,332706 19873686))
32722;POLYGON((2018552 18657229,1708016 18906239,2531400 19051247,2912559 18786873,2018552 18657229))
32723;POLYGON((4159822 16691944,3767956 17081022,5070379 17100433,5555975 16681652,4159822 16691944))
32724;POLYGON((6839060 13737992,6351305 14310787,8284808 14104992,8894944 13482449,6839060 13737992))
32725;POLYGON((10150872 9498907,9550566 10309179,12302911 9740604,13060800 8853289,10150872 9498907))
32726;POLYGON((14203285 3611420,13471431 4724823,17272470 3607919,18204800 2381075,14203285 3611420))
32727;POLYGON((19119207 -4366035,18234222 -2869938,23363095 -4780634,24500427 -6437863,19119207 -4366035))
32728;POLYGON((25038002 -14966260,23975445 -12991739,30768673 -16015701,32145862 -18212919,25038002 -14966260))
32729;POLYGON((32117181 -28827780,30849464 -26260407,39709999 -30807669,41366659 -33676194,32117181 -28827780))
32730;POLYGON((40534212 -46711011,39030291 -43414847,50437612 -50005299,52418598 -53701466,40534212 -46711011))
32731;POLYGON((-36568051 -40250592,-38030291 -43414847,-49437612 -50005299,-47514034 -46459098,-36568051 -40250592))
32732;POLYGON((-28618000 -23800665,-29849464 -26260407,-38709999 -30807669,-37102885 -28061167,-28618000 -23800665))
32733;POLYGON((-21944310 -11104363,-22975445 -12991739,-29768673 -16015701,-28434076 -13916975,-21944310 -11104363))
32734;POLYGON((-16376375 -1443805,-17234222 -2869938,-22363095 -4780634,-21262229 -3202206,-16376375 -1443805))
32735;POLYGON((-11762928 5782582,-12471431 4724823,-16272470 3607919,-15371226 4772332,-11762928 5782582))
32736;POLYGON((-7970272 11075657,-8550566 10309179,-11302911 9740604,-10571403 10578999,-7970272 11075657))
32737;POLYGON((-4880629 14849523,-5351305 14310787,-7284808 14104992,-6696953 14689677,-4880629 14849523))
32738;POLYGON((-2390603 17443973,-2767956 17081022,-4070379 17100433,-3603506 17490340,-2390603 17443973))
32739;POLYGON((-409754 19135528,-708016 18906239,-1531400 19051247,-1165891 19293971,-409754 19135528))
32740;POLYGON((1140723 20147196,909174 20017741,442889 20218355,723934 20351958,1140723 20147196))
32741;POLYGON((2329226 20657042,2153663 20600534,1947718 20809505,2158787 20864088,2329226 20657042))
32742;POLYGON((3214859 20805674,3086032 20800991,3064557 20988207,3218008 20987279,3214859 20805674))
32743;POLYGON((3848474 20702750,3758440 20733517,3862744 20881473,3969059 20843139,3848474 20702750))
32744;POLYGON((4273614 20432587,4215587 20486297,4400964 20586509,4468984 20524487,4273614 20432587))
32745;POLYGON((4527379 20058972,4495587 20126238,4728592 20176428,4765729 20100913,4527379 20058972))
32746;POLYGON((4641205 19629244,4630771 19703165,4886913 19705103,4899341 19623502,4641205 19629244))
32747;POLYGON((4641582 19177738,4648407 19253366,4910220 19211255,4903043 19128796,4641582 19177738))
32748;POLYGON((4550693 18728653,4571353 18802553,4826789 18721851,4804199 18642088,4550693 18728653))
32749;POLYGON((4386991 18298426,4418648 18368311,4659763 18254902,4625175 18180136,4386991 18298426))
32750;POLYGON((4165721 17897665,4206036 17962100,4427927 17821747,4384095 17753352,4165721 17897665))
32751;POLYGON((3899376 17532704,3946440 17590874,4146390 17428876,4095521 17367569,3899376 17532704))
32752;POLYGON((3598111 17206840,3650377 17258364,3827193 17079376,3771031 17025423,3598111 17206840))
32753;POLYGON((3270108 16921296,3326337 16966079,3479828 16774045,3419741 16727421,3270108 16921296))
32754;POLYGON((2921897 16675960,2981101 16714089,3111695 16512247,3048742 16472752,2921897 16675960))
32755;POLYGON((2558640 16469934,2620044 16501593,2728496 16292538,2663487 16259887,2558640 16469934))
32756;POLYGON((2184384 16301942,2247381 16327358,2334571 16113121,2268117 16087006,2184384 16301942))
32757;POLYGON((1802282 16170620,1866399 16190016,1933188 15972168,1865748 15952295,1802282 16170620))
32758;POLYGON((1414794 16074709,1479662 16088281,1526795 15868029,1458712 15854153,1414794 16074709))
32759;POLYGON((1023866 16013191,1089188 16021089,1117232 15799377,1048768 15791314,1023866 16013191))
32760;POLYGON((631090 15985372,696620 15987687,705928 15765288,637294 15762926,631090 15985372))
32601;POLYGON((237867 5990929,303379 5987687,294071 5765288,225451 5768595,237867 5990929))
32602;POLYGON((-154454 6029925,-89188 6021089,-117232 5799377,-185648 5808400,-154454 6029925))
32603;POLYGON((-544427 6102813,-479662 6088281,-526795 5868029,-594791 5882890,-544427 6102813))
32604;POLYGON((-930357 6210401,-866399 6190016,-933188 5972168,-1000491 5993062,-930357 6210401))
32605;POLYGON((-1310148 6353798,-1247381 6327358,-1334571 6113121,-1400820 6140305,-1310148 6353798))
32606;POLYGON((-1681128 6534316,-1620044 6501593,-1728496 6292538,-1793210 6326308,-1681128 6534316))
32607;POLYGON((-2039869 6753315,-1981101 6714089,-2111695 6512247,-2174232 6552912,-2039869 6753315))
32608;POLYGON((-2381979 7011984,-2326337 6966079,-2479828 6774045,-2539341 6821880,-2381979 7011984))
32609;POLYGON((-2701870 7311008,-2650377 7258364,-2827193 7079376,-2882577 7134558,-2701870 7311008))
32610;POLYGON((-2992495 7650125,-2946440 7590874,-3146390 7428876,-3196219 7491392,-2992495 7650125))
32611;POLYGON((-3245051 8027514,-3206036 7962100,-3427927 7821747,-3470385 7891268,-3245051 8027514))
32612;POLYGON((-3448647 8438984,-3418648 8368311,-3659763 8254902,-3692560 8330617,-3448647 8438984))
32613;POLYGON((-3589920 8876927,-3571353 8802553,-3826789 8721851,-3847066 8802251,-3589920 8876927))
32614;POLYGON((-3652611 9328985,-3648407 9253366,-3910220 9211255,-3914443 9293859,-3652611 9328985))
32615;POLYGON((-3617082 9776368,-3630771 9703165,-3886913 9705103,-3870749 9786105,-3617082 9776368))
32616;POLYGON((-3459784 10191784,-3495587 10126238,-3728592 10176428,-3686767 10250275,-3459784 10191784))
32617;POLYGON((-3152651 10536911,-3215587 10486297,-3400964 10586509,-3327112 10645377,-3152651 10536911))
32618;POLYGON((-2662442 10759338,-2758440 10733517,-2862744 10881473,-2749229 10914632,-2662442 10759338))
32619;POLYGON((-1950002 10788925,-2086032 10800991,-2064557 10988207,-1902279 10981273,-1950002 10788925))
32620;POLYGON((-969450 10533477,-1153663 10600534,-947718 10809505,-725898 10743548,-969450 10533477))
32621;POLYGON((332706 9873686,90825 10017741,557110 10218355,851164 10068852,332706 9873686))
32622;POLYGON((2018552 8657229,1708016 8906239,2531400 9051247,2912559 8786873,2018552 8657229))
32623;POLYGON((4159822 6691944,3767956 7081022,5070379 7100433,5555975 6681652,4159822 6691944))
32624;POLYGON((6839060 3737992,6351305 4310787,8284808 4104992,8894944 3482449,6839060 3737992))
32625;POLYGON((10150872 -501092,9550566 309179,12302911 -259395,13060800 -1146710,10150872 -501092))
32626;POLYGON((14203285 -6388579,13471431 -5275176,17272470 -6392080,18204800 -7618924,14203285 -6388579))
32627;POLYGON((19119207 -14366035,18234222 -12869938,23363095 -14780634,24500427 -16437863,19119207 -14366035))
32628;POLYGON((25038002 -24966260,23975445 -22991739,30768673 -26015701,32145862 -28212919,25038002 -24966260))
32629;POLYGON((32117181 -38827780,30849464 -36260407,39709999 -40807669,41366659 -43676194,32117181 -38827780))
32630;POLYGON((40534212 -56711011,39030291 -53414847,50437612 -60005299,52418598 -63701466,40534212 -56711011))
32631;POLYGON((-36568051 -50250592,-38030291 -53414847,-49437612 -60005299,-47514034 -56459098,-36568051 -50250592))
32632;POLYGON((-28618000 -33800665,-29849464 -36260407,-38709999 -40807669,-37102885 -38061167,-28618000 -33800665))
32633;POLYGON((-21944310 -21104363,-22975445 -22991739,-29768673 -26015701,-28434076 -23916975,-21944310 -21104363))
32634;POLYGON((-16376375 -11443805,-17234222 -12869938,-22363095 -14780634,-21262229 -13202206,-16376375 -11443805))
32635;POLYGON((-11762928 -4217417,-12471431 -5275176,-16272470 -6392080,-15371226 -5227667,-11762928 -4217417))
32636;POLYGON((-7970272 1075657,-8550566 309179,-11302911 -259395,-10571403 578999,-7970272 1075657))
32637;POLYGON((-4880629 4849523,-5351305 4310787,-7284808 4104992,-6696953 4689677,-4880629 4849523))
32638;POLYGON((-2390603 7443973,-2767956 7081022,-4070379 7100433,-3603506 7490340,-2390603 7443973))
32639;POLYGON((-409754 9135528,-708016 8906239,-1531400 9051247,-1165891 9293971,-409754 9135528))
32640;POLYGON((1140723 10147196,909174 10017741,442889 10218355,723934 10351958,1140723 10147196))
32641;POLYGON((2329226 10657042,2153663 10600534,1947718 10809505,2158787 10864088,2329226 10657042))
32642;POLYGON((3214859 10805674,3086032 10800991,3064557 10988207,3218008 10987279,3214859 10805674))
32643;POLYGON((3848474 10702750,3758440 10733517,3862744 10881473,3969059 10843139,3848474 10702750))
32644;POLYGON((4273614 10432587,4215587 10486297,4400964 10586509,4468984 10524487,4273614 10432587))
32645;POLYGON((4527379 10058972,4495587 10126238,4728592 10176428,4765729 10100913,4527379 10058972))
32646;POLYGON((4641205 9629244,4630771 9703165,4886913 9705103,4899341 9623502,4641205 9629244))
32647;POLYGON((4641582 9177738,4648407 9253366,4910220 9211255,4903043 9128796,4641582 9177738))
32648;POLYGON((4550693 8728653,4571353 8802553,4826789 8721851,4804199 8642088,4550693 8728653))
32649;POLYGON((4386991 8298426,4418648 8368311,4659763 8254902,4625175 8180136,4386991 8298426))
32650;POLYGON((4165721 7897665,4206036 7962100,4427927 7821747,4384095 7753352,4165721 7897665))
32651;POLYGON((3899376 7532704,3946440 7590874,4146390 7428876,4095521 7367569,3899376 7532704))
32652;POLYGON((3598111 7206840,3650377 7258364,3827193 7079376,3771031 7025423,3598111 7206840))
32653;POLYGON((3270108 6921296,3326337 6966079,3479828 6774045,3419741 6727421,3270108 6921296))
32654;POLYGON((2921897 6675960,2981101 6714089,3111695 6512247,3048742 6472752,2921897 6675960))
32655;POLYGON((2558640 6469934,2620044 6501593,2728496 6292538,2663487 6259887,2558640 6469934))
32656;POLYGON((2184384 6301942,2247381 6327358,2334571 6113121,2268117 6087006,2184384 6301942))
32657;POLYGON((1802282 6170620,1866399 6190016,1933188 5972168,1865748 5952295,1802282 6170620))
32658;POLYGON((1414794 6074709,1479662 6088281,1526795 5868029,1458712 5854153,1414794 6074709))
32659;POLYGON((1023866 6013191,1089188 6021089,1117232 5799377,1048768 5791314,1023866 6013191))
32660;POLYGON((631090 5985372,696620 5987687,705928 5765288,637294 5762926,631090 5985372))
