32701;POLYGON((134891 13880360,226201 13877156,219700 13655285,126212 13658400,134891 13880360))
32702;POLYGON((-414103 13919073,-322423 13910273,-342154 13687491,-436094 13696054,-414103 13919073))
32703;POLYGON((-966447 13992321,-874078 13977624,-907731 13753064,-1002521 13767385,-966447 13992321))
32704;POLYGON((-1523909 14102603,-1430579 14081506,-1479348 13854395,-1575353 13875002,-1523909 14102603))
32705;POLYGON((-2087869 14253746,-1993383 14225512,-2059036 13995255,-2156552 14022927,-2087869 14253746))
32706;POLYGON((-2659054 14451080,-2563351 14414706,-2648320 14181021,-2747533 14216828,-2659054 14451080))
32707;POLYGON((-3237182 14701692,-3140398 14655863,-3247908 14418984,-3348826 14464356,-3237182 14701692))
32708;POLYGON((-3820466 15014725,-3723029 14957760,-3857252 14718762,-3959623 14775563,-3820466 15014725))
32709;POLYGON((-4404952 15401739,-4307706 15331527,-4473951 15092821,-4577143 15163448,-4404952 15401739))
32710;POLYGON((-4983678 15877129,-4888034 15791054,-5092979 15557111,-5195834 15644614,-4983678 15877129))
32711;POLYGON((-5545602 16458596,-5453735 16353456,-5705697 16131857,-5806341 16240087,-5545602 16458596))
32712;POLYGON((-6074289 17167673,-5989377 17039590,-6298624 16842501,-6394238 16976282,-6074289 17167673))
32713;POLYGON((-6546323 18030306,-6472831 17874622,-6851947 17720835,-6938493 17886172,-6546323 18030306))
32714;POLYGON((-6929409 19077485,-6873425 18888657,-7337732 18806334,-7409621 19010663,-6929409 19077485))
32715;POLYGON((-7180147 20345928,-7149782 20117408,-7717811 20147739,-7767520 20400206,-7180147 20345928))
32716;POLYGON((-7241441 21878807,-7247283 21602919,-7941324 21804887,-7958948 22116691,-7241441 21878807))
32717;POLYGON((-7039516 23726532,-7095158 23394338,-7941873 23850858,-7914614 24235636,-7039516 23726532))
32718;POLYGON((-6480525 25947571,-6603159 25548730,-7634276 26374445,-7545857 26848714,-6480525 25947571))
32719;POLYGON((-5446694 28609317,-5657789 28131939,-6910877 29482990,-6740889 30066668,-5446694 28609317))
32720;POLYGON((-3792006 31788999,-4118058 31219489,-5637406 33305644,-5360562 34022630,-3792006 31788999))
32721;POLYGON((-1337370 35574622,-1810744 34897524,-3648331 37997069,-3233649 38875905,-1337370 35574622))
32722;POLYGON((2134739 40065961,1474875 39263785,-741701 43741635,-151590 44816265,2134739 40065961))
32723;POLYGON((6886206 45375570,5992856 44428626,3326560 50758173,4137307 52068785,6886206 45375570))
32724;POLYGON((13229781 51629835,12046992 50516052,8848940 59305312,9934253 60899288,13229781 51629835))
32725;POLYGON((21536219 58970055,19997849 57664802,16173227 69687461,17596966 71620448,21536219 58970055))
32726;POLYGON((32242053 67553543,30270428 66029440,25710027 82261507,27547297 84598598,32242053 67553543))
32727;POLYGON((45858053 77554753,43362509 75781486,37940945 97444249,40279530 100261304,45858053 77554753))
32728;POLYGON((62978385 89166429,59853693 87110556,53427459 115720671,56369364 119105777,62978385 89166429))
32729;POLYGON((84290503 102600771,80415166 100225523,72820497 137653079,76483623 141708166,84290503 102600771))
32730;POLYGON((110585803 118090608,105820228 115355697,96870777 163891194,101390712 168733811,110585803 118090608))
32731;POLYGON((-100213547 112683684,-104820228 115355697,-95870777 163891194,-91503866 159188716,-100213547 112683684))
32732;POLYGON((-75674119 97906204,-79415166 100225523,-71820497 137653079,-68286489 133717374,-75674119 97906204))
32733;POLYGON((-55841835 85104244,-58853693 87110556,-52427459 115720671,-49593844 112436924,-55841835 85104244))
32734;POLYGON((-39961179 74051983,-42362509 75781486,-36940945 97444249,-34692593 94712957,-39961179 74051983))
32735;POLYGON((-27376938 64543836,-29270428 66029440,-24710027 82261507,-22947414 79996727,-27376938 64543836))
32736;POLYGON((-17523808 56393285,-18997849 57664802,-15173227 69687461,-13810788 67815226,-17523808 56393285))
32737;POLYGON((-9916745 49431715,-11046992 50516052,-7848940 59305312,-6813539 57762190,-9916745 49431715))
32738;POLYGON((-4142049 43507276,-4992856 44428626,-2326560 50758173,-1556081 49489976,-4142049 43507276))
32739;POLYGON((150867 38483762,-474875 39263785,1741701 43741635,2299652 42702248,150867 38483762))
32740;POLYGON((3257040 34239515,2810744 34897524,4648331 37997069,5037619 37147408,3257040 34239515))
32741;POLYGON((5422871 30666356,5118058 31219489,6637406 33305644,6894454 32612725,5422871 30666356))
32742;POLYGON((6852446 27668547,6657789 28131939,7910877 29482990,8065656 28919090,6852446 27668547))
32743;POLYGON((7713262 25161779,7603159 25548730,8634276 26374445,8711204 25916375,7713262 25161779))
32744;POLYGON((8141411 23072207,8095158 23394338,8941873 23850858,8960623 23479307,8141411 23072207))
32745;POLYGON((8246234 21335511,8247283 21602919,8941324 21804887,8917548 21503848,8246234 21335511))
32746;POLYGON((8114485 19896005,8149782 20117408,8717811 20147739,8663787 19904012,8114485 19896005))
32747;POLYGON((7814020 18705780,7873425 18888657,8337732 18806334,8262934 18609090,7814020 18705780))
32748;POLYGON((7397061 17723898,7472831 17874622,7851947 17720835,7763548 17561231,7397061 17723898))
32749;POLYGON((6903035 16915631,6989377 17039590,7298624 16842501,7201928 16713361,6903035 16915631))
32750;POLYGON((6361048 16251743,6453735 16353456,6705697 16131857,6604518 16027387,6361048 16251743))
32751;POLYGON((5791994 15707827,5888034 15791054,6092979 15557111,5989960 15472664,5791994 15707827))
32752;POLYGON((5210347 15263689,5307706 15331527,5473951 15092821,5370831 15024691,5210347 15263689))
32753;POLYGON((4625656 14902785,4723029 14957760,4857252 14718762,4755091 14664017,4625656 14902785))
32754;POLYGON((4043774 14611716,4140398 14655863,4247908 14418984,4147266 14375322,4043774 14611716))
32755;POLYGON((3467848 14379771,3563351 14414706,3648320 14181021,3549397 14146658,3467848 14379771))
32756;POLYGON((2899099 14198529,2993383 14225512,3059036 13995255,2961788 13968827,2899099 14198529))
32757;POLYGON((2337424 14061520,2430579 14081506,2479348 13854395,2383568 13834881,2337424 14061520))
32758;POLYGON((1781845 13963939,1874078 13977624,1907731 13753064,1813108 13739732,1781845 13963939))
32759;POLYGON((1230827 13902420,1322423 13910273,1342154 13687491,1248319 13679853,1230827 13902420))
32760;POLYGON((682516 13874870,773798 13877156,780299 13655285,686847 13653063,682516 13874870))
32601;POLYGON((134891 3880360,226201 3877156,219700 3655285,126212 3658400,134891 3880360))
32602;POLYGON((-414103 3919073,-322423 3910273,-342154 3687491,-436094 3696054,-414103 3919073))
32603;POLYGON((-966447 3992321,-874078 3977624,-907731 3753064,-1002521 3767385,-966447 3992321))
32604;POLYGON((-1523909 4102603,-1430579 4081506,-1479348 3854395,-1575353 3875002,-1523909 4102603))
32605;POLYGON((-2087869 4253746,-1993383 4225512,-2059036 3995255,-2156552 4022927,-2087869 4253746))
32606;POLYGON((-2659054 4451080,-2563351 4414706,-2648320 4181021,-2747533 4216828,-2659054 4451080))
32607;POLYGON((-3237182 4701692,-3140398 4655863,-3247908 4418984,-3348826 4464356,-3237182 4701692))
32608;POLYGON((-3820466 5014725,-3723029 4957760,-3857252 4718762,-3959623 4775563,-3820466 5014725))
32609;POLYGON((-4404952 5401739,-4307706 5331527,-4473951 5092821,-4577143 5163448,-4404952 5401739))
32610;POLYGON((-4983678 5877129,-4888034 5791054,-5092979 5557111,-5195834 5644614,-4983678 5877129))
32611;POLYGON((-5545602 6458596,-5453735 6353456,-5705697 6131857,-5806341 6240087,-5545602 6458596))
32612;POLYGON((-6074289 7167673,-5989377 7039590,-6298624 6842501,-6394238 6976282,-6074289 7167673))
32613;POLYGON((-6546323 8030306,-6472831 7874622,-6851947 7720835,-6938493 7886172,-6546323 8030306))
32614;POLYGON((-6929409 9077485,-6873425 8888657,-7337732 8806334,-7409621 9010663,-6929409 9077485))
32615;POLYGON((-7180147 10345928,-7149782 10117408,-7717811 10147739,-7767520 10400206,-7180147 10345928))
32616;POLYGON((-7241441 11878807,-7247283 11602919,-7941324 11804887,-7958948 12116691,-7241441 11878807))
32617;POLYGON((-7039516 13726532,-7095158 13394338,-7941873 13850858,-7914614 14235636,-7039516 13726532))
32618;POLYGON((-6480525 15947571,-6603159 15548730,-7634276 16374445,-7545857 16848714,-6480525 15947571))
32619;POLYGON((-5446694 18609317,-5657789 18131939,-6910877 19482990,-6740889 20066668,-5446694 18609317))
32620;POLYGON((-3792006 21788999,-4118058 21219489,-5637406 23305644,-5360562 24022630,-3792006 21788999))
32621;POLYGON((-1337370 25574622,-1810744 24897524,-3648331 27997069,-3233649 28875905,-1337370 25574622))
32622;POLYGON((2134739 30065961,1474875 29263785,-741701 33741635,-151590 34816265,2134739 30065961))
32623;POLYGON((6886206 35375570,5992856 34428626,3326560 40758173,4137307 42068785,6886206 35375570))
32624;POLYGON((13229781 41629835,12046992 40516052,8848940 49305312,9934253 50899288,13229781 41629835))
32625;POLYGON((21536219 48970055,19997849 47664802,16173227 59687461,17596966 61620448,21536219 48970055))
32626;POLYGON((32242053 57553543,30270428 56029440,25710027 72261507,27547297 74598598,32242053 57553543))
32627;POLYGON((45858053 67554753,43362509 65781486,37940945 87444249,40279530 90261304,45858053 67554753))
32628;POLYGON((62978385 79166429,59853693 77110556,53427459 105720671,56369364 109105777,62978385 79166429))
32629;POLYGON((84290503 92600771,80415166 90225523,72820497 127653079,76483623 131708166,84290503 92600771))
32630;POLYGON((110585803 108090608,105820228 105355697,96870777 153891194,101390712 158733811,110585803 108090608))
32631;POLYGON((-100213547 102683684,-104820228 105355697,-95870777 153891194,-91503866 149188716,-100213547 102683684))
32632;POLYGON((-75674119 87906204,-79415166 90225523,-71820497 127653079,-68286489 123717374,-75674119 87906204))
32633;POLYGON((-55841835 75104244,-58853693 77110556,-52427459 105720671,-49593844 102436924,-55841835 75104244))
32634;POLYGON((-39961179 64051983,-42362509 65781486,-36940945 87444249,-34692593 84712957,-39961179 64051983))
32635;POLYGON((-27376938 54543836,-29270428 56029440,-24710027 72261507,-22947414 69996727,-27376938 54543836))
32636;POLYGON((-17523808 46393285,-18997849 47664802,-15173227 59687461,-13810788 57815226,-17523808 46393285))
32637;POLYGON((-9916745 39431715,-11046992 40516052,-7848940 49305312,-6813539 47762190,-9916745 39431715))
32638;POLYGON((-4142049 33507276,-4992856 34428626,-2326560 40758173,-1556081 39489976,-4142049 33507276))
32639;POLYGON((150867 28483762,-474875 29263785,1741701 33741635,2299652 32702248,150867 28483762))
32640;POLYGON((3257040 24239515,2810744 24897524,4648331 27997069,5037619 27147408,3257040 24239515))
32641;POLYGON((5422871 20666356,5118058 21219489,6637406 23305644,6894454 22612725,5422871 20666356))
32642;POLYGON((6852446 17668547,6657789 18131939,7910877 19482990,8065656 18919090,6852446 17668547))
32643;POLYGON((7713262 15161779,7603159 15548730,8634276 16374445,8711204 15916375,7713262 15161779))
32644;POLYGON((8141411 13072207,8095158 13394338,8941873 13850858,8960623 13479307,8141411 13072207))
32645;POLYGON((8246234 11335511,8247283 11602919,8941324 11804887,8917548 11503848,8246234 11335511))
32646;POLYGON((8114485 9896005,8149782 10117408,8717811 10147739,8663787 9904012,8114485 9896005))
32647;POLYGON((7814020 8705780,7873425 8888657,8337732 8806334,8262934 8609090,7814020 8705780))
32648;POLYGON((7397061 7723898,7472831 7874622,7851947 7720835,7763548 7561231,7397061 7723898))
32649;POLYGON((6903035 6915631,6989377 7039590,7298624 6842501,7201928 6713361,6903035 6915631))
32650;POLYGON((6361048 6251743,6453735 6353456,6705697 6131857,6604518 6027387,6361048 6251743))
32651;POLYGON((5791994 5707827,5888034 5791054,6092979 5557111,5989960 5472664,5791994 5707827))
32652;POLYGON((5210347 5263689,5307706 5331527,5473951 5092821,5370831 5024691,5210347 5263689))
32653;POLYGON((4625656 4902785,4723029 4957760,4857252 4718762,4755091 4664017,4625656 4902785))
32654;POLYGON((4043774 4611716,4140398 4655863,4247908 4418984,4147266 4375322,4043774 4611716))
32655;POLYGON((3467848 4379771,3563351 4414706,3648320 4181021,3549397 4146658,3467848 4379771))
32656;POLYGON((2899099 4198529,2993383 4225512,3059036 3995255,2961788 3968827,2899099 4198529))
32657;POLYGON((2337424 4061520,2430579 4081506,2479348 3854395,2383568 3834881,2337424 4061520))
32658;POLYGON((1781845 3963939,1874078 3977624,1907731 3753064,1813108 3739732,1781845 3963939))
32659;POLYGON((1230827 3902420,1322423 3910273,1342154 3687491,1248319 3679853,1230827 3902420))
32660;POLYGON((682516 3874870,773798 3877156,780299 3655285,686847 3653063,682516 3874870))
