32701;POLYGON((86873 7561764,190234 7564133,194772 7342521,92932 7339987,86873 7561764))
32702;POLYGON((-536016 7533066,-431762 7539602,-417940 7316285,-520598 7309297,-536016 7533066))
32703;POLYGON((-1167210 7478372,-1061217 7489388,-1037469 7262627,-1141712 7250864,-1167210 7478372))
32704;POLYGON((-1811907 7395021,-1703291 7411061,-1668472 7179056,-1775090 7161961,-1811907 7395021))
32705;POLYGON((-2475593 7278758,-2363417 7300659,-2315760 7061529,-2425572 7038252,-2475593 7278758))
32706;POLYGON((-3164125 7123265,-3047383 7152250,-2984312 6904041,-3098163 6873350,-3164125 7123265))
32707;POLYGON((-3883788 6919452,-3761402 6957268,-3679248 6698001,-3798000 6658154,-3883788 6919452))
32708;POLYGON((-4641324 6654431,-4512138 6703544,-4405746 6431335,-4530257 6379900,-4641324 6654431))
32709;POLYGON((-5443929 6310079,-5306714 6373949,-5168885 6087240,-5299978 6020845,-5443929 6310079))
32710;POLYGON((-6299193 5861083,-6152660 5944530,-5973414 5642487,-6111826 5556487,-6299193 5861083))
32711;POLYGON((-7215013 5272325,-7057830 5382016,-6823419 5065171,-6969738 4953210,-7215013 5272325))
32712;POLYGON((-8199424 4495479,-8030251 4640559,-7721887 4311775,-7876468 4165221,-8199424 4495479))
32713;POLYGON((-9260389 3464628,-9077916 3657523,-8670152 3323412,-8833008 3130639,-9260389 3464628))
32714;POLYGON((-10405513 2090741,-10208511 2348169,-9667202 2021083,-9837881 1766574,-10405513 2090741))
32715;POLYGON((-11641673 254789,-11429064 599009,-10708848 299785,-10886276 -36975,-11641673 254789))
32716;POLYGON((-12974582 -2200708,-12745516 -1740367,-11786733 -1978730,-11969032 -2424608,-12974582 -2200708))
32717;POLYGON((-14408253 -5481959,-14162205 -4867250,-12887169 -4994744,-13071449 -5584585,-14408253 -5481959))
32718;POLYGON((-15944374 -9856230,-15681254 -9037775,-13989796 -8981122,-14171910 -9759701,-15944374 -9856230))
32719;POLYGON((-17581580 -15666538,-17301861 -14581208,-15066041 -14235877,-15240308 -15260201,-17581580 -15666538))
32720;POLYGON((-19314619 -23348978,-19019485 -21916804,-16077370 -21136983,-16236265 -22479000,-19314619 -23348978))
32721;POLYGON((-21133400 -33452992,-20824913 -31573573,-16973325 -30159716,-17107128 -31909468,-21133400 -33452992))
32722;POLYGON((-23021928 -46664936,-22703213 -44213264,-17689320 -41896797,-17785724 -44166076,-23021928 -46664936))
32723;POLYGON((-24957106 -63835257,-24632560 -60656925,-18144195 -57081649,-18187878 -60008188,-24957106 -63835257))
32724;POLYGON((-26907403 -86009679,-26582928 -81915387,-18237515 -76615061,-18209657 -80367344,-26907403 -86009679))
32725;POLYGON((-28831392 -114464762,-28514647 -109224071,-17846590 -101595621,-17724356 -106378336,-28831392 -114464762))
32726;POLYGON((-30676127 -150748241,-30376808 -144082496,-16823224 -133354229,-16579189 -139414446,-30676127 -150748241))
32727;POLYGON((-32375381 -196724565,-32105528 -188298933,-14990152 -173493076,-14591680 -181127207,-32375381 -196724565))
32728;POLYGON((-33847715 -254626088,-33622045 -244040608,-12137185 -223929466,-11545752 -233491059,-33847715 -254626088))
32729;POLYGON((-34994391 -327110336,-34830656 -313889936,-8017018 -286944853,-7187489 -298853308,-34994391 -327110336))
32730;POLYGON((-35697103 -417323870,-35616479 -400907245,-2340719 -365239532,-1220554 -379989791,-35697103 -417323870))
32731;POLYGON((36520376 -385066324,36616479 -400907245,3340719 -365239532,4408458 -351000799,36520376 -385066324))
32732;POLYGON((35655225 -301145194,35830656 -313889936,9017018 -286944853,9803425 -275459746,35655225 -301145194))
32733;POLYGON((34387865 -233845933,34622045 -244040608,13137185 -223929466,13693510 -214716349,34387865 -233845933))
32734;POLYGON((32829819 -180192513,33105528 -188298933,15990152 -173493076,16360378 -166144171,32829819 -180192513))
32735;POLYGON((31073816 -137675890,31376808 -144082496,17823224 -133354229,18044841 -127526088,31073816 -137675890))
32736;POLYGON((29195998 -104192401,29514647 -109224071,18846590 -101595621,18951322 -97000577,29195998 -104192401))
32737;POLYGON((27257961 -77988565,27582928 -81915387,19237515 -76615061,19251978 -73013566,27257961 -77988565))
32738;POLYGON((25308621 -57611834,25632560 -60656925,19144195 -57081649,19090519 -54275459,25308621 -57611834))
32739;POLYGON((23385935 -41866833,23703213 -44213264,18689320 -41896797,18585706 -39722915,23385935 -41866833))
32740;POLYGON((21518466 -29776655,21824913 -31573573,17973325 -30159716,17834561 -28485046,21518466 -29776655))
32741;POLYGON((19726803 -20548810,20019485 -21916804,17077370 -21136983,16915302 -19853637,19726803 -20548810))
32742;POLYGON((18024848 -13545414,18301861 -14581208,16066041 -14235877,15889998 -13257067,18024848 -13545414))
32743;POLYGON((16420963 -8257256,16681254 -9037775,14989796 -8981122,14806972 -8237596,16420963 -8257256))
32744;POLYGON((14919007 -4281367,15162205 -4867250,13887169 -4994744,13702968 -4431711,14919007 -4281367))
32745;POLYGON((13519240 -1301770,13745516 -1740367,12786733 -1978730,12605075 -1553221,13519240 -1301770))
32746;POLYGON((12219122 926939,12429064 599009,11708848 299785,11532439 621161,12219122 926939))
32747;POLYGON((11014010 2593463,11208511 2348169,10667202 2021083,10497771 2264028,11014010 2593463))
32748;POLYGON((9897748 3841418,10077916 3657523,9670152 3323412,9508658 3507521,9897748 3841418))
32749;POLYGON((8863169 4778978,9030251 4640559,8721887 4311775,8568695 4451847,8863169 4778978))
32750;POLYGON((7902516 5486774,8057830 5382016,7823419 5065171,7678449 5172275,7902516 5486774))
32751;POLYGON((7007771 6024308,7152660 5944530,6973414 5642487,6836267 5724831,7007771 6024308))
32752;POLYGON((6170925 6435067,6306714 6373949,6168885 6087240,6038943 6150858,6170925 6435067))
32753;POLYGON((5384169 6750565,5512138 6703544,5405746 6431335,5282253 6480633,5384169 6750565))
32754;POLYGON((4640035 6993462,4761402 6957268,4679248 6698001,4561373 6736174,4640035 6993462))
32755;POLYGON((3931475 7179949,4047383 7152250,3984312 6904041,3871194 6933391,3931475 7179949))
32756;POLYGON((3251902 7321510,3363417 7300659,3315760 7061529,3206538 7083701,3251902 7321510))
32757;POLYGON((2595176 7426214,2703291 7411061,2668472 7179056,2562306 7195211,2595176 7426214))
32758;POLYGON((1955574 7499626,2061217 7489388,2037469 7262627,1933545 7273563,1955574 7499626))
32759;POLYGON((1327714 7545428,1431762 7539602,1417940 7316285,1315472 7322515,1327714 7545428))
32760;POLYGON((706472 7565822,809765 7564133,805227 7342521,703449 7344328,706472 7565822))
32601;POLYGON((86873 -2438235,190234 -2435866,194772 -2657478,92932 -2660012,86873 -2438235))
32602;POLYGON((-536016 -2466933,-431762 -2460397,-417940 -2683714,-520598 -2690702,-536016 -2466933))
32603;POLYGON((-1167210 -2521627,-1061217 -2510611,-1037469 -2737372,-1141712 -2749135,-1167210 -2521627))
32604;POLYGON((-1811907 -2604978,-1703291 -2588938,-1668472 -2820943,-1775090 -2838038,-1811907 -2604978))
32605;POLYGON((-2475593 -2721241,-2363417 -2699340,-2315760 -2938470,-2425572 -2961747,-2475593 -2721241))
32606;POLYGON((-3164125 -2876734,-3047383 -2847749,-2984312 -3095958,-3098163 -3126649,-3164125 -2876734))
32607;POLYGON((-3883788 -3080547,-3761402 -3042731,-3679248 -3301998,-3798000 -3341845,-3883788 -3080547))
32608;POLYGON((-4641324 -3345568,-4512138 -3296455,-4405746 -3568664,-4530257 -3620099,-4641324 -3345568))
32609;POLYGON((-5443929 -3689920,-5306714 -3626050,-5168885 -3912759,-5299978 -3979154,-5443929 -3689920))
32610;POLYGON((-6299193 -4138916,-6152660 -4055469,-5973414 -4357512,-6111826 -4443512,-6299193 -4138916))
32611;POLYGON((-7215013 -4727674,-7057830 -4617983,-6823419 -4934828,-6969738 -5046789,-7215013 -4727674))
32612;POLYGON((-8199424 -5504520,-8030251 -5359440,-7721887 -5688224,-7876468 -5834778,-8199424 -5504520))
32613;POLYGON((-9260389 -6535371,-9077916 -6342476,-8670152 -6676587,-8833008 -6869360,-9260389 -6535371))
32614;POLYGON((-10405513 -7909258,-10208511 -7651830,-9667202 -7978916,-9837881 -8233425,-10405513 -7909258))
32615;POLYGON((-11641673 -9745210,-11429064 -9400990,-10708848 -9700214,-10886276 -10036975,-11641673 -9745210))
32616;POLYGON((-12974582 -12200708,-12745516 -11740367,-11786733 -11978730,-11969032 -12424608,-12974582 -12200708))
32617;POLYGON((-14408253 -15481959,-14162205 -14867250,-12887169 -14994744,-13071449 -15584585,-14408253 -15481959))
32618;POLYGON((-15944374 -19856230,-15681254 -19037775,-13989796 -18981122,-14171910 -19759701,-15944374 -19856230))
32619;POLYGON((-17581580 -25666538,-17301861 -24581208,-15066041 -24235877,-15240308 -25260201,-17581580 -25666538))
32620;POLYGON((-19314619 -33348978,-19019485 -31916804,-16077370 -31136983,-16236265 -32479000,-19314619 -33348978))
32621;POLYGON((-21133400 -43452992,-20824913 -41573573,-16973325 -40159716,-17107128 -41909468,-21133400 -43452992))
32622;POLYGON((-23021928 -56664936,-22703213 -54213264,-17689320 -51896797,-17785724 -54166076,-23021928 -56664936))
32623;POLYGON((-24957106 -73835257,-24632560 -70656925,-18144195 -67081649,-18187878 -70008188,-24957106 -73835257))
32624;POLYGON((-26907403 -96009679,-26582928 -91915387,-18237515 -86615061,-18209657 -90367344,-26907403 -96009679))
32625;POLYGON((-28831392 -124464762,-28514647 -119224071,-17846590 -111595621,-17724356 -116378336,-28831392 -124464762))
32626;POLYGON((-30676127 -160748241,-30376808 -154082496,-16823224 -143354229,-16579189 -149414446,-30676127 -160748241))
32627;POLYGON((-32375381 -206724565,-32105528 -198298933,-14990152 -183493076,-14591680 -191127207,-32375381 -206724565))
32628;POLYGON((-33847715 -264626088,-33622045 -254040608,-12137185 -233929466,-11545752 -243491059,-33847715 -264626088))
32629;POLYGON((-34994391 -337110336,-34830656 -323889936,-8017018 -296944853,-7187489 -308853308,-34994391 -337110336))
32630;POLYGON((-35697103 -427323870,-35616479 -410907245,-2340719 -375239532,-1220554 -389989791,-35697103 -427323870))
32631;POLYGON((36520376 -395066324,36616479 -410907245,3340719 -375239532,4408458 -361000799,36520376 -395066324))
32632;POLYGON((35655225 -311145194,35830656 -323889936,9017018 -296944853,9803425 -285459746,35655225 -311145194))
32633;POLYGON((34387865 -243845933,34622045 -254040608,13137185 -233929466,13693510 -224716349,34387865 -243845933))
32634;POLYGON((32829819 -190192513,33105528 -198298933,15990152 -183493076,16360378 -176144171,32829819 -190192513))
32635;POLYGON((31073816 -147675890,31376808 -154082496,17823224 -143354229,18044841 -137526088,31073816 -147675890))
32636;POLYGON((29195998 -114192401,29514647 -119224071,18846590 -111595621,18951322 -107000577,29195998 -114192401))
32637;POLYGON((27257961 -87988565,27582928 -91915387,19237515 -86615061,19251978 -83013566,27257961 -87988565))
32638;POLYGON((25308621 -67611834,25632560 -70656925,19144195 -67081649,19090519 -64275459,25308621 -67611834))
32639;POLYGON((23385935 -51866833,23703213 -54213264,18689320 -51896797,18585706 -49722915,23385935 -51866833))
32640;POLYGON((21518466 -39776655,21824913 -41573573,17973325 -40159716,17834561 -38485046,21518466 -39776655))
32641;POLYGON((19726803 -30548810,20019485 -31916804,17077370 -31136983,16915302 -29853637,19726803 -30548810))
32642;POLYGON((18024848 -23545414,18301861 -24581208,16066041 -24235877,15889998 -23257067,18024848 -23545414))
32643;POLYGON((16420963 -18257256,16681254 -19037775,14989796 -18981122,14806972 -18237596,16420963 -18257256))
32644;POLYGON((14919007 -14281367,15162205 -14867250,13887169 -14994744,13702968 -14431711,14919007 -14281367))
32645;POLYGON((13519240 -11301770,13745516 -11740367,12786733 -11978730,12605075 -11553221,13519240 -11301770))
32646;POLYGON((12219122 -9073060,12429064 -9400990,11708848 -9700214,11532439 -9378838,12219122 -9073060))
32647;POLYGON((11014010 -7406536,11208511 -7651830,10667202 -7978916,10497771 -7735971,11014010 -7406536))
32648;POLYGON((9897748 -6158581,10077916 -6342476,9670152 -6676587,9508658 -6492478,9897748 -6158581))
32649;POLYGON((8863169 -5221021,9030251 -5359440,8721887 -5688224,8568695 -5548152,8863169 -5221021))
32650;POLYGON((7902516 -4513225,8057830 -4617983,7823419 -4934828,7678449 -4827724,7902516 -4513225))
32651;POLYGON((7007771 -3975691,7152660 -4055469,6973414 -4357512,6836267 -4275168,7007771 -3975691))
32652;POLYGON((6170925 -3564932,6306714 -3626050,6168885 -3912759,6038943 -3849141,6170925 -3564932))
32653;POLYGON((5384169 -3249434,5512138 -3296455,5405746 -3568664,5282253 -3519366,5384169 -3249434))
32654;POLYGON((4640035 -3006537,4761402 -3042731,4679248 -3301998,4561373 -3263825,4640035 -3006537))
32655;POLYGON((3931475 -2820050,4047383 -2847749,3984312 -3095958,3871194 -3066608,3931475 -2820050))
32656;POLYGON((3251902 -2678489,3363417 -2699340,3315760 -2938470,3206538 -2916298,3251902 -2678489))
32657;POLYGON((2595176 -2573785,2703291 -2588938,2668472 -2820943,2562306 -2804788,2595176 -2573785))
32658;POLYGON((1955574 -2500373,2061217 -2510611,2037469 -2737372,1933545 -2726436,1955574 -2500373))
32659;POLYGON((1327714 -2454571,1431762 -2460397,1417940 -2683714,1315472 -2677484,1327714 -2454571))
32660;POLYGON((706472 -2434177,809765 -2435866,805227 -2657478,703449 -2655671,706472 -2434177))
