32701;POLYGON((126212 6341599,219700 6344714,226201 6122843,134891 6119639,126212 6341599))
32702;POLYGON((-436094 6303945,-342154 6312508,-322423 6089726,-414103 6080926,-436094 6303945))
32703;POLYGON((-1002521 6232614,-907731 6246935,-874078 6022375,-966447 6007678,-1002521 6232614))
32704;POLYGON((-1575353 6124997,-1479348 6145604,-1430579 5918493,-1523909 5897396,-1575353 6124997))
32705;POLYGON((-2156552 5977072,-2059036 6004744,-1993383 5774487,-2087869 5746253,-2156552 5977072))
32706;POLYGON((-2747533 5783171,-2648320 5818978,-2563351 5585293,-2659054 5548919,-2747533 5783171))
32707;POLYGON((-3348826 5535643,-3247908 5581015,-3140398 5344136,-3237182 5298307,-3348826 5535643))
32708;POLYGON((-3959623 5224436,-3857252 5281237,-3723029 5042239,-3820466 4985274,-3959623 5224436))
32709;POLYGON((-4577143 4836551,-4473951 4907178,-4307706 4668472,-4404952 4598260,-4577143 4836551))
32710;POLYGON((-5195834 4355385,-5092979 4442888,-4888034 4208945,-4983678 4122870,-5195834 4355385))
32711;POLYGON((-5806341 3759912,-5705697 3868142,-5453735 3646543,-5545602 3541403,-5806341 3759912))
32712;POLYGON((-6394238 3023717,-6298624 3157498,-5989377 2960409,-6074289 2832326,-6394238 3023717))
32713;POLYGON((-6938493 2113827,-6851947 2279164,-6472831 2125377,-6546323 1969693,-6938493 2113827))
32714;POLYGON((-7409621 989336,-7337732 1193665,-6873425 1111342,-6929409 922514,-7409621 989336))
32715;POLYGON((-7767520 -400206,-7717811 -147739,-7149782 -117408,-7180147 -345928,-7767520 -400206))
32716;POLYGON((-7958948 -2116691,-7941324 -1804887,-7247283 -1602919,-7241441 -1878807,-7958948 -2116691))
32717;POLYGON((-7914614 -4235636,-7941873 -3850858,-7095158 -3394338,-7039516 -3726532,-7914614 -4235636))
32718;POLYGON((-7545857 -6848714,-7634276 -6374445,-6603159 -5548730,-6480525 -5947571,-7545857 -6848714))
32719;POLYGON((-6740889 -10066668,-6910877 -9482990,-5657789 -8131939,-5446694 -8609317,-6740889 -10066668))
32720;POLYGON((-5360562 -14022630,-5637406 -13305644,-4118058 -11219489,-3792006 -11788999,-5360562 -14022630))
32721;POLYGON((-3233649 -18875905,-3648331 -17997069,-1810744 -14897524,-1337370 -15574622,-3233649 -18875905))
32722;POLYGON((-151590 -24816265,-741701 -23741635,1474875 -19263785,2134739 -20065961,-151590 -24816265))
32723;POLYGON((4137307 -32068785,3326560 -30758173,5992856 -24428626,6886206 -25375570,4137307 -32068785))
32724;POLYGON((9934253 -40899288,8848940 -39305312,12046992 -30516052,13229781 -31629835,9934253 -40899288))
32725;POLYGON((17596966 -51620448,16173227 -49687461,19997849 -37664802,21536219 -38970055,17596966 -51620448))
32726;POLYGON((27547297 -64598598,25710027 -62261507,30270428 -46029440,32242053 -47553543,27547297 -64598598))
32727;POLYGON((40279530 -80261304,37940945 -77444249,43362509 -55781486,45858053 -57554753,40279530 -80261304))
32728;POLYGON((56369364 -99105777,53427459 -95720671,59853693 -67110556,62978385 -69166429,56369364 -99105777))
32729;POLYGON((76483623 -121708166,72820497 -117653079,80415166 -80225523,84290503 -82600771,76483623 -121708166))
32730;POLYGON((101390712 -148733811,96870777 -143891194,105820228 -95355697,110585803 -98090608,101390712 -148733811))
32731;POLYGON((-91503866 -139188716,-95870777 -143891194,-104820228 -95355697,-100213547 -92683684,-91503866 -139188716))
32732;POLYGON((-68286489 -113717374,-71820497 -117653079,-79415166 -80225523,-75674119 -77906204,-68286489 -113717374))
32733;POLYGON((-49593844 -92436924,-52427459 -95720671,-58853693 -67110556,-55841835 -65104244,-49593844 -92436924))
32734;POLYGON((-34692593 -74712957,-36940945 -77444249,-42362509 -55781486,-39961179 -54051983,-34692593 -74712957))
32735;POLYGON((-22947414 -59996727,-24710027 -62261507,-29270428 -46029440,-27376938 -44543836,-22947414 -59996727))
32736;POLYGON((-13810788 -47815226,-15173227 -49687461,-18997849 -37664802,-17523808 -36393285,-13810788 -47815226))
32737;POLYGON((-6813539 -37762190,-7848940 -39305312,-11046992 -30516052,-9916745 -29431715,-6813539 -37762190))
32738;POLYGON((-1556081 -29489976,-2326560 -30758173,-4992856 -24428626,-4142049 -23507276,-1556081 -29489976))
32739;POLYGON((2299652 -22702248,1741701 -23741635,-474875 -19263785,150867 -18483762,2299652 -22702248))
32740;POLYGON((5037619 -17147408,4648331 -17997069,2810744 -14897524,3257040 -14239515,5037619 -17147408))
32741;POLYGON((6894454 -12612725,6637406 -13305644,5118058 -11219489,5422871 -10666356,6894454 -12612725))
32742;POLYGON((8065656 -8919090,7910877 -9482990,6657789 -8131939,6852446 -7668547,8065656 -8919090))
32743;POLYGON((8711204 -5916375,8634276 -6374445,7603159 -5548730,7713262 -5161779,8711204 -5916375))
32744;POLYGON((8960623 -3479307,8941873 -3850858,8095158 -3394338,8141411 -3072207,8960623 -3479307))
32745;POLYGON((8917548 -1503848,8941324 -1804887,8247283 -1602919,8246234 -1335511,8917548 -1503848))
32746;POLYGON((8663787 95987,8717811 -147739,8149782 -117408,8114485 103994,8663787 95987))
32747;POLYGON((8262934 1390909,8337732 1193665,7873425 1111342,7814020 1294219,8262934 1390909))
32748;POLYGON((7763548 2438768,7851947 2279164,7472831 2125377,7397061 2276101,7763548 2438768))
32749;POLYGON((7201928 3286638,7298624 3157498,6989377 2960409,6903035 3084368,7201928 3286638))
32750;POLYGON((6604518 3972612,6705697 3868142,6453735 3646543,6361048 3748256,6604518 3972612))
32751;POLYGON((5989960 4527335,6092979 4442888,5888034 4208945,5791994 4292172,5989960 4527335))
32752;POLYGON((5370831 4975308,5473951 4907178,5307706 4668472,5210347 4736310,5370831 4975308))
32753;POLYGON((4755091 5335982,4857252 5281237,4723029 5042239,4625656 5097214,4755091 5335982))
32754;POLYGON((4147266 5624677,4247908 5581015,4140398 5344136,4043774 5388283,4147266 5624677))
32755;POLYGON((3549397 5853341,3648320 5818978,3563351 5585293,3467848 5620228,3549397 5853341))
32756;POLYGON((2961788 6031172,3059036 6004744,2993383 5774487,2899099 5801470,2961788 6031172))
32757;POLYGON((2383568 6165118,2479348 6145604,2430579 5918493,2337424 5938479,2383568 6165118))
32758;POLYGON((1813108 6260267,1907731 6246935,1874078 6022375,1781845 6036060,1813108 6260267))
32759;POLYGON((1248319 6320146,1342154 6312508,1322423 6089726,1230827 6097579,1248319 6320146))
32760;POLYGON((686847 6346936,780299 6344714,773798 6122843,682516 6125129,686847 6346936))
32601;POLYGON((126212 -3658400,219700 -3655285,226201 -3877156,134891 -3880360,126212 -3658400))
32602;POLYGON((-436094 -3696054,-342154 -3687491,-322423 -3910273,-414103 -3919073,-436094 -3696054))
32603;POLYGON((-1002521 -3767385,-907731 -3753064,-874078 -3977624,-966447 -3992321,-1002521 -3767385))
32604;POLYGON((-1575353 -3875002,-1479348 -3854395,-1430579 -4081506,-1523909 -4102603,-1575353 -3875002))
32605;POLYGON((-2156552 -4022927,-2059036 -3995255,-1993383 -4225512,-2087869 -4253746,-2156552 -4022927))
32606;POLYGON((-2747533 -4216828,-2648320 -4181021,-2563351 -4414706,-2659054 -4451080,-2747533 -4216828))
32607;POLYGON((-3348826 -4464356,-3247908 -4418984,-3140398 -4655863,-3237182 -4701692,-3348826 -4464356))
32608;POLYGON((-3959623 -4775563,-3857252 -4718762,-3723029 -4957760,-3820466 -5014725,-3959623 -4775563))
32609;POLYGON((-4577143 -5163448,-4473951 -5092821,-4307706 -5331527,-4404952 -5401739,-4577143 -5163448))
32610;POLYGON((-5195834 -5644614,-5092979 -5557111,-4888034 -5791054,-4983678 -5877129,-5195834 -5644614))
32611;POLYGON((-5806341 -6240087,-5705697 -6131857,-5453735 -6353456,-5545602 -6458596,-5806341 -6240087))
32612;POLYGON((-6394238 -6976282,-6298624 -6842501,-5989377 -7039590,-6074289 -7167673,-6394238 -6976282))
32613;POLYGON((-6938493 -7886172,-6851947 -7720835,-6472831 -7874622,-6546323 -8030306,-6938493 -7886172))
32614;POLYGON((-7409621 -9010663,-7337732 -8806334,-6873425 -8888657,-6929409 -9077485,-7409621 -9010663))
32615;POLYGON((-7767520 -10400206,-7717811 -10147739,-7149782 -10117408,-7180147 -10345928,-7767520 -10400206))
32616;POLYGON((-7958948 -12116691,-7941324 -11804887,-7247283 -11602919,-7241441 -11878807,-7958948 -12116691))
32617;POLYGON((-7914614 -14235636,-7941873 -13850858,-7095158 -13394338,-7039516 -13726532,-7914614 -14235636))
32618;POLYGON((-7545857 -16848714,-7634276 -16374445,-6603159 -15548730,-6480525 -15947571,-7545857 -16848714))
32619;POLYGON((-6740889 -20066668,-6910877 -19482990,-5657789 -18131939,-5446694 -18609317,-6740889 -20066668))
32620;POLYGON((-5360562 -24022630,-5637406 -23305644,-4118058 -21219489,-3792006 -21788999,-5360562 -24022630))
32621;POLYGON((-3233649 -28875905,-3648331 -27997069,-1810744 -24897524,-1337370 -25574622,-3233649 -28875905))
32622;POLYGON((-151590 -34816265,-741701 -33741635,1474875 -29263785,2134739 -30065961,-151590 -34816265))
32623;POLYGON((4137307 -42068785,3326560 -40758173,5992856 -34428626,6886206 -35375570,4137307 -42068785))
32624;POLYGON((9934253 -50899288,8848940 -49305312,12046992 -40516052,13229781 -41629835,9934253 -50899288))
32625;POLYGON((17596966 -61620448,16173227 -59687461,19997849 -47664802,21536219 -48970055,17596966 -61620448))
32626;POLYGON((27547297 -74598598,25710027 -72261507,30270428 -56029440,32242053 -57553543,27547297 -74598598))
32627;POLYGON((40279530 -90261304,37940945 -87444249,43362509 -65781486,45858053 -67554753,40279530 -90261304))
32628;POLYGON((56369364 -109105777,53427459 -105720671,59853693 -77110556,62978385 -79166429,56369364 -109105777))
32629;POLYGON((76483623 -131708166,72820497 -127653079,80415166 -90225523,84290503 -92600771,76483623 -131708166))
32630;POLYGON((101390712 -158733811,96870777 -153891194,105820228 -105355697,110585803 -108090608,101390712 -158733811))
32631;POLYGON((-91503866 -149188716,-95870777 -153891194,-104820228 -105355697,-100213547 -102683684,-91503866 -149188716))
32632;POLYGON((-68286489 -123717374,-71820497 -127653079,-79415166 -90225523,-75674119 -87906204,-68286489 -123717374))
32633;POLYGON((-49593844 -102436924,-52427459 -105720671,-58853693 -77110556,-55841835 -75104244,-49593844 -102436924))
32634;POLYGON((-34692593 -84712957,-36940945 -87444249,-42362509 -65781486,-39961179 -64051983,-34692593 -84712957))
32635;POLYGON((-22947414 -69996727,-24710027 -72261507,-29270428 -56029440,-27376938 -54543836,-22947414 -69996727))
32636;POLYGON((-13810788 -57815226,-15173227 -59687461,-18997849 -47664802,-17523808 -46393285,-13810788 -57815226))
32637;POLYGON((-6813539 -47762190,-7848940 -49305312,-11046992 -40516052,-9916745 -39431715,-6813539 -47762190))
32638;POLYGON((-1556081 -39489976,-2326560 -40758173,-4992856 -34428626,-4142049 -33507276,-1556081 -39489976))
32639;POLYGON((2299652 -32702248,1741701 -33741635,-474875 -29263785,150867 -28483762,2299652 -32702248))
32640;POLYGON((5037619 -27147408,4648331 -27997069,2810744 -24897524,3257040 -24239515,5037619 -27147408))
32641;POLYGON((6894454 -22612725,6637406 -23305644,5118058 -21219489,5422871 -20666356,6894454 -22612725))
32642;POLYGON((8065656 -18919090,7910877 -19482990,6657789 -18131939,6852446 -17668547,8065656 -18919090))
32643;POLYGON((8711204 -15916375,8634276 -16374445,7603159 -15548730,7713262 -15161779,8711204 -15916375))
32644;POLYGON((8960623 -13479307,8941873 -13850858,8095158 -13394338,8141411 -13072207,8960623 -13479307))
32645;POLYGON((8917548 -11503848,8941324 -11804887,8247283 -11602919,8246234 -11335511,8917548 -11503848))
32646;POLYGON((8663787 -9904012,8717811 -10147739,8149782 -10117408,8114485 -9896005,8663787 -9904012))
32647;POLYGON((8262934 -8609090,8337732 -8806334,7873425 -8888657,7814020 -8705780,8262934 -8609090))
32648;POLYGON((7763548 -7561231,7851947 -7720835,7472831 -7874622,7397061 -7723898,7763548 -7561231))
32649;POLYGON((7201928 -6713361,7298624 -6842501,6989377 -7039590,6903035 -6915631,7201928 -6713361))
32650;POLYGON((6604518 -6027387,6705697 -6131857,6453735 -6353456,6361048 -6251743,6604518 -6027387))
32651;POLYGON((5989960 -5472664,6092979 -5557111,5888034 -5791054,5791994 -5707827,5989960 -5472664))
32652;POLYGON((5370831 -5024691,5473951 -5092821,5307706 -5331527,5210347 -5263689,5370831 -5024691))
32653;POLYGON((4755091 -4664017,4857252 -4718762,4723029 -4957760,4625656 -4902785,4755091 -4664017))
32654;POLYGON((4147266 -4375322,4247908 -4418984,4140398 -4655863,4043774 -4611716,4147266 -4375322))
32655;POLYGON((3549397 -4146658,3648320 -4181021,3563351 -4414706,3467848 -4379771,3549397 -4146658))
32656;POLYGON((2961788 -3968827,3059036 -3995255,2993383 -4225512,2899099 -4198529,2961788 -3968827))
32657;POLYGON((2383568 -3834881,2479348 -3854395,2430579 -4081506,2337424 -4061520,2383568 -3834881))
32658;POLYGON((1813108 -3739732,1907731 -3753064,1874078 -3977624,1781845 -3963939,1813108 -3739732))
32659;POLYGON((1248319 -3679853,1342154 -3687491,1322423 -3910273,1230827 -3902420,1248319 -3679853))
32660;POLYGON((686847 -3653063,780299 -3655285,773798 -3877156,682516 -3874870,686847 -3653063))
