32701;POLYGON((179294 5120344,259473 5123750,267706 4901575,190279 4898169,179294 5120344))
32702;POLYGON((-301872 5079263,-221665 5088587,-196784 4866425,-274173 4857109,-301872 5079263))
32703;POLYGON((-783201 5001987,-702974 5017445,-660899 4795393,-738182 4779973,-783201 5001987))
32704;POLYGON((-1264439 4886740,-1184264 4908685,-1124085 4687015,-1201129 4665179,-1264439 4886740))
32705;POLYGON((-1744802 4730918,-1664857 4759841,-1585304 4539114,-1661871 4510430,-1744802 4730918))
32706;POLYGON((-2222697 4531101,-2143319 4567627,-2042780 4348830,-2118482 4312760,-2222697 4531101))
32707;POLYGON((-2695376 4283104,-2617120 4327981,-2493685 4112702,-2567922 4068621,-2695376 4283104))
32708;POLYGON((-3158483 3982095,-3082209 4036165,-2933751 3826823,-3005640 3774052,-3158483 3982095))
32709;POLYGON((-3605498 3622807,-3532470 3686965,-3356784 3487095,-3425064 3424958,-3605498 3622807))
32710;POLYGON((-4027036 3199902,-3959052 3275021,-3754068 3089637,-3816994 3017547,-4027036 3199902))
32711;POLYGON((-4409999 2708511,-4349541 2795341,-4113645 2631384,-4168850 2548966,-4409999 2708511))
32712;POLYGON((-4736546 2145033,-4686967 2244044,-4419444 2110943,-4463779 2018204,-4736546 2145033))
32713;POLYGON((-4982870 1508227,-4948609 1619403,-4650252 1529757,-4679599 1427314,-4982870 1508227))
32714;POLYGON((-5117754 800681,-5104597 923251,-4778502 893648,-4787554 783033,-5117754 800681))
32715;POLYGON((-5100900 30732,-5116273 162810,-4768870 214828,-4750874 98865,-5100900 30732))
32716;POLYGON((-4880991 -785088,-4934302 -646948,-4576652 -485561,-4523120 -602267,-4880991 -785088))
32717;POLYGON((-4393477 -1618996,-4496506 -1480356,-4145916 -1174277,-4046291 -1284745,-4393477 -1618996))
32718;POLYGON((-3558073 -2428171,-3725410 -2297396,-3407404 -1802068,-3248685 -1896216,-3558073 -2428171))
32719;POLYGON((-2275927 -3150176,-2525466 -3039257,-2276169 -2298953,-2042491 -2362718,-2275927 -3150176))
32720;POLYGON((-426454 -3697447,-779947 -3622987,-648929 -2568548,-321094 -2582844,-426454 -3697447))
32721;POLYGON((2136182 -3950750,1652514 -3935131,1598873 -2481343,2043916 -2420827,2136182 -3950750))
32722;POLYGON((5586978 -3751479,4941767 -3824235,4616330 -1866796,5206064 -1698429,5586978 -3751479))
32723;POLYGON((10134383 -2892670,9290370 -3092076,8580664 -504117,9347631 -185489,10134383 -2892670))
32724;POLYGON((16025030 -1108600,14938243 -1483511,13701165 1888395,14683662 2410994,16025030 -1108600))
32725;POLYGON((23548886 1937183,22167756 1325222,20223502 5665621,21466335 6459405,23548886 1937183))
32726;POLYGON((33044879 6665538,31309266 5739887,28434418 11269612,29989722 12417822,33044879 6665538))
32727;POLYGON((44906996 13597261,42747137 12263461,38666824 19245507,40594953 20850252,44906996 13597261))
32728;POLYGON((59590881 23370657,56926259 21513353,51305310 30259509,53675798 32444976,59590881 23370657))
32729;POLYGON((77620962 36761295,74359076 34240786,66792096 45119096,69684693 48035154,77620962 36761295))
32730;POLYGON((99598108 54704135,95633164 51352511,85633433 64795667,89139214 68621885,99598108 54704135))
32731;POLYGON((-90793349 48152389,-94633164 51352511,-84633433 64795667,-81236689 61135005,-90793349 48152389))
32732;POLYGON((-70203706 31841659,-73359076 34240786,-65792096 45119096,-62992521 42336419,-70203706 31841659))
32733;POLYGON((-53351848 19752299,-55926259 21513353,-50305310 30259509,-48013797 28180495,-53351848 19752299))
32734;POLYGON((-39663273 11005091,-41747137 12263461,-37666824 19245507,-35805401 17724838,-39663273 11005091))
32735;POLYGON((-28637305 4872559,-30309266 5739887,-27434418 11269612,-25935151 10187016,-28637305 4872559))
32736;POLYGON((-19839617 757651,-21167756 1325222,-19223502 5665621,-18027470 4922348,-19839617 757651))
32737;POLYGON((-12895284 -1825268,-13938243 -1483511,-12701165 1888395,-11757515 1404066,-12895284 -1825268))
32738;POLYGON((-7482352 -3267291,-8290370 -3092076,-7580664 -504117,-6845731 -794303,-7482352 -3267291))
32739;POLYGON((-3325899 -3879861,-3941767 -3824235,-3616330 -1866796,-3052826 -2014518,-3325899 -3879861))
32740;POLYGON((-192573 -3907867,-652514 -3935131,-598873 -2481343,-175145 -2527324,-192573 -3907867))
32741;POLYGON((2114422 -3541067,1779947 -3622987,1648929 -2568548,1959581 -2544434,2114422 -3541067))
32742;POLYGON((3759906 -2924014,3525466 -3039257,3276169 -2298953,3496117 -2228949,3759906 -2924014))
32743;POLYGON((4880883 -2164588,4725410 -2297396,4407404 -1802068,4555256 -1704343,4880883 -2164588))
32744;POLYGON((5590318 -1341304,5496506 -1480356,5145916 -1174277,5237028 -1062163,5590318 -1341304))
32745;POLYGON((5980542 -509496,5934302 -646948,5576652 -485561,5623588 -368567,5980542 -509496))
32746;POLYGON((6126296 293495,6116273 162810,5768870 214828,5781819 330165,6126296 293495))
32747;POLYGON((6087455 1044018,6104597 923251,5778502 893648,5765642 1003057,6087455 1044018))
32748;POLYGON((5911433 1728581,5948609 1619403,5650252 1529757,5618074 1630659,5911433 1728581))
32749;POLYGON((5635298 2341009,5686967 2244044,5419444 2110943,5373041 2201985,5635298 2341009))
32750;POLYGON((5287622 2880176,5349541 2795341,5113645 2631384,5056959 2712068,5287622 2880176))
32751;POLYGON((4890076 3348256,4959052 3275021,4754068 3089637,4690104 3160034,4890076 3348256))
32752;POLYGON((4458793 3749378,4532470 3686965,4356784 3487095,4287795 3547627,4458793 3749378))
32753;POLYGON((4005529 4088641,4082209 4036165,3933751 3826823,3861395 3878099,4005529 4088641))
32754;POLYGON((3538626 4371410,3617120 4327981,3493685 4112702,3419150 4155402,3538626 4371410))
32755;POLYGON((3063814 4602838,3143319 4567627,3042780 4348830,2966898 4383628,3063814 4602838))
32756;POLYGON((2584856 4787562,2664857 4759841,2585304 4539114,2508635 4566623,2584856 4787562))
32757;POLYGON((2104071 4929519,2184264 4908685,2124085 4687015,2046988 4707755,2104071 4929519))
32758;POLYGON((1622747 5031860,1702974 5017445,1660899 4795393,1583591 4809776,1622747 5031860))
32759;POLYGON((1141463 5096914,1221665 5088587,1196784 4866425,1119385 4874747,1141463 5096914))
32760;POLYGON((660349 5126182,740526 5123750,732293 4901575,654863 4904007,660349 5126182))
32601;POLYGON((179294 -4879655,259473 -4876249,267706 -5098424,190279 -5101830,179294 -4879655))
32602;POLYGON((-301872 -4920736,-221665 -4911412,-196784 -5133574,-274173 -5142890,-301872 -4920736))
32603;POLYGON((-783201 -4998012,-702974 -4982554,-660899 -5204606,-738182 -5220026,-783201 -4998012))
32604;POLYGON((-1264439 -5113259,-1184264 -5091314,-1124085 -5312984,-1201129 -5334820,-1264439 -5113259))
32605;POLYGON((-1744802 -5269081,-1664857 -5240158,-1585304 -5460885,-1661871 -5489569,-1744802 -5269081))
32606;POLYGON((-2222697 -5468898,-2143319 -5432372,-2042780 -5651169,-2118482 -5687239,-2222697 -5468898))
32607;POLYGON((-2695376 -5716895,-2617120 -5672018,-2493685 -5887297,-2567922 -5931378,-2695376 -5716895))
32608;POLYGON((-3158483 -6017904,-3082209 -5963834,-2933751 -6173176,-3005640 -6225947,-3158483 -6017904))
32609;POLYGON((-3605498 -6377192,-3532470 -6313034,-3356784 -6512904,-3425064 -6575041,-3605498 -6377192))
32610;POLYGON((-4027036 -6800097,-3959052 -6724978,-3754068 -6910362,-3816994 -6982452,-4027036 -6800097))
32611;POLYGON((-4409999 -7291488,-4349541 -7204658,-4113645 -7368615,-4168850 -7451033,-4409999 -7291488))
32612;POLYGON((-4736546 -7854966,-4686967 -7755955,-4419444 -7889056,-4463779 -7981795,-4736546 -7854966))
32613;POLYGON((-4982870 -8491772,-4948609 -8380596,-4650252 -8470242,-4679599 -8572685,-4982870 -8491772))
32614;POLYGON((-5117754 -9199318,-5104597 -9076748,-4778502 -9106351,-4787554 -9216966,-5117754 -9199318))
32615;POLYGON((-5100900 -9969267,-5116273 -9837189,-4768870 -9785171,-4750874 -9901134,-5100900 -9969267))
32616;POLYGON((-4880991 -10785088,-4934302 -10646948,-4576652 -10485561,-4523120 -10602267,-4880991 -10785088))
32617;POLYGON((-4393477 -11618996,-4496506 -11480356,-4145916 -11174277,-4046291 -11284745,-4393477 -11618996))
32618;POLYGON((-3558073 -12428171,-3725410 -12297396,-3407404 -11802068,-3248685 -11896216,-3558073 -12428171))
32619;POLYGON((-2275927 -13150176,-2525466 -13039257,-2276169 -12298953,-2042491 -12362718,-2275927 -13150176))
32620;POLYGON((-426454 -13697447,-779947 -13622987,-648929 -12568548,-321094 -12582844,-426454 -13697447))
32621;POLYGON((2136182 -13950750,1652514 -13935131,1598873 -12481343,2043916 -12420827,2136182 -13950750))
32622;POLYGON((5586978 -13751479,4941767 -13824235,4616330 -11866796,5206064 -11698429,5586978 -13751479))
32623;POLYGON((10134383 -12892670,9290370 -13092076,8580664 -10504117,9347631 -10185489,10134383 -12892670))
32624;POLYGON((16025030 -11108600,14938243 -11483511,13701165 -8111604,14683662 -7589005,16025030 -11108600))
32625;POLYGON((23548886 -8062816,22167756 -8674777,20223502 -4334378,21466335 -3540594,23548886 -8062816))
32626;POLYGON((33044879 -3334461,31309266 -4260112,28434418 1269612,29989722 2417822,33044879 -3334461))
32627;POLYGON((44906996 3597261,42747137 2263461,38666824 9245507,40594953 10850252,44906996 3597261))
32628;POLYGON((59590881 13370657,56926259 11513353,51305310 20259509,53675798 22444976,59590881 13370657))
32629;POLYGON((77620962 26761295,74359076 24240786,66792096 35119096,69684693 38035154,77620962 26761295))
32630;POLYGON((99598108 44704135,95633164 41352511,85633433 54795667,89139214 58621885,99598108 44704135))
32631;POLYGON((-90793349 38152389,-94633164 41352511,-84633433 54795667,-81236689 51135005,-90793349 38152389))
32632;POLYGON((-70203706 21841659,-73359076 24240786,-65792096 35119096,-62992521 32336419,-70203706 21841659))
32633;POLYGON((-53351848 9752299,-55926259 11513353,-50305310 20259509,-48013797 18180495,-53351848 9752299))
32634;POLYGON((-39663273 1005091,-41747137 2263461,-37666824 9245507,-35805401 7724838,-39663273 1005091))
32635;POLYGON((-28637305 -5127440,-30309266 -4260112,-27434418 1269612,-25935151 187016,-28637305 -5127440))
32636;POLYGON((-19839617 -9242348,-21167756 -8674777,-19223502 -4334378,-18027470 -5077651,-19839617 -9242348))
32637;POLYGON((-12895284 -11825268,-13938243 -11483511,-12701165 -8111604,-11757515 -8595933,-12895284 -11825268))
32638;POLYGON((-7482352 -13267291,-8290370 -13092076,-7580664 -10504117,-6845731 -10794303,-7482352 -13267291))
32639;POLYGON((-3325899 -13879861,-3941767 -13824235,-3616330 -11866796,-3052826 -12014518,-3325899 -13879861))
32640;POLYGON((-192573 -13907867,-652514 -13935131,-598873 -12481343,-175145 -12527324,-192573 -13907867))
32641;POLYGON((2114422 -13541067,1779947 -13622987,1648929 -12568548,1959581 -12544434,2114422 -13541067))
32642;POLYGON((3759906 -12924014,3525466 -13039257,3276169 -12298953,3496117 -12228949,3759906 -12924014))
32643;POLYGON((4880883 -12164588,4725410 -12297396,4407404 -11802068,4555256 -11704343,4880883 -12164588))
32644;POLYGON((5590318 -11341304,5496506 -11480356,5145916 -11174277,5237028 -11062163,5590318 -11341304))
32645;POLYGON((5980542 -10509496,5934302 -10646948,5576652 -10485561,5623588 -10368567,5980542 -10509496))
32646;POLYGON((6126296 -9706504,6116273 -9837189,5768870 -9785171,5781819 -9669834,6126296 -9706504))
32647;POLYGON((6087455 -8955981,6104597 -9076748,5778502 -9106351,5765642 -8996942,6087455 -8955981))
32648;POLYGON((5911433 -8271418,5948609 -8380596,5650252 -8470242,5618074 -8369340,5911433 -8271418))
32649;POLYGON((5635298 -7658990,5686967 -7755955,5419444 -7889056,5373041 -7798014,5635298 -7658990))
32650;POLYGON((5287622 -7119823,5349541 -7204658,5113645 -7368615,5056959 -7287931,5287622 -7119823))
32651;POLYGON((4890076 -6651743,4959052 -6724978,4754068 -6910362,4690104 -6839965,4890076 -6651743))
32652;POLYGON((4458793 -6250621,4532470 -6313034,4356784 -6512904,4287795 -6452372,4458793 -6250621))
32653;POLYGON((4005529 -5911358,4082209 -5963834,3933751 -6173176,3861395 -6121900,4005529 -5911358))
32654;POLYGON((3538626 -5628589,3617120 -5672018,3493685 -5887297,3419150 -5844597,3538626 -5628589))
32655;POLYGON((3063814 -5397161,3143319 -5432372,3042780 -5651169,2966898 -5616371,3063814 -5397161))
32656;POLYGON((2584856 -5212437,2664857 -5240158,2585304 -5460885,2508635 -5433376,2584856 -5212437))
32657;POLYGON((2104071 -5070480,2184264 -5091314,2124085 -5312984,2046988 -5292244,2104071 -5070480))
32658;POLYGON((1622747 -4968139,1702974 -4982554,1660899 -5204606,1583591 -5190223,1622747 -4968139))
32659;POLYGON((1141463 -4903085,1221665 -4911412,1196784 -5133574,1119385 -5125252,1141463 -4903085))
32660;POLYGON((660349 -4873817,740526 -4876249,732293 -5098424,654863 -5095992,660349 -4873817))
