32701;POLYGON((65915 11440548,174541 11439053,172128 11217618,62692 11218895,65915 11440548))
32702;POLYGON((-589426 11458683,-479622 11454548,-486989 11230861,-597650 11234395,-589426 11458683))
32703;POLYGON((-1255798 11493365,-1143673 11486367,-1156396 11258069,-1269474 11264056,-1255798 11493365))
32704;POLYGON((-1940404 11546533,-1824708 11536272,-1843517 11300780,-1960327 11309568,-1940404 11546533))
32705;POLYGON((-2651321 11621349,-2530629 11607196,-2556682 11361562,-2678731 11373702,-2651321 11621349))
32706;POLYGON((-3397918 11722637,-3270559 11703648,-3305605 11444374,-3434687 11460699,-3397918 11722637))
32707;POLYGON((-4191390 11857569,-4055346 11832348,-4101981 11555152,-4240288 11576898,-4191390 11857569))
32708;POLYGON((-5045400 12036686,-4898189 12003185,-4960231 11702675,-5110495 11731664,-5045400 12036686))
32709;POLYGON((-5976878 12275355,-5815414 12230600,-5898434 11899825,-6064099 11938720,-5976878 12275355))
32710;POLYGON((-7006998 12595810,-6827409 12535512,-6939470 12165362,-7124910 12218017,-7006998 12595810))
32711;POLYGON((-8162351 13029910,-7959773 12947947,-8112418 12526326,-8323196 12598267,-8162351 13029910))
32712;POLYGON((-9476354 13622795,-9244676 13510535,-9454239 13021262,-9697417 13120309,-9476354 13622795))
32713;POLYGON((-10990905 14437638,-10722476 14283061,-11011770 13704404,-11296275 13841479,-10990905 14437638))
32714;POLYGON((-12758333 15561697,-12443616 15348286,-12844077 14651044,-13181127 14841195,-12758333 15561697))
32715;POLYGON((-14843644 17113907,-14470819 16819265,-15025182 15964285,-15428783 16227963,-14843644 17113907))
32716;POLYGON((-17327108 19254278,-16881616 18848426,-17647215 17783424,-18134728 18148053,-17327108 19254278))
32717;POLYGON((-20307206 22195362,-19771233 21638669,-20824012 20294206,-21416800 20796096,-20307206 22195362))
32718;POLYGON((-23903962 26216094,-23255854 25456795,-24695202 23741237,-25419359 24427885,-23903962 26216094))
32719;POLYGON((-28262694 31678339,-27476302 30649574,-29430806 28442847,-30317976 29375669,-28262694 31678339))
32720;POLYGON((-33558200 39046461,-32602153 37662786,-35236386 34808709,-36324680 36066270,-33558200 39046461))
32721;POLYGON((-39999412 48910303,-38836304 47063613,-42358788 43360554,-43693797 45042346,-39999412 48910303))
32722;POLYGON((-47834546 62011947,-46420047 59566730,-51092489 54756333,-52728405 56987164,-47834546 62011947))
32723;POLYGON((-57356769 79276658,-55638640 76064534,-61786604 69818202,-63787455 72753258,-57356769 79276658))
32724;POLYGON((-68910414 101848444,-66827431 97661895,-74852575 89564714,-77293573 93395361,-68910414 101848444))
32725;POLYGON((-82897761 131130678,-80378548 125715911,-90772576 115247635,-93741592 120208035,-82897761 131130678))
32726;POLYGON((-99786428 168832245,-96748179 161881095,-110108670 148393814,-113707835 154768430,-99786428 168832245))
32727;POLYGON((-120117376 217019712,-116464478 208160505,-133512752 190852565,-137860192 198984619,-120117376 217019712))
32728;POLYGON((-144513572 278176017,-140136116 266963315,-161737308 244849009,-166969018 255149993,-144513572 278176017))
32729;POLYGON((-173689332 355266227,-168461503 341169357,-195647021 313043899,-201918889 326004208,-173689332 355266227))
32730;POLYGON((-208460359 451810902,-202238718 434201172,-236231275 398600407,-243721248 414801185,-208460359 451810902))
32731;POLYGON((197193476 417225154,203238718 434201172,237231275 398600407,229957682 382984302,197193476 417225154))
32732;POLYGON((164384866 327594026,169461503 341169357,196647021 313043899,190560247 300564561,164384866 327594026))
32733;POLYGON((136887706 256177263,141136116 266963315,162737308 244849009,157663238 234941297,136887706 256177263))
32734;POLYGON((113921250 199648113,117464478 208160505,134512752 190852565,130298963 183040024,113921250 199648113))
32735;POLYGON((94802712 155209983,97748179 161881095,111108670 148393814,107622279 142277037,94802712 155209983))
32736;POLYGON((78937465 120525673,81378548 125715911,91772576 115247635,88898250 110493823,78937465 120525673))
32737;POLYGON((65809924 93654031,67827431 97661895,75852575 89564714,73490676 85898351,65809924 93654031))
32738;POLYGON((54975110 72993498,56638640 76064534,62786604 69818202,60851479 67012753,54975110 72993498))
32739;POLYGON((46050848 57232000,47420047 59566730,52092489 54756333,50510889 52626897,46050848 57232000))
32740;POLYGON((38710587 45302699,39836304 47063613,43358788 43360554,42068415 41757392,38710587 45302699))
32741;POLYGON((32676805 36345104,33602153 37662786,36236386 34808709,35184564 33611565,32676805 36345104))
32742;POLYGON((27714985 29671104,28476302 30649574,30430806 28442847,29573265 27556004,27714985 29671104))
32743;POLYGON((23628120 24735459,24255854 25456795,25695202 23741237,24994978 23089234,23628120 24735459))
32744;POLYGON((20251732 21110349,20771233 21638669,21824012 20294206,21250445 19818157,20251732 21110349))
32745;POLYGON((17449378 18463571,17881616 18848426,18647215 17783424,18175054 17437876,17449378 18463571))
32746;POLYGON((15108610 16540015,15470819 16819265,16025182 15964285,15633781 15714557,15108610 16540015))
32747;POLYGON((13137368 15146058,13443616 15348286,13844077 14651044,13516676 14470995,13137368 15146058))
32748;POLYGON((11460779 14136547,11722476 14283061,12011770 13704404,11734865 13574586,11460779 14136547))
32749;POLYGON((10018333 13404056,10244676 13510535,10454239 13021262,10217025 12927396,10018333 13404056))
32750;POLYGON((8761414 12870117,8959773 12947947,9112418 12526326,8906308 12458072,8761414 12870117))
32751;POLYGON((7651149 12478172,7827409 12535512,7939470 12165362,7757676 12115332,7651149 12478172))
32752;POLYGON((6656570 12187978,6815414 12230600,6898434 11899825,6735612 11862812,6656570 12187978))
32753;POLYGON((5753035 11971241,5898189 12003185,5960231 11702675,5812178 11675051,5753035 11971241))
32754;POLYGON((4920907 11808286,5055346 11832348,5101981 11555152,4965384 11534417,4920907 11808286))
32755;POLYGON((4144441 11685548,4270559 11703648,4305605 11444374,4177834 11428820,4144441 11685548))
32756;POLYGON((3410879 11593748,3530629 11607196,3556682 11361562,3435621 11350029,3410879 11593748))
32757;POLYGON((2709700 11526591,2824708 11536272,2843517 11300780,2727427 11292491,2709700 11526591))
32758;POLYGON((2032018 11479868,2143673 11486367,2156396 11258069,2043807 11252511,2032018 11479868))
32759;POLYGON((1370091 11450865,1479622 11454548,1486989 11230861,1376612 11227713,1370091 11450865))
32760;POLYGON((716922 11437987,825458 11439053,827871 11217618,718529 11216707,716922 11437987))
32601;POLYGON((65915 1440548,174541 1439053,172128 1217618,62692 1218895,65915 1440548))
32602;POLYGON((-589426 1458683,-479622 1454548,-486989 1230861,-597650 1234395,-589426 1458683))
32603;POLYGON((-1255798 1493365,-1143673 1486367,-1156396 1258069,-1269474 1264056,-1255798 1493365))
32604;POLYGON((-1940404 1546533,-1824708 1536272,-1843517 1300780,-1960327 1309568,-1940404 1546533))
32605;POLYGON((-2651321 1621349,-2530629 1607196,-2556682 1361562,-2678731 1373702,-2651321 1621349))
32606;POLYGON((-3397918 1722637,-3270559 1703648,-3305605 1444374,-3434687 1460699,-3397918 1722637))
32607;POLYGON((-4191390 1857569,-4055346 1832348,-4101981 1555152,-4240288 1576898,-4191390 1857569))
32608;POLYGON((-5045400 2036686,-4898189 2003185,-4960231 1702675,-5110495 1731664,-5045400 2036686))
32609;POLYGON((-5976878 2275355,-5815414 2230600,-5898434 1899825,-6064099 1938720,-5976878 2275355))
32610;POLYGON((-7006998 2595810,-6827409 2535512,-6939470 2165362,-7124910 2218017,-7006998 2595810))
32611;POLYGON((-8162351 3029910,-7959773 2947947,-8112418 2526326,-8323196 2598267,-8162351 3029910))
32612;POLYGON((-9476354 3622795,-9244676 3510535,-9454239 3021262,-9697417 3120309,-9476354 3622795))
32613;POLYGON((-10990905 4437638,-10722476 4283061,-11011770 3704404,-11296275 3841479,-10990905 4437638))
32614;POLYGON((-12758333 5561697,-12443616 5348286,-12844077 4651044,-13181127 4841195,-12758333 5561697))
32615;POLYGON((-14843644 7113907,-14470819 6819265,-15025182 5964285,-15428783 6227963,-14843644 7113907))
32616;POLYGON((-17327108 9254278,-16881616 8848426,-17647215 7783424,-18134728 8148053,-17327108 9254278))
32617;POLYGON((-20307206 12195362,-19771233 11638669,-20824012 10294206,-21416800 10796096,-20307206 12195362))
32618;POLYGON((-23903962 16216094,-23255854 15456795,-24695202 13741237,-25419359 14427885,-23903962 16216094))
32619;POLYGON((-28262694 21678339,-27476302 20649574,-29430806 18442847,-30317976 19375669,-28262694 21678339))
32620;POLYGON((-33558200 29046461,-32602153 27662786,-35236386 24808709,-36324680 26066270,-33558200 29046461))
32621;POLYGON((-39999412 38910303,-38836304 37063613,-42358788 33360554,-43693797 35042346,-39999412 38910303))
32622;POLYGON((-47834546 52011947,-46420047 49566730,-51092489 44756333,-52728405 46987164,-47834546 52011947))
32623;POLYGON((-57356769 69276658,-55638640 66064534,-61786604 59818202,-63787455 62753258,-57356769 69276658))
32624;POLYGON((-68910414 91848444,-66827431 87661895,-74852575 79564714,-77293573 83395361,-68910414 91848444))
32625;POLYGON((-82897761 121130678,-80378548 115715911,-90772576 105247635,-93741592 110208035,-82897761 121130678))
32626;POLYGON((-99786428 158832245,-96748179 151881095,-110108670 138393814,-113707835 144768430,-99786428 158832245))
32627;POLYGON((-120117376 207019712,-116464478 198160505,-133512752 180852565,-137860192 188984619,-120117376 207019712))
32628;POLYGON((-144513572 268176017,-140136116 256963315,-161737308 234849009,-166969018 245149993,-144513572 268176017))
32629;POLYGON((-173689332 345266227,-168461503 331169357,-195647021 303043899,-201918889 316004208,-173689332 345266227))
32630;POLYGON((-208460359 441810902,-202238718 424201172,-236231275 388600407,-243721248 404801185,-208460359 441810902))
32631;POLYGON((197193476 407225154,203238718 424201172,237231275 388600407,229957682 372984302,197193476 407225154))
32632;POLYGON((164384866 317594026,169461503 331169357,196647021 303043899,190560247 290564561,164384866 317594026))
32633;POLYGON((136887706 246177263,141136116 256963315,162737308 234849009,157663238 224941297,136887706 246177263))
32634;POLYGON((113921250 189648113,117464478 198160505,134512752 180852565,130298963 173040024,113921250 189648113))
32635;POLYGON((94802712 145209983,97748179 151881095,111108670 138393814,107622279 132277037,94802712 145209983))
32636;POLYGON((78937465 110525673,81378548 115715911,91772576 105247635,88898250 100493823,78937465 110525673))
32637;POLYGON((65809924 83654031,67827431 87661895,75852575 79564714,73490676 75898351,65809924 83654031))
32638;POLYGON((54975110 62993498,56638640 66064534,62786604 59818202,60851479 57012753,54975110 62993498))
32639;POLYGON((46050848 47232000,47420047 49566730,52092489 44756333,50510889 42626897,46050848 47232000))
32640;POLYGON((38710587 35302699,39836304 37063613,43358788 33360554,42068415 31757392,38710587 35302699))
32641;POLYGON((32676805 26345104,33602153 27662786,36236386 24808709,35184564 23611565,32676805 26345104))
32642;POLYGON((27714985 19671104,28476302 20649574,30430806 18442847,29573265 17556004,27714985 19671104))
32643;POLYGON((23628120 14735459,24255854 15456795,25695202 13741237,24994978 13089234,23628120 14735459))
32644;POLYGON((20251732 11110349,20771233 11638669,21824012 10294206,21250445 9818157,20251732 11110349))
32645;POLYGON((17449378 8463571,17881616 8848426,18647215 7783424,18175054 7437876,17449378 8463571))
32646;POLYGON((15108610 6540015,15470819 6819265,16025182 5964285,15633781 5714557,15108610 6540015))
32647;POLYGON((13137368 5146058,13443616 5348286,13844077 4651044,13516676 4470995,13137368 5146058))
32648;POLYGON((11460779 4136547,11722476 4283061,12011770 3704404,11734865 3574586,11460779 4136547))
32649;POLYGON((10018333 3404056,10244676 3510535,10454239 3021262,10217025 2927396,10018333 3404056))
32650;POLYGON((8761414 2870117,8959773 2947947,9112418 2526326,8906308 2458072,8761414 2870117))
32651;POLYGON((7651149 2478172,7827409 2535512,7939470 2165362,7757676 2115332,7651149 2478172))
32652;POLYGON((6656570 2187978,6815414 2230600,6898434 1899825,6735612 1862812,6656570 2187978))
32653;POLYGON((5753035 1971241,5898189 2003185,5960231 1702675,5812178 1675051,5753035 1971241))
32654;POLYGON((4920907 1808286,5055346 1832348,5101981 1555152,4965384 1534417,4920907 1808286))
32655;POLYGON((4144441 1685548,4270559 1703648,4305605 1444374,4177834 1428820,4144441 1685548))
32656;POLYGON((3410879 1593748,3530629 1607196,3556682 1361562,3435621 1350029,3410879 1593748))
32657;POLYGON((2709700 1526591,2824708 1536272,2843517 1300780,2727427 1292491,2709700 1526591))
32658;POLYGON((2032018 1479868,2143673 1486367,2156396 1258069,2043807 1252511,2032018 1479868))
32659;POLYGON((1370091 1450865,1479622 1454548,1486989 1230861,1376612 1227713,1370091 1450865))
32660;POLYGON((716922 1437987,825458 1439053,827871 1217618,718529 1216707,716922 1437987))
