32701;POLYGON((60001 9002742,170113 9003795,172128 8782381,62692 8781104,60001 9002742))
32702;POLYGON((-604520 8989953,-493143 8992869,-486989 8769138,-597650 8765604,-604520 8989953))
32703;POLYGON((-1280908 8965470,-1167031 8970413,-1156396 8741930,-1269474 8735943,-1280908 8965470))
32704;POLYGON((-1977000 8927872,-1859255 8935135,-1843517 8699219,-1960327 8690431,-1977000 8927872))
32705;POLYGON((-2701706 8874828,-2578512 8884875,-2556682 8638437,-2678731 8626297,-2701706 8874828))
32706;POLYGON((-3465571 8802754,-3335029 8816289,-3305605 8555625,-3434687 8539300,-3465571 8802754))
32707;POLYGON((-4281473 8706272,-4141239 8724346,-4101981 8444847,-4240288 8423101,-4281473 8706272))
32708;POLYGON((-5165508 8577405,-5012632 8601574,-4960231 8297324,-5110495 8268335,-5165508 8577405))
32709;POLYGON((-6138106 8404412,-5968829 8436955,-5898434 8100174,-6064099 8061279,-6138106 8404412))
32710;POLYGON((-7225406 8170154,-7034906 8214389,-6939470 7834637,-7124910 7781982,-7225406 8170154))
32711;POLYGON((-8460933 7849882,-8243029 7910577,-8112418 7473673,-8323196 7401732,-8460933 7849882))
32712;POLYGON((-9887623 7408288,-9634408 7492212,-9454239 6978737,-9697417 6879690,-9887623 7408288))
32713;POLYGON((-11560230 6795667,-11261643 6912297,-11011770 6295595,-11296275 6158520,-11560230 6795667))
32714;POLYGON((-13548155 5943021,-13191478 6105441,-12844077 5348955,-13181127 5158804,-13548155 5943021))
32715;POLYGON((-15938735 4755904,-15508012 4981925,-15025182 4035714,-15428783 3772036,-15938735 4755904))
32716;POLYGON((-18841045 3106795,-18316410 3420341,-17647215 2216575,-18134728 1851946,-18841045 3106795))
32717;POLYGON((-22390222 825784,-21747142 1258569,-20824012 -294206,-21416800 -796096,-22390222 825784))
32718;POLYGON((-26752393 -2310686,-25960801 -1717134,-24695202 -3741237,-25419359 -4427885,-26752393 -2310686))
32719;POLYGON((-32130207 -6593284,-31153536 -5785218,-29430806 -8442847,-30317976 -9375669,-32130207 -6593284))
32720;POLYGON((-38769034 -12395726,-37563140 -11304333,-35236386 -14808709,-36324680 -16066270,-38769034 -12395726))
32721;POLYGON((-46963868 -20193497,-45475823 -18731578,-42358788 -23360554,-43693797 -25042346,-46963868 -20193497))
32722;POLYGON((-57066963 -30585667,-55233735 -28643769,-51092489 -34756333,-52728405 -36987164,-57066963 -30585667))
32723;POLYGON((-69496250 -44320124,-67243241 -41762082,-61786604 -49818202,-63787455 -52753258,-69496250 -44320124))
32724;POLYGON((-84744581 -62322585,-81984029 -58980410,-74852575 -69564714,-77293573 -73395361,-84744581 -62322585))
32725;POLYGON((-103389820 -85729743,-100019055 -81397796,-90772576 -95247635,-93741592 -100208035,-103389820 -85729743))
32726;POLYGON((-126105842 -115926940,-122005390 -110355319,-110108670 -128393814,-113707835 -134768430,-126105842 -115926940))
32727;POLYGON((-153674465 -154590759,-148705991 -147477844,-133512752 -170852565,-137860192 -178984619,-153674465 -154590759))
32728;POLYGON((-186998362 -203736956,-181002450 -194721029,-161737308 -224849009,-166969018 -235149993,-186998362 -203736956))
32729;POLYGON((-227114988 -265774168,-219908747 -254424043,-195647021 -293043899,-201918889 -306004208,-227114988 -265774168))
32730;POLYGON((-275211571 -343563857,-266586059 -329368435,-236231275 -378600407,-243721248 -394801185,-275211571 -343563857))
32731;POLYGON((259212789 -315686454,267586059 -329368435,237231275 -378600407,229957682 -362984302,259212789 -315686454))
32732;POLYGON((213918000 -243496148,220908747 -254424043,196647021 -293043899,190560247 -280564561,213918000 -243496148))
32733;POLYGON((176189814 -186050214,182002450 -194721029,162737308 -224849009,157663238 -214941297,176189814 -186050214))
32734;POLYGON((144892661 -140645197,149705991 -147477844,134512752 -170852565,130298963 -163040024,144892661 -140645197))
32735;POLYGON((119035624 -105009761,123005390 -110355319,111108670 -128393814,107622279 -122277037,119035624 -105009761))
32736;POLYGON((97757811 -77246882,101019055 -81397796,91772576 -95247635,88898250 -90493823,97757811 -77246882))
32737;POLYGON((80314772 -55782110,82984029 -58980410,75852575 -69564714,73490676 -65898351,80314772 -55782110))
32738;POLYGON((66065914 -39317468,68243241 -41762082,62786604 -49818202,60851479 -47012753,66065914 -39317468))
32739;POLYGON((54462886 -26790542,56233735 -28643769,52092489 -34756333,50510889 -32626897,54462886 -26790542))
32740;POLYGON((45038891 -17338362,46475823 -18731578,43358788 -23360554,42068415 -21757392,45038891 -17338362))
32741;POLYGON((37398871 -10265676,38563140 -11304333,36236386 -14808709,35184564 -13611565,37398871 -10265676))
32742;POLYGON((31210558 -5017237,32153536 -5785218,30430806 -8442847,29573265 -7556004,31210558 -5017237))
32743;POLYGON((26196311 -1153747,26960801 -1717134,25695202 -3741237,24994978 -3089234,26196311 -1153747))
32744;POLYGON((22125730 1668890,22747142 1258569,21824012 -294206,21250445 181842,22125730 1668890))
32745;POLYGON((18808995 3717331,19316410 3420341,18647215 2216575,18175054 2562123,18808995 3717331))
32746;POLYGON((16090895 5195870,16508012 4981925,16025182 4035714,15633781 4285442,16090895 5195870))
32747;POLYGON((13845495 6259135,14191478 6105441,13844077 5348955,13516676 5529004,13845495 6259135))
32748;POLYGON((11971422 7022677,12261643 6912297,12011770 6295595,11734865 6425413,11971422 7022677))
32749;POLYGON((10387712 7571690,10634408 7492212,10454239 6978737,10217025 7072603,10387712 7571690))
32750;POLYGON((9030189 7968121,9243029 7910577,9112418 7473673,8906308 7541927,9030189 7968121))
32751;POLYGON((7848332 8256389,8034906 8214389,7939470 7834637,7757676 7884667,7848332 8256389))
32752;POLYGON((6802587 8467905,6968829 8436955,6898434 8100174,6735612 8137187,6802587 8467905))
32753;POLYGON((5862101 8624591,6012632 8601574,5960231 8297324,5812178 8324948,5862101 8624591))
32754;POLYGON((5002807 8741572,5141239 8724346,5101981 8444847,4965384 8465582,5002807 8741572))
32755;POLYGON((4205861 8829181,4335029 8816289,4305605 8555625,4177834 8571179,4205861 8829181))
32756;POLYGON((3456348 8894416,3578512 8884875,3556682 8638437,3435621 8649970,3456348 8894416))
32757;POLYGON((2742258 8941984,2859255 8935135,2843517 8699219,2727427 8707508,2742258 8941984))
32758;POLYGON((2053661 8975002,2167031 8970413,2156396 8741930,2043807 8747488,2053661 8975002))
32759;POLYGON((1382059 8995467,1493143 8992869,1486989 8769138,1376612 8772286,1382059 8995467))
32760;POLYGON((719870 9004547,829886 9003795,827871 8782381,718529 8783292,719870 9004547))
32601;POLYGON((60001 -997257,170113 -996204,172128 -1217618,62692 -1218895,60001 -997257))
32602;POLYGON((-604520 -1010046,-493143 -1007130,-486989 -1230861,-597650 -1234395,-604520 -1010046))
32603;POLYGON((-1280908 -1034529,-1167031 -1029586,-1156396 -1258069,-1269474 -1264056,-1280908 -1034529))
32604;POLYGON((-1977000 -1072127,-1859255 -1064864,-1843517 -1300780,-1960327 -1309568,-1977000 -1072127))
32605;POLYGON((-2701706 -1125171,-2578512 -1115124,-2556682 -1361562,-2678731 -1373702,-2701706 -1125171))
32606;POLYGON((-3465571 -1197245,-3335029 -1183710,-3305605 -1444374,-3434687 -1460699,-3465571 -1197245))
32607;POLYGON((-4281473 -1293727,-4141239 -1275653,-4101981 -1555152,-4240288 -1576898,-4281473 -1293727))
32608;POLYGON((-5165508 -1422594,-5012632 -1398425,-4960231 -1702675,-5110495 -1731664,-5165508 -1422594))
32609;POLYGON((-6138106 -1595587,-5968829 -1563044,-5898434 -1899825,-6064099 -1938720,-6138106 -1595587))
32610;POLYGON((-7225406 -1829845,-7034906 -1785610,-6939470 -2165362,-7124910 -2218017,-7225406 -1829845))
32611;POLYGON((-8460933 -2150117,-8243029 -2089422,-8112418 -2526326,-8323196 -2598267,-8460933 -2150117))
32612;POLYGON((-9887623 -2591711,-9634408 -2507787,-9454239 -3021262,-9697417 -3120309,-9887623 -2591711))
32613;POLYGON((-11560230 -3204332,-11261643 -3087702,-11011770 -3704404,-11296275 -3841479,-11560230 -3204332))
32614;POLYGON((-13548155 -4056978,-13191478 -3894558,-12844077 -4651044,-13181127 -4841195,-13548155 -4056978))
32615;POLYGON((-15938735 -5244095,-15508012 -5018074,-15025182 -5964285,-15428783 -6227963,-15938735 -5244095))
32616;POLYGON((-18841045 -6893204,-18316410 -6579658,-17647215 -7783424,-18134728 -8148053,-18841045 -6893204))
32617;POLYGON((-22390222 -9174215,-21747142 -8741430,-20824012 -10294206,-21416800 -10796096,-22390222 -9174215))
32618;POLYGON((-26752393 -12310686,-25960801 -11717134,-24695202 -13741237,-25419359 -14427885,-26752393 -12310686))
32619;POLYGON((-32130207 -16593284,-31153536 -15785218,-29430806 -18442847,-30317976 -19375669,-32130207 -16593284))
32620;POLYGON((-38769034 -22395726,-37563140 -21304333,-35236386 -24808709,-36324680 -26066270,-38769034 -22395726))
32621;POLYGON((-46963868 -30193497,-45475823 -28731578,-42358788 -33360554,-43693797 -35042346,-46963868 -30193497))
32622;POLYGON((-57066963 -40585667,-55233735 -38643769,-51092489 -44756333,-52728405 -46987164,-57066963 -40585667))
32623;POLYGON((-69496250 -54320124,-67243241 -51762082,-61786604 -59818202,-63787455 -62753258,-69496250 -54320124))
32624;POLYGON((-84744581 -72322585,-81984029 -68980410,-74852575 -79564714,-77293573 -83395361,-84744581 -72322585))
32625;POLYGON((-103389820 -95729743,-100019055 -91397796,-90772576 -105247635,-93741592 -110208035,-103389820 -95729743))
32626;POLYGON((-126105842 -125926940,-122005390 -120355319,-110108670 -138393814,-113707835 -144768430,-126105842 -125926940))
32627;POLYGON((-153674465 -164590759,-148705991 -157477844,-133512752 -180852565,-137860192 -188984619,-153674465 -164590759))
32628;POLYGON((-186998362 -213736956,-181002450 -204721029,-161737308 -234849009,-166969018 -245149993,-186998362 -213736956))
32629;POLYGON((-227114988 -275774168,-219908747 -264424043,-195647021 -303043899,-201918889 -316004208,-227114988 -275774168))
32630;POLYGON((-275211571 -353563857,-266586059 -339368435,-236231275 -388600407,-243721248 -404801185,-275211571 -353563857))
32631;POLYGON((259212789 -325686454,267586059 -339368435,237231275 -388600407,229957682 -372984302,259212789 -325686454))
32632;POLYGON((213918000 -253496148,220908747 -264424043,196647021 -303043899,190560247 -290564561,213918000 -253496148))
32633;POLYGON((176189814 -196050214,182002450 -204721029,162737308 -234849009,157663238 -224941297,176189814 -196050214))
32634;POLYGON((144892661 -150645197,149705991 -157477844,134512752 -180852565,130298963 -173040024,144892661 -150645197))
32635;POLYGON((119035624 -115009761,123005390 -120355319,111108670 -138393814,107622279 -132277037,119035624 -115009761))
32636;POLYGON((97757811 -87246882,101019055 -91397796,91772576 -105247635,88898250 -100493823,97757811 -87246882))
32637;POLYGON((80314772 -65782110,82984029 -68980410,75852575 -79564714,73490676 -75898351,80314772 -65782110))
32638;POLYGON((66065914 -49317468,68243241 -51762082,62786604 -59818202,60851479 -57012753,66065914 -49317468))
32639;POLYGON((54462886 -36790542,56233735 -38643769,52092489 -44756333,50510889 -42626897,54462886 -36790542))
32640;POLYGON((45038891 -27338362,46475823 -28731578,43358788 -33360554,42068415 -31757392,45038891 -27338362))
32641;POLYGON((37398871 -20265676,38563140 -21304333,36236386 -24808709,35184564 -23611565,37398871 -20265676))
32642;POLYGON((31210558 -15017237,32153536 -15785218,30430806 -18442847,29573265 -17556004,31210558 -15017237))
32643;POLYGON((26196311 -11153747,26960801 -11717134,25695202 -13741237,24994978 -13089234,26196311 -11153747))
32644;POLYGON((22125730 -8331109,22747142 -8741430,21824012 -10294206,21250445 -9818157,22125730 -8331109))
32645;POLYGON((18808995 -6282668,19316410 -6579658,18647215 -7783424,18175054 -7437876,18808995 -6282668))
32646;POLYGON((16090895 -4804129,16508012 -5018074,16025182 -5964285,15633781 -5714557,16090895 -4804129))
32647;POLYGON((13845495 -3740864,14191478 -3894558,13844077 -4651044,13516676 -4470995,13845495 -3740864))
32648;POLYGON((11971422 -2977322,12261643 -3087702,12011770 -3704404,11734865 -3574586,11971422 -2977322))
32649;POLYGON((10387712 -2428309,10634408 -2507787,10454239 -3021262,10217025 -2927396,10387712 -2428309))
32650;POLYGON((9030189 -2031878,9243029 -2089422,9112418 -2526326,8906308 -2458072,9030189 -2031878))
32651;POLYGON((7848332 -1743610,8034906 -1785610,7939470 -2165362,7757676 -2115332,7848332 -1743610))
32652;POLYGON((6802587 -1532094,6968829 -1563044,6898434 -1899825,6735612 -1862812,6802587 -1532094))
32653;POLYGON((5862101 -1375408,6012632 -1398425,5960231 -1702675,5812178 -1675051,5862101 -1375408))
32654;POLYGON((5002807 -1258427,5141239 -1275653,5101981 -1555152,4965384 -1534417,5002807 -1258427))
32655;POLYGON((4205861 -1170818,4335029 -1183710,4305605 -1444374,4177834 -1428820,4205861 -1170818))
32656;POLYGON((3456348 -1105583,3578512 -1115124,3556682 -1361562,3435621 -1350029,3456348 -1105583))
32657;POLYGON((2742258 -1058015,2859255 -1064864,2843517 -1300780,2727427 -1292491,2742258 -1058015))
32658;POLYGON((2053661 -1024997,2167031 -1029586,2156396 -1258069,2043807 -1252511,2053661 -1024997))
32659;POLYGON((1382059 -1004532,1493143 -1007130,1486989 -1230861,1376612 -1227713,1382059 -1004532))
32660;POLYGON((719870 -995452,829886 -996204,827871 -1217618,718529 -1216707,719870 -995452))
