32701;POLYGON((163555 14546468,247679 14543092,240199 14321059,153573 14324393,163555 14546468))
32702;POLYGON((-341601 14587205,-257343 14577954,-279990 14355506,-366826 14364651,-341601 14587205))
32703;POLYGON((-847911 14663984,-763426 14648610,-801874 14425404,-889085 14440627,-847911 14663984))
32704;POLYGON((-1355731 14778857,-1270988 14756949,-1326312 14532793,-1414004 14554541,-1355731 14778857))
32705;POLYGON((-1864900 14934876,-1779974 14905855,-1853715 14680818,-1941896 14709725,-1864900 14934876))
32706;POLYGON((-2374454 15136139,-2289575 15099247,-2383773 14873805,-2472296 14910715,-2374454 15136139))
32707;POLYGON((-2882247 15387817,-2797875 15342118,-2915088 15117363,-3003582 15163342,-2882247 15387817))
32708;POLYGON((-3384458 15696145,-3301370 15640527,-3444686 15418466,-3532461 15474812,-3384458 15696145))
32709;POLYGON((-3874959 16068347,-3794369 16001545,-3967389 15785508,-4053313 15853761,-3874959 16068347))
32710;POLYGON((-4344524 16512462,-4268223 16433090,-4475005 16228308,-4557354 16310239,-4344524 16512462))
32711;POLYGON((-4779842 17037027,-4710381 16943646,-4955329 16758029,-5031593 16855616,-4779842 17037027))
32712;POLYGON((-5162326 17650573,-5103227 17541790,-5390902 17386976,-5457563 17502360,-5162326 17650573))
32713;POLYGON((-5466682 18360893,-5422695 18235500,-5757538 18128246,-5809789 18263651,-5466682 18360893))
32714;POLYGON((-5659213 19174007,-5636617 19031178,-6022549 18995176,-6053977 19152796,-5659213 19174007))
32715;POLYGON((-5695843 20092779,-5702798 19932326,-6142684 20000551,-6144887 20182392,-5695843 20092779))
32716;POLYGON((-5519829 21115108,-5566779 20937817,-6061718 21155515,-6023877 21363180,-5519829 21115108))
32717;POLYGON((-5059135 22231631,-5159271 22039682,-5707695 22468138,-5616073 22702550,-5059135 22231631))
32718;POLYGON((-4223455 23422841,-4393233 23220330,-4989777 23941575,-4827155 24202627,-4223455 23422841))
32719;POLYGON((-2900839 24655558,-3160576 24449137,-3794682 25571754,-3539723 25857873,-2900839 24655558))
32720;POLYGON((-953924 25878648,-1328452 25678292,-1982685 27344527,-1609224 27652143,-953924 25878648))
32721;POLYGON((1784273 27017898,1264874 26837824,616850 29232216,1140598 29555121,1784273 27017898))
32722;POLYGON((5515025 27969952,4814617 27829698,4210432 31189474,4922750 31518059,5515025 27969952))
32723;POLYGON((10479036 28595196,9554529 28520884,9045917 33148379,9992549 33468739,10479036 28595196))
32724;POLYGON((16962091 28709476,15762469 28735280,15418536 35012687,16653748 35305573,16962091 28709476))
32725;POLYGON((25301248 28074549,23766495 28244381,23677491 36651144,25265226 36890750,25301248 28074549))
32726;POLYGON((35891569 26387122,33951509 26756557,34233150 37889773,36248290 38042346,35891569 26387122))
32727;POLYGON((49193438 23266368,46766476 23904841,47564874 38503037,50094605 38525288,49193438 23266368))
32728;POLYGON((65740488 18239772,62732244 19233057,64229485 38203777,67374774 38041076,65740488 18239772))
32729;POLYGON((86148146 10727180,82449986 12180177,84870423 36631819,88747614 36216158,86148146 10727180))
32730;POLYGON((111122842 22891,106610297 2062758,110227608 33341142,114970132 32588852,111122842 22891))
32731;POLYGON((-101242849 3994937,-105610297 2062758,-109227608 33341142,-104639352 34030777,-101242849 3994937))
32732;POLYGON((-77875008 13548367,-81449986 12180177,-83870423 36631819,-80123999 36999963,-77875008 13548367))
32733;POLYGON((-58828021 20160474,-61732244 19233057,-63229485 38203777,-60194432 38331319,-58828021 20160474))
32734;POLYGON((-43426856 24492992,-45766476 23904841,-46564874 38503037,-44127528 38455602,-43426856 24492992))
32735;POLYGON((-31084342 27088307,-32951509 26756557,-33233150 37889773,-31294949 37719966,-31084342 27088307))
32736;POLYGON((-21292181 28386689,-22766495 28244381,-22677491 36651144,-21153398 36400547,-21292181 28386689))
32737;POLYGON((-13612610 28741635,-14762469 28735280,-14418536 35012687,-13235585 34713624,-13612610 28741635))
32738;POLYGON((-7670689 28433446,-8554529 28520884,-8045917 33148379,-7141862 32825470,-7670689 28433446))
32739;POLYGON((-3147170 27681187,-3814617 27829698,-3210432 31189474,-2532505 30860998,-3147170 27681187))
32740;POLYGON((228043 26653170,-264874 26837824,383149 29232216,879378 28911294,228043 26653170))
32741;POLYGON((2681911 25476065,2328452 25678292,2982685 27344527,3334350 27040142,2681911 25476065))
32742;POLYGON((4403727 24242775,4160576 24449137,4794682 25571754,5032574 25289626,4403727 24242775))
32743;POLYGON((5550106 23019195,5393233 23220330,5989777 23941575,6139203 23684900,5550106 23019195))
32744;POLYGON((6249494 21849950,6159271 22039682,6707695 22468138,6789258 22238209,6249494 21849950))
32745;POLYGON((6606228 20763225,6566779 20937817,7061718 21155515,7092015 20952240,6606228 20763225))
32746;POLYGON((6704170 19774786,6702798 19932326,7142684 20000551,7134929 19822872,6704170 19774786))
32747;POLYGON((6609944 18891288,6636617 19031178,7022549 18995176,6987127 18841405,6609944 18891288))
32748;POLYGON((6375798 18112946,6422695 18235500,6757538 18128246,6702488 17996333,6375798 18112946))
32749;POLYGON((6042108 17435665,6103227 17541790,6390902 17386976,6322346 17274711,6042108 17435665))
32750;POLYGON((5639565 16852699,5710381 16943646,5955329 16758029,5877836 16663196,5639565 16852699))
32751;POLYGON((5191054 16355912,5268223 16433090,5475005 16228308,5391911 16148789,5191054 16355912))
32752;POLYGON((4713256 15936700,4794369 16001545,4967389 15785508,4881054 15719355,4713256 15936700))
32753;POLYGON((4217998 15586647,4301370 15640527,4444686 15418466,4356726 15363947,4217998 15586647))
32754;POLYGON((3713374 15297959,3797875 15342118,3915088 15117363,3826551 15072980,3713374 15297959))
32755;POLYGON((3204664 15063727,3289575 15099247,3383773 14873805,3295289 14838296,3204664 15063727))
32756;POLYGON((2695066 14878067,2779974 14905855,2853715 14680818,2765610 14653157,2695066 14878067))
32757;POLYGON((2186287 14736166,2270988 14756949,2326312 14532793,2238703 14512172,2186287 14736166))
32758;POLYGON((1678983 14634280,1763426 14648610,1801874 14425404,1714735 14411219,1678983 14634280))
32759;POLYGON((1173115 14569695,1257343 14577954,1279990 14355506,1193202 14347342,1173115 14569695))
32760;POLYGON((668207 14540683,752320 14543092,759800 14321059,673190 14318679,668207 14540683))
32601;POLYGON((163555 4546468,247679 4543092,240199 4321059,153573 4324393,163555 4546468))
32602;POLYGON((-341601 4587205,-257343 4577954,-279990 4355506,-366826 4364651,-341601 4587205))
32603;POLYGON((-847911 4663984,-763426 4648610,-801874 4425404,-889085 4440627,-847911 4663984))
32604;POLYGON((-1355731 4778857,-1270988 4756949,-1326312 4532793,-1414004 4554541,-1355731 4778857))
32605;POLYGON((-1864900 4934876,-1779974 4905855,-1853715 4680818,-1941896 4709725,-1864900 4934876))
32606;POLYGON((-2374454 5136139,-2289575 5099247,-2383773 4873805,-2472296 4910715,-2374454 5136139))
32607;POLYGON((-2882247 5387817,-2797875 5342118,-2915088 5117363,-3003582 5163342,-2882247 5387817))
32608;POLYGON((-3384458 5696145,-3301370 5640527,-3444686 5418466,-3532461 5474812,-3384458 5696145))
32609;POLYGON((-3874959 6068347,-3794369 6001545,-3967389 5785508,-4053313 5853761,-3874959 6068347))
32610;POLYGON((-4344524 6512462,-4268223 6433090,-4475005 6228308,-4557354 6310239,-4344524 6512462))
32611;POLYGON((-4779842 7037027,-4710381 6943646,-4955329 6758029,-5031593 6855616,-4779842 7037027))
32612;POLYGON((-5162326 7650573,-5103227 7541790,-5390902 7386976,-5457563 7502360,-5162326 7650573))
32613;POLYGON((-5466682 8360893,-5422695 8235500,-5757538 8128246,-5809789 8263651,-5466682 8360893))
32614;POLYGON((-5659213 9174007,-5636617 9031178,-6022549 8995176,-6053977 9152796,-5659213 9174007))
32615;POLYGON((-5695843 10092779,-5702798 9932326,-6142684 10000551,-6144887 10182392,-5695843 10092779))
32616;POLYGON((-5519829 11115108,-5566779 10937817,-6061718 11155515,-6023877 11363180,-5519829 11115108))
32617;POLYGON((-5059135 12231631,-5159271 12039682,-5707695 12468138,-5616073 12702550,-5059135 12231631))
32618;POLYGON((-4223455 13422841,-4393233 13220330,-4989777 13941575,-4827155 14202627,-4223455 13422841))
32619;POLYGON((-2900839 14655558,-3160576 14449137,-3794682 15571754,-3539723 15857873,-2900839 14655558))
32620;POLYGON((-953924 15878648,-1328452 15678292,-1982685 17344527,-1609224 17652143,-953924 15878648))
32621;POLYGON((1784273 17017898,1264874 16837824,616850 19232216,1140598 19555121,1784273 17017898))
32622;POLYGON((5515025 17969952,4814617 17829698,4210432 21189474,4922750 21518059,5515025 17969952))
32623;POLYGON((10479036 18595196,9554529 18520884,9045917 23148379,9992549 23468739,10479036 18595196))
32624;POLYGON((16962091 18709476,15762469 18735280,15418536 25012687,16653748 25305573,16962091 18709476))
32625;POLYGON((25301248 18074549,23766495 18244381,23677491 26651144,25265226 26890750,25301248 18074549))
32626;POLYGON((35891569 16387122,33951509 16756557,34233150 27889773,36248290 28042346,35891569 16387122))
32627;POLYGON((49193438 13266368,46766476 13904841,47564874 28503037,50094605 28525288,49193438 13266368))
32628;POLYGON((65740488 8239772,62732244 9233057,64229485 28203777,67374774 28041076,65740488 8239772))
32629;POLYGON((86148146 727180,82449986 2180177,84870423 26631819,88747614 26216158,86148146 727180))
32630;POLYGON((111122842 -9977108,106610297 -7937241,110227608 23341142,114970132 22588852,111122842 -9977108))
32631;POLYGON((-101242849 -6005062,-105610297 -7937241,-109227608 23341142,-104639352 24030777,-101242849 -6005062))
32632;POLYGON((-77875008 3548367,-81449986 2180177,-83870423 26631819,-80123999 26999963,-77875008 3548367))
32633;POLYGON((-58828021 10160474,-61732244 9233057,-63229485 28203777,-60194432 28331319,-58828021 10160474))
32634;POLYGON((-43426856 14492992,-45766476 13904841,-46564874 28503037,-44127528 28455602,-43426856 14492992))
32635;POLYGON((-31084342 17088307,-32951509 16756557,-33233150 27889773,-31294949 27719966,-31084342 17088307))
32636;POLYGON((-21292181 18386689,-22766495 18244381,-22677491 26651144,-21153398 26400547,-21292181 18386689))
32637;POLYGON((-13612610 18741635,-14762469 18735280,-14418536 25012687,-13235585 24713624,-13612610 18741635))
32638;POLYGON((-7670689 18433446,-8554529 18520884,-8045917 23148379,-7141862 22825470,-7670689 18433446))
32639;POLYGON((-3147170 17681187,-3814617 17829698,-3210432 21189474,-2532505 20860998,-3147170 17681187))
32640;POLYGON((228043 16653170,-264874 16837824,383149 19232216,879378 18911294,228043 16653170))
32641;POLYGON((2681911 15476065,2328452 15678292,2982685 17344527,3334350 17040142,2681911 15476065))
32642;POLYGON((4403727 14242775,4160576 14449137,4794682 15571754,5032574 15289626,4403727 14242775))
32643;POLYGON((5550106 13019195,5393233 13220330,5989777 13941575,6139203 13684900,5550106 13019195))
32644;POLYGON((6249494 11849950,6159271 12039682,6707695 12468138,6789258 12238209,6249494 11849950))
32645;POLYGON((6606228 10763225,6566779 10937817,7061718 11155515,7092015 10952240,6606228 10763225))
32646;POLYGON((6704170 9774786,6702798 9932326,7142684 10000551,7134929 9822872,6704170 9774786))
32647;POLYGON((6609944 8891288,6636617 9031178,7022549 8995176,6987127 8841405,6609944 8891288))
32648;POLYGON((6375798 8112946,6422695 8235500,6757538 8128246,6702488 7996333,6375798 8112946))
32649;POLYGON((6042108 7435665,6103227 7541790,6390902 7386976,6322346 7274711,6042108 7435665))
32650;POLYGON((5639565 6852699,5710381 6943646,5955329 6758029,5877836 6663196,5639565 6852699))
32651;POLYGON((5191054 6355912,5268223 6433090,5475005 6228308,5391911 6148789,5191054 6355912))
32652;POLYGON((4713256 5936700,4794369 6001545,4967389 5785508,4881054 5719355,4713256 5936700))
32653;POLYGON((4217998 5586647,4301370 5640527,4444686 5418466,4356726 5363947,4217998 5586647))
32654;POLYGON((3713374 5297959,3797875 5342118,3915088 5117363,3826551 5072980,3713374 5297959))
32655;POLYGON((3204664 5063727,3289575 5099247,3383773 4873805,3295289 4838296,3204664 5063727))
32656;POLYGON((2695066 4878067,2779974 4905855,2853715 4680818,2765610 4653157,2695066 4878067))
32657;POLYGON((2186287 4736166,2270988 4756949,2326312 4532793,2238703 4512172,2186287 4736166))
32658;POLYGON((1678983 4634280,1763426 4648610,1801874 4425404,1714735 4411219,1678983 4634280))
32659;POLYGON((1173115 4569695,1257343 4577954,1279990 4355506,1193202 4347342,1173115 4569695))
32660;POLYGON((668207 4540683,752320 4543092,759800 4321059,673190 4318679,668207 4540683))
