32701;POLYGON((377017 18216166,407735 18214360,396566 17991508,362128 17993511,377017 18216166))
32702;POLYGON((193657 18237811,224064 18232919,190619 18012098,156514 18017526,193657 18237811))
32703;POLYGON((13165 18277872,42974 18269925,-12561 18053179,-46025 18062006,13165 18277872))
32704;POLYGON((-162722 18336097,-133801 18325146,-211108 18114545,-243615 18126723,-162722 18336097))
32705;POLYGON((-332256 18412101,-304516 18398220,-403113 18195862,-434342 18211323,-332256 18412101))
32706;POLYGON((-493671 18505345,-467407 18488635,-586630 18296650,-616253 18315297,-493671 18505345))
32707;POLYGON((-645200 18615122,-620706 18595713,-759677 18416244,-787359 18437947,-645200 18615122))
32708;POLYGON((-785089 18740526,-762656 18718584,-920247 18553768,-945655 18578356,-785089 18740526))
32709;POLYGON((-911632 18880438,-891538 18856166,-1066342 18708089,-1089146 18735347,-911632 18880438))
32710;POLYGON((-1023209 19033506,-1005717 19007146,-1196018 18877787,-1215903 18907448,-1023209 19033506))
32711;POLYGON((-1118350 19198131,-1103691 19169966,-1307446 19061124,-1324126 19092865,-1118350 19198131))
32712;POLYGON((-1195810 19372473,-1184172 19342826,-1399004 19256014,-1412235 19289453,-1195810 19372473))
32713;POLYGON((-1254665 19554459,-1246174 19523691,-1469385 19460019,-1478988 19494716,-1254665 19554459))
32714;POLYGON((-1294430 19741825,-1289132 19710324,-1517733 19670350,-1523621 19705806,-1294430 19741825))
32715;POLYGON((-1315201 19932166,-1313033 19900340,-1543813 19883894,-1546021 19919563,-1315201 19932166))
32716;POLYGON((-1317821 20123031,-1318582 20091287,-1548208 20097272,-1546930 20132570,-1317821 20123031))
32717;POLYGON((-1304076 20312047,-1307394 20280768,-1532555 20306926,-1528183 20341252,-1304076 20312047))
32718;POLYGON((-1276916 20497082,-1282208 20466598,-1499810 20509247,-1492986 20542007,-1276916 20497082))
32719;POLYGON((-1240716 20676463,-1247143 20647010,-1454562 20700756,-1446234 20731396,-1240716 20676463))
32720;POLYGON((-1201561 20849251,-1207975 20820921,-1403383 20878329,-1394867 20906383,-1201561 20849251))
32721;POLYGON((-1167571 21015573,-1172463 20988255,-1355227 21039495,-1348276 21064640,-1167571 21015573))
32722;POLYGON((-1149268 21177034,-1150702 21150338,-1321870 21182799,-1318756 21204922,-1149268 21177034))
32723;POLYGON((-1159975 21337209,-1155516 21310379,-1318405 21308252,-1322003 21327531,-1159975 21337209))
32724;POLYGON((-1216260 21502219,-1202903 21474030,-1363790 21417858,-1377676 21434866,-1216260 21502219))
32725;POLYGON((-1338428 21681414,-1312506 21650052,-1481444 21516255,-1510001 21532070,-1338428 21681414))
32726;POLYGON((-1551049 21888164,-1508146 21851084,-1699908 21611455,-1748442 21627800,-1551049 21888164))
32727;POLYGON((-1883545 22140767,-1818395 22094535,-2053565 21715709,-2128426 21735106,-1883545 22140767))
32728;POLYGON((-2370816 22463493,-2277195 22403600,-2583414 21846503,-2692137 21872453,-2370816 22463493))
32729;POLYGON((-3053931 22887766,-2924533 22808423,-3337921 22027696,-3489374 22064884,-3053931 22887766))
32730;POLYGON((-3980855 23453505,-3807176 23347408,-4373930 22290817,-4578469 22345342,-3980855 23453505))
32731;POLYGON((4641522 23246349,4807176 23347408,5373930 22290817,5179027 22239672,4641522 23246349))
32732;POLYGON((3801655 22732785,3924533 22808423,4337921 22027696,4194266 21992764,3801655 22732785))
32733;POLYGON((3188795 22346348,3277195 22403600,3583414 21846503,3480912 21821936,3188795 22346348))
32734;POLYGON((2757359 22050109,2818395 22094535,3053565 21715709,2983581 21697035,2757359 22050109))
32735;POLYGON((2468415 21815169,2508146 21851084,2699908 21611455,2655115 21595349,2468415 21815169))
32736;POLYGON((2288963 21619373,2312506 21650052,2481444 21516255,2455673 21500341,2288963 21619373))
32737;POLYGON((2191264 21446176,2202903 21474030,2363790 21417858,2351899 21400531,2191264 21446176))
32738;POLYGON((2152232 21283642,2155516 21310379,2318405 21308252,2316154 21288527,2152232 21283642))
32739;POLYGON((2152866 21123580,2150702 21150338,2321870 21182799,2325806 21160177,2152866 21123580))
32740;POLYGON((2177731 20960787,2172463 20988255,2355227 21039495,2362582 21013850,2177731 20960787))
32741;POLYGON((2214485 20792406,2207975 20820921,2403383 20878329,2411977 20849817,2214485 20792406))
32742;POLYGON((2253451 20617374,2247143 20647010,2454562 20700756,2462720 20669728,2253451 20617374))
32743;POLYGON((2287222 20435962,2282208 20466598,2499810 20509247,2506282 20476187,2287222 20435962))
32744;POLYGON((2310320 20249386,2307394 20280768,2532555 20306926,2536449 20272396,2310320 20249386))
32745;POLYGON((2318876 20059501,2318582 20091287,2548208 20097272,2548927 20061870,2318876 20059501))
32746;POLYGON((2310353 19868540,2313033 19900340,2543813 19883894,2540999 19848221,2310353 19868540))
32747;POLYGON((2283304 19678918,2289132 19710324,2517733 19670350,2511224 19634984,2283304 19678918))
32748;POLYGON((2237154 19493084,2246174 19523691,2469385 19460019,2459168 19425500,2237154 19493084))
32749;POLYGON((2172019 19313403,2184172 19342826,2399004 19256014,2385185 19222829,2172019 19313403))
32750;POLYGON((2088545 19142080,2103691 19169966,2307446 19061124,2290214 19029705,2088545 19142080))
32751;POLYGON((1987774 18981115,2005717 19007146,2196018 18877787,2175625 18848506,1987774 18981115))
32752;POLYGON((1871036 18832267,1891538 18856166,2066342 18708089,2043082 18681258,1871036 18832267))
32753;POLYGON((1739859 18697052,1762656 18718584,1920247 18553768,1894437 18529647,1739859 18697052))
32754;POLYGON((1595897 18576744,1620706 18595713,1759677 18416244,1731648 18395040,1595897 18576744))
32755;POLYGON((1440877 18472388,1467407 18488635,1586630 18296650,1556717 18278525,1440877 18472388))
32756;POLYGON((1276559 18384821,1304516 18398220,1403113 18195862,1371648 18180942,1276559 18384821))
32757;POLYGON((1104712 18314692,1133801 18325146,1211108 18114545,1178419 18102921,1104712 18314692))
32758;POLYGON((927096 18262485,957025 18269925,1012561 18053179,978969 18044917,927096 18262485))
32759;POLYGON((745456 18228541,775935 18232919,809380 18012098,775197 18007240,745456 18228541))
32760;POLYGON((561523 18213070,592264 18214360,603433 17991508,568969 17990077,561523 18213070))
32601;POLYGON((377017 8216166,407735 8214360,396566 7991508,362128 7993511,377017 8216166))
32602;POLYGON((193657 8237811,224064 8232919,190619 8012098,156514 8017526,193657 8237811))
32603;POLYGON((13165 8277872,42974 8269925,-12561 8053179,-46025 8062006,13165 8277872))
32604;POLYGON((-162722 8336097,-133801 8325146,-211108 8114545,-243615 8126723,-162722 8336097))
32605;POLYGON((-332256 8412101,-304516 8398220,-403113 8195862,-434342 8211323,-332256 8412101))
32606;POLYGON((-493671 8505345,-467407 8488635,-586630 8296650,-616253 8315297,-493671 8505345))
32607;POLYGON((-645200 8615122,-620706 8595713,-759677 8416244,-787359 8437947,-645200 8615122))
32608;POLYGON((-785089 8740526,-762656 8718584,-920247 8553768,-945655 8578356,-785089 8740526))
32609;POLYGON((-911632 8880438,-891538 8856166,-1066342 8708089,-1089146 8735347,-911632 8880438))
32610;POLYGON((-1023209 9033506,-1005717 9007146,-1196018 8877787,-1215903 8907448,-1023209 9033506))
32611;POLYGON((-1118350 9198131,-1103691 9169966,-1307446 9061124,-1324126 9092865,-1118350 9198131))
32612;POLYGON((-1195810 9372473,-1184172 9342826,-1399004 9256014,-1412235 9289453,-1195810 9372473))
32613;POLYGON((-1254665 9554459,-1246174 9523691,-1469385 9460019,-1478988 9494716,-1254665 9554459))
32614;POLYGON((-1294430 9741825,-1289132 9710324,-1517733 9670350,-1523621 9705806,-1294430 9741825))
32615;POLYGON((-1315201 9932166,-1313033 9900340,-1543813 9883894,-1546021 9919563,-1315201 9932166))
32616;POLYGON((-1317821 10123031,-1318582 10091287,-1548208 10097272,-1546930 10132570,-1317821 10123031))
32617;POLYGON((-1304076 10312047,-1307394 10280768,-1532555 10306926,-1528183 10341252,-1304076 10312047))
32618;POLYGON((-1276916 10497082,-1282208 10466598,-1499810 10509247,-1492986 10542007,-1276916 10497082))
32619;POLYGON((-1240716 10676463,-1247143 10647010,-1454562 10700756,-1446234 10731396,-1240716 10676463))
32620;POLYGON((-1201561 10849251,-1207975 10820921,-1403383 10878329,-1394867 10906383,-1201561 10849251))
32621;POLYGON((-1167571 11015573,-1172463 10988255,-1355227 11039495,-1348276 11064640,-1167571 11015573))
32622;POLYGON((-1149268 11177034,-1150702 11150338,-1321870 11182799,-1318756 11204922,-1149268 11177034))
32623;POLYGON((-1159975 11337209,-1155516 11310379,-1318405 11308252,-1322003 11327531,-1159975 11337209))
32624;POLYGON((-1216260 11502219,-1202903 11474030,-1363790 11417858,-1377676 11434866,-1216260 11502219))
32625;POLYGON((-1338428 11681414,-1312506 11650052,-1481444 11516255,-1510001 11532070,-1338428 11681414))
32626;POLYGON((-1551049 11888164,-1508146 11851084,-1699908 11611455,-1748442 11627800,-1551049 11888164))
32627;POLYGON((-1883545 12140767,-1818395 12094535,-2053565 11715709,-2128426 11735106,-1883545 12140767))
32628;POLYGON((-2370816 12463493,-2277195 12403600,-2583414 11846503,-2692137 11872453,-2370816 12463493))
32629;POLYGON((-3053931 12887766,-2924533 12808423,-3337921 12027696,-3489374 12064884,-3053931 12887766))
32630;POLYGON((-3980855 13453505,-3807176 13347408,-4373930 12290817,-4578469 12345342,-3980855 13453505))
32631;POLYGON((4641522 13246349,4807176 13347408,5373930 12290817,5179027 12239672,4641522 13246349))
32632;POLYGON((3801655 12732785,3924533 12808423,4337921 12027696,4194266 11992764,3801655 12732785))
32633;POLYGON((3188795 12346348,3277195 12403600,3583414 11846503,3480912 11821936,3188795 12346348))
32634;POLYGON((2757359 12050109,2818395 12094535,3053565 11715709,2983581 11697035,2757359 12050109))
32635;POLYGON((2468415 11815169,2508146 11851084,2699908 11611455,2655115 11595349,2468415 11815169))
32636;POLYGON((2288963 11619373,2312506 11650052,2481444 11516255,2455673 11500341,2288963 11619373))
32637;POLYGON((2191264 11446176,2202903 11474030,2363790 11417858,2351899 11400531,2191264 11446176))
32638;POLYGON((2152232 11283642,2155516 11310379,2318405 11308252,2316154 11288527,2152232 11283642))
32639;POLYGON((2152866 11123580,2150702 11150338,2321870 11182799,2325806 11160177,2152866 11123580))
32640;POLYGON((2177731 10960787,2172463 10988255,2355227 11039495,2362582 11013850,2177731 10960787))
32641;POLYGON((2214485 10792406,2207975 10820921,2403383 10878329,2411977 10849817,2214485 10792406))
32642;POLYGON((2253451 10617374,2247143 10647010,2454562 10700756,2462720 10669728,2253451 10617374))
32643;POLYGON((2287222 10435962,2282208 10466598,2499810 10509247,2506282 10476187,2287222 10435962))
32644;POLYGON((2310320 10249386,2307394 10280768,2532555 10306926,2536449 10272396,2310320 10249386))
32645;POLYGON((2318876 10059501,2318582 10091287,2548208 10097272,2548927 10061870,2318876 10059501))
32646;POLYGON((2310353 9868540,2313033 9900340,2543813 9883894,2540999 9848221,2310353 9868540))
32647;POLYGON((2283304 9678918,2289132 9710324,2517733 9670350,2511224 9634984,2283304 9678918))
32648;POLYGON((2237154 9493084,2246174 9523691,2469385 9460019,2459168 9425500,2237154 9493084))
32649;POLYGON((2172019 9313403,2184172 9342826,2399004 9256014,2385185 9222829,2172019 9313403))
32650;POLYGON((2088545 9142080,2103691 9169966,2307446 9061124,2290214 9029705,2088545 9142080))
32651;POLYGON((1987774 8981115,2005717 9007146,2196018 8877787,2175625 8848506,1987774 8981115))
32652;POLYGON((1871036 8832267,1891538 8856166,2066342 8708089,2043082 8681258,1871036 8832267))
32653;POLYGON((1739859 8697052,1762656 8718584,1920247 8553768,1894437 8529647,1739859 8697052))
32654;POLYGON((1595897 8576744,1620706 8595713,1759677 8416244,1731648 8395040,1595897 8576744))
32655;POLYGON((1440877 8472388,1467407 8488635,1586630 8296650,1556717 8278525,1440877 8472388))
32656;POLYGON((1276559 8384821,1304516 8398220,1403113 8195862,1371648 8180942,1276559 8384821))
32657;POLYGON((1104712 8314692,1133801 8325146,1211108 8114545,1178419 8102921,1104712 8314692))
32658;POLYGON((927096 8262485,957025 8269925,1012561 8053179,978969 8044917,927096 8262485))
32659;POLYGON((745456 8228541,775935 8232919,809380 8012098,775197 8007240,745456 8228541))
32660;POLYGON((561523 8213070,592264 8214360,603433 7991508,568969 7990077,561523 8213070))
