32701;POLYGON((263647 3564288,322707 3567352,332705 3344794,276979 3341842,263647 3564288))
32702;POLYGON((-89765 3527469,-31017 3535806,-961 3314409,-56351 3306381,-89765 3527469))
32703;POLYGON((-440233 3458814,-382108 3472485,-331808 3253477,-386534 3240333,-440233 3458814))
32704;POLYGON((-785765 3357857,-728612 3376951,-657788 3161703,-711488 3143383,-785765 3357857))
32705;POLYGON((-1124055 3223993,-1068286 3248617,-976604 3038706,-1028864 3015143,-1124055 3223993))
32706;POLYGON((-1452368 3056570,-1398474 3086830,-1285618 2884101,-1335958 2855239,-1452368 3056570))
32707;POLYGON((-1767424 2855032,-1715994 2891007,-1581755 2697622,-1629616 2663437,-1767424 2855032))
32708;POLYGON((-2065273 2619107,-2017016 2660813,-1861428 2479277,-1906155 2439814,-2065273 2619107))
32709;POLYGON((-2341183 2349077,-2296949 2396414,-2120457 2229570,-2161292 2184979,-2341183 2349077))
32710;POLYGON((-2589517 2046123,-2550312 2098814,-2354004 1949781,-2390072 1900374,-2589517 2046123))
32711;POLYGON((-2803616 1712789,-2770626 1770292,-2556521 1642323,-2586825 1588643,-2803616 1712789))
32712;POLYGON((-2975673 1353568,-2950285 1414970,-2721703 1311199,-2745117 1254106,-2975673 1353568))
32713;POLYGON((-3096619 975647,-3080437 1039526,-2842461 962568,-2857727 903344,-3096619 975647))
32714;POLYGON((-3155992 589836,-3150861 654093,-2910910 605440,-2916634 545922,-3155992 589836))
32715;POLYGON((-3141822 211710,-3149847 273362,-2918364 252527,-2913024 195262,-3141822 211710))
32716;POLYGON((-3040499 -136992,-3064068 -82063,-2855366 -78733,-2837311 -130296,-3040499 -136992))
32717;POLYGON((-2836651 -426697,-2878454 -384046,-2711719 -364954,-2679183 -406240,-2836651 -426697))
32718;POLYGON((-2513017 -617984,-2576067 -594959,-2476551 -575344,-2427661 -600385,-2513017 -617984))
32719;POLYGON((-2050317 -659214,-2137973 -665384,-2138397 -670001,-2071192 -671126,-2050317 -659214))
32720;POLYGON((-1427124 -483743,-1543112 -531389,-1685303 -597915,-1597753 -565385,-1427124 -483743))
32721;POLYGON((-619727 -6676,-768163 -111367,-1104963 -294651,-994991 -216239,-619727 -6676))
32722;POLYGON((397991 878895,212581 697636,-384868 320321,-250385 459810,397991 878895))
32723;POLYGON((1654703 2306217,1427358 2024151,487498 1346691,648566 1565974,1654703 2306217))
32724;POLYGON((3181761 4439821,2907062 4027123,1524452 2906801,1714122 3228741,3181761 4439821))
32725;POLYGON((5013342 7481150,4685392 6901423,2737860 5149609,2958046 5601926,5013342 7481150))
32726;POLYGON((7186586 11674933,6798984 10884089,4138860 8255166,4391326 8871238,7186586 11674933))
32727;POLYGON((9741742 17316363,9287557 16261368,5737550 12439654,6023853 13259410,9741742 17316363))
32728;POLYGON((12722308 24759150,12194058 23376619,7542641 17961025,7864073 19031949,12722308 24759150))
32729;POLYGON((16175181 34424521,15564807 32639148,9561073 25125287,9918589 26503534,16175181 34424521))
32730;POLYGON((20150805 46811240,19449648 44534056,11797594 34293508,12191741 36045141,20150805 46811240))
32731;POLYGON((-17764249 42345656,-18449648 44534056,-10797594 34293508,-10409570 32609155,-17764249 42345656))
32732;POLYGON((-13968705 30926702,-14564807 32639148,-8561073 25125287,-8209620 23802565,-13968705 30926702))
32733;POLYGON((-10678695 22053563,-11194058 23376619,-6542641 17961025,-6227140 16935613,-10678695 22053563))
32734;POLYGON((-7844972 15254502,-8287557 16261368,-4737550 12439654,-4456984 11656926,-7844972 15254502))
32735;POLYGON((-5421790 10131856,-5798984 10884089,-3138860 8255166,-2891889 7668971,-5421790 10131856))
32736;POLYGON((-3366749 6352374,-3685392 6901423,-1737860 5149609,-1522888 4721175,-3366749 6352374))
32737;POLYGON((-1640653 3638535,-1907062 4027123,-524452 2906801,-339686 2603756,-1640653 3638535))
32738;POLYGON((-207365 1760795,-427358 2024151,512501 1346691,668997 1142175,-207365 1760795))
32739;POLYGON((966333 530683,787418 697636,1384868 320321,1515122 192209,966333 530683))
32740;POLYGON((1910888 -205310,1768163 -111367,2104963 -294651,2211052 -364447,1910888 -205310))
32741;POLYGON((2654103 -571137,2543112 -531389,2685303 -597915,2769320 -624059,2654103 -571137))
32742;POLYGON((3221279 -665915,3137973 -665384,3138397 -670001,3202409 -664274,3221279 -665915))
32743;POLYGON((3635352 -568065,3576067 -594959,3476551 -575344,3522581 -547112,3635352 -568065))
32744;POLYGON((3917017 -338891,3878454 -384046,3711719 -364954,3741714 -321582,3917017 -338891))
32745;POLYGON((4084868 -25671,4064068 -82063,3855366 -78733,3871182 -25936,4084868 -25671))
32746;POLYGON((4155522 335700,4149847 273362,3918364 252527,3921750 310380,4155522 335700))
32747;POLYGON((4143749 718467,4150861 654093,3910910 605440,3903493 665064,4143749 718467))
32748;POLYGON((4062599 1103117,4080437 1039526,3842461 962568,3825745 1021547,4062599 1103117))
32749;POLYGON((3923525 1475806,3950285 1414970,3721703 1311199,3697056 1367800,3923525 1475806))
32750;POLYGON((3736511 1827046,3770626 1770292,3556521 1642323,3525181 1695341,3736511 1827046))
32751;POLYGON((3510192 2150642,3550312 2098814,3354004 1949781,3317075 1998416,3510192 2150642))
32752;POLYGON((3251978 2442826,3296949 2396414,3120457 2229570,3078916 2273324,3251978 2442826))
32753;POLYGON((2968176 2701567,3017016 2660813,2861428 2479277,2816129 2517867,2968176 2701567))
32754;POLYGON((2664107 2926027,2715994 2891007,2581755 2697622,2533438 2730919,2664107 2926027))
32755;POLYGON((2344229 3116145,2398474 3086830,2285618 2884101,2234921 2912077,2344229 3116145))
32756;POLYGON((2012255 3272311,2068286 3248617,1976604 3038706,1924073 3061391,2012255 3272311))
32757;POLYGON((1671271 3395134,1728612 3376951,1657788 3161703,1603889 3179156,1671271 3395134))
32758;POLYGON((1323856 3485262,1382108 3472485,1331808 3253477,1276947 3265765,1323856 3485262))
32759;POLYGON((972196 3543262,1031017 3535806,1000961 3314409,945493 3321588,972196 3543262))
32760;POLYGON((618207 3569539,677292 3567352,667294 3344794,611544 3346902,618207 3569539))
32601;POLYGON((263647 -6435711,322707 -6432647,332705 -6655205,276979 -6658157,263647 -6435711))
32602;POLYGON((-89765 -6472530,-31017 -6464193,-961 -6685590,-56351 -6693618,-89765 -6472530))
32603;POLYGON((-440233 -6541185,-382108 -6527514,-331808 -6746522,-386534 -6759666,-440233 -6541185))
32604;POLYGON((-785765 -6642142,-728612 -6623048,-657788 -6838296,-711488 -6856616,-785765 -6642142))
32605;POLYGON((-1124055 -6776006,-1068286 -6751382,-976604 -6961293,-1028864 -6984856,-1124055 -6776006))
32606;POLYGON((-1452368 -6943429,-1398474 -6913169,-1285618 -7115898,-1335958 -7144760,-1452368 -6943429))
32607;POLYGON((-1767424 -7144967,-1715994 -7108992,-1581755 -7302377,-1629616 -7336562,-1767424 -7144967))
32608;POLYGON((-2065273 -7380892,-2017016 -7339186,-1861428 -7520722,-1906155 -7560185,-2065273 -7380892))
32609;POLYGON((-2341183 -7650922,-2296949 -7603585,-2120457 -7770429,-2161292 -7815020,-2341183 -7650922))
32610;POLYGON((-2589517 -7953876,-2550312 -7901185,-2354004 -8050218,-2390072 -8099625,-2589517 -7953876))
32611;POLYGON((-2803616 -8287210,-2770626 -8229707,-2556521 -8357676,-2586825 -8411356,-2803616 -8287210))
32612;POLYGON((-2975673 -8646431,-2950285 -8585029,-2721703 -8688800,-2745117 -8745893,-2975673 -8646431))
32613;POLYGON((-3096619 -9024352,-3080437 -8960473,-2842461 -9037431,-2857727 -9096655,-3096619 -9024352))
32614;POLYGON((-3155992 -9410163,-3150861 -9345906,-2910910 -9394559,-2916634 -9454077,-3155992 -9410163))
32615;POLYGON((-3141822 -9788289,-3149847 -9726637,-2918364 -9747472,-2913024 -9804737,-3141822 -9788289))
32616;POLYGON((-3040499 -10136992,-3064068 -10082063,-2855366 -10078733,-2837311 -10130296,-3040499 -10136992))
32617;POLYGON((-2836651 -10426697,-2878454 -10384046,-2711719 -10364954,-2679183 -10406240,-2836651 -10426697))
32618;POLYGON((-2513017 -10617984,-2576067 -10594959,-2476551 -10575344,-2427661 -10600385,-2513017 -10617984))
32619;POLYGON((-2050317 -10659214,-2137973 -10665384,-2138397 -10670001,-2071192 -10671126,-2050317 -10659214))
32620;POLYGON((-1427124 -10483743,-1543112 -10531389,-1685303 -10597915,-1597753 -10565385,-1427124 -10483743))
32621;POLYGON((-619727 -10006676,-768163 -10111367,-1104963 -10294651,-994991 -10216239,-619727 -10006676))
32622;POLYGON((397991 -9121104,212581 -9302363,-384868 -9679678,-250385 -9540189,397991 -9121104))
32623;POLYGON((1654703 -7693782,1427358 -7975848,487498 -8653308,648566 -8434025,1654703 -7693782))
32624;POLYGON((3181761 -5560178,2907062 -5972876,1524452 -7093198,1714122 -6771258,3181761 -5560178))
32625;POLYGON((5013342 -2518849,4685392 -3098576,2737860 -4850390,2958046 -4398073,5013342 -2518849))
32626;POLYGON((7186586 1674933,6798984 884089,4138860 -1744833,4391326 -1128761,7186586 1674933))
32627;POLYGON((9741742 7316363,9287557 6261368,5737550 2439654,6023853 3259410,9741742 7316363))
32628;POLYGON((12722308 14759150,12194058 13376619,7542641 7961025,7864073 9031949,12722308 14759150))
32629;POLYGON((16175181 24424521,15564807 22639148,9561073 15125287,9918589 16503534,16175181 24424521))
32630;POLYGON((20150805 36811240,19449648 34534056,11797594 24293508,12191741 26045141,20150805 36811240))
32631;POLYGON((-17764249 32345656,-18449648 34534056,-10797594 24293508,-10409570 22609155,-17764249 32345656))
32632;POLYGON((-13968705 20926702,-14564807 22639148,-8561073 15125287,-8209620 13802565,-13968705 20926702))
32633;POLYGON((-10678695 12053563,-11194058 13376619,-6542641 7961025,-6227140 6935613,-10678695 12053563))
32634;POLYGON((-7844972 5254502,-8287557 6261368,-4737550 2439654,-4456984 1656926,-7844972 5254502))
32635;POLYGON((-5421790 131856,-5798984 884089,-3138860 -1744833,-2891889 -2331028,-5421790 131856))
32636;POLYGON((-3366749 -3647625,-3685392 -3098576,-1737860 -4850390,-1522888 -5278824,-3366749 -3647625))
32637;POLYGON((-1640653 -6361464,-1907062 -5972876,-524452 -7093198,-339686 -7396243,-1640653 -6361464))
32638;POLYGON((-207365 -8239204,-427358 -7975848,512501 -8653308,668997 -8857824,-207365 -8239204))
32639;POLYGON((966333 -9469316,787418 -9302363,1384868 -9679678,1515122 -9807790,966333 -9469316))
32640;POLYGON((1910888 -10205310,1768163 -10111367,2104963 -10294651,2211052 -10364447,1910888 -10205310))
32641;POLYGON((2654103 -10571137,2543112 -10531389,2685303 -10597915,2769320 -10624059,2654103 -10571137))
32642;POLYGON((3221279 -10665915,3137973 -10665384,3138397 -10670001,3202409 -10664274,3221279 -10665915))
32643;POLYGON((3635352 -10568065,3576067 -10594959,3476551 -10575344,3522581 -10547112,3635352 -10568065))
32644;POLYGON((3917017 -10338891,3878454 -10384046,3711719 -10364954,3741714 -10321582,3917017 -10338891))
32645;POLYGON((4084868 -10025671,4064068 -10082063,3855366 -10078733,3871182 -10025936,4084868 -10025671))
32646;POLYGON((4155522 -9664299,4149847 -9726637,3918364 -9747472,3921750 -9689619,4155522 -9664299))
32647;POLYGON((4143749 -9281532,4150861 -9345906,3910910 -9394559,3903493 -9334935,4143749 -9281532))
32648;POLYGON((4062599 -8896882,4080437 -8960473,3842461 -9037431,3825745 -8978452,4062599 -8896882))
32649;POLYGON((3923525 -8524193,3950285 -8585029,3721703 -8688800,3697056 -8632199,3923525 -8524193))
32650;POLYGON((3736511 -8172953,3770626 -8229707,3556521 -8357676,3525181 -8304658,3736511 -8172953))
32651;POLYGON((3510192 -7849357,3550312 -7901185,3354004 -8050218,3317075 -8001583,3510192 -7849357))
32652;POLYGON((3251978 -7557173,3296949 -7603585,3120457 -7770429,3078916 -7726675,3251978 -7557173))
32653;POLYGON((2968176 -7298432,3017016 -7339186,2861428 -7520722,2816129 -7482132,2968176 -7298432))
32654;POLYGON((2664107 -7073972,2715994 -7108992,2581755 -7302377,2533438 -7269080,2664107 -7073972))
32655;POLYGON((2344229 -6883854,2398474 -6913169,2285618 -7115898,2234921 -7087922,2344229 -6883854))
32656;POLYGON((2012255 -6727688,2068286 -6751382,1976604 -6961293,1924073 -6938608,2012255 -6727688))
32657;POLYGON((1671271 -6604865,1728612 -6623048,1657788 -6838296,1603889 -6820843,1671271 -6604865))
32658;POLYGON((1323856 -6514737,1382108 -6527514,1331808 -6746522,1276947 -6734234,1323856 -6514737))
32659;POLYGON((972196 -6456737,1031017 -6464193,1000961 -6685590,945493 -6678411,972196 -6456737))
32660;POLYGON((618207 -6430460,677292 -6432647,667294 -6655205,611544 -6653097,618207 -6430460))
