32701;POLYGON((207462 15435168,280586 15431792,271930 15209532,195914 15212933,207462 15435168))
32702;POLYGON((-230894 15475822,-157898 15466603,-184027 15244612,-259973 15253907,-230894 15475822))
32703;POLYGON((-667990 15552048,-595270 15536825,-639351 15315460,-715132 15330832,-667990 15552048))
32704;POLYGON((-1102729 15665131,-1030496 15643653,-1093320 15423450,-1168775 15445193,-1102729 15665131))
32705;POLYGON((-1533521 15816908,-1462083 15788832,-1544733 15570615,-1619598 15599129,-1533521 15816908))
32706;POLYGON((-1958053 16009684,-1887858 15974598,-1991666 15759605,-2065531 15795386,-1958053 16009684))
32707;POLYGON((-2373010 16246109,-2304693 16203555,-2431173 15993587,-2503422 16037202,-2373010 16246109))
32708;POLYGON((-2773744 16528959,-2708189 16478478,-2858917 16276075,-2928662 16328126,-2773744 16528959))
32709;POLYGON((-3153871 16860806,-3092281 16802003,-3268718 16610650,-3334712 16671713,-3153871 16860806))
32710;POLYGON((-3504795 17243531,-3448780 17176167,-3651997 17000528,-3712533 17071062,-3504795 17243531))
32711;POLYGON((-3815126 17677628,-3766805 17601752,-3997109 17447932,-4049893 17528154,-3815126 17677628))
32712;POLYGON((-4070009 18161254,-4032132 18077386,-4288544 17953208,-4330551 18042913,-4070009 18161254))
32713;POLYGON((-4250324 18688966,-4226410 18598328,-4505978 18513625,-4533277 18611956,-4250324 18688966))
32714;POLYGON((-4331763 19250067,-4326267 19154890,-4623164 19121799,-4630718 19226936,-4331763 19250067))
32715;POLYGON((-4283765 19826504,-4302266 19730411,-4606650 19763651,-4588083 19872424,-4283765 19826504))
32716;POLYGON((-4068300 20390226,-4117710 20298718,-4414300 20415827,-4361628 20523227,-4068300 20390226))
32717;POLYGON((-3638480 20899927,-3727293 20820968,-3993604 21042489,-3896937 21141065,-3638480 20899927))
32718;POLYGON((-2937006 21297072,-3075568 21241806,-3279771 21591381,-3126970 21670506,-2937006 21297072))
32719;POLYGON((-1894413 21501114,-2095225 21484724,-2193581 21989065,-1969874 22034053,-1894413 21501114))
32720;POLYGON((-427121 21403794,-705183 21446519,-638981 22135221,-326539 22126283,-427121 21403794))
32721;POLYGON((1564728 20862415,1191544 20990749,1499589 21895895,1922126 21806895,1564728 20862415))
32722;POLYGON((4199664 19691968,3710199 19940055,4360155 21095565,4918199 20892581,4199664 19691968))
32723;POLYGON((7617510 17655989,6986861 18067243,8106462 19507905,8830052 19147549,7617510 17655989))
32724;POLYGON((11982264 14456012,11181290 15084976,12931555 16845104,13855981 16272592,11982264 14456012))
32725;POLYGON((17485233 9719485,16480011 10633958,19061679 12745596,20228171 11892539,17485233 9719485))
32726;POLYGON((24348451 2986001,23099689 4269456,26760538 6760049,28217007 5541941,24348451 2986001))
32727;POLYGON((32828372 -6308306,31290772 -4553984,36333906 -1664529,38135749 -3351163,32828372 -6308306))
32728;POLYGON((43219870 -18848355,41341439 -16499797,48134620 -13202763,50345591 -15483569,43219870 -18848355))
32729;POLYGON((55860542 -35459868,53581854 -32368769,62567967 -28671094,65261113 -31697484,55860542 -35459868))
32730;POLYGON((71135336 -57131444,68388739 -53120716,80097475 -49050389,83356146 -53003555,71135336 -57131444))
32731;POLYGON((-64725199 -49276905,-67388739 -53120716,-79097475 -49050389,-75939316 -45265664,-64725199 -49276905))
32732;POLYGON((-50374341 -29412897,-52581854 -32368769,-61567967 -28671094,-58960679 -25780694,-50374341 -29412897))
32733;POLYGON((-38523729 -14259859,-40341439 -16499797,-47134620 -13202763,-44996647 -11030757,-38523729 -14259859))
32734;POLYGON((-28804733 -2886086,-30290772 -4553984,-35333906 -1664529,-33593816 -64067,-28804733 -2886086))
32735;POLYGON((-20894493 5484873,-22099689 4269456,-25760538 6760049,-24356033 7910679,-20894493 5484873))
32736;POLYGON((-14511407 11495504,-15480011 10633958,-18061679 12745596,-16938668 13546494,-14511407 11495504))
32737;POLYGON((-9410923 15673333,-10181290 15084976,-11931555 16845104,-11043295 17377905,-9410923 15673333))
32738;POLYGON((-5381646 18447841,-5986861 18067243,-7106462 19507905,-6412765 19838562,-5381646 18447841))
32739;POLYGON((-2241736 20165441,-2710199 19940055,-3360155 21095565,-2826649 21276817,-2241736 20165441))
32740;POLYGON((164410 21102669,-191544 20990749,-499589 21895895,-97050 21969425,164410 21102669))
32741;POLYGON((1969211 21477737,1705183 21446519,1638981 22135221,1935252 22133545,1969211 21477737))
32742;POLYGON((3284692 21460599,3095225 21484724,3193581 21989065,3404321 21937165,3284692 21460599))
32743;POLYGON((4205032 21181657,4075568 21241806,4279771 21591381,4422267 21508117,4205032 21181657))
32744;POLYGON((4808875 20739239,4727293 20820968,4993604 21042489,5082160 20941801,4808875 20739239))
32745;POLYGON((5161425 20205968,5117710 20298718,5414300 20415827,5460657 20307755,5161425 20205968))
32746;POLYGON((5316326 19634147,5302266 19730411,5606650 19763651,5620357 19655193,5316326 19634147))
32747;POLYGON((5317348 19060260,5326267 19154890,5623164 19121799,5611915 19017618,5317348 19060260))
32748;POLYGON((5199887 18508695,5226410 18598328,5505978 18513625,5475910 18416635,5199887 18508695))
32749;POLYGON((4992292 17994788,5032132 18077386,5288544 17953208,5244495 17865044,4992292 17994788))
32750;POLYGON((4717030 17527274,4766805 17601752,4997109 17447932,4942845 17369325,4717030 17527274))
32751;POLYGON((4391704 17110235,4448780 17176167,4651997 17000528,4590410 16931596,4391704 17110235))
32752;POLYGON((4029931 16744609,4092281 16802003,4268718 16610650,4201994 16551125,4029931 16744609))
32753;POLYGON((3642099 16429349,3708189 16478478,3858917 16276075,3788679 16225471,3642099 16429349))
32754;POLYGON((3236010 16162279,3304693 16203555,3431173 15993587,3358602 15951319,3236010 16162279))
32755;POLYGON((2817418 15940712,2887858 15974598,2991666 15759605,2917598 15725074,2817418 15940712))
32756;POLYGON((2390487 15761883,2462083 15788832,2544733 15570615,2469746 15543262,2390487 15761883))
32757;POLYGON((1958163 15623239,2030496 15643653,2093320 15423450,2017796 15402794,1958163 15623239))
32758;POLYGON((1522491 15522619,1595270 15536825,1639351 15315460,1563534 15301118,1522491 15522619))
32759;POLYGON((1084872 15458365,1157898 15466603,1184027 15244612,1108063 15236308,1084872 15458365))
32760;POLYGON((646280 15429382,719413 15431792,728069 15209532,652049 15207105,646280 15429382))
32601;POLYGON((207462 5435168,280586 5431792,271930 5209532,195914 5212933,207462 5435168))
32602;POLYGON((-230894 5475822,-157898 5466603,-184027 5244612,-259973 5253907,-230894 5475822))
32603;POLYGON((-667990 5552048,-595270 5536825,-639351 5315460,-715132 5330832,-667990 5552048))
32604;POLYGON((-1102729 5665131,-1030496 5643653,-1093320 5423450,-1168775 5445193,-1102729 5665131))
32605;POLYGON((-1533521 5816908,-1462083 5788832,-1544733 5570615,-1619598 5599129,-1533521 5816908))
32606;POLYGON((-1958053 6009684,-1887858 5974598,-1991666 5759605,-2065531 5795386,-1958053 6009684))
32607;POLYGON((-2373010 6246109,-2304693 6203555,-2431173 5993587,-2503422 6037202,-2373010 6246109))
32608;POLYGON((-2773744 6528959,-2708189 6478478,-2858917 6276075,-2928662 6328126,-2773744 6528959))
32609;POLYGON((-3153871 6860806,-3092281 6802003,-3268718 6610650,-3334712 6671713,-3153871 6860806))
32610;POLYGON((-3504795 7243531,-3448780 7176167,-3651997 7000528,-3712533 7071062,-3504795 7243531))
32611;POLYGON((-3815126 7677628,-3766805 7601752,-3997109 7447932,-4049893 7528154,-3815126 7677628))
32612;POLYGON((-4070009 8161254,-4032132 8077386,-4288544 7953208,-4330551 8042913,-4070009 8161254))
32613;POLYGON((-4250324 8688966,-4226410 8598328,-4505978 8513625,-4533277 8611956,-4250324 8688966))
32614;POLYGON((-4331763 9250067,-4326267 9154890,-4623164 9121799,-4630718 9226936,-4331763 9250067))
32615;POLYGON((-4283765 9826504,-4302266 9730411,-4606650 9763651,-4588083 9872424,-4283765 9826504))
32616;POLYGON((-4068300 10390226,-4117710 10298718,-4414300 10415827,-4361628 10523227,-4068300 10390226))
32617;POLYGON((-3638480 10899927,-3727293 10820968,-3993604 11042489,-3896937 11141065,-3638480 10899927))
32618;POLYGON((-2937006 11297072,-3075568 11241806,-3279771 11591381,-3126970 11670506,-2937006 11297072))
32619;POLYGON((-1894413 11501114,-2095225 11484724,-2193581 11989065,-1969874 12034053,-1894413 11501114))
32620;POLYGON((-427121 11403794,-705183 11446519,-638981 12135221,-326539 12126283,-427121 11403794))
32621;POLYGON((1564728 10862415,1191544 10990749,1499589 11895895,1922126 11806895,1564728 10862415))
32622;POLYGON((4199664 9691968,3710199 9940055,4360155 11095565,4918199 10892581,4199664 9691968))
32623;POLYGON((7617510 7655989,6986861 8067243,8106462 9507905,8830052 9147549,7617510 7655989))
32624;POLYGON((11982264 4456012,11181290 5084976,12931555 6845104,13855981 6272592,11982264 4456012))
32625;POLYGON((17485233 -280514,16480011 633958,19061679 2745596,20228171 1892539,17485233 -280514))
32626;POLYGON((24348451 -7013998,23099689 -5730543,26760538 -3239950,28217007 -4458058,24348451 -7013998))
32627;POLYGON((32828372 -16308306,31290772 -14553984,36333906 -11664529,38135749 -13351163,32828372 -16308306))
32628;POLYGON((43219870 -28848355,41341439 -26499797,48134620 -23202763,50345591 -25483569,43219870 -28848355))
32629;POLYGON((55860542 -45459868,53581854 -42368769,62567967 -38671094,65261113 -41697484,55860542 -45459868))
32630;POLYGON((71135336 -67131444,68388739 -63120716,80097475 -59050389,83356146 -63003555,71135336 -67131444))
32631;POLYGON((-64725199 -59276905,-67388739 -63120716,-79097475 -59050389,-75939316 -55265664,-64725199 -59276905))
32632;POLYGON((-50374341 -39412897,-52581854 -42368769,-61567967 -38671094,-58960679 -35780694,-50374341 -39412897))
32633;POLYGON((-38523729 -24259859,-40341439 -26499797,-47134620 -23202763,-44996647 -21030757,-38523729 -24259859))
32634;POLYGON((-28804733 -12886086,-30290772 -14553984,-35333906 -11664529,-33593816 -10064067,-28804733 -12886086))
32635;POLYGON((-20894493 -4515126,-22099689 -5730543,-25760538 -3239950,-24356033 -2089320,-20894493 -4515126))
32636;POLYGON((-14511407 1495504,-15480011 633958,-18061679 2745596,-16938668 3546494,-14511407 1495504))
32637;POLYGON((-9410923 5673333,-10181290 5084976,-11931555 6845104,-11043295 7377905,-9410923 5673333))
32638;POLYGON((-5381646 8447841,-5986861 8067243,-7106462 9507905,-6412765 9838562,-5381646 8447841))
32639;POLYGON((-2241736 10165441,-2710199 9940055,-3360155 11095565,-2826649 11276817,-2241736 10165441))
32640;POLYGON((164410 11102669,-191544 10990749,-499589 11895895,-97050 11969425,164410 11102669))
32641;POLYGON((1969211 11477737,1705183 11446519,1638981 12135221,1935252 12133545,1969211 11477737))
32642;POLYGON((3284692 11460599,3095225 11484724,3193581 11989065,3404321 11937165,3284692 11460599))
32643;POLYGON((4205032 11181657,4075568 11241806,4279771 11591381,4422267 11508117,4205032 11181657))
32644;POLYGON((4808875 10739239,4727293 10820968,4993604 11042489,5082160 10941801,4808875 10739239))
32645;POLYGON((5161425 10205968,5117710 10298718,5414300 10415827,5460657 10307755,5161425 10205968))
32646;POLYGON((5316326 9634147,5302266 9730411,5606650 9763651,5620357 9655193,5316326 9634147))
32647;POLYGON((5317348 9060260,5326267 9154890,5623164 9121799,5611915 9017618,5317348 9060260))
32648;POLYGON((5199887 8508695,5226410 8598328,5505978 8513625,5475910 8416635,5199887 8508695))
32649;POLYGON((4992292 7994788,5032132 8077386,5288544 7953208,5244495 7865044,4992292 7994788))
32650;POLYGON((4717030 7527274,4766805 7601752,4997109 7447932,4942845 7369325,4717030 7527274))
32651;POLYGON((4391704 7110235,4448780 7176167,4651997 7000528,4590410 6931596,4391704 7110235))
32652;POLYGON((4029931 6744609,4092281 6802003,4268718 6610650,4201994 6551125,4029931 6744609))
32653;POLYGON((3642099 6429349,3708189 6478478,3858917 6276075,3788679 6225471,3642099 6429349))
32654;POLYGON((3236010 6162279,3304693 6203555,3431173 5993587,3358602 5951319,3236010 6162279))
32655;POLYGON((2817418 5940712,2887858 5974598,2991666 5759605,2917598 5725074,2817418 5940712))
32656;POLYGON((2390487 5761883,2462083 5788832,2544733 5570615,2469746 5543262,2390487 5761883))
32657;POLYGON((1958163 5623239,2030496 5643653,2093320 5423450,2017796 5402794,1958163 5623239))
32658;POLYGON((1522491 5522619,1595270 5536825,1639351 5315460,1563534 5301118,1522491 5522619))
32659;POLYGON((1084872 5458365,1157898 5466603,1184027 5244612,1108063 5236308,1084872 5458365))
32660;POLYGON((646280 5429382,719413 5431792,728069 5209532,652049 5207105,646280 5429382))
