32701;POLYGON((67724 11551381,175896 11549780,173285 11328333,64237 11329719,67724 11551381))
32702;POLYGON((-584810 11570800,-475487 11566373,-483456 11342711,-593706 11346548,-584810 11570800))
32703;POLYGON((-1248125 11607927,-1136535 11600436,-1150294 11372243,-1262915 11378740,-1248125 11607927))
32704;POLYGON((-1929238 11664813,-1814164 11653837,-1834494 11418584,-1950769 11428115,-1929238 11664813))
32705;POLYGON((-2635978 11744797,-2516043 11729672,-2544179 11484488,-2665575 11497645,-2635978 11744797))
32706;POLYGON((-3377373 11852963,-3250971 11832695,-3288776 11574199,-3417029 11591872,-3377373 11852963))
32707;POLYGON((-4164131 11996849,-4029337 11969972,-4079571 11694060,-4216787 11717571,-4164131 11996849))
32708;POLYGON((-5009216 12187497,-4863684 12151869,-4930390 11853432,-5079179 11884718,-5009216 12187497))
32709;POLYGON((-5928559 12440961,-5769394 12393478,-5858458 12066017,-6022092 12107907,-5928559 12440961))
32710;POLYGON((-6941924 12780402,-6765524 12716600,-6885444 12351718,-7068051 12408297,-6941924 12780402))
32711;POLYGON((-8073941 13238926,-7875812 13152450,-8038728 12739168,-8245531 12816282,-8073941 13238926))
32712;POLYGON((-9355339 13863337,-9129879 13745243,-9352935 13269105,-9590530 13375010,-9355339 13863337))
32713;POLYGON((-10824403 14719010,-10564637 14556869,-10871740 13998758,-11148432 14144971,-10824403 14719010))
32714;POLYGON((-12528668 15896099,-12225951 15672855,-12649998 15007470,-12976184 15209836,-12528668 15896099))
32715;POLYGON((-14526883 17517320,-14170553 17209875,-14756211 16403766,-15144829 16683800,-14526883 17517320))
32716;POLYGON((-16891258 19747570,-16468241 19325042,-17275375 18334125,-17742417 18720652,-16891258 19747570))
32717;POLYGON((-19710030 22805674,-19204388 22227278,-20312231 20993710,-20877324 21524866,-19710030 22805674))
32718;POLYGON((-23090351 26978558,-22482778 26191062,-23994945 24639349,-24682013 25364985,-23090351 26978558))
32719;POLYGON((-27161549 32638171,-26428802 31572869,-28479261 29605074,-29317260 30589616,-27161549 32638171))
32720;POLYGON((-32078751 40261522,-31193017 38830666,-33953141 36320545,-34976887 37646369,-32078751 40261522))
32721;POLYGON((-38026918 50454179,-36955115 48546803,-40641935 45332701,-41893014 47104084,-38026918 50454179))
32722;POLYGON((-45225306 63977646,-43928307 61454716,-48814102 57331017,-50341881 59678720,-45225306 63977646))
32723;POLYGON((-53932366 81781003,-52364152 78469831,-58787516 73176748,-60650256 76263308,-53932366 81781003))
32724;POLYGON((-64451126 105037278,-62557854 100725112,-70936387 93936568,-73202454 97962362,-64451126 105037278))
32725;POLYGON((-77135051 135184972,-74854043 129611697,-85698826 120921039,-88448021 126131195,-77135051 135184972))
32726;POLYGON((-92394438 173975246,-89653078 166825107,-103585086 155728360,-106910082 162420597,-92394438 173975246))
32727;POLYGON((-110703329 223525248,-107417873 214417510,-125186504 200293861,-129194408 208827327,-110703329 223525248))
32728;POLYGON((-132607005 286378110,-128681289 274856577,-151185178 256945735,-155999220 267750942,-132607005 286378110))
32729;POLYGON((-158730045 365570158,-154054106 351091444,-182364412 328467529,-188125758 342057459,-158730045 365570158))
32730;POLYGON((-189785009 464705899,-184233591 446626366,-219619949 418167906,-226489656 435150384,-189785009 464705899))
32731;POLYGON((179837480 429196347,185233591 446626366,220619949 418167906,213947059 401797490,179837480 429196347))
32732;POLYGON((150511471 337147412,155054106 351091444,183364412 328467529,177771572 315381207,150511471 337147412))
32733;POLYGON((125869529 263772569,129681289 274856577,152185178 256945735,147514788 246552402,125869529 263772569))
32734;POLYGON((105229424 205665543,108417873 214417510,126186504 200293861,122300518 192095105,105229424 205665543))
32735;POLYGON((87993943 159962339,90653078 166825107,104585086 155728360,101363085 149306302,87993943 159962339))
32736;POLYGON((73642418 124268922,75854043 129611697,86698826 120921039,84036221 115927427,73642418 124268922))
32737;POLYGON((61722859 96596465,63557854 100725112,71936387 93936568,69742756 90083036,61722859 96596465))
32738;POLYGON((51844657 75303639,53364152 78469831,59787516 73176748,57985061 70226143,51844657 75303639))
32739;POLYGON((43671839 59045386,44928307 61454716,49814102 57331017,48336231 55089726,43671839 59045386))
32740;POLYGON((36916867 46727679,37955115 48546803,41641935 45332701,40431950 43643881,36916867 46727679))
32741;POLYGON((31334927 37467759,32193017 38830666,34953141 36320545,33963046 35058197,31334927 37467759))
32742;POLYGON((26718717 30559400,27428802 31572869,29479261 29605074,28668665 28668873,26718717 30559400))
32743;POLYGON((22893694 25442728,23482778 26191062,24994945 24639349,24330071 23950168,22893694 25442728))
32744;POLYGON((19713760 21678185,20204388 22227278,21312231 20993710,20765016 20489771,19713760 21678185))
32745;POLYGON((17057362 18924230,17468241 19325042,18275375 18334125,17822661 17967716,17057362 18924230))
32746;POLYGON((14823997 16918373,15170553 17209875,15756211 16403766,15379020 16138458,14823997 16918373))
32747;POLYGON((12931074 15461215,13225951 15672855,13649998 15007470,13332885 14815785,12931074 15461215))
32748;POLYGON((11311139 14403112,11564637 14556869,11871740 13998758,11602225 13860233,11311139 14403112))
32749;POLYGON((9909418 13633176,10129879 13745243,10352935 13269105,10120998 13168699,9909418 13633176))
32750;POLYGON((8681662 13070294,8875812 13152450,9038728 12739168,8836376 12665976,8681662 13070294))
32751;POLYGON((7592281 12655900,7765524 12716600,7885444 12351718,7706329 12297937,7592281 12655900))
32752;POLYGON((6612730 12348238,6769394 12393478,6858458 12066017,6697560 12026139,6612730 12348238))
32753;POLYGON((5720126 12117885,5863684 12151869,5930390 11853432,5783736 11823610,5720126 12117885))
32754;POLYGON((4896092 11944323,5029337 11969972,5079571 11694060,4944014 11671638,4896092 11944323))
32755;POLYGON((4125770 11813372,4250971 11832695,4288776 11574199,4161801 11557356,4125770 11813372))
32756;POLYGON((3397023 11715298,3516043 11729672,3544179 11484488,3423748 11471987,3397023 11715298))
32757;POLYGON((2699761 11643480,2814164 11653837,2834494 11418584,2718924 11409592,2699761 11643480))
32758;POLYGON((2025403 11593480,2136535 11600436,2150294 11372243,2038153 11366211,2025403 11593480))
32759;POLYGON((1366431 11562429,1475487 11566373,1483456 11342711,1373486 11339293,1366431 11562429))
32760;POLYGON((716020 11548638,824103 11549780,826714 11328333,717758 11327344,716020 11548638))
32601;POLYGON((67724 1551381,175896 1549780,173285 1328333,64237 1329719,67724 1551381))
32602;POLYGON((-584810 1570800,-475487 1566373,-483456 1342711,-593706 1346548,-584810 1570800))
32603;POLYGON((-1248125 1607927,-1136535 1600436,-1150294 1372243,-1262915 1378740,-1248125 1607927))
32604;POLYGON((-1929238 1664813,-1814164 1653837,-1834494 1418584,-1950769 1428115,-1929238 1664813))
32605;POLYGON((-2635978 1744797,-2516043 1729672,-2544179 1484488,-2665575 1497645,-2635978 1744797))
32606;POLYGON((-3377373 1852963,-3250971 1832695,-3288776 1574199,-3417029 1591872,-3377373 1852963))
32607;POLYGON((-4164131 1996849,-4029337 1969972,-4079571 1694060,-4216787 1717571,-4164131 1996849))
32608;POLYGON((-5009216 2187497,-4863684 2151869,-4930390 1853432,-5079179 1884718,-5009216 2187497))
32609;POLYGON((-5928559 2440961,-5769394 2393478,-5858458 2066017,-6022092 2107907,-5928559 2440961))
32610;POLYGON((-6941924 2780402,-6765524 2716600,-6885444 2351718,-7068051 2408297,-6941924 2780402))
32611;POLYGON((-8073941 3238926,-7875812 3152450,-8038728 2739168,-8245531 2816282,-8073941 3238926))
32612;POLYGON((-9355339 3863337,-9129879 3745243,-9352935 3269105,-9590530 3375010,-9355339 3863337))
32613;POLYGON((-10824403 4719010,-10564637 4556869,-10871740 3998758,-11148432 4144971,-10824403 4719010))
32614;POLYGON((-12528668 5896099,-12225951 5672855,-12649998 5007470,-12976184 5209836,-12528668 5896099))
32615;POLYGON((-14526883 7517320,-14170553 7209875,-14756211 6403766,-15144829 6683800,-14526883 7517320))
32616;POLYGON((-16891258 9747570,-16468241 9325042,-17275375 8334125,-17742417 8720652,-16891258 9747570))
32617;POLYGON((-19710030 12805674,-19204388 12227278,-20312231 10993710,-20877324 11524866,-19710030 12805674))
32618;POLYGON((-23090351 16978558,-22482778 16191062,-23994945 14639349,-24682013 15364985,-23090351 16978558))
32619;POLYGON((-27161549 22638171,-26428802 21572869,-28479261 19605074,-29317260 20589616,-27161549 22638171))
32620;POLYGON((-32078751 30261522,-31193017 28830666,-33953141 26320545,-34976887 27646369,-32078751 30261522))
32621;POLYGON((-38026918 40454179,-36955115 38546803,-40641935 35332701,-41893014 37104084,-38026918 40454179))
32622;POLYGON((-45225306 53977646,-43928307 51454716,-48814102 47331017,-50341881 49678720,-45225306 53977646))
32623;POLYGON((-53932366 71781003,-52364152 68469831,-58787516 63176748,-60650256 66263308,-53932366 71781003))
32624;POLYGON((-64451126 95037278,-62557854 90725112,-70936387 83936568,-73202454 87962362,-64451126 95037278))
32625;POLYGON((-77135051 125184972,-74854043 119611697,-85698826 110921039,-88448021 116131195,-77135051 125184972))
32626;POLYGON((-92394438 163975246,-89653078 156825107,-103585086 145728360,-106910082 152420597,-92394438 163975246))
32627;POLYGON((-110703329 213525248,-107417873 204417510,-125186504 190293861,-129194408 198827327,-110703329 213525248))
32628;POLYGON((-132607005 276378110,-128681289 264856577,-151185178 246945735,-155999220 257750942,-132607005 276378110))
32629;POLYGON((-158730045 355570158,-154054106 341091444,-182364412 318467529,-188125758 332057459,-158730045 355570158))
32630;POLYGON((-189785009 454705899,-184233591 436626366,-219619949 408167906,-226489656 425150384,-189785009 454705899))
32631;POLYGON((179837480 419196347,185233591 436626366,220619949 408167906,213947059 391797490,179837480 419196347))
32632;POLYGON((150511471 327147412,155054106 341091444,183364412 318467529,177771572 305381207,150511471 327147412))
32633;POLYGON((125869529 253772569,129681289 264856577,152185178 246945735,147514788 236552402,125869529 253772569))
32634;POLYGON((105229424 195665543,108417873 204417510,126186504 190293861,122300518 182095105,105229424 195665543))
32635;POLYGON((87993943 149962339,90653078 156825107,104585086 145728360,101363085 139306302,87993943 149962339))
32636;POLYGON((73642418 114268922,75854043 119611697,86698826 110921039,84036221 105927427,73642418 114268922))
32637;POLYGON((61722859 86596465,63557854 90725112,71936387 83936568,69742756 80083036,61722859 86596465))
32638;POLYGON((51844657 65303639,53364152 68469831,59787516 63176748,57985061 60226143,51844657 65303639))
32639;POLYGON((43671839 49045386,44928307 51454716,49814102 47331017,48336231 45089726,43671839 49045386))
32640;POLYGON((36916867 36727679,37955115 38546803,41641935 35332701,40431950 33643881,36916867 36727679))
32641;POLYGON((31334927 27467759,32193017 28830666,34953141 26320545,33963046 25058197,31334927 27467759))
32642;POLYGON((26718717 20559400,27428802 21572869,29479261 19605074,28668665 18668873,26718717 20559400))
32643;POLYGON((22893694 15442728,23482778 16191062,24994945 14639349,24330071 13950168,22893694 15442728))
32644;POLYGON((19713760 11678185,20204388 12227278,21312231 10993710,20765016 10489771,19713760 11678185))
32645;POLYGON((17057362 8924230,17468241 9325042,18275375 8334125,17822661 7967716,17057362 8924230))
32646;POLYGON((14823997 6918373,15170553 7209875,15756211 6403766,15379020 6138458,14823997 6918373))
32647;POLYGON((12931074 5461215,13225951 5672855,13649998 5007470,13332885 4815785,12931074 5461215))
32648;POLYGON((11311139 4403112,11564637 4556869,11871740 3998758,11602225 3860233,11311139 4403112))
32649;POLYGON((9909418 3633176,10129879 3745243,10352935 3269105,10120998 3168699,9909418 3633176))
32650;POLYGON((8681662 3070294,8875812 3152450,9038728 2739168,8836376 2665976,8681662 3070294))
32651;POLYGON((7592281 2655900,7765524 2716600,7885444 2351718,7706329 2297937,7592281 2655900))
32652;POLYGON((6612730 2348238,6769394 2393478,6858458 2066017,6697560 2026139,6612730 2348238))
32653;POLYGON((5720126 2117885,5863684 2151869,5930390 1853432,5783736 1823610,5720126 2117885))
32654;POLYGON((4896092 1944323,5029337 1969972,5079571 1694060,4944014 1671638,4896092 1944323))
32655;POLYGON((4125770 1813372,4250971 1832695,4288776 1574199,4161801 1557356,4125770 1813372))
32656;POLYGON((3397023 1715298,3516043 1729672,3544179 1484488,3423748 1471987,3397023 1715298))
32657;POLYGON((2699761 1643480,2814164 1653837,2834494 1418584,2718924 1409592,2699761 1643480))
32658;POLYGON((2025403 1593480,2136535 1600436,2150294 1372243,2038153 1366211,2025403 1593480))
32659;POLYGON((1366431 1562429,1475487 1566373,1483456 1342711,1373486 1339293,1366431 1562429))
32660;POLYGON((716020 1548638,824103 1549780,826714 1328333,717758 1327344,716020 1548638))
