32701;POLYGON((231618 4120242,298694 4123518,308124 3901092,244196 3897889,231618 4120242))
32702;POLYGON((-170151 4080817,-103301 4089752,-74899 3868094,-138562 3859367,-170151 4080817))
32703;POLYGON((-569760 4007084,-503372 4021789,-455673 3801753,-518799 3787411,-569760 4007084))
32704;POLYGON((-965614 3898141,-899978 3918793,-832462 3701397,-894733 3681302,-965614 3898141))
32705;POLYGON((-1355694 3752742,-1291184 3779568,-1203175 3566090,-1264196 3540064,-1355694 3752742))
32706;POLYGON((-1737375 3569388,-1674479 3602651,-1565209 3394714,-1624486 3362563,-1737375 3569388))
32707;POLYGON((-2107221 3346486,-2046577 3386449,-1915287 3186117,-1972195 3147658,-2107221 3346486))
32708;POLYGON((-2460756 3082570,-2403194 3129455,-2249274 2939317,-2303027 2894422,-2460756 3082570))
32709;POLYGON((-2792200 2776640,-2738785 2830565,-2561981 2653795,-2611597 2602451,-2792200 2776640))
32710;POLYGON((-3094162 2428627,-3046252 2489513,-2846947 2329908,-2891208 2272294,-3094162 2428627))
32711;POLYGON((-3357297 2040032,-3316602 2107487,-3096193 1969434,-3133605 1906034,-3357297 2040032))
32712;POLYGON((-3569901 1614782,-3538554 1687939,-3299956 1576300,-3328696 1508040,-3569901 1614782))
32713;POLYGON((-3717461 1160340,-3698096 1237653,-3446382 1157520,-3464248 1085947,-3717461 1160340))
32714;POLYGON((-3782130 689128,-3777978 768112,-3521195 724387,-3525547 651901,-3782130 689128))
32715;POLYGON((-3742144 220326,-3757133 297226,-3507320 293970,-3495012 224101,-3742144 220326))
32716;POLYGON((-3571161 -217909,-3610028 -148517,-3384474 -109038,-3351782 -171283,-3571161 -217909))
32717;POLYGON((-3237513 -585720,-3305940 -531425,-3128707 -450077,-3071248 -497793,-3237513 -585720))
32718;POLYGON((-2703385 -828259,-2808139 -799401,-2711896 -681987,-2624538 -705872,-2703385 -828259))
32719;POLYGON((-1923890 -871746,-2072986 -882125,-2101192 -741779,-1977961 -729533,-1923890 -871746))
32720;POLYGON((-846053 -618802,-1048927 -686509,-1258416 -546785,-1092383 -482413,-846053 -618802))
32721;POLYGON((592312 57035,324604 -91356,-139387 9839,77443 146853,592312 57035))
32722;POLYGON((2463834 1317709,2118407 1058878,1306793 1064367,1583614 1300009,2463834 1317709))
32723;POLYGON((4852930 3368046,4414835 2961313,3138540 2788561,3485874 3155383,4852930 3368046))
32724;POLYGON((7857275 6464265,7309245 5862961,5422626 5396647,5852481 5935027,7857275 6464265))
32725;POLYGON((11589397 10923713,10911575 10070249,8235116 9153280,8761140 9912847,11589397 10923713))
32726;POLYGON((16178408 17135923,15348047 15959852,11662358 14382587,12300016 15423846,16178408 17135923))
32727;POLYGON((21771872 25575124,20763012 23990950,15802056 21478404,16568817 22874559,21771872 25575124))
32728;POLYGON((28537814 36814329,27320940 34719041,20764426 30915779,21679960 32754785,28537814 36814329))
32729;POLYGON((36666889 51541111,35208557 48811434,26673427 43263876,27759823 45650731,36666889 51541111))
32730;POLYGON((46374697 70575222,44637139 67064546,33668085 59200363,34950075 62259661,46374697 70575222))
32731;POLYGON((-41948937 63695307,-43637139 67064546,-32668085 59200363,-31420531 56262706,-41948937 63695307))
32732;POLYGON((-32792969 46196999,-34208557 48811434,-25673427 43263876,-24617151 40976418,-32792969 46196999))
32733;POLYGON((-25140946 32716916,-26320940 34719041,-19764426 30915779,-18875153 29157382,-25140946 32716916))
32734;POLYGON((-18785851 22481441,-19763012 23990950,-14802056 21478404,-14058116 20147081,-18785851 22481441))
32735;POLYGON((-13544820 14843052,-14348047 15959852,-10662358 14382587,-10044462 13392993,-13544820 14843052))
32736;POLYGON((-9256883 9263332,-9911575 10070249,-7235116 9153280,-6726144 8434464,-9256883 9263332))
32737;POLYGON((-5780843 5297767,-6309245 5862961,-4422626 5396647,-4007426 4890038,-5780843 5297767))
32738;POLYGON((-2993317 2582203,-3414835 2961313,-2138540 2788561,-1803749 2446178,-2993317 2582203))
32739;POLYGON((-786912 820830,-1118407 1058878,-306793 1064367,-40664 847232,-786912 820830))
32740;POLYGON((931455 -224421,675395 -91356,1139387 9839,1347148 -113422,931455 -224421))
32741;POLYGON((2242117 -743195,2048927 -686509,2258416 -546785,2416790 -601178,2242117 -743195))
32742;POLYGON((3214077 -884836,3072986 -882125,3101192 -741779,3217991 -747001,3214077 -884836))
32743;POLYGON((3906318 -765449,3808139 -799401,3711896 -681987,3793879 -653366,3906318 -765449))
32744;POLYGON((4369001 -473978,4305940 -531425,4128707 -450077,4181704 -399365,4369001 -473978))
32745;POLYGON((4644547 -77412,4610028 -148517,4384474 -109038,4413484 -45100,4644547 -77412))
32746;POLYGON((4768625 374800,4757133 297226,4507320 293970,4516609 364579,4768625 374800))
32747;POLYGON((4771039 847039,4777978 768112,4521195 724387,4514386 796932,4771039 847039))
32748;POLYGON((4676528 1314417,4698096 1237653,4446382 1157520,4426533 1228681,4676528 1314417))
32749;POLYGON((4505480 1760232,4538554 1687939,4299956 1576300,4269629 1643839,4505480 1760232))
32750;POLYGON((4274569 2173892,4316602 2107487,4096193 1969434,4057523 2031919,4274569 2173892))
32751;POLYGON((3997316 2549255,4046252 2489513,3846947 2329908,3801697 2386500,3997316 2549255))
32752;POLYGON((3684593 2883315,3738785 2830565,3561981 2653795,3511598 2704070,3684593 2883315))
32753;POLYGON((3345050 3175175,3403194 3129455,3249274 2939317,3194933 2983133,3345050 3175175))
32754;POLYGON((2985506 3425277,3046577 3386449,2915287 3186117,2857935 3223514,2985506 3425277))
32755;POLYGON((2611274 3634822,2674479 3602651,2565209 3394714,2505602 3425831,2611274 3634822))
32756;POLYGON((2226456 3805348,2291184 3779568,2203175 3566090,2141914 3591114,2226456 3805348))
32757;POLYGON((1834194 3938439,1899978 3918793,1832462 3701397,1770024 3720522,1834194 3938439))
32758;POLYGON((1436888 4035522,1503372 4021789,1455673 3801753,1392437 3815150,1436888 4035522))
32759;POLYGON((1036398 4097738,1103301 4089752,1074899 3868094,1011175 3875896,1036398 4097738))
32760;POLYGON((634213 4125858,701305 4123518,691875 3901092,627928 3903379,634213 4125858))
32601;POLYGON((231618 -5879757,298694 -5876481,308124 -6098907,244196 -6102110,231618 -5879757))
32602;POLYGON((-170151 -5919182,-103301 -5910247,-74899 -6131905,-138562 -6140632,-170151 -5919182))
32603;POLYGON((-569760 -5992915,-503372 -5978210,-455673 -6198246,-518799 -6212588,-569760 -5992915))
32604;POLYGON((-965614 -6101858,-899978 -6081206,-832462 -6298602,-894733 -6318697,-965614 -6101858))
32605;POLYGON((-1355694 -6247257,-1291184 -6220431,-1203175 -6433909,-1264196 -6459935,-1355694 -6247257))
32606;POLYGON((-1737375 -6430611,-1674479 -6397348,-1565209 -6605285,-1624486 -6637436,-1737375 -6430611))
32607;POLYGON((-2107221 -6653513,-2046577 -6613550,-1915287 -6813882,-1972195 -6852341,-2107221 -6653513))
32608;POLYGON((-2460756 -6917429,-2403194 -6870544,-2249274 -7060682,-2303027 -7105577,-2460756 -6917429))
32609;POLYGON((-2792200 -7223359,-2738785 -7169434,-2561981 -7346204,-2611597 -7397548,-2792200 -7223359))
32610;POLYGON((-3094162 -7571372,-3046252 -7510486,-2846947 -7670091,-2891208 -7727705,-3094162 -7571372))
32611;POLYGON((-3357297 -7959967,-3316602 -7892512,-3096193 -8030565,-3133605 -8093965,-3357297 -7959967))
32612;POLYGON((-3569901 -8385217,-3538554 -8312060,-3299956 -8423699,-3328696 -8491959,-3569901 -8385217))
32613;POLYGON((-3717461 -8839659,-3698096 -8762346,-3446382 -8842479,-3464248 -8914052,-3717461 -8839659))
32614;POLYGON((-3782130 -9310871,-3777978 -9231887,-3521195 -9275612,-3525547 -9348098,-3782130 -9310871))
32615;POLYGON((-3742144 -9779673,-3757133 -9702773,-3507320 -9706029,-3495012 -9775898,-3742144 -9779673))
32616;POLYGON((-3571161 -10217909,-3610028 -10148517,-3384474 -10109038,-3351782 -10171283,-3571161 -10217909))
32617;POLYGON((-3237513 -10585720,-3305940 -10531425,-3128707 -10450077,-3071248 -10497793,-3237513 -10585720))
32618;POLYGON((-2703385 -10828259,-2808139 -10799401,-2711896 -10681987,-2624538 -10705872,-2703385 -10828259))
32619;POLYGON((-1923890 -10871746,-2072986 -10882125,-2101192 -10741779,-1977961 -10729533,-1923890 -10871746))
32620;POLYGON((-846053 -10618802,-1048927 -10686509,-1258416 -10546785,-1092383 -10482413,-846053 -10618802))
32621;POLYGON((592312 -9942964,324604 -10091356,-139387 -9990160,77443 -9853146,592312 -9942964))
32622;POLYGON((2463834 -8682290,2118407 -8941121,1306793 -8935632,1583614 -8699990,2463834 -8682290))
32623;POLYGON((4852930 -6631953,4414835 -7038686,3138540 -7211438,3485874 -6844616,4852930 -6631953))
32624;POLYGON((7857275 -3535734,7309245 -4137038,5422626 -4603352,5852481 -4064972,7857275 -3535734))
32625;POLYGON((11589397 923713,10911575 70249,8235116 -846719,8761140 -87152,11589397 923713))
32626;POLYGON((16178408 7135923,15348047 5959852,11662358 4382587,12300016 5423846,16178408 7135923))
32627;POLYGON((21771872 15575124,20763012 13990950,15802056 11478404,16568817 12874559,21771872 15575124))
32628;POLYGON((28537814 26814329,27320940 24719041,20764426 20915779,21679960 22754785,28537814 26814329))
32629;POLYGON((36666889 41541111,35208557 38811434,26673427 33263876,27759823 35650731,36666889 41541111))
32630;POLYGON((46374697 60575222,44637139 57064546,33668085 49200363,34950075 52259661,46374697 60575222))
32631;POLYGON((-41948937 53695307,-43637139 57064546,-32668085 49200363,-31420531 46262706,-41948937 53695307))
32632;POLYGON((-32792969 36196999,-34208557 38811434,-25673427 33263876,-24617151 30976418,-32792969 36196999))
32633;POLYGON((-25140946 22716916,-26320940 24719041,-19764426 20915779,-18875153 19157382,-25140946 22716916))
32634;POLYGON((-18785851 12481441,-19763012 13990950,-14802056 11478404,-14058116 10147081,-18785851 12481441))
32635;POLYGON((-13544820 4843052,-14348047 5959852,-10662358 4382587,-10044462 3392993,-13544820 4843052))
32636;POLYGON((-9256883 -736667,-9911575 70249,-7235116 -846719,-6726144 -1565535,-9256883 -736667))
32637;POLYGON((-5780843 -4702232,-6309245 -4137038,-4422626 -4603352,-4007426 -5109961,-5780843 -4702232))
32638;POLYGON((-2993317 -7417796,-3414835 -7038686,-2138540 -7211438,-1803749 -7553821,-2993317 -7417796))
32639;POLYGON((-786912 -9179169,-1118407 -8941121,-306793 -8935632,-40664 -9152767,-786912 -9179169))
32640;POLYGON((931455 -10224421,675395 -10091356,1139387 -9990160,1347148 -10113422,931455 -10224421))
32641;POLYGON((2242117 -10743195,2048927 -10686509,2258416 -10546785,2416790 -10601178,2242117 -10743195))
32642;POLYGON((3214077 -10884836,3072986 -10882125,3101192 -10741779,3217991 -10747001,3214077 -10884836))
32643;POLYGON((3906318 -10765449,3808139 -10799401,3711896 -10681987,3793879 -10653366,3906318 -10765449))
32644;POLYGON((4369001 -10473978,4305940 -10531425,4128707 -10450077,4181704 -10399365,4369001 -10473978))
32645;POLYGON((4644547 -10077412,4610028 -10148517,4384474 -10109038,4413484 -10045100,4644547 -10077412))
32646;POLYGON((4768625 -9625199,4757133 -9702773,4507320 -9706029,4516609 -9635420,4768625 -9625199))
32647;POLYGON((4771039 -9152960,4777978 -9231887,4521195 -9275612,4514386 -9203067,4771039 -9152960))
32648;POLYGON((4676528 -8685582,4698096 -8762346,4446382 -8842479,4426533 -8771318,4676528 -8685582))
32649;POLYGON((4505480 -8239767,4538554 -8312060,4299956 -8423699,4269629 -8356160,4505480 -8239767))
32650;POLYGON((4274569 -7826107,4316602 -7892512,4096193 -8030565,4057523 -7968080,4274569 -7826107))
32651;POLYGON((3997316 -7450744,4046252 -7510486,3846947 -7670091,3801697 -7613499,3997316 -7450744))
32652;POLYGON((3684593 -7116684,3738785 -7169434,3561981 -7346204,3511598 -7295929,3684593 -7116684))
32653;POLYGON((3345050 -6824824,3403194 -6870544,3249274 -7060682,3194933 -7016866,3345050 -6824824))
32654;POLYGON((2985506 -6574722,3046577 -6613550,2915287 -6813882,2857935 -6776485,2985506 -6574722))
32655;POLYGON((2611274 -6365177,2674479 -6397348,2565209 -6605285,2505602 -6574168,2611274 -6365177))
32656;POLYGON((2226456 -6194651,2291184 -6220431,2203175 -6433909,2141914 -6408885,2226456 -6194651))
32657;POLYGON((1834194 -6061560,1899978 -6081206,1832462 -6298602,1770024 -6279477,1834194 -6061560))
32658;POLYGON((1436888 -5964477,1503372 -5978210,1455673 -6198246,1392437 -6184849,1436888 -5964477))
32659;POLYGON((1036398 -5902261,1103301 -5910247,1074899 -6131905,1011175 -6124103,1036398 -5902261))
32660;POLYGON((634213 -5874141,701305 -5876481,691875 -6098907,627928 -6096620,634213 -5874141))
