32701;POLYGON((126212 13658400,219700 13655285,213539 13433466,117989 13436476,126212 13658400))
32702;POLYGON((-436094 13696054,-342154 13687491,-360862 13464604,-456947 13472886,-436094 13696054))
32703;POLYGON((-1002521 13767385,-907731 13753064,-939684 13528069,-1036785 13541943,-1002521 13767385))
32704;POLYGON((-1575353 13875002,-1479348 13854395,-1525761 13626327,-1624334 13646337,-1575353 13875002))
32705;POLYGON((-2156552 14022927,-2059036 13995255,-2121718 13763288,-2222170 13790245,-2156552 14022927))
32706;POLYGON((-2747533 14216828,-2648320 14181021,-2729795 13944586,-2832443 13979621,-2747533 14216828))
32707;POLYGON((-3348826 14464356,-3247908 14418984,-3351571 14177966,-3456589 14222611,-3348826 14464356))
32708;POLYGON((-3959623 14775563,-3857252 14718762,-3987578 14473813,-4094918 14530101,-3959623 14775563))
32709;POLYGON((-4577143 15163448,-4473951 15092821,-4636764 14845845,-4746050 14916445,-4577143 15163448))
32710;POLYGON((-5195834 15644614,-5092979 15557111,-5295788 15312002,-5406178 15400391,-5195834 15644614))
32711;POLYGON((-5806341 16240087,-5705697 16131857,-5958105 15895571,-6068123 16006243,-5806341 16240087))
32712;POLYGON((-6394238 16976282,-6298624 16842501,-6612839 16626587,-6720158 16765320,-6394238 16976282))
32713;POLYGON((-6938493 17886172,-6851947 17720835,-7243397 17543564,-7344581 17717743,-6938493 17886172))
32714;POLYGON((-7409621 19010663,-7337732 18806334,-7825800 18695597,-7916002 18914606,-7409621 19010663))
32715;POLYGON((-7767520 20400206,-7717811 20147739,-8326716 20144914,-8399315 20420607,-7767520 20400206))
32716;POLYGON((-7958948 22116691,-7941324 21804887,-8701158 21969924,-8747342 22317186,-7958948 22116691))
32717;POLYGON((-7914614 24235636,-7941873 23850858,-8889823 24268835,-8898107 24706251,-7914614 24235636))
32718;POLYGON((-7545857 26848714,-7634276 26374445,-8816046 27163935,-8771729 27714566,-7545857 26848714))
32719;POLYGON((-6740889 30066668,-6910877 29482990,-8382340 30806583,-8266883 31498877,-6740889 30066668))
32720;POLYGON((-5360562 34022630,-5637406 33305644,-7466507 35383028,-7256841 36251877,-5360562 34022630))
32721;POLYGON((-3233649 38875905,-3648331 37997069,-5917269 41121133,-5585021 42209086,-3233649 38875905))
32722;POLYGON((-151590 44816265,-741701 43741635,-3549421 48298094,-3060057 49656750,-151590 44816265))
32723;POLYGON((4137307 52068785,3326560 50758173,-138462 57249274,549662 58940869,4137307 52068785))
32724;POLYGON((9934253 60899288,8848940 59305312,4585321 68378246,5522002 70477450,9934253 60899288))
32725;POLYGON((17596966 71620448,16173227 69687461,10943343 82168156,12187664 84764108,17596966 71620448))
32726;POLYGON((27547297 84598598,25710027 82261507,19315796 99194540,20937368 102393131,27547297 84598598))
32727;POLYGON((40279530 100261304,37940945 97444249,30149360 120139702,32229672 124066131,40279530 100261304))
32728;POLYGON((56369364 119105777,53427459 115720671,43965563 145808786,46599437 150610416,56369364 119105777))
32729;POLYGON((76483623 141708166,72820497 137653079,61369814 177147686,64666979 182997216,76483623 141708166))
32730;POLYGON((101390712 168733811,96870777 163891194,83061142 215262920,87147929 222361898,101390712 168733811))
32731;POLYGON((-91503866 159188716,-95870777 163891194,-82061142 215262920,-78115489 208387518,-91503866 159188716))
32732;POLYGON((-68286489 133717374,-71820497 137653079,-60369814 177147686,-57191501 171485977,-68286489 133717374))
32733;POLYGON((-49593844 112436924,-52427459 115720671,-42965563 145808786,-40431147 141164289,-49593844 112436924))
32734;POLYGON((-34692593 94712957,-36940945 97444249,-29149360 120139702,-27151711 116344177,-34692593 94712957))
32735;POLYGON((-22947414 79996727,-24710027 82261507,-18315796 99194540,-16762419 96104529,-22947414 79996727))
32736;POLYGON((-13810788 67815226,-15173227 69687461,-9943343 82168156,-8754829 79661866,-13810788 67815226))
32737;POLYGON((-6813539 57762190,-7848940 59305312,-3585321 68378246,-2693903 66352749,-6813539 57762190))
32738;POLYGON((-1556081 49489976,-2326560 50758173,1138462 57249274,1790236 55617995,-1556081 49489976))
32739;POLYGON((2299652 42702248,1741701 43741635,4549421 48298094,5009911 46988568,2299652 42702248))
32740;POLYGON((5037619 37147408,4648331 37997069,6917269 41121133,7226865 40073017,5037619 37147408))
32741;POLYGON((6894454 32612725,6637406 33305644,8466507 35383028,8658654 34546337,6894454 32612725))
32742;POLYGON((8065656 28919090,7910877 29482990,9382340 30806583,9484470 30140134,8065656 28919090))
32743;POLYGON((8711204 25916375,8634276 26374445,9816046 27163935,9850420 26633991,8711204 25916375))
32744;POLYGON((8960623 23479307,8941873 23850858,9889823 24268835,9874296 23847915,8960623 23479307))
32745;POLYGON((8917548 21503848,8941324 21804887,9701158 21969924,9649853 21635771,8917548 21503848))
32746;POLYGON((8663787 19904012,8717811 20147739,9326716 20144914,9250636 19879613,8663787 19904012))
32747;POLYGON((8262934 18609090,8337732 18806334,8825800 18695597,8733360 18484810,8262934 18609090))
32748;POLYGON((7763548 17561231,7851947 17720835,8243397 17543564,8140896 17375885,7763548 17561231))
32749;POLYGON((7201928 16713361,7298624 16842501,7612839 16626587,7504866 16492996,7201928 16713361))
32750;POLYGON((6604518 16027387,6705697 16131857,6958105 15895571,6847889 15788976,6604518 16027387))
32751;POLYGON((5989960 15472664,6092979 15557111,6295788 15312002,6185498 15226860,5989960 15472664))
32752;POLYGON((5370831 15024691,5473951 15092821,5636764 14845845,5527759 14777847,5370831 15024691))
32753;POLYGON((4755091 14664017,4857252 14718762,4987578 14473813,4880609 14419632,4755091 14664017))
32754;POLYGON((4147266 14375322,4247908 14418984,4351571 14177966,4246951 14135049,4147266 14375322))
32755;POLYGON((3549397 14146658,3648320 14181021,3729795 13944586,3627530 13910991,3549397 14146658))
32756;POLYGON((2961788 13968827,3059036 13995255,3121718 13763288,3021604 13737558,2961788 13968827))
32757;POLYGON((2383568 13834881,2479348 13854395,2525761 13626327,2427462 13607388,2383568 13834881))
32758;POLYGON((1813108 13739732,1907731 13753064,1939684 13528069,1842784 13515159,1813108 13739732))
32759;POLYGON((1248319 13679853,1342154 13687491,1360862 13464604,1264900 13457217,1248319 13679853))
32760;POLYGON((686847 13653063,780299 13655285,786460 13433466,690950 13431318,686847 13653063))
32601;POLYGON((126212 3658400,219700 3655285,213539 3433466,117989 3436476,126212 3658400))
32602;POLYGON((-436094 3696054,-342154 3687491,-360862 3464604,-456947 3472886,-436094 3696054))
32603;POLYGON((-1002521 3767385,-907731 3753064,-939684 3528069,-1036785 3541943,-1002521 3767385))
32604;POLYGON((-1575353 3875002,-1479348 3854395,-1525761 3626327,-1624334 3646337,-1575353 3875002))
32605;POLYGON((-2156552 4022927,-2059036 3995255,-2121718 3763288,-2222170 3790245,-2156552 4022927))
32606;POLYGON((-2747533 4216828,-2648320 4181021,-2729795 3944586,-2832443 3979621,-2747533 4216828))
32607;POLYGON((-3348826 4464356,-3247908 4418984,-3351571 4177966,-3456589 4222611,-3348826 4464356))
32608;POLYGON((-3959623 4775563,-3857252 4718762,-3987578 4473813,-4094918 4530101,-3959623 4775563))
32609;POLYGON((-4577143 5163448,-4473951 5092821,-4636764 4845845,-4746050 4916445,-4577143 5163448))
32610;POLYGON((-5195834 5644614,-5092979 5557111,-5295788 5312002,-5406178 5400391,-5195834 5644614))
32611;POLYGON((-5806341 6240087,-5705697 6131857,-5958105 5895571,-6068123 6006243,-5806341 6240087))
32612;POLYGON((-6394238 6976282,-6298624 6842501,-6612839 6626587,-6720158 6765320,-6394238 6976282))
32613;POLYGON((-6938493 7886172,-6851947 7720835,-7243397 7543564,-7344581 7717743,-6938493 7886172))
32614;POLYGON((-7409621 9010663,-7337732 8806334,-7825800 8695597,-7916002 8914606,-7409621 9010663))
32615;POLYGON((-7767520 10400206,-7717811 10147739,-8326716 10144914,-8399315 10420607,-7767520 10400206))
32616;POLYGON((-7958948 12116691,-7941324 11804887,-8701158 11969924,-8747342 12317186,-7958948 12116691))
32617;POLYGON((-7914614 14235636,-7941873 13850858,-8889823 14268835,-8898107 14706251,-7914614 14235636))
32618;POLYGON((-7545857 16848714,-7634276 16374445,-8816046 17163935,-8771729 17714566,-7545857 16848714))
32619;POLYGON((-6740889 20066668,-6910877 19482990,-8382340 20806583,-8266883 21498877,-6740889 20066668))
32620;POLYGON((-5360562 24022630,-5637406 23305644,-7466507 25383028,-7256841 26251877,-5360562 24022630))
32621;POLYGON((-3233649 28875905,-3648331 27997069,-5917269 31121133,-5585021 32209086,-3233649 28875905))
32622;POLYGON((-151590 34816265,-741701 33741635,-3549421 38298094,-3060057 39656750,-151590 34816265))
32623;POLYGON((4137307 42068785,3326560 40758173,-138462 47249274,549662 48940869,4137307 42068785))
32624;POLYGON((9934253 50899288,8848940 49305312,4585321 58378246,5522002 60477450,9934253 50899288))
32625;POLYGON((17596966 61620448,16173227 59687461,10943343 72168156,12187664 74764108,17596966 61620448))
32626;POLYGON((27547297 74598598,25710027 72261507,19315796 89194540,20937368 92393131,27547297 74598598))
32627;POLYGON((40279530 90261304,37940945 87444249,30149360 110139702,32229672 114066131,40279530 90261304))
32628;POLYGON((56369364 109105777,53427459 105720671,43965563 135808786,46599437 140610416,56369364 109105777))
32629;POLYGON((76483623 131708166,72820497 127653079,61369814 167147686,64666979 172997216,76483623 131708166))
32630;POLYGON((101390712 158733811,96870777 153891194,83061142 205262920,87147929 212361898,101390712 158733811))
32631;POLYGON((-91503866 149188716,-95870777 153891194,-82061142 205262920,-78115489 198387518,-91503866 149188716))
32632;POLYGON((-68286489 123717374,-71820497 127653079,-60369814 167147686,-57191501 161485977,-68286489 123717374))
32633;POLYGON((-49593844 102436924,-52427459 105720671,-42965563 135808786,-40431147 131164289,-49593844 102436924))
32634;POLYGON((-34692593 84712957,-36940945 87444249,-29149360 110139702,-27151711 106344177,-34692593 84712957))
32635;POLYGON((-22947414 69996727,-24710027 72261507,-18315796 89194540,-16762419 86104529,-22947414 69996727))
32636;POLYGON((-13810788 57815226,-15173227 59687461,-9943343 72168156,-8754829 69661866,-13810788 57815226))
32637;POLYGON((-6813539 47762190,-7848940 49305312,-3585321 58378246,-2693903 56352749,-6813539 47762190))
32638;POLYGON((-1556081 39489976,-2326560 40758173,1138462 47249274,1790236 45617995,-1556081 39489976))
32639;POLYGON((2299652 32702248,1741701 33741635,4549421 38298094,5009911 36988568,2299652 32702248))
32640;POLYGON((5037619 27147408,4648331 27997069,6917269 31121133,7226865 30073017,5037619 27147408))
32641;POLYGON((6894454 22612725,6637406 23305644,8466507 25383028,8658654 24546337,6894454 22612725))
32642;POLYGON((8065656 18919090,7910877 19482990,9382340 20806583,9484470 20140134,8065656 18919090))
32643;POLYGON((8711204 15916375,8634276 16374445,9816046 17163935,9850420 16633991,8711204 15916375))
32644;POLYGON((8960623 13479307,8941873 13850858,9889823 14268835,9874296 13847915,8960623 13479307))
32645;POLYGON((8917548 11503848,8941324 11804887,9701158 11969924,9649853 11635771,8917548 11503848))
32646;POLYGON((8663787 9904012,8717811 10147739,9326716 10144914,9250636 9879613,8663787 9904012))
32647;POLYGON((8262934 8609090,8337732 8806334,8825800 8695597,8733360 8484810,8262934 8609090))
32648;POLYGON((7763548 7561231,7851947 7720835,8243397 7543564,8140896 7375885,7763548 7561231))
32649;POLYGON((7201928 6713361,7298624 6842501,7612839 6626587,7504866 6492996,7201928 6713361))
32650;POLYGON((6604518 6027387,6705697 6131857,6958105 5895571,6847889 5788976,6604518 6027387))
32651;POLYGON((5989960 5472664,6092979 5557111,6295788 5312002,6185498 5226860,5989960 5472664))
32652;POLYGON((5370831 5024691,5473951 5092821,5636764 4845845,5527759 4777847,5370831 5024691))
32653;POLYGON((4755091 4664017,4857252 4718762,4987578 4473813,4880609 4419632,4755091 4664017))
32654;POLYGON((4147266 4375322,4247908 4418984,4351571 4177966,4246951 4135049,4147266 4375322))
32655;POLYGON((3549397 4146658,3648320 4181021,3729795 3944586,3627530 3910991,3549397 4146658))
32656;POLYGON((2961788 3968827,3059036 3995255,3121718 3763288,3021604 3737558,2961788 3968827))
32657;POLYGON((2383568 3834881,2479348 3854395,2525761 3626327,2427462 3607388,2383568 3834881))
32658;POLYGON((1813108 3739732,1907731 3753064,1939684 3528069,1842784 3515159,1813108 3739732))
32659;POLYGON((1248319 3679853,1342154 3687491,1360862 3464604,1264900 3457217,1248319 3679853))
32660;POLYGON((686847 3653063,780299 3655285,786460 3433466,690950 3431318,686847 3653063))
