32701;POLYGON((384519 1672497,413362 1674201,424696 1451305,399627 1449811,384519 1672497))
32702;POLYGON((212366 1652077,240912 1656691,274833 1435956,250032 1431912,212366 1652077))
32703;POLYGON((42960 1614295,70934 1621788,127196 1405376,102910 1398814,42960 1614295))
32704;POLYGON((-122040 1559409,-94916 1569730,-16732 1359805,-40255 1350777,-122040 1559409))
32705;POLYGON((-280975 1487813,-254978 1500885,-155475 1299610,-177992 1288189,-280975 1487813))
32706;POLYGON((-432178 1400045,-407585 1415769,-287570 1225293,-308837 1211577,-432178 1400045))
32707;POLYGON((-573993 1296811,-551079 1315056,-411576 1137500,-431358 1121611,-573993 1296811))
32708;POLYGON((-704788 1178994,-683822 1199599,-526092 1037029,-544161 1019117,-704788 1178994))
32709;POLYGON((-822990 1047675,-804228 1070447,-629783 924840,-645923 905079,-822990 1047675))
32710;POLYGON((-927120 904143,-910801 928852,-721404 802052,-735420 780645,-927120 904143))
32711;POLYGON((-1015850 749896,-1002182 776278,-799846 669946,-811571 647120,-1015850 749896))
32712;POLYGON((-1088071 586639,-1077219 614396,-864186 529947,-873486 505954,-1088071 586639))
32713;POLYGON((-1142976 416257,-1135050 445064,-913746 383603,-920539 358709,-1142976 416257))
32714;POLYGON((-1180168 240780,-1175201 270291,-948172 232543,-952435 207024,-1180168 240780))
32715;POLYGON((-1199785 62316,-1197711 92178,-967521 78421,-969312 52550,-1199785 62316))
32716;POLYGON((-1202643 -117040,-1203272 -87171,-972366 -77169,-971837 -103139,-1202643 -117040))
32717;POLYGON((-1190411 -295336,-1193397 -265769,-963916 -232802,-961342 -258660,-1190411 -295336))
32718;POLYGON((-1165803 -470925,-1170612 -441904,-944156 -387361,-939953 -412963,-1165803 -470925))
32719;POLYGON((-1132806 -642682,-1138675 -614348,-916005 -540218,-910762 -565522,-1132806 -642682))
32720;POLYGON((-1096931 -810270,-1102824 -782611,-883491 -691454,-878001 -716560,-1096931 -810270))
32721;POLYGON((-1065496 -974467,-1070055 -947261,-851953 -842128,-847250 -867329,-1065496 -974467))
32722;POLYGON((-1047941 -1137566,-1049431 -1110306,-828262 -994602,-825655 -1020444,-1047941 -1137566))
32723;POLYGON((-1056184 -1303840,-1052430 -1275654,-821066 -1152922,-822189 -1180275,-1056184 -1303840))
32724;POLYGON((-1105000 -1480109,-1093323 -1449657,-841061 -1323274,-847915 -1353412,-1105000 -1480109))
32725;POLYGON((-1212452 -1676384,-1189596 -1641745,-901287 -1514505,-916297 -1549203,-1212452 -1676384))
32726;POLYGON((-1400353 -1906624,-1362400 -1865161,-1017456 -1738733,-1043524 -1780376,-1400353 -1906624))
32727;POLYGON((-1694770 -2189603,-1637057 -2137814,-1208301 -2012043,-1248869 -2063752,-1694770 -2189603))
32728;POLYGON((-2126572 -2549904,-2043596 -2483241,-1495960 -2355281,-1555078 -2421056,-2126572 -2549904))
32729;POLYGON((-2732028 -3019039,-2617344 -2931718,-1906393 -2794956,-1988790 -2879833,-2732028 -3019039))
32730;POLYGON((-3553442 -3636721,-3399550 -3521494,-2469824 -3364250,-2580986 -3474488,-3553442 -3636721))
32731;POLYGON((4252762 -3411491,4399550 -3521494,3469824 -3364250,3363872 -3258732,4252762 -3411491))
32732;POLYGON((3508435 -2848300,3617344 -2931718,2906393 -2794956,2828235 -2713662,3508435 -2848300))
32733;POLYGON((2965252 -2419423,3043596 -2483241,2495960 -2355281,2440242 -2292170,2965252 -2419423))
32734;POLYGON((2582995 -2088031,2637057 -2137814,2208301 -2012043,2170413 -1962263,2582995 -2088031))
32735;POLYGON((2327265 -1825054,2362400 -1865161,2017456 -1738733,1993455 -1698442,2327265 -1825054))
32736;POLYGON((2168856 -1607965,2189596 -1641745,1901287 -1514505,1887824 -1480714,2168856 -1607965))
32737;POLYGON((2083177 -1419698,2093323 -1449657,1841061 -1323274,1835318 -1293708,2083177 -1419698))
32738;POLYGON((2049721 -1247701,2052430 -1275654,1821066 -1152922,1820693 -1125897,2049721 -1247701))
32739;POLYGON((2051570 -1083104,2049431 -1110306,1828262 -994602,1831323 -968916,2051570 -1083104))
32740;POLYGON((2074946 -920006,2070055 -947261,1851953 -842128,1856871 -816973,2074946 -920006))
32741;POLYGON((2108798 -754849,2102824 -782611,1883491 -691454,1889004 -666330,2108798 -754849))
32742;POLYGON((2144431 -585896,2138675 -614348,1916005 -540218,1921124 -514867,2144431 -585896))
32743;POLYGON((2175163 -412779,2170612 -441904,1944156 -387361,1948124 -361710,2175163 -412779))
32744;POLYGON((2196021 -236132,2193397 -265769,1963916 -232802,1966174 -206912,2196021 -236132))
32745;POLYGON((2203469 -57280,2203272 -87171,1972366 -77169,1972523 -51198,2203469 -57280))
32746;POLYGON((2195164 122005,2197711 92178,1967521 78421,1965326 104251,2195164 122005))
32747;POLYGON((2169743 299709,2175201 270291,1948172 232543,1943489 257977,2169743 299709))
32748;POLYGON((2126632 473720,2135050 445064,1913746 383603,1906532 408365,2126632 473720))
32749;POLYGON((2065889 641946,2077219 614396,1864186 529947,1854474 553764,2065889 641946))
32750;POLYGON((1988059 802401,2002182 776278,1799846 669946,1787730 692552,1988059 802401))
32751;POLYGON((1894059 953256,1910801 928852,1721404 802052,1707021 823200,1894059 953256))
32752;POLYGON((1785082 1092873,1804228 1070447,1629783 924840,1613307 944306,1785082 1092873))
32753;POLYGON((1662512 1219824,1683822 1199599,1526092 1037029,1507723 1054616,1662512 1219824))
32754;POLYGON((1527866 1332890,1551079 1315056,1411576 1137500,1391530 1153036,1527866 1332890))
32755;POLYGON((1382739 1431058,1407585 1415769,1287570 1225293,1266077 1238635,1382739 1431058))
32756;POLYGON((1228774 1513505,1254978 1500885,1155475 1299610,1132773 1310639,1228774 1513505))
32757;POLYGON((1067632 1579583,1094916 1569730,1016732 1359805,993064 1368428,1067632 1579583))
32758;POLYGON((900978 1628805,929065 1621788,872803 1405376,848415 1411522,900978 1628805))
32759;POLYGON((730473 1660822,759087 1656691,725166 1435956,700304 1439576,730473 1660822))
32760;POLYGON((557770 1675419,586637 1674201,575303 1451305,550213 1452372,557770 1675419))
32601;POLYGON((384519 -8327502,413362 -8325798,424696 -8548694,399627 -8550188,384519 -8327502))
32602;POLYGON((212366 -8347922,240912 -8343308,274833 -8564043,250032 -8568087,212366 -8347922))
32603;POLYGON((42960 -8385704,70934 -8378211,127196 -8594623,102910 -8601185,42960 -8385704))
32604;POLYGON((-122040 -8440590,-94916 -8430269,-16732 -8640194,-40255 -8649222,-122040 -8440590))
32605;POLYGON((-280975 -8512186,-254978 -8499114,-155475 -8700389,-177992 -8711810,-280975 -8512186))
32606;POLYGON((-432178 -8599954,-407585 -8584230,-287570 -8774706,-308837 -8788422,-432178 -8599954))
32607;POLYGON((-573993 -8703188,-551079 -8684943,-411576 -8862499,-431358 -8878388,-573993 -8703188))
32608;POLYGON((-704788 -8821005,-683822 -8800400,-526092 -8962970,-544161 -8980882,-704788 -8821005))
32609;POLYGON((-822990 -8952324,-804228 -8929552,-629783 -9075159,-645923 -9094920,-822990 -8952324))
32610;POLYGON((-927120 -9095856,-910801 -9071147,-721404 -9197947,-735420 -9219354,-927120 -9095856))
32611;POLYGON((-1015850 -9250103,-1002182 -9223721,-799846 -9330053,-811571 -9352879,-1015850 -9250103))
32612;POLYGON((-1088071 -9413360,-1077219 -9385603,-864186 -9470052,-873486 -9494045,-1088071 -9413360))
32613;POLYGON((-1142976 -9583742,-1135050 -9554935,-913746 -9616396,-920539 -9641290,-1142976 -9583742))
32614;POLYGON((-1180168 -9759219,-1175201 -9729708,-948172 -9767456,-952435 -9792975,-1180168 -9759219))
32615;POLYGON((-1199785 -9937683,-1197711 -9907821,-967521 -9921578,-969312 -9947449,-1199785 -9937683))
32616;POLYGON((-1202643 -10117040,-1203272 -10087171,-972366 -10077169,-971837 -10103139,-1202643 -10117040))
32617;POLYGON((-1190411 -10295336,-1193397 -10265769,-963916 -10232802,-961342 -10258660,-1190411 -10295336))
32618;POLYGON((-1165803 -10470925,-1170612 -10441904,-944156 -10387361,-939953 -10412963,-1165803 -10470925))
32619;POLYGON((-1132806 -10642682,-1138675 -10614348,-916005 -10540218,-910762 -10565522,-1132806 -10642682))
32620;POLYGON((-1096931 -10810270,-1102824 -10782611,-883491 -10691454,-878001 -10716560,-1096931 -10810270))
32621;POLYGON((-1065496 -10974467,-1070055 -10947261,-851953 -10842128,-847250 -10867329,-1065496 -10974467))
32622;POLYGON((-1047941 -11137566,-1049431 -11110306,-828262 -10994602,-825655 -11020444,-1047941 -11137566))
32623;POLYGON((-1056184 -11303840,-1052430 -11275654,-821066 -11152922,-822189 -11180275,-1056184 -11303840))
32624;POLYGON((-1105000 -11480109,-1093323 -11449657,-841061 -11323274,-847915 -11353412,-1105000 -11480109))
32625;POLYGON((-1212452 -11676384,-1189596 -11641745,-901287 -11514505,-916297 -11549203,-1212452 -11676384))
32626;POLYGON((-1400353 -11906624,-1362400 -11865161,-1017456 -11738733,-1043524 -11780376,-1400353 -11906624))
32627;POLYGON((-1694770 -12189603,-1637057 -12137814,-1208301 -12012043,-1248869 -12063752,-1694770 -12189603))
32628;POLYGON((-2126572 -12549904,-2043596 -12483241,-1495960 -12355281,-1555078 -12421056,-2126572 -12549904))
32629;POLYGON((-2732028 -13019039,-2617344 -12931718,-1906393 -12794956,-1988790 -12879833,-2732028 -13019039))
32630;POLYGON((-3553442 -13636721,-3399550 -13521494,-2469824 -13364250,-2580986 -13474488,-3553442 -13636721))
32631;POLYGON((4252762 -13411491,4399550 -13521494,3469824 -13364250,3363872 -13258732,4252762 -13411491))
32632;POLYGON((3508435 -12848300,3617344 -12931718,2906393 -12794956,2828235 -12713662,3508435 -12848300))
32633;POLYGON((2965252 -12419423,3043596 -12483241,2495960 -12355281,2440242 -12292170,2965252 -12419423))
32634;POLYGON((2582995 -12088031,2637057 -12137814,2208301 -12012043,2170413 -11962263,2582995 -12088031))
32635;POLYGON((2327265 -11825054,2362400 -11865161,2017456 -11738733,1993455 -11698442,2327265 -11825054))
32636;POLYGON((2168856 -11607965,2189596 -11641745,1901287 -11514505,1887824 -11480714,2168856 -11607965))
32637;POLYGON((2083177 -11419698,2093323 -11449657,1841061 -11323274,1835318 -11293708,2083177 -11419698))
32638;POLYGON((2049721 -11247701,2052430 -11275654,1821066 -11152922,1820693 -11125897,2049721 -11247701))
32639;POLYGON((2051570 -11083104,2049431 -11110306,1828262 -10994602,1831323 -10968916,2051570 -11083104))
32640;POLYGON((2074946 -10920006,2070055 -10947261,1851953 -10842128,1856871 -10816973,2074946 -10920006))
32641;POLYGON((2108798 -10754849,2102824 -10782611,1883491 -10691454,1889004 -10666330,2108798 -10754849))
32642;POLYGON((2144431 -10585896,2138675 -10614348,1916005 -10540218,1921124 -10514867,2144431 -10585896))
32643;POLYGON((2175163 -10412779,2170612 -10441904,1944156 -10387361,1948124 -10361710,2175163 -10412779))
32644;POLYGON((2196021 -10236132,2193397 -10265769,1963916 -10232802,1966174 -10206912,2196021 -10236132))
32645;POLYGON((2203469 -10057280,2203272 -10087171,1972366 -10077169,1972523 -10051198,2203469 -10057280))
32646;POLYGON((2195164 -9877994,2197711 -9907821,1967521 -9921578,1965326 -9895748,2195164 -9877994))
32647;POLYGON((2169743 -9700290,2175201 -9729708,1948172 -9767456,1943489 -9742022,2169743 -9700290))
32648;POLYGON((2126632 -9526279,2135050 -9554935,1913746 -9616396,1906532 -9591634,2126632 -9526279))
32649;POLYGON((2065889 -9358053,2077219 -9385603,1864186 -9470052,1854474 -9446235,2065889 -9358053))
32650;POLYGON((1988059 -9197598,2002182 -9223721,1799846 -9330053,1787730 -9307447,1988059 -9197598))
32651;POLYGON((1894059 -9046743,1910801 -9071147,1721404 -9197947,1707021 -9176799,1894059 -9046743))
32652;POLYGON((1785082 -8907126,1804228 -8929552,1629783 -9075159,1613307 -9055693,1785082 -8907126))
32653;POLYGON((1662512 -8780175,1683822 -8800400,1526092 -8962970,1507723 -8945383,1662512 -8780175))
32654;POLYGON((1527866 -8667109,1551079 -8684943,1411576 -8862499,1391530 -8846963,1527866 -8667109))
32655;POLYGON((1382739 -8568941,1407585 -8584230,1287570 -8774706,1266077 -8761364,1382739 -8568941))
32656;POLYGON((1228774 -8486494,1254978 -8499114,1155475 -8700389,1132773 -8689360,1228774 -8486494))
32657;POLYGON((1067632 -8420416,1094916 -8430269,1016732 -8640194,993064 -8631571,1067632 -8420416))
32658;POLYGON((900978 -8371194,929065 -8378211,872803 -8594623,848415 -8588477,900978 -8371194))
32659;POLYGON((730473 -8339177,759087 -8343308,725166 -8564043,700304 -8560423,730473 -8339177))
32660;POLYGON((557770 -8324580,586637 -8325798,575303 -8548694,550213 -8547627,557770 -8324580))
