32701;POLYGON((144015 14102357,233037 14099080,226201 13877156,134891 13880360,144015 14102357))
32702;POLYGON((-391004 14141940,-301693 14132945,-322423 13910273,-414103 13919073,-391004 14141940))
32703;POLYGON((-928616 14216738,-838775 14201740,-874078 13977624,-966447 13992321,-928616 14216738))
32704;POLYGON((-1470095 14329120,-1379538 14307643,-1430579 14081506,-1523909 14102603,-1470095 14329120))
32705;POLYGON((-2016267 14482682,-1924897 14454036,-1993383 14225512,-2087869 14253746,-2016267 14482682))
32706;POLYGON((-2567234 14682371,-2475099 14645632,-2563351 14414706,-2659054 14451080,-2567234 14682371))
32707;POLYGON((-3121994 14934664,-3029357 14888637,-3140398 14655863,-3237182 14701692,-3121994 14934664))
32708;POLYGON((-3677931 15247744,-3585367 15190940,-3723029 14957760,-3820466 15014725,-3677931 15247744))
32709;POLYGON((-4230147 15631704,-4138664 15562299,-4307706 15331527,-4404952 15401739,-4230147 15631704))
32710;POLYGON((-4770604 16098732,-4681803 16014541,-4888034 15791054,-4983678 15877129,-4770604 16098732))
32711;POLYGON((-5287058 16663278,-5203324 16561731,-5453735 16353456,-5545602 16458596,-5287058 16663278))
32712;POLYGON((-5761737 17342179,-5686480 17220300,-5989377 17039590,-6074289 17167673,-5761737 17342179))
32713;POLYGON((-6169767 18154718,-6107702 18009123,-6472831 17874622,-6546323 18030306,-6169767 18154718))
32714;POLYGON((-6477277 19122592,-6434763 18949502,-6873425 18888657,-6929409 19077485,-6477277 19122592))
32715;POLYGON((-6639197 20269772,-6624628 20065044,-7149782 20117408,-7180147 20345928,-6639197 20269772))
32716;POLYGON((-6596688 21622211,-6620947 21381399,-7247283 21602919,-7241441 21878807,-6596688 21622211))
32717;POLYGON((-6274193 23207380,-6351171 22925826,-7095158 23394338,-7039516 23726532,-6274193 23207380))
32718;POLYGON((-5576078 25053596,-5723263 24726558,-6603159 25548730,-6480525 25947571,-5576078 25053596))
32719;POLYGON((-4382831 27189102,-4621975 26811925,-5657789 28131939,-5446694 28609317,-4382831 27189102))
32720;POLYGON((-2546797 29640866,-2904660 29209204,-4118058 31219489,-3792006 31788999,-2546797 29640866))
32721;POLYGON((112584 32433053,-396593 31943149,-1810744 34897524,-1337370 35574622,112584 32433053))
32722;POLYGON((3814066 35585129,3114221 35034157,1474875 39263785,2134739 40065961,3814066 35585129))
32723;POLYGON((8820428 39109556,7882797 38496037,5992856 44428626,6886206 45375570,8820428 39109556))
32724;POLYGON((15444892 43009022,14213478 42333320,12046992 50516052,13229781 51629835,15444892 43009022))
32725;POLYGON((24058148 47273155,22466862 46538061,19997849 57664802,21536219 58970055,24058148 47273155))
32726;POLYGON((35096013 51874685,33067352 51086099,30270428 66029440,32242053 67553543,35096013 51874685))
32727;POLYGON((49067751 56764972,46511362 55932693,43362509 75781486,45858053 77554753,49067751 56764972))
32728;POLYGON((66565087 61868867,63376219 61007502,59853693 87110556,62978385 89166429,66565087 61868867))
32729;POLYGON((88271943 67078832,84329772 66208826,80415166 100225523,84290503 102600771,88271943 67078832))
32730;POLYGON((114974916 72248262,110140744 71397071,105820228 115355697,110585803 118090608,114974916 72248262))
32731;POLYGON((-104465686 70540502,-109140744 71397071,-104820228 115355697,-100213547 112683684,-104465686 70540502))
32732;POLYGON((-79522277 65338559,-83329772 66208826,-79415166 100225523,-75674119 97906204,-79522277 65338559))
32733;POLYGON((-59300700 60149737,-62376219 61007502,-58853693 87110556,-55841835 85104244,-59300700 60149737))
32734;POLYGON((-43049793 55106824,-45511362 55932693,-42362509 75781486,-39961179 74051983,-43049793 55106824))
32735;POLYGON((-30117495 50305863,-32067352 51086099,-29270428 66029440,-27376938 64543836,-30117495 50305863))
32736;POLYGON((-19940612 45812548,-21466862 46538061,-18997849 57664802,-17523808 56393285,-19940612 45812548))
32737;POLYGON((-12035329 41667861,-13213478 42333320,-11046992 50516052,-9916745 49431715,-12035329 41667861))
32738;POLYGON((-5988432 37892974,-6882797 38496037,-4992856 44428626,-4142049 43507276,-5988432 37892974))
32739;POLYGON((-1449203 34493507,-2114221 35034157,-474875 39263785,150867 38483762,-1449203 34493507))
32740;POLYGON((1878014 31463177,1396593 31943149,2810744 34897524,3257040 34239515,1878014 31463177))
32741;POLYGON((4240642 28786904,3904660 29209204,5118058 31219489,5422871 30666356,4240642 28786904))
32742;POLYGON((5844080 26443417,5621975 26811925,6657789 28131939,6852446 27668547,5844080 26443417))
32743;POLYGON((6857360 24407429,6723263 24726558,7603159 25548730,7713262 25161779,6857360 24407429))
32744;POLYGON((7418252 22651392,7351171 22925826,8095158 23394338,8141411 23072207,7418252 22651392))
32745;POLYGON((7637857 21146921,7620947 21381399,8247283 21602919,8246234 21335511,7637857 21146921))
32746;POLYGON((7604719 19865890,7624628 20065044,8149782 20117408,8114485 19896005,7604719 19865890))
32747;POLYGON((7388468 18781272,7434763 18949502,7873425 18888657,7814020 18705780,7388468 18781272))
32748;POLYGON((7043045 17867732,7107702 18009123,7472831 17874622,7397061 17723898,7043045 17867732))
32749;POLYGON((6609522 17102033,6686480 17220300,6989377 17039590,6903035 16915631,6609522 17102033))
32750;POLYGON((6118541 16463272,6203324 16561731,6453735 16353456,6361048 16251743,6118541 16463272))
32751;POLYGON((5592414 15932983,5681803 16014541,5888034 15791054,5791994 15707827,5592414 15932983))
32752;POLYGON((5046909 15495135,5138664 15562299,5307706 15331527,5210347 15263689,5046909 15495135))
32753;POLYGON((4492735 15136048,4585367 15190940,4723029 14957760,4625656 14902785,4492735 15136048))
32754;POLYGON((3936774 14844254,4029357 14888637,4140398 14655863,4043774 14611716,3936774 14844254))
32755;POLYGON((3383080 14610316,3475099 14645632,3563351 14414706,3467848 14379771,3383080 14610316))
32756;POLYGON((2833664 14426643,2924897 14454036,2993383 14225512,2899099 14198529,2833664 14426643))
32757;POLYGON((2289109 14287288,2379538 14307643,2430579 14081506,2337424 14061520,2289109 14287288))
32758;POLYGON((1749038 14187770,1838775 14201740,1874078 13977624,1781845 13963939,1749038 14187770))
32759;POLYGON((1212447 14124917,1301693 14132945,1322423 13910273,1230827 13902420,1212447 14124917))
32760;POLYGON((677962 14096742,766962 14099080,773798 13877156,682516 13874870,677962 14096742))
32601;POLYGON((144015 4102357,233037 4099080,226201 3877156,134891 3880360,144015 4102357))
32602;POLYGON((-391004 4141940,-301693 4132945,-322423 3910273,-414103 3919073,-391004 4141940))
32603;POLYGON((-928616 4216738,-838775 4201740,-874078 3977624,-966447 3992321,-928616 4216738))
32604;POLYGON((-1470095 4329120,-1379538 4307643,-1430579 4081506,-1523909 4102603,-1470095 4329120))
32605;POLYGON((-2016267 4482682,-1924897 4454036,-1993383 4225512,-2087869 4253746,-2016267 4482682))
32606;POLYGON((-2567234 4682371,-2475099 4645632,-2563351 4414706,-2659054 4451080,-2567234 4682371))
32607;POLYGON((-3121994 4934664,-3029357 4888637,-3140398 4655863,-3237182 4701692,-3121994 4934664))
32608;POLYGON((-3677931 5247744,-3585367 5190940,-3723029 4957760,-3820466 5014725,-3677931 5247744))
32609;POLYGON((-4230147 5631704,-4138664 5562299,-4307706 5331527,-4404952 5401739,-4230147 5631704))
32610;POLYGON((-4770604 6098732,-4681803 6014541,-4888034 5791054,-4983678 5877129,-4770604 6098732))
32611;POLYGON((-5287058 6663278,-5203324 6561731,-5453735 6353456,-5545602 6458596,-5287058 6663278))
32612;POLYGON((-5761737 7342179,-5686480 7220300,-5989377 7039590,-6074289 7167673,-5761737 7342179))
32613;POLYGON((-6169767 8154718,-6107702 8009123,-6472831 7874622,-6546323 8030306,-6169767 8154718))
32614;POLYGON((-6477277 9122592,-6434763 8949502,-6873425 8888657,-6929409 9077485,-6477277 9122592))
32615;POLYGON((-6639197 10269772,-6624628 10065044,-7149782 10117408,-7180147 10345928,-6639197 10269772))
32616;POLYGON((-6596688 11622211,-6620947 11381399,-7247283 11602919,-7241441 11878807,-6596688 11622211))
32617;POLYGON((-6274193 13207380,-6351171 12925826,-7095158 13394338,-7039516 13726532,-6274193 13207380))
32618;POLYGON((-5576078 15053596,-5723263 14726558,-6603159 15548730,-6480525 15947571,-5576078 15053596))
32619;POLYGON((-4382831 17189102,-4621975 16811925,-5657789 18131939,-5446694 18609317,-4382831 17189102))
32620;POLYGON((-2546797 19640866,-2904660 19209204,-4118058 21219489,-3792006 21788999,-2546797 19640866))
32621;POLYGON((112584 22433053,-396593 21943149,-1810744 24897524,-1337370 25574622,112584 22433053))
32622;POLYGON((3814066 25585129,3114221 25034157,1474875 29263785,2134739 30065961,3814066 25585129))
32623;POLYGON((8820428 29109556,7882797 28496037,5992856 34428626,6886206 35375570,8820428 29109556))
32624;POLYGON((15444892 33009022,14213478 32333320,12046992 40516052,13229781 41629835,15444892 33009022))
32625;POLYGON((24058148 37273155,22466862 36538061,19997849 47664802,21536219 48970055,24058148 37273155))
32626;POLYGON((35096013 41874685,33067352 41086099,30270428 56029440,32242053 57553543,35096013 41874685))
32627;POLYGON((49067751 46764972,46511362 45932693,43362509 65781486,45858053 67554753,49067751 46764972))
32628;POLYGON((66565087 51868867,63376219 51007502,59853693 77110556,62978385 79166429,66565087 51868867))
32629;POLYGON((88271943 57078832,84329772 56208826,80415166 90225523,84290503 92600771,88271943 57078832))
32630;POLYGON((114974916 62248262,110140744 61397071,105820228 105355697,110585803 108090608,114974916 62248262))
32631;POLYGON((-104465686 60540502,-109140744 61397071,-104820228 105355697,-100213547 102683684,-104465686 60540502))
32632;POLYGON((-79522277 55338559,-83329772 56208826,-79415166 90225523,-75674119 87906204,-79522277 55338559))
32633;POLYGON((-59300700 50149737,-62376219 51007502,-58853693 77110556,-55841835 75104244,-59300700 50149737))
32634;POLYGON((-43049793 45106824,-45511362 45932693,-42362509 65781486,-39961179 64051983,-43049793 45106824))
32635;POLYGON((-30117495 40305863,-32067352 41086099,-29270428 56029440,-27376938 54543836,-30117495 40305863))
32636;POLYGON((-19940612 35812548,-21466862 36538061,-18997849 47664802,-17523808 46393285,-19940612 35812548))
32637;POLYGON((-12035329 31667861,-13213478 32333320,-11046992 40516052,-9916745 39431715,-12035329 31667861))
32638;POLYGON((-5988432 27892974,-6882797 28496037,-4992856 34428626,-4142049 33507276,-5988432 27892974))
32639;POLYGON((-1449203 24493507,-2114221 25034157,-474875 29263785,150867 28483762,-1449203 24493507))
32640;POLYGON((1878014 21463177,1396593 21943149,2810744 24897524,3257040 24239515,1878014 21463177))
32641;POLYGON((4240642 18786904,3904660 19209204,5118058 21219489,5422871 20666356,4240642 18786904))
32642;POLYGON((5844080 16443417,5621975 16811925,6657789 18131939,6852446 17668547,5844080 16443417))
32643;POLYGON((6857360 14407429,6723263 14726558,7603159 15548730,7713262 15161779,6857360 14407429))
32644;POLYGON((7418252 12651392,7351171 12925826,8095158 13394338,8141411 13072207,7418252 12651392))
32645;POLYGON((7637857 11146921,7620947 11381399,8247283 11602919,8246234 11335511,7637857 11146921))
32646;POLYGON((7604719 9865890,7624628 10065044,8149782 10117408,8114485 9896005,7604719 9865890))
32647;POLYGON((7388468 8781272,7434763 8949502,7873425 8888657,7814020 8705780,7388468 8781272))
32648;POLYGON((7043045 7867732,7107702 8009123,7472831 7874622,7397061 7723898,7043045 7867732))
32649;POLYGON((6609522 7102033,6686480 7220300,6989377 7039590,6903035 6915631,6609522 7102033))
32650;POLYGON((6118541 6463272,6203324 6561731,6453735 6353456,6361048 6251743,6118541 6463272))
32651;POLYGON((5592414 5932983,5681803 6014541,5888034 5791054,5791994 5707827,5592414 5932983))
32652;POLYGON((5046909 5495135,5138664 5562299,5307706 5331527,5210347 5263689,5046909 5495135))
32653;POLYGON((4492735 5136048,4585367 5190940,4723029 4957760,4625656 4902785,4492735 5136048))
32654;POLYGON((3936774 4844254,4029357 4888637,4140398 4655863,4043774 4611716,3936774 4844254))
32655;POLYGON((3383080 4610316,3475099 4645632,3563351 4414706,3467848 4379771,3383080 4610316))
32656;POLYGON((2833664 4426643,2924897 4454036,2993383 4225512,2899099 4198529,2833664 4426643))
32657;POLYGON((2289109 4287288,2379538 4307643,2430579 4081506,2337424 4061520,2289109 4287288))
32658;POLYGON((1749038 4187770,1838775 4201740,1874078 3977624,1781845 3963939,1749038 4187770))
32659;POLYGON((1212447 4124917,1301693 4132945,1322423 3910273,1230827 3902420,1212447 4124917))
32660;POLYGON((677962 4096742,766962 4099080,773798 3877156,682516 3874870,677962 4096742))
