32701;POLYGON((484426 19775210,488315 19774973,476646 19551985,468872 19552459,484426 19775210))
32702;POLYGON((461232 19778056,465075 19777414,430191 19556855,422509 19558138,461232 19778056))
32703;POLYGON((438461 19783310,442216 19782270,384495 19566545,376987 19568622,438461 19783310))
32704;POLYGON((416363 19790915,419989 19789487,340053 19580950,332802 19583799,416363 19790915))
32705;POLYGON((395179 19800787,398637 19798988,297349 19599917,290434 19603508,395179 19800787))
32706;POLYGON((375143 19812819,378393 19810669,256850 19623242,250346 19627537,375143 19812819))
32707;POLYGON((356472 19826880,359480 19824402,218999 19650676,212977 19655627,356472 19826880))
32708;POLYGON((339371 19842816,342104 19840037,184212 19681921,178740 19687476,339371 19842816))
32709;POLYGON((324030 19860454,326457 19857404,152873 19716641,148010 19722740,324030 19860454))
32710;POLYGON((310615 19879600,312710 19876313,125327 19754458,121127 19761034,310615 19879600))
32711;POLYGON((299274 19900046,301015 19896557,101878 19794961,98387 19801942,299274 19900046))
32712;POLYGON((290133 19921567,291499 19917915,82783 19837709,80038 19845019,290133 19921567))
32713;POLYGON((283290 19943928,284267 19940153,68245 19882236,66277 19889797,283290 19943928))
32714;POLYGON((278821 19966884,279399 19963027,58415 19928062,57241 19935792,278821 19966884))
32715;POLYGON((276773 19990186,276945 19986289,53379 19974696,53009 19982512,276773 19990186))
32716;POLYGON((277168 20013581,276933 20009687,53161 20021647,53591 20029469,277168 20013581))
32717;POLYGON((279998 20036817,279358 20032966,57713 20068435,58929 20076184,279998 20036817))
32718;POLYGON((285230 20059644,284193 20055879,66917 20114603,68890 20122207,285230 20059644))
32719;POLYGON((292801 20081824,291380 20078182,80573 20159730,83263 20167123,292801 20081824))
32720;POLYGON((302625 20103126,300835 20099646,98402 20203446,101755 20210573,302625 20103126))
32721;POLYGON((314588 20123338,312451 20120054,120042 20245451,123988 20252269,314588 20123338))
32722;POLYGON((328554 20142264,326094 20139207,145037 20285530,149493 20292014,328554 20142264))
32723;POLYGON((344367 20159735,341610 20156930,172845 20323582,177709 20329727,344367 20159735))
32724;POLYGON((361849 20175605,358828 20173076,202823 20359638,207980 20365464,361849 20175605))
32725;POLYGON((380810 20189762,377556 20187525,234232 20393890,239549 20399448,380810 20189762))
32726;POLYGON((401047 20202130,397594 20200195,266234 20426723,271560 20432096,401047 20202130))
32727;POLYGON((422348 20212671,418733 20211041,297882 20458744,303050 20464058,422348 20212671))
32728;POLYGON((444501 20221389,440759 20220061,328126 20490822,332950 20496252,444501 20221389))
32729;POLYGON((467296 20228338,463461 20227299,355807 20524129,360083 20529900,467296 20228338))
32730;POLYGON((490531 20233622,486636 20232851,379653 20560180,383159 20566583,490531 20233622))
32731;POLYGON((517250 20232037,513363 20232851,620346 20560180,623997 20553905,517250 20232037))
32732;POLYGON((540360 20226213,536538 20227299,644192 20524129,648575 20518433,540360 20226213))
32733;POLYGON((562964 20218683,559240 20220061,671873 20490822,676768 20485426,562964 20218683))
32734;POLYGON((584856 20209361,581266 20211041,702117 20458744,707324 20453430,584856 20209361))
32735;POLYGON((605826 20198210,602405 20200195,733765 20426723,739101 20421327,605826 20198210))
32736;POLYGON((625661 20185239,622443 20187525,765767 20393890,771067 20388293,625661 20185239))
32737;POLYGON((644151 20170500,641171 20173076,797176 20359638,802293 20353762,644151 20170500))
32738;POLYGON((661098 20154082,658389 20156930,827154 20323582,831958 20317382,661098 20154082))
32739;POLYGON((676314 20136109,673905 20139207,854962 20285530,859339 20278990,676314 20136109))
32740;POLYGON((689629 20116734,687548 20120054,879957 20245451,883810 20238579,689629 20116734))
32741;POLYGON((700893 20096137,699164 20099646,901597 20203446,904844 20196272,700893 20096137))
32742;POLYGON((709977 20074517,708619 20078182,919426 20159730,922001 20152298,709977 20074517))
32743;POLYGON((716777 20052096,715806 20055879,933082 20114603,934932 20106970,716777 20052096))
32744;POLYGON((721213 20029105,720641 20032966,942286 20068435,943371 20060668,721213 20029105))
32745;POLYGON((723234 20005788,723066 20009687,946838 20021647,947135 20013820,723234 20005788))
32746;POLYGON((722814 19982396,723054 19986289,946620 19974696,946115 19966888,722814 19982396))
32747;POLYGON((719956 19959181,720600 19963027,941584 19928062,940277 19920355,719956 19959181))
32748;POLYGON((714689 19936396,715732 19940153,931754 19882236,929654 19874712,714689 19936396))
32749;POLYGON((707070 19914288,708500 19917915,917216 19837709,914345 19830448,707070 19914288))
32750;POLYGON((697183 19893100,698984 19896557,898121 19794961,894509 19788042,697183 19893100))
32751;POLYGON((685136 19873063,687289 19876313,874672 19754458,870358 19747957,685136 19873063))
32752;POLYGON((671062 19854397,673542 19857404,847126 19716641,842157 19710629,671062 19854397))
32753;POLYGON((655114 19837306,657895 19840037,815787 19681921,810219 19676463,655114 19837306))
32754;POLYGON((637469 19821976,640519 19824402,781000 19650676,774894 19645830,637469 19821976))
32755;POLYGON((618319 19808576,621606 19810669,743149 19623242,736572 19619062,618319 19808576))
32756;POLYGON((597875 19797250,601362 19798988,702650 19599917,695674 19596447,597875 19797250))
32757;POLYGON((576360 19788123,580010 19789487,659946 19580950,652647 19578228,576360 19788123))
32758;POLYGON((554010 19781295,557783 19782270,615504 19566545,607962 19564599,554010 19781295))
32759;POLYGON((531070 19776838,534924 19777414,569808 19556855,562104 19555707,531070 19776838))
32760;POLYGON((507791 19774803,511684 19774973,523353 19551985,515573 19551646,507791 19774803))
32601;POLYGON((484426 9775210,488315 9774973,476646 9551985,468872 9552459,484426 9775210))
32602;POLYGON((461232 9778056,465075 9777414,430191 9556855,422509 9558138,461232 9778056))
32603;POLYGON((438461 9783310,442216 9782270,384495 9566545,376987 9568622,438461 9783310))
32604;POLYGON((416363 9790915,419989 9789487,340053 9580950,332802 9583799,416363 9790915))
32605;POLYGON((395179 9800787,398637 9798988,297349 9599917,290434 9603508,395179 9800787))
32606;POLYGON((375143 9812819,378393 9810669,256850 9623242,250346 9627537,375143 9812819))
32607;POLYGON((356472 9826880,359480 9824402,218999 9650676,212977 9655627,356472 9826880))
32608;POLYGON((339371 9842816,342104 9840037,184212 9681921,178740 9687476,339371 9842816))
32609;POLYGON((324030 9860454,326457 9857404,152873 9716641,148010 9722740,324030 9860454))
32610;POLYGON((310615 9879600,312710 9876313,125327 9754458,121127 9761034,310615 9879600))
32611;POLYGON((299274 9900046,301015 9896557,101878 9794961,98387 9801942,299274 9900046))
32612;POLYGON((290133 9921567,291499 9917915,82783 9837709,80038 9845019,290133 9921567))
32613;POLYGON((283290 9943928,284267 9940153,68245 9882236,66277 9889797,283290 9943928))
32614;POLYGON((278821 9966884,279399 9963027,58415 9928062,57241 9935792,278821 9966884))
32615;POLYGON((276773 9990186,276945 9986289,53379 9974696,53009 9982512,276773 9990186))
32616;POLYGON((277168 10013581,276933 10009687,53161 10021647,53591 10029469,277168 10013581))
32617;POLYGON((279998 10036817,279358 10032966,57713 10068435,58929 10076184,279998 10036817))
32618;POLYGON((285230 10059644,284193 10055879,66917 10114603,68890 10122207,285230 10059644))
32619;POLYGON((292801 10081824,291380 10078182,80573 10159730,83263 10167123,292801 10081824))
32620;POLYGON((302625 10103126,300835 10099646,98402 10203446,101755 10210573,302625 10103126))
32621;POLYGON((314588 10123338,312451 10120054,120042 10245451,123988 10252269,314588 10123338))
32622;POLYGON((328554 10142264,326094 10139207,145037 10285530,149493 10292014,328554 10142264))
32623;POLYGON((344367 10159735,341610 10156930,172845 10323582,177709 10329727,344367 10159735))
32624;POLYGON((361849 10175605,358828 10173076,202823 10359638,207980 10365464,361849 10175605))
32625;POLYGON((380810 10189762,377556 10187525,234232 10393890,239549 10399448,380810 10189762))
32626;POLYGON((401047 10202130,397594 10200195,266234 10426723,271560 10432096,401047 10202130))
32627;POLYGON((422348 10212671,418733 10211041,297882 10458744,303050 10464058,422348 10212671))
32628;POLYGON((444501 10221389,440759 10220061,328126 10490822,332950 10496252,444501 10221389))
32629;POLYGON((467296 10228338,463461 10227299,355807 10524129,360083 10529900,467296 10228338))
32630;POLYGON((490531 10233622,486636 10232851,379653 10560180,383159 10566583,490531 10233622))
32631;POLYGON((517250 10232037,513363 10232851,620346 10560180,623997 10553905,517250 10232037))
32632;POLYGON((540360 10226213,536538 10227299,644192 10524129,648575 10518433,540360 10226213))
32633;POLYGON((562964 10218683,559240 10220061,671873 10490822,676768 10485426,562964 10218683))
32634;POLYGON((584856 10209361,581266 10211041,702117 10458744,707324 10453430,584856 10209361))
32635;POLYGON((605826 10198210,602405 10200195,733765 10426723,739101 10421327,605826 10198210))
32636;POLYGON((625661 10185239,622443 10187525,765767 10393890,771067 10388293,625661 10185239))
32637;POLYGON((644151 10170500,641171 10173076,797176 10359638,802293 10353762,644151 10170500))
32638;POLYGON((661098 10154082,658389 10156930,827154 10323582,831958 10317382,661098 10154082))
32639;POLYGON((676314 10136109,673905 10139207,854962 10285530,859339 10278990,676314 10136109))
32640;POLYGON((689629 10116734,687548 10120054,879957 10245451,883810 10238579,689629 10116734))
32641;POLYGON((700893 10096137,699164 10099646,901597 10203446,904844 10196272,700893 10096137))
32642;POLYGON((709977 10074517,708619 10078182,919426 10159730,922001 10152298,709977 10074517))
32643;POLYGON((716777 10052096,715806 10055879,933082 10114603,934932 10106970,716777 10052096))
32644;POLYGON((721213 10029105,720641 10032966,942286 10068435,943371 10060668,721213 10029105))
32645;POLYGON((723234 10005788,723066 10009687,946838 10021647,947135 10013820,723234 10005788))
32646;POLYGON((722814 9982396,723054 9986289,946620 9974696,946115 9966888,722814 9982396))
32647;POLYGON((719956 9959181,720600 9963027,941584 9928062,940277 9920355,719956 9959181))
32648;POLYGON((714689 9936396,715732 9940153,931754 9882236,929654 9874712,714689 9936396))
32649;POLYGON((707070 9914288,708500 9917915,917216 9837709,914345 9830448,707070 9914288))
32650;POLYGON((697183 9893100,698984 9896557,898121 9794961,894509 9788042,697183 9893100))
32651;POLYGON((685136 9873063,687289 9876313,874672 9754458,870358 9747957,685136 9873063))
32652;POLYGON((671062 9854397,673542 9857404,847126 9716641,842157 9710629,671062 9854397))
32653;POLYGON((655114 9837306,657895 9840037,815787 9681921,810219 9676463,655114 9837306))
32654;POLYGON((637469 9821976,640519 9824402,781000 9650676,774894 9645830,637469 9821976))
32655;POLYGON((618319 9808576,621606 9810669,743149 9623242,736572 9619062,618319 9808576))
32656;POLYGON((597875 9797250,601362 9798988,702650 9599917,695674 9596447,597875 9797250))
32657;POLYGON((576360 9788123,580010 9789487,659946 9580950,652647 9578228,576360 9788123))
32658;POLYGON((554010 9781295,557783 9782270,615504 9566545,607962 9564599,554010 9781295))
32659;POLYGON((531070 9776838,534924 9777414,569808 9556855,562104 9555707,531070 9776838))
32660;POLYGON((507791 9774803,511684 9774973,523353 9551985,515573 9551646,507791 9774803))
