32701;POLYGON((55144 10332406,166476 10332050,166072 10110682,54603 10110801,55144 10332406))
32702;POLYGON((-616926 10336734,-504254 10335747,-505492 10111917,-618308 10112246,-616926 10336734))
32703;POLYGON((-1301574 10345025,-1186249 10343350,-1188391 10114456,-1303877 10115015,-1301574 10345025))
32704;POLYGON((-2007176 10357777,-1887731 10355312,-1890907 10118450,-2010542 10119274,-2007176 10357777))
32705;POLYGON((-2743371 10375806,-2618085 10372388,-2622505 10124154,-2748025 10125296,-2743371 10375806))
32706;POLYGON((-3521732 10400379,-3388508 10395758,-3394492 10131963,-3528017 10133508,-3521732 10400379))
32707;POLYGON((-4356630 10433407,-4212835 10427208,-4220866 10142477,-4365063 10144550,-4356630 10433407))
32708;POLYGON((-5266343 10477750,-5108605 10469415,-5119402 10156595,-5277694 10159384,-5266343 10477750))
32709;POLYGON((-6274460 10537648,-6098408 10526350,-6113039 10175651,-6289867 10179434,-6274460 10537648))
32710;POLYGON((-7411628 10619331,-7211578 10603862,-7231607 10201616,-7432755 10206800,-7411628 10619331))
32711;POLYGON((-8717701 10731853,-8486267 10710465,-8513960 10237354,-8746956 10244528,-8717701 10731853))
32712;POLYGON((-10244343 10888198,-9971969 10858397,-10010564 10286990,-10285157 10296995,-10244343 10888198))
32713;POLYGON((-12058128 11106726,-11732535 11065006,-11786593 10356372,-12115323 10370389,-12058128 11106726))
32714;POLYGON((-14244197 11413020,-13849732 11354522,-13925584 10453672,-14324450 10473339,-14244197 11413020))
32715;POLYGON((-16910530 11842209,-16427410 11760302,-16533713 10590140,-17022950 10617697,-16910530 11842209))
32716;POLYGON((-20192863 12441853,-19596308 12327605,-19744738 10781053,-20349706 10819513,-20192863 12441853))
32717;POLYGON((-24260328 13275466,-23519569 13117013,-23725658 11046857,-24477863 11100225,-24260328 13275466))
32718;POLYGON((-29321854 14426775,-28399009 14208553,-28683162 11414570,-29621408 11488101,-29321854 14426775))
32719;POLYGON((-35633379 16004821,-34482196 15706656,-34870890 11919456,-36042576 12019963,-35633379 16004821))
32720;POLYGON((-43505933 18150000,-42070377 17746027,-42597598 12607007,-44060163 12743226,-43505933 18150000))
32721;POLYGON((-53314642 21041154,-51527331 20498560,-52236236 13535283,-54058775 13718298,-53314642 21041154))
32722;POLYGON((-65508702 24903849,-63289171 24181407,-64234040 14777638,-66499078 15021377,-65508702 24903849))
32723;POLYGON((-80622371 30019943,-77875172 29066318,-79123647 16425881,-81929102 16747687,-80622371 30019943))
32724;POLYGON((-99287050 36738595,-95899657 35490408,-97535321 18593910,-100996650 19015198,-99287050 36738595))
32725;POLYGON((-122244477 45488844,-118085011 43868456,-120210326 21421877,-124462870 21968881,-122244477 45488844))
32726;POLYGON((-150361113 56793908,-145275854 54706914,-148015499 25080918,-153217032 25785540,-150361113 56793908))
32727;POLYGON((-184643751 71287354,-178454455 68619750,-181959086 29778516,-188292583 30679284,-184643751 71287354))
32728;POLYGON((-226256413 89731300,-218757400 86346302,-223207890 35764532,-230884511 36907673,-226256413 89731300))
32729;POLYGON((-276538584 113036811,-267493607 108771295,-273105778 43337975,-282368093 44778621,-276538584 113036811))
32730;POLYGON((-337024830 142286662,-326163706 136947201,-333193609 52854565,-344319062 54658093,-337024830 142286662))
32731;POLYGON((316625582 131801579,327163706 136947201,334193609 52854565,323399536 51116535,316625582 131801579))
32732;POLYGON((259724094 104665095,268493607 108771295,274105778 43337975,265126026 41951159,259724094 104665095))
32733;POLYGON((212492214 83091439,219757400 86346302,224207890 35764532,216771079 34665359,212492214 83091439))
32734;POLYGON((173462670 66057756,179454455 68619750,182959086 29778516,176828115 28913427,173462670 66057756))
32735;POLYGON((141356575 52705037,146275854 54706914,149015499 25080918,143984121 24405050,141356575 52705037))
32736;POLYGON((115064276 42316171,119085011 43868456,121210326 21421877,117099969 20897877,115064276 42316171))
32737;POLYGON((93627570 34296291,96899657 35490408,98535321 18593910,95192136 18190884,93627570 34296291))
32738;POLYGON((76223243 28155274,78875172 29066318,80123647 16425881,77415778 16118455,76223243 28155274))
32739;POLYGON((62147876 23492209,64289171 24181407,65234040 14777638,63049111 14545124,62147876 23492209))
32740;POLYGON((50803856 19981686,52527331 20498560,53236236 13535283,51479039 13360950,50803856 19981686))
32741;POLYGON((41686569 17361762,43070377 17746027,43597598 12607007,42187975 12477439,41686569 17361762))
32742;POLYGON((34372677 15423442,35482196 15706656,35870890 11919456,34741810 11823994,34372677 15423442))
32743;POLYGON((28509481 14001558,29399009 14208553,29683162 11414570,28778965 11344826,28509481 14001558))
32744;POLYGON((23805267 12966898,24519569 13117013,24725658 11046857,24000475 10996301,23805267 12966898))
32745;POLYGON((20020621 12219484,20596308 12327605,20744738 10781053,20161067 10744659,20020621 12219484))
32746;POLYGON((16960641 11682847,17427410 11760302,17533713 10590140,17061149 10564085,16960641 11682847))
32747;POLYGON((14467998 11299227,14849732 11354522,14925584 10453672,14539687 10435083,14467998 11299227))
32748;POLYGON((12416799 11025567,12732535 11065006,12786593 10356372,12467894 10343124,12416799 11025567))
32749;POLYGON((10707190 10830210,10971969 10858397,11010564 10286990,10743692 10277530,10707190 10830210))
32750;POLYGON((9260662 10690213,9486267 10710465,9513960 10237354,9286883 10230562,9260662 10690213))
32751;POLYGON((8015989 10589193,8211578 10603862,8231607 10201616,8034983 10196700,8015989 10589193))
32752;POLYGON((6925763 10515618,7098408 10526350,7113039 10175651,6939662 10172058,6925763 10515618))
32753;POLYGON((5953463 10461484,6108605 10469415,6119402 10156595,5963737 10153941,5953463 10461484))
32754;POLYGON((5071014 10421305,5212835 10427208,5220866 10142477,5078661 10140503,5071014 10421305))
32755;POLYGON((4256774 10391359,4388508 10395758,4394492 10131963,4262469 10130493,4256774 10391359))
32756;POLYGON((3493907 10369143,3618085 10372388,3622505 10124154,3498101 10123070,3493907 10369143))
32757;POLYGON((2769084 10352988,2887731 10355312,2890907 10118450,2772076 10117674,2769084 10352988))
32758;POLYGON((2071464 10341796,2186249 10343350,2188391 10114456,2073447 10113937,2071464 10341796))
32759;POLYGON((1391894 10334868,1504254 10335747,1505492 10111917,1392989 10111623,1391894 10334868))
32760;POLYGON((722292 10331796,833523 10332050,833927 10110682,722561 10110597,722292 10331796))
32601;POLYGON((55144 332406,166476 332050,166072 110682,54603 110801,55144 332406))
32602;POLYGON((-616926 336734,-504254 335747,-505492 111917,-618308 112246,-616926 336734))
32603;POLYGON((-1301574 345025,-1186249 343350,-1188391 114456,-1303877 115015,-1301574 345025))
32604;POLYGON((-2007176 357777,-1887731 355312,-1890907 118450,-2010542 119274,-2007176 357777))
32605;POLYGON((-2743371 375806,-2618085 372388,-2622505 124154,-2748025 125296,-2743371 375806))
32606;POLYGON((-3521732 400379,-3388508 395758,-3394492 131963,-3528017 133508,-3521732 400379))
32607;POLYGON((-4356630 433407,-4212835 427208,-4220866 142477,-4365063 144550,-4356630 433407))
32608;POLYGON((-5266343 477750,-5108605 469415,-5119402 156595,-5277694 159384,-5266343 477750))
32609;POLYGON((-6274460 537648,-6098408 526350,-6113039 175651,-6289867 179434,-6274460 537648))
32610;POLYGON((-7411628 619331,-7211578 603862,-7231607 201616,-7432755 206800,-7411628 619331))
32611;POLYGON((-8717701 731853,-8486267 710465,-8513960 237354,-8746956 244528,-8717701 731853))
32612;POLYGON((-10244343 888198,-9971969 858397,-10010564 286990,-10285157 296995,-10244343 888198))
32613;POLYGON((-12058128 1106726,-11732535 1065006,-11786593 356372,-12115323 370389,-12058128 1106726))
32614;POLYGON((-14244197 1413020,-13849732 1354522,-13925584 453672,-14324450 473339,-14244197 1413020))
32615;POLYGON((-16910530 1842209,-16427410 1760302,-16533713 590140,-17022950 617697,-16910530 1842209))
32616;POLYGON((-20192863 2441853,-19596308 2327605,-19744738 781053,-20349706 819513,-20192863 2441853))
32617;POLYGON((-24260328 3275466,-23519569 3117013,-23725658 1046857,-24477863 1100225,-24260328 3275466))
32618;POLYGON((-29321854 4426775,-28399009 4208553,-28683162 1414570,-29621408 1488101,-29321854 4426775))
32619;POLYGON((-35633379 6004821,-34482196 5706656,-34870890 1919456,-36042576 2019963,-35633379 6004821))
32620;POLYGON((-43505933 8150000,-42070377 7746027,-42597598 2607007,-44060163 2743226,-43505933 8150000))
32621;POLYGON((-53314642 11041154,-51527331 10498560,-52236236 3535283,-54058775 3718298,-53314642 11041154))
32622;POLYGON((-65508702 14903849,-63289171 14181407,-64234040 4777638,-66499078 5021377,-65508702 14903849))
32623;POLYGON((-80622371 20019943,-77875172 19066318,-79123647 6425881,-81929102 6747687,-80622371 20019943))
32624;POLYGON((-99287050 26738595,-95899657 25490408,-97535321 8593910,-100996650 9015198,-99287050 26738595))
32625;POLYGON((-122244477 35488844,-118085011 33868456,-120210326 11421877,-124462870 11968881,-122244477 35488844))
32626;POLYGON((-150361113 46793908,-145275854 44706914,-148015499 15080918,-153217032 15785540,-150361113 46793908))
32627;POLYGON((-184643751 61287354,-178454455 58619750,-181959086 19778516,-188292583 20679284,-184643751 61287354))
32628;POLYGON((-226256413 79731300,-218757400 76346302,-223207890 25764532,-230884511 26907673,-226256413 79731300))
32629;POLYGON((-276538584 103036811,-267493607 98771295,-273105778 33337975,-282368093 34778621,-276538584 103036811))
32630;POLYGON((-337024830 132286662,-326163706 126947201,-333193609 42854565,-344319062 44658093,-337024830 132286662))
32631;POLYGON((316625582 121801579,327163706 126947201,334193609 42854565,323399536 41116535,316625582 121801579))
32632;POLYGON((259724094 94665095,268493607 98771295,274105778 33337975,265126026 31951159,259724094 94665095))
32633;POLYGON((212492214 73091439,219757400 76346302,224207890 25764532,216771079 24665359,212492214 73091439))
32634;POLYGON((173462670 56057756,179454455 58619750,182959086 19778516,176828115 18913427,173462670 56057756))
32635;POLYGON((141356575 42705037,146275854 44706914,149015499 15080918,143984121 14405050,141356575 42705037))
32636;POLYGON((115064276 32316171,119085011 33868456,121210326 11421877,117099969 10897877,115064276 32316171))
32637;POLYGON((93627570 24296291,96899657 25490408,98535321 8593910,95192136 8190884,93627570 24296291))
32638;POLYGON((76223243 18155274,78875172 19066318,80123647 6425881,77415778 6118455,76223243 18155274))
32639;POLYGON((62147876 13492209,64289171 14181407,65234040 4777638,63049111 4545124,62147876 13492209))
32640;POLYGON((50803856 9981686,52527331 10498560,53236236 3535283,51479039 3360950,50803856 9981686))
32641;POLYGON((41686569 7361762,43070377 7746027,43597598 2607007,42187975 2477439,41686569 7361762))
32642;POLYGON((34372677 5423442,35482196 5706656,35870890 1919456,34741810 1823994,34372677 5423442))
32643;POLYGON((28509481 4001558,29399009 4208553,29683162 1414570,28778965 1344826,28509481 4001558))
32644;POLYGON((23805267 2966898,24519569 3117013,24725658 1046857,24000475 996301,23805267 2966898))
32645;POLYGON((20020621 2219484,20596308 2327605,20744738 781053,20161067 744659,20020621 2219484))
32646;POLYGON((16960641 1682847,17427410 1760302,17533713 590140,17061149 564085,16960641 1682847))
32647;POLYGON((14467998 1299227,14849732 1354522,14925584 453672,14539687 435083,14467998 1299227))
32648;POLYGON((12416799 1025567,12732535 1065006,12786593 356372,12467894 343124,12416799 1025567))
32649;POLYGON((10707190 830210,10971969 858397,11010564 286990,10743692 277530,10707190 830210))
32650;POLYGON((9260662 690213,9486267 710465,9513960 237354,9286883 230562,9260662 690213))
32651;POLYGON((8015989 589193,8211578 603862,8231607 201616,8034983 196700,8015989 589193))
32652;POLYGON((6925763 515618,7098408 526350,7113039 175651,6939662 172058,6925763 515618))
32653;POLYGON((5953463 461484,6108605 469415,6119402 156595,5963737 153941,5953463 461484))
32654;POLYGON((5071014 421305,5212835 427208,5220866 142477,5078661 140503,5071014 421305))
32655;POLYGON((4256774 391359,4388508 395758,4394492 131963,4262469 130493,4256774 391359))
32656;POLYGON((3493907 369143,3618085 372388,3622505 124154,3498101 123070,3493907 369143))
32657;POLYGON((2769084 352988,2887731 355312,2890907 118450,2772076 117674,2769084 352988))
32658;POLYGON((2071464 341796,2186249 343350,2188391 114456,2073447 113937,2071464 341796))
32659;POLYGON((1391894 334868,1504254 335747,1505492 111917,1392989 111623,1391894 334868))
32660;POLYGON((722292 331796,833523 332050,833927 110682,722561 110597,722292 331796))
