32701;POLYGON((354747 2117806,391029 2119905,402135 1897069,369553 1895163,354747 2117806))
32702;POLYGON((138091 2092649,174032 2098336,207298 1877482,175037 1872320,138091 2092649))
32703;POLYGON((-75405 2046035,-40123 2055287,15139 1838416,-16499 1830025,-75405 2046035))
32704;POLYGON((-283806 1978173,-249510 1990946,-172535 1780092,-203250 1768521,-283806 1978173))
32705;POLYGON((-485126 1889391,-452150 1905623,-353898 1702859,-383381 1688182,-485126 1889391))
32706;POLYGON((-677322 1780176,-646012 1799772,-527092 1607219,-555032 1589534,-677322 1780176))
32707;POLYGON((-858297 1651203,-829004 1674035,-690242 1493845,-716324 1473284,-858297 1651203))
32708;POLYGON((-1025913 1503386,-998996 1529284,-841466 1363617,-865379 1340348,-1025913 1503386))
32709;POLYGON((-1178023 1337917,-1153838 1366661,-978909 1217644,-1000350 1191877,-1178023 1337917))
32710;POLYGON((-1312525 1156320,-1291417 1187631,-1100787 1057296,-1119467 1029286,-1312525 1156320))
32711;POLYGON((-1427426 960491,-1409716 994025,-1205442 884221,-1221104 854270,-1427426 960491))
32712;POLYGON((-1520943 752737,-1506909 788080,-1291429 700359,-1303861 668819,-1520943 752737))
32713;POLYGON((-1591625 535802,-1581479 572466,-1357618 507936,-1366668 475205,-1591625 535802))
32714;POLYGON((-1638503 312882,-1632366 350302,-1403316 309449,-1408922 275967,-1638503 312882))
32715;POLYGON((-1661276 87614,-1659142 125155,-1428422 107619,-1430638 73856,-1661276 87614))
32716;POLYGON((-1660531 -135955,-1662231 -98994,-1433610 -94682,-1432638 -128239,-1660531 -135955))
32717;POLYGON((-1638001 -353436,-1643154 -317806,-1420541 -294539,-1416770 -327410,-1638001 -353436))
32718;POLYGON((-1596868 -560195,-1604829 -526680,-1392104 -489141,-1386155 -520881,-1596868 -560195))
32719;POLYGON((-1542099 -751504,-1551900 -720891,-1352704 -675984,-1345479 -706222,-1542099 -751504))
32720;POLYGON((-1480842 -922739,-1491123 -895782,-1308575 -853120,-1301316 -881607,-1480842 -922739))
32721;POLYGON((-1422862 -1069637,-1431793 -1047007,-1268142 -1019481,-1262494 -1046152,-1422862 -1069637))
32722;POLYGON((-1381032 -1188620,-1386230 -1170850,-1242420 -1175268,-1240502 -1200311,-1381032 -1188620))
32723;POLYGON((-1371880 -1277200,-1370311 -1264610,-1245464 -1322426,-1249946 -1346371,-1371880 -1277200))
32724;POLYGON((-1416192 -1334462,-1404069 -1327071,-1294856 -1465203,-1309049 -1489030,-1416192 -1334462))
32725;POLYGON((-1539677 -1361645,-1512343 -1359071,-1412251 -1610821,-1440202 -1636075,-1539677 -1361645))
32726;POLYGON((-1773693 -1362831,-1725496 -1364163,-1623971 -1770250,-1670565 -1799183,-1773693 -1362831))
32727;POLYGON((-2156041 -1345740,-2080198 -1349400,-1961649 -1959103,-2032723 -1994841,-2156041 -1345740))
32728;POLYGON((-2731829 -1322658,-2620276 -1326239,-2462936 -2198670,-2565403 -2245392,-2731829 -1322658))
32729;POLYGON((-3554404 -1311498,-3397636 -1311574,-3172261 -2517092,-3314242 -2580246,-3554404 -1311498))
32730;POLYGON((-4686361 -1337014,-4473258 -1328927,-4141656 -2950696,-4332623 -3037235,-4686361 -1337014))
32731;POLYGON((5270390 -1322584,5473258 -1328927,5141656 -2950696,4959573 -2868608,5270390 -1322584))
32732;POLYGON((4249130 -1312521,4397636 -1311574,4172261 -2517092,4037485 -2457115,4249130 -1312521))
32733;POLYGON((3515294 -1330040,3620276 -1326239,3462936 -2198670,3366230 -2154120,3515294 -1330040))
32734;POLYGON((3009486 -1352815,3080198 -1349400,2961649 -1959103,2895104 -1924759,3009486 -1352815))
32735;POLYGON((2681215 -1364933,2725496 -1364163,2623971 -1770250,2580862 -1742121,2681215 -1364933))
32736;POLYGON((2487907 -1355741,2512343 -1359071,2412251 -1610821,2386908 -1585941,2487907 -1355741))
32737;POLYGON((2394003 -1318829,2404069 -1327071,2294856 -1465203,2282541 -1441446,2394003 -1318829))
32738;POLYGON((2370111 -1251146,2370311 -1264610,2245464 -1322426,2242260 -1298351,2370111 -1251146))
32739;POLYGON((2392242 -1152242,2386230 -1170850,2242420 -1175268,2245130 -1149981,2392242 -1152242))
32740;POLYGON((2441099 -1023614,2431793 -1047007,2268142 -1019481,2274191 -992513,2441099 -1023614))
32741;POLYGON((2501438 -868165,2491123 -895782,2308575 -853120,2315930 -824330,2501438 -868165))
32742;POLYGON((2561478 -689741,2551900 -720891,2352704 -675984,2359792 -645474,2561478 -689741))
32743;POLYGON((2612380 -492758,2604829 -526680,2392104 -489141,2397745 -457184,2612380 -492758))
32744;POLYGON((2647768 -281901,2643154 -317806,2420541 -294539,2423881 -261521,2647768 -281901))
32745;POLYGON((2663312 -61885,2662231 -98994,2433610 -94682,2434072 -61056,2663312 -61885))
32746;POLYGON((2656348 162722,2659142 125155,2428422 107619,2425650 141369,2656348 162722))
32747;POLYGON((2625557 387638,2632366 350302,2403316 309449,2397135 342838,2625557 387638))
32748;POLYGON((2570674 608946,2581479 572466,2357618 507936,2347997 540498,2570674 608946))
32749;POLYGON((2492245 823153,2506909 788080,2291429 700359,2278447 731661,2492245 823153))
32750;POLYGON((2391419 1027215,2409716 994025,2205442 884221,2189260 913872,2391419 1027215))
32751;POLYGON((2269774 1218535,2291417 1187631,2100787 1057296,2081627 1084953,2269774 1218535))
32752;POLYGON((2129174 1394948,2153838 1366661,1978909 1217644,1957036 1243011,2129174 1394948))
32753;POLYGON((1971658 1554685,1998996 1529284,1841466 1363617,1817169 1386448,1971658 1554685))
32754;POLYGON((1799350 1696339,1829004 1674035,1690242 1493845,1663828 1513938,1799350 1696339))
32755;POLYGON((1614399 1818814,1646012 1799772,1527092 1607219,1498873 1624411,1614399 1818814))
32756;POLYGON((1418931 1921283,1452150 1905623,1353898 1702859,1324188 1717025,1418931 1921283))
32757;POLYGON((1215026 2003137,1249510 1990946,1172535 1780092,1141644 1791137,1215026 2003137))
32758;POLYGON((1004709 2063947,1040123 2055287,984860 1838416,953095 1846272,1004709 2063947))
32759;POLYGON((789946 2103426,825967 2098336,792701 1877482,760365 1882104,789946 2103426))
32760;POLYGON((572661 2121403,608970 2119905,597864 1897069,565256 1898430,572661 2121403))
32601;POLYGON((354747 -7882193,391029 -7880094,402135 -8102930,369553 -8104836,354747 -7882193))
32602;POLYGON((138091 -7907350,174032 -7901663,207298 -8122517,175037 -8127679,138091 -7907350))
32603;POLYGON((-75405 -7953964,-40123 -7944712,15139 -8161583,-16499 -8169974,-75405 -7953964))
32604;POLYGON((-283806 -8021826,-249510 -8009053,-172535 -8219907,-203250 -8231478,-283806 -8021826))
32605;POLYGON((-485126 -8110608,-452150 -8094376,-353898 -8297140,-383381 -8311817,-485126 -8110608))
32606;POLYGON((-677322 -8219823,-646012 -8200227,-527092 -8392780,-555032 -8410465,-677322 -8219823))
32607;POLYGON((-858297 -8348796,-829004 -8325964,-690242 -8506154,-716324 -8526715,-858297 -8348796))
32608;POLYGON((-1025913 -8496613,-998996 -8470715,-841466 -8636382,-865379 -8659651,-1025913 -8496613))
32609;POLYGON((-1178023 -8662082,-1153838 -8633338,-978909 -8782355,-1000350 -8808122,-1178023 -8662082))
32610;POLYGON((-1312525 -8843679,-1291417 -8812368,-1100787 -8942703,-1119467 -8970713,-1312525 -8843679))
32611;POLYGON((-1427426 -9039508,-1409716 -9005974,-1205442 -9115778,-1221104 -9145729,-1427426 -9039508))
32612;POLYGON((-1520943 -9247262,-1506909 -9211919,-1291429 -9299640,-1303861 -9331180,-1520943 -9247262))
32613;POLYGON((-1591625 -9464197,-1581479 -9427533,-1357618 -9492063,-1366668 -9524794,-1591625 -9464197))
32614;POLYGON((-1638503 -9687117,-1632366 -9649697,-1403316 -9690550,-1408922 -9724032,-1638503 -9687117))
32615;POLYGON((-1661276 -9912385,-1659142 -9874844,-1428422 -9892380,-1430638 -9926143,-1661276 -9912385))
32616;POLYGON((-1660531 -10135955,-1662231 -10098994,-1433610 -10094682,-1432638 -10128239,-1660531 -10135955))
32617;POLYGON((-1638001 -10353436,-1643154 -10317806,-1420541 -10294539,-1416770 -10327410,-1638001 -10353436))
32618;POLYGON((-1596868 -10560195,-1604829 -10526680,-1392104 -10489141,-1386155 -10520881,-1596868 -10560195))
32619;POLYGON((-1542099 -10751504,-1551900 -10720891,-1352704 -10675984,-1345479 -10706222,-1542099 -10751504))
32620;POLYGON((-1480842 -10922739,-1491123 -10895782,-1308575 -10853120,-1301316 -10881607,-1480842 -10922739))
32621;POLYGON((-1422862 -11069637,-1431793 -11047007,-1268142 -11019481,-1262494 -11046152,-1422862 -11069637))
32622;POLYGON((-1381032 -11188620,-1386230 -11170850,-1242420 -11175268,-1240502 -11200311,-1381032 -11188620))
32623;POLYGON((-1371880 -11277200,-1370311 -11264610,-1245464 -11322426,-1249946 -11346371,-1371880 -11277200))
32624;POLYGON((-1416192 -11334462,-1404069 -11327071,-1294856 -11465203,-1309049 -11489030,-1416192 -11334462))
32625;POLYGON((-1539677 -11361645,-1512343 -11359071,-1412251 -11610821,-1440202 -11636075,-1539677 -11361645))
32626;POLYGON((-1773693 -11362831,-1725496 -11364163,-1623971 -11770250,-1670565 -11799183,-1773693 -11362831))
32627;POLYGON((-2156041 -11345740,-2080198 -11349400,-1961649 -11959103,-2032723 -11994841,-2156041 -11345740))
32628;POLYGON((-2731829 -11322658,-2620276 -11326239,-2462936 -12198670,-2565403 -12245392,-2731829 -11322658))
32629;POLYGON((-3554404 -11311498,-3397636 -11311574,-3172261 -12517092,-3314242 -12580246,-3554404 -11311498))
32630;POLYGON((-4686361 -11337014,-4473258 -11328927,-4141656 -12950696,-4332623 -13037235,-4686361 -11337014))
32631;POLYGON((5270390 -11322584,5473258 -11328927,5141656 -12950696,4959573 -12868608,5270390 -11322584))
32632;POLYGON((4249130 -11312521,4397636 -11311574,4172261 -12517092,4037485 -12457115,4249130 -11312521))
32633;POLYGON((3515294 -11330040,3620276 -11326239,3462936 -12198670,3366230 -12154120,3515294 -11330040))
32634;POLYGON((3009486 -11352815,3080198 -11349400,2961649 -11959103,2895104 -11924759,3009486 -11352815))
32635;POLYGON((2681215 -11364933,2725496 -11364163,2623971 -11770250,2580862 -11742121,2681215 -11364933))
32636;POLYGON((2487907 -11355741,2512343 -11359071,2412251 -11610821,2386908 -11585941,2487907 -11355741))
32637;POLYGON((2394003 -11318829,2404069 -11327071,2294856 -11465203,2282541 -11441446,2394003 -11318829))
32638;POLYGON((2370111 -11251146,2370311 -11264610,2245464 -11322426,2242260 -11298351,2370111 -11251146))
32639;POLYGON((2392242 -11152242,2386230 -11170850,2242420 -11175268,2245130 -11149981,2392242 -11152242))
32640;POLYGON((2441099 -11023614,2431793 -11047007,2268142 -11019481,2274191 -10992513,2441099 -11023614))
32641;POLYGON((2501438 -10868165,2491123 -10895782,2308575 -10853120,2315930 -10824330,2501438 -10868165))
32642;POLYGON((2561478 -10689741,2551900 -10720891,2352704 -10675984,2359792 -10645474,2561478 -10689741))
32643;POLYGON((2612380 -10492758,2604829 -10526680,2392104 -10489141,2397745 -10457184,2612380 -10492758))
32644;POLYGON((2647768 -10281901,2643154 -10317806,2420541 -10294539,2423881 -10261521,2647768 -10281901))
32645;POLYGON((2663312 -10061885,2662231 -10098994,2433610 -10094682,2434072 -10061056,2663312 -10061885))
32646;POLYGON((2656348 -9837277,2659142 -9874844,2428422 -9892380,2425650 -9858630,2656348 -9837277))
32647;POLYGON((2625557 -9612361,2632366 -9649697,2403316 -9690550,2397135 -9657161,2625557 -9612361))
32648;POLYGON((2570674 -9391053,2581479 -9427533,2357618 -9492063,2347997 -9459501,2570674 -9391053))
32649;POLYGON((2492245 -9176846,2506909 -9211919,2291429 -9299640,2278447 -9268338,2492245 -9176846))
32650;POLYGON((2391419 -8972784,2409716 -9005974,2205442 -9115778,2189260 -9086127,2391419 -8972784))
32651;POLYGON((2269774 -8781464,2291417 -8812368,2100787 -8942703,2081627 -8915046,2269774 -8781464))
32652;POLYGON((2129174 -8605051,2153838 -8633338,1978909 -8782355,1957036 -8756988,2129174 -8605051))
32653;POLYGON((1971658 -8445314,1998996 -8470715,1841466 -8636382,1817169 -8613551,1971658 -8445314))
32654;POLYGON((1799350 -8303660,1829004 -8325964,1690242 -8506154,1663828 -8486061,1799350 -8303660))
32655;POLYGON((1614399 -8181185,1646012 -8200227,1527092 -8392780,1498873 -8375588,1614399 -8181185))
32656;POLYGON((1418931 -8078716,1452150 -8094376,1353898 -8297140,1324188 -8282974,1418931 -8078716))
32657;POLYGON((1215026 -7996862,1249510 -8009053,1172535 -8219907,1141644 -8208862,1215026 -7996862))
32658;POLYGON((1004709 -7936052,1040123 -7944712,984860 -8161583,953095 -8153727,1004709 -7936052))
32659;POLYGON((789946 -7896573,825967 -7901663,792701 -8122517,760365 -8117895,789946 -7896573))
32660;POLYGON((572661 -7878596,608970 -7880094,597864 -8102930,565256 -8101569,572661 -7878596))
