32701;POLYGON((56967 9335176,167842 9335885,169256 9114496,58856 9113556,56967 9335176))
32702;POLYGON((-612268 9326570,-500082 9328533,-495762 9104749,-607445 9102148,-612268 9326570))
32703;POLYGON((-1293811 9310086,-1179031 9313415,-1171560 9084714,-1285778 9080303,-1293811 9310086))
32704;POLYGON((-1995835 9284747,-1877030 9289644,-1865961 9053229,-1984105 9046746,-1995835 9284747))
32705;POLYGON((-2727700 9248951,-2603203 9255736,-2587823 9008352,-2711508 8999378,-2727700 9248951))
32706;POLYGON((-3500585 9200220,-3368375 9209380,-3347596 8947070,-3478765 8934971,-3500585 9200220))
32707;POLYGON((-4328289 9134821,-4185845 9147087,-4158035 8864844,-4299098 8848670,-4328289 9134821))
32708;POLYGON((-5228252 9047189,-5072362 9063647,-5035099 8754917,-5189104 8733261,-5228252 9047189))
32709;POLYGON((-6222846 8929094,-6049375 8951346,-5999087 8607314,-6169932 8578109,-6222846 8929094))
32710;POLYGON((-7340976 8768472,-7144575 8798857,-7076046 8407429,-7268749 8367663,-7340976 8768472))
32711;POLYGON((-8620051 8547835,-8393799 8589727,-8299502 8134094,-8520519 8079432,-8620051 8547835))
32712;POLYGON((-10108359 8242149,-9843339 8300352,-9712548 7757010,-9970158 7681291,-10108359 8242149))
32713;POLYGON((-11867897 7816074,-11552688 7897334,-11370335 7233379,-11675103 7127967,-11867897 7816074))
32714;POLYGON((-13977707 7220436,-13597794 7334085,-13343013 6503592,-13708322 6356555,-13977707 7220436))
32715;POLYGON((-16537766 6387787,-16074850 6546554,-15719153 5485803,-16161825 5280884,-16537766 6387787))
32716;POLYGON((-19673468 5226905,-19104675 5447914,-18609708 4069177,-19150721 3784531,-19673468 5226905))
32717;POLYGON((-23540754 3616069,-22837734 3922051,-22152538 2105634,-22817836 1712285,-23540754 3616069))
32718;POLYGON((-28331937 1394928,-27459845 1815683,-26517558 -600156,-27338973 -1140167,-28331937 1394928))
32719;POLYGON((-34282265 -1645216,-33198608 -1071083,-31912537 -4302755,-32928825 -5038577,-34282265 -1645216))
32720;POLYGON((-41677267 -5772941,-40330629 -4995961,-38589604 -9330171,-39847596 -10324745,-41677267 -5772941))
32721;POLYGON((-50860940 -11330219,-49189554 -10287659,-46852491 -16100566,-48408378 -17433680,-50860940 -11330219))
32722;POLYGON((-62244814 -18748197,-60174990 -17361266,-57064564 -25141769,-58985315 -26913592,-62244814 -18748197))
32723;POLYGON((-76317945 -28565442,-73762336 -26736064,-69657682 -37113857,-72022601 -39449032,-76317945 -28565442))
32724;POLYGON((-93657884 -41448919,-90513590 -39056037,-85141923 -52835158,-88044361 -55887489,-93657884 -41448919))
32725;POLYGON((-114942673 -58217969,-111089168 -55113332,-104116223 -73311984,-107665444 -77269780,-114942673 -58217969))
32726;POLYGON((-140963906 -79871561,-136260785 -75874937,-127279977 -99772460,-131603179 -104864589,-140963906 -79871561))
32727;POLYGON((-172640911 -107619106,-166925445 -102512891,-155445622 -133704793,-160690146 -140207531,-172640911 -107619106))
32728;POLYGON((-211036093 -142915139,-204120592 -136438294,-189552278 -176900393,-195887976 -185145098,-211036093 -142915139))
32729;POLYGON((-257371496 -187498189,-249040460 -179339453,-230680457 -231502206,-238302256 -241883919,-257371496 -187498189))
32730;POLYGON((-313046616 -243434148,-303053677 -233224490,-280067902 -300058705,-289198556 -313045720,-313046616 -243434148))
32731;POLYGON((294356237 -223384977,304053677 -233224490,281067902 -300058705,272205460 -287541848,294356237 -223384977))
32732;POLYGON((241961582 -171485001,250040460 -179339453,231680457 -231502206,224287689 -221507078,241961582 -171485001))
32733;POLYGON((198419275 -130210057,205120592 -136438294,190552278 -176900393,184411268 -168971616,198419275 -130210057))
32734;POLYGON((162391030 -97608484,167925445 -102512891,156445622 -133704793,151365808 -127458579,162391030 -97608484))
32735;POLYGON((132709933 -72041009,137260785 -75874937,128279977 -99772460,124095431 -94887201,132709933 -72041009))
32736;POLYGON((108363050 -52138909,112089168 -55113332,105116223 -73311984,101683123 -69519818,108363050 -52138909))
32737;POLYGON((88475277 -36766577,91513590 -39056037,86141923 -52835158,83336205 -49914426,88475277 -36766577))
32738;POLYGON((72294392 -24988163,74762336 -26736064,70657682 -37113857,68372873 -34882404,72294392 -24988163))
32739;POLYGON((59177246 -16037977,61174990 -17361266,58064564 -25141769,56209778 -23451004,59177246 -16037977))
32740;POLYGON((48577067 -9294363,50189554 -10287659,47852491 -16100566,46350594 -14830234,48577067 -9294363))
32741;POLYGON((40031811 -4256754,41330629 -4995961,39589604 -9330171,38375529 -8383766,40031811 -4256754))
32742;POLYGON((33153524 -525626,34198608 -1071083,32912537 -4302755,31931747 -3603532,33153524 -525626))
32743;POLYGON((27618660 2214890,28459845 1815683,27517558 -600156,26724653 -87669,27618660 2214890))
32744;POLYGON((23159317 4212013,23837734 3922051,23152538 2105634,22509995 2478497,23159317 4212013))
32745;POLYGON((19555337 5657139,20104675 5447914,19609708 4069177,19086743 4338736,19555337 5657139))
32746;POLYGON((16627222 6696745,17074850 6546554,16719153 5485803,16290710 5679725,16627222 6696745))
32747;POLYGON((14229824 7441555,14597794 7334085,14343013 6503592,13988862 6642694,14229824 7441555))
32748;POLYGON((12246759 7974182,12552688 7897334,12370335 7233379,12074273 7333114,12246759 7974182))
32749;POLYGON((10585498 8355429,10843339 8300352,10712548 7757010,10461703 7828696,10585498 8355429))
32750;POLYGON((9173082 8629412,9393799 8589727,9299502 8134094,9083726 8185902,9173082 8629412))
32751;POLYGON((7952429 8827685,8144575 8798857,8076046 8407429,7887391 8445174,7952429 8827685))
32752;POLYGON((6879170 8972494,7049375 8951346,6999087 8607314,6831363 8635082,6879170 8972494))
32753;POLYGON((5918972 9079312,6072362 9063647,6035099 8754917,5883496 8775537,5918972 9079312))
32754;POLYGON((5045308 9158771,5185845 9147087,5158035 8864844,5018813 8880256,5045308 9158771))
32755;POLYGON((4237611 9218100,4368375 9209380,4347596 8947070,4217828 8958593,4237611 9218100))
32756;POLYGON((3479784 9262177,3603203 9255736,3587823 9008352,3465187 9016873,3479784 9262177))
32757;POLYGON((2759004 9294261,2877030 9289644,2865961 9053229,2748576 9059343,2759004 9294261))
32758;POLYGON((2064778 9316505,2179031 9313415,2171560 9084714,2057857 9088809,2064778 9316505))
32759;POLYGON((1388201 9330281,1500082 9328533,1495762 9104749,1384378 9107067,1388201 9330281))
32760;POLYGON((721383 9336391,832157 9335885,830743 9114496,720441 9115166,721383 9336391))
32601;POLYGON((56967 -664823,167842 -664114,169256 -885503,58856 -886443,56967 -664823))
32602;POLYGON((-612268 -673429,-500082 -671466,-495762 -895250,-607445 -897851,-612268 -673429))
32603;POLYGON((-1293811 -689913,-1179031 -686584,-1171560 -915285,-1285778 -919696,-1293811 -689913))
32604;POLYGON((-1995835 -715252,-1877030 -710355,-1865961 -946770,-1984105 -953253,-1995835 -715252))
32605;POLYGON((-2727700 -751048,-2603203 -744263,-2587823 -991647,-2711508 -1000621,-2727700 -751048))
32606;POLYGON((-3500585 -799779,-3368375 -790619,-3347596 -1052929,-3478765 -1065028,-3500585 -799779))
32607;POLYGON((-4328289 -865178,-4185845 -852912,-4158035 -1135155,-4299098 -1151329,-4328289 -865178))
32608;POLYGON((-5228252 -952810,-5072362 -936352,-5035099 -1245082,-5189104 -1266738,-5228252 -952810))
32609;POLYGON((-6222846 -1070905,-6049375 -1048653,-5999087 -1392685,-6169932 -1421890,-6222846 -1070905))
32610;POLYGON((-7340976 -1231527,-7144575 -1201142,-7076046 -1592570,-7268749 -1632336,-7340976 -1231527))
32611;POLYGON((-8620051 -1452164,-8393799 -1410272,-8299502 -1865905,-8520519 -1920567,-8620051 -1452164))
32612;POLYGON((-10108359 -1757850,-9843339 -1699647,-9712548 -2242989,-9970158 -2318708,-10108359 -1757850))
32613;POLYGON((-11867897 -2183925,-11552688 -2102665,-11370335 -2766620,-11675103 -2872032,-11867897 -2183925))
32614;POLYGON((-13977707 -2779563,-13597794 -2665914,-13343013 -3496407,-13708322 -3643444,-13977707 -2779563))
32615;POLYGON((-16537766 -3612212,-16074850 -3453445,-15719153 -4514196,-16161825 -4719115,-16537766 -3612212))
32616;POLYGON((-19673468 -4773094,-19104675 -4552085,-18609708 -5930822,-19150721 -6215468,-19673468 -4773094))
32617;POLYGON((-23540754 -6383930,-22837734 -6077948,-22152538 -7894365,-22817836 -8287714,-23540754 -6383930))
32618;POLYGON((-28331937 -8605071,-27459845 -8184316,-26517558 -10600156,-27338973 -11140167,-28331937 -8605071))
32619;POLYGON((-34282265 -11645216,-33198608 -11071083,-31912537 -14302755,-32928825 -15038577,-34282265 -11645216))
32620;POLYGON((-41677267 -15772941,-40330629 -14995961,-38589604 -19330171,-39847596 -20324745,-41677267 -15772941))
32621;POLYGON((-50860940 -21330219,-49189554 -20287659,-46852491 -26100566,-48408378 -27433680,-50860940 -21330219))
32622;POLYGON((-62244814 -28748197,-60174990 -27361266,-57064564 -35141769,-58985315 -36913592,-62244814 -28748197))
32623;POLYGON((-76317945 -38565442,-73762336 -36736064,-69657682 -47113857,-72022601 -49449032,-76317945 -38565442))
32624;POLYGON((-93657884 -51448919,-90513590 -49056037,-85141923 -62835158,-88044361 -65887489,-93657884 -51448919))
32625;POLYGON((-114942673 -68217969,-111089168 -65113332,-104116223 -83311984,-107665444 -87269780,-114942673 -68217969))
32626;POLYGON((-140963906 -89871561,-136260785 -85874937,-127279977 -109772460,-131603179 -114864589,-140963906 -89871561))
32627;POLYGON((-172640911 -117619106,-166925445 -112512891,-155445622 -143704793,-160690146 -150207531,-172640911 -117619106))
32628;POLYGON((-211036093 -152915139,-204120592 -146438294,-189552278 -186900393,-195887976 -195145098,-211036093 -152915139))
32629;POLYGON((-257371496 -197498189,-249040460 -189339453,-230680457 -241502206,-238302256 -251883919,-257371496 -197498189))
32630;POLYGON((-313046616 -253434148,-303053677 -243224490,-280067902 -310058705,-289198556 -323045720,-313046616 -253434148))
32631;POLYGON((294356237 -233384977,304053677 -243224490,281067902 -310058705,272205460 -297541848,294356237 -233384977))
32632;POLYGON((241961582 -181485001,250040460 -189339453,231680457 -241502206,224287689 -231507078,241961582 -181485001))
32633;POLYGON((198419275 -140210057,205120592 -146438294,190552278 -186900393,184411268 -178971616,198419275 -140210057))
32634;POLYGON((162391030 -107608484,167925445 -112512891,156445622 -143704793,151365808 -137458579,162391030 -107608484))
32635;POLYGON((132709933 -82041009,137260785 -85874937,128279977 -109772460,124095431 -104887201,132709933 -82041009))
32636;POLYGON((108363050 -62138909,112089168 -65113332,105116223 -83311984,101683123 -79519818,108363050 -62138909))
32637;POLYGON((88475277 -46766577,91513590 -49056037,86141923 -62835158,83336205 -59914426,88475277 -46766577))
32638;POLYGON((72294392 -34988163,74762336 -36736064,70657682 -47113857,68372873 -44882404,72294392 -34988163))
32639;POLYGON((59177246 -26037977,61174990 -27361266,58064564 -35141769,56209778 -33451004,59177246 -26037977))
32640;POLYGON((48577067 -19294363,50189554 -20287659,47852491 -26100566,46350594 -24830234,48577067 -19294363))
32641;POLYGON((40031811 -14256754,41330629 -14995961,39589604 -19330171,38375529 -18383766,40031811 -14256754))
32642;POLYGON((33153524 -10525626,34198608 -11071083,32912537 -14302755,31931747 -13603532,33153524 -10525626))
32643;POLYGON((27618660 -7785109,28459845 -8184316,27517558 -10600156,26724653 -10087669,27618660 -7785109))
32644;POLYGON((23159317 -5787986,23837734 -6077948,23152538 -7894365,22509995 -7521502,23159317 -5787986))
32645;POLYGON((19555337 -4342860,20104675 -4552085,19609708 -5930822,19086743 -5661263,19555337 -4342860))
32646;POLYGON((16627222 -3303254,17074850 -3453445,16719153 -4514196,16290710 -4320274,16627222 -3303254))
32647;POLYGON((14229824 -2558444,14597794 -2665914,14343013 -3496407,13988862 -3357305,14229824 -2558444))
32648;POLYGON((12246759 -2025817,12552688 -2102665,12370335 -2766620,12074273 -2666885,12246759 -2025817))
32649;POLYGON((10585498 -1644570,10843339 -1699647,10712548 -2242989,10461703 -2171303,10585498 -1644570))
32650;POLYGON((9173082 -1370587,9393799 -1410272,9299502 -1865905,9083726 -1814097,9173082 -1370587))
32651;POLYGON((7952429 -1172314,8144575 -1201142,8076046 -1592570,7887391 -1554825,7952429 -1172314))
32652;POLYGON((6879170 -1027505,7049375 -1048653,6999087 -1392685,6831363 -1364917,6879170 -1027505))
32653;POLYGON((5918972 -920687,6072362 -936352,6035099 -1245082,5883496 -1224462,5918972 -920687))
32654;POLYGON((5045308 -841228,5185845 -852912,5158035 -1135155,5018813 -1119743,5045308 -841228))
32655;POLYGON((4237611 -781899,4368375 -790619,4347596 -1052929,4217828 -1041406,4237611 -781899))
32656;POLYGON((3479784 -737822,3603203 -744263,3587823 -991647,3465187 -983126,3479784 -737822))
32657;POLYGON((2759004 -705738,2877030 -710355,2865961 -946770,2748576 -940656,2759004 -705738))
32658;POLYGON((2064778 -683494,2179031 -686584,2171560 -915285,2057857 -911190,2064778 -683494))
32659;POLYGON((1388201 -669718,1500082 -671466,1495762 -895250,1384378 -892932,1388201 -669718))
32660;POLYGON((721383 -663608,832157 -664114,830743 -885503,720441 -884833,721383 -663608))
