32701;POLYGON((139398 6008645,229578 6011888,236578 5789936,148741 5786629,139398 6008645))
32702;POLYGON((-402690 5969473,-312181 5978377,-290961 5755760,-379048 5746684,-402690 5969473))
32703;POLYGON((-947747 5895404,-856630 5910261,-820521 5686370,-909059 5671250,-947747 5895404))
32704;POLYGON((-1497293 5784001,-1405337 5805301,-1353192 5579657,-1442328 5558031,-1497293 5784001))
32705;POLYGON((-2052423 5631549,-1959486 5660008,-1889634 5432354,-1979419 5403559,-2052423 5631549))
32706;POLYGON((-2613547 5432904,-2519622 5469485,-2429808 5239938,-2520141 5203089,-2613547 5432904))
32707;POLYGON((-3180011 5181279,-3085300 5227239,-2972608 4996497,-3063172 4950465,-3180011 5181279))
32708;POLYGON((-3749592 4868008,-3654601 4924932,-3515379 4694601,-3605537 4637990,-3749592 4868008))
32709;POLYGON((-4317838 4482262,-4223498 4552117,-4053273 4325175,-4141950 4256305,-4317838 4482262))
32710;POLYGON((-4877206 4010755,-4785031 4095940,-4578436 3877405,-4663960 3794303,-4877206 4010755))
32711;POLYGON((-5415994 3437427,-5328276 3540825,-5078980 3338705,-5158895 3239099,-5415994 3437427))
32712;POLYGON((-5917017 2743126,-5837065 2868157,-5537731 2694747,-5608559 2576092,-5917017 2743126))
32713;POLYGON((-6356016 1905297,-6288441 2055968,-5930713 1929622,-5987672 1789129,-6356016 1905297))
32714;POLYGON((-6699760 897691,-6650814 1078646,-6225339 1026128,-6262018 860835,-6699760 897691))
32715;POLYGON((-6903816 -309883,-6881788 -93329,-6378294 -33751,-6386264 -226881,-6903816 -309883))
32716;POLYGON((-6909961 -1751768,-6925633 -1493597,-6333072 -1268152,-6301438 -1492091,-6909961 -1751768))
32717;POLYGON((-6643206 -3466584,-6710380 -3160058,-6017140 -2694370,-5932035 -2951832,-6643206 -3466584))
32718;POLYGON((-6008400 -5497278,-6144491 -5134941,-5338711 -4327584,-5182714 -4620787,-6008400 -5497278))
32719;POLYGON((-4886392 -7891061,-5113102 -7464755,-4183082 -6179231,-3934568 -6509578,-4886392 -7891061))
32720;POLYGON((-3129717 -10699220,-3473788 -10200126,-2408531 -8254951,-2040937 -8622650,-3129717 -10699220))
32721;POLYGON((-557785 -13976774,-1051836 -13395482,158275 -10552072,677262 -10955664,-557785 -13976774))
32722;POLYGON((3048467 -17781961,2365010 -17108570,3727381 -13056560,4436724 -13492353,3048467 -17781961))
32723;POLYGON((7952484 -22175524,7032365 -21399772,8551166 -15739366,9497471 -16200768,7952484 -22175524))
32724;POLYGON((14468574 -27219770,13255580 -26331211,14930545 -18552126,16169151 -19028855,14468574 -27219770))
32725;POLYGON((22969020 -32977376,21396759 -31965598,23221749 -21422112,24817915 -21899280,22969020 -32977376))
32726;POLYGON((33891835 -39509917,31882391 -38364805,33843725 -24246387,35873929 -24703442,33891835 -39509917))
32727;POLYGON((47749180 -46876071,45211665 -45588133,47286187 -26885076,49839530 -27294590,47749180 -46876071))
32728;POLYGON((65136491 -55129495,61965473 -53690239,64118327 -29153672,67298052 -29479956,65136491 -55129495))
32729;POLYGON((86742332 -64316310,82816143 -62718690,84998236 -30814293,88923369 -31011834,86742332 -64316310))
32730;POLYGON((113359010 -74472181,108537921 -72711116,110683048 -31565806,115490162 -31577507,113359010 -74472181))
32731;POLYGON((-102876509 -70977545,-107537921 -72711116,-109683048 -31565806,-105033216 -31518617,-102876509 -70977545))
32732;POLYGON((-78025008 -61147876,-81816143 -62718690,-83998236 -30814293,-80206325 -30591665,-78025008 -61147876))
32733;POLYGON((-57908028 -52276736,-60965473 -53690239,-63118327 -29153672,-60050817 -28810642,-57908028 -52276736))
32734;POLYGON((-41769070 -44324621,-44211665 -45588133,-46286187 -26885076,-43826802 -26465402,-41769070 -44324621))
32735;POLYGON((-28951753 -37242596,-30882391 -38364805,-32843725 -24246387,-30891689 -23784276,-28951753 -37242596))
32736;POLYGON((-18889458 -30975070,-20396759 -31965598,-22221749 -21422112,-20690168 -20943756,-18889458 -30975070))
32737;POLYGON((-11095719 -25462180,-12255580 -26331211,-13930545 -18552126,-12744905 -18077054,-11095719 -25462180))
32738;POLYGON((-5155336 -20641802,-6032365 -21399772,-7551166 -15739366,-6647948 -15281629,-5155336 -20641802))
32739;POLYGON((-716178 -16451233,-1365010 -17108570,-2727381 -13056560,-2052782 -12625763,-716178 -16451233))
32740;POLYGON((2518349 -12828566,2051836 -13395482,841724 -10552072,1332964 -10154274,2518349 -12828566))
32741;POLYGON((4796204 -9713801,4473788 -10200126,3408531 -8254951,3754201 -7893427,4796204 -9713801))
32742;POLYGON((6322998 -7049705,6113102 -7464755,5183082 -6179231,5414475 -5855127,6322998 -7049705))
32743;POLYGON((7267713 -4782454,7144491 -5134941,6338711 -4327584,6481512 -4040462,7267713 -4782454))
32744;POLYGON((7767866 -2862090,7710380 -3160058,7017140 -2694370,7092227 -2442666,7767866 -2862090))
32745;POLYGON((7934152 -1242810,7925633 -1493597,7333072 -1268152,7357229 -1049547,7934152 -1242810))
32746;POLYGON((7854598 116893,7881788 -93329,7378294 -33751,7364856 154529,7854598 116893))
32747;POLYGON((7598248 1254204,7650814 1078646,7225339 1026128,7184754 1187078,7598248 1254204))
32748;POLYGON((7218418 2202062,7288441 2055968,6930713 1929622,6871046 2066275,7218418 2202062))
32749;POLYGON((6755538 2989320,6837065 2868157,6537731 2694747,6465097 2810040,6755538 2989320))
32750;POLYGON((6239616 3640965,6328276 3540825,6078980 3338705,5997919 3435390,6239616 3640965))
32751;POLYGON((5692360 4178384,5785031 4095940,5578436 3877405,5492239 3957986,5692360 4178384))
32752;POLYGON((5128962 4619663,5223498 4552117,5053273 4325175,4964252 4391872,5128962 4619663))
32753;POLYGON((4559606 4979902,4654601 4924932,4515379 4694601,4425092 4749341,4559606 4979902))
32754;POLYGON((3990695 5271534,4085300 5227239,3972608 4996497,3882048 5040910,3990695 5271534))
32755;POLYGON((3425854 5504634,3519622 5469485,3429808 5239938,3339550 5275373,3425854 5504634))
32756;POLYGON((2866716 5687213,2959486 5660008,2889634 5432354,2799956 5459899,2866716 5687213))
32757;POLYGON((2313533 5825485,2405337 5805301,2353192 5579657,2264163 5600158,2313533 5825485))
32758;POLYGON((1765631 5924097,1856630 5910261,1820521 5686370,1732071 5700456,1765631 5924097))
32759;POLYGON((1221747 5986321,1312181 5978377,1290961 5755760,1202931 5763860,1221747 5986321))
32760;POLYGON((680266 6014201,770421 6011888,763421 5789936,675603 5792297,680266 6014201))
32601;POLYGON((139398 -3991354,229578 -3988111,236578 -4210063,148741 -4213370,139398 -3991354))
32602;POLYGON((-402690 -4030526,-312181 -4021622,-290961 -4244239,-379048 -4253315,-402690 -4030526))
32603;POLYGON((-947747 -4104595,-856630 -4089738,-820521 -4313629,-909059 -4328749,-947747 -4104595))
32604;POLYGON((-1497293 -4215998,-1405337 -4194698,-1353192 -4420342,-1442328 -4441968,-1497293 -4215998))
32605;POLYGON((-2052423 -4368450,-1959486 -4339991,-1889634 -4567645,-1979419 -4596440,-2052423 -4368450))
32606;POLYGON((-2613547 -4567095,-2519622 -4530514,-2429808 -4760061,-2520141 -4796910,-2613547 -4567095))
32607;POLYGON((-3180011 -4818720,-3085300 -4772760,-2972608 -5003502,-3063172 -5049534,-3180011 -4818720))
32608;POLYGON((-3749592 -5131991,-3654601 -5075067,-3515379 -5305398,-3605537 -5362009,-3749592 -5131991))
32609;POLYGON((-4317838 -5517737,-4223498 -5447882,-4053273 -5674824,-4141950 -5743694,-4317838 -5517737))
32610;POLYGON((-4877206 -5989244,-4785031 -5904059,-4578436 -6122594,-4663960 -6205696,-4877206 -5989244))
32611;POLYGON((-5415994 -6562572,-5328276 -6459174,-5078980 -6661294,-5158895 -6760900,-5415994 -6562572))
32612;POLYGON((-5917017 -7256873,-5837065 -7131842,-5537731 -7305252,-5608559 -7423907,-5917017 -7256873))
32613;POLYGON((-6356016 -8094702,-6288441 -7944031,-5930713 -8070377,-5987672 -8210870,-6356016 -8094702))
32614;POLYGON((-6699760 -9102308,-6650814 -8921353,-6225339 -8973871,-6262018 -9139164,-6699760 -9102308))
32615;POLYGON((-6903816 -10309883,-6881788 -10093329,-6378294 -10033751,-6386264 -10226881,-6903816 -10309883))
32616;POLYGON((-6909961 -11751768,-6925633 -11493597,-6333072 -11268152,-6301438 -11492091,-6909961 -11751768))
32617;POLYGON((-6643206 -13466584,-6710380 -13160058,-6017140 -12694370,-5932035 -12951832,-6643206 -13466584))
32618;POLYGON((-6008400 -15497278,-6144491 -15134941,-5338711 -14327584,-5182714 -14620787,-6008400 -15497278))
32619;POLYGON((-4886392 -17891061,-5113102 -17464755,-4183082 -16179231,-3934568 -16509578,-4886392 -17891061))
32620;POLYGON((-3129717 -20699220,-3473788 -20200126,-2408531 -18254951,-2040937 -18622650,-3129717 -20699220))
32621;POLYGON((-557785 -23976774,-1051836 -23395482,158275 -20552072,677262 -20955664,-557785 -23976774))
32622;POLYGON((3048467 -27781961,2365010 -27108570,3727381 -23056560,4436724 -23492353,3048467 -27781961))
32623;POLYGON((7952484 -32175524,7032365 -31399772,8551166 -25739366,9497471 -26200768,7952484 -32175524))
32624;POLYGON((14468574 -37219770,13255580 -36331211,14930545 -28552126,16169151 -29028855,14468574 -37219770))
32625;POLYGON((22969020 -42977376,21396759 -41965598,23221749 -31422112,24817915 -31899280,22969020 -42977376))
32626;POLYGON((33891835 -49509917,31882391 -48364805,33843725 -34246387,35873929 -34703442,33891835 -49509917))
32627;POLYGON((47749180 -56876071,45211665 -55588133,47286187 -36885076,49839530 -37294590,47749180 -56876071))
32628;POLYGON((65136491 -65129495,61965473 -63690239,64118327 -39153672,67298052 -39479956,65136491 -65129495))
32629;POLYGON((86742332 -74316310,82816143 -72718690,84998236 -40814293,88923369 -41011834,86742332 -74316310))
32630;POLYGON((113359010 -84472181,108537921 -82711116,110683048 -41565806,115490162 -41577507,113359010 -84472181))
32631;POLYGON((-102876509 -80977545,-107537921 -82711116,-109683048 -41565806,-105033216 -41518617,-102876509 -80977545))
32632;POLYGON((-78025008 -71147876,-81816143 -72718690,-83998236 -40814293,-80206325 -40591665,-78025008 -71147876))
32633;POLYGON((-57908028 -62276736,-60965473 -63690239,-63118327 -39153672,-60050817 -38810642,-57908028 -62276736))
32634;POLYGON((-41769070 -54324621,-44211665 -55588133,-46286187 -36885076,-43826802 -36465402,-41769070 -54324621))
32635;POLYGON((-28951753 -47242596,-30882391 -48364805,-32843725 -34246387,-30891689 -33784276,-28951753 -47242596))
32636;POLYGON((-18889458 -40975070,-20396759 -41965598,-22221749 -31422112,-20690168 -30943756,-18889458 -40975070))
32637;POLYGON((-11095719 -35462180,-12255580 -36331211,-13930545 -28552126,-12744905 -28077054,-11095719 -35462180))
32638;POLYGON((-5155336 -30641802,-6032365 -31399772,-7551166 -25739366,-6647948 -25281629,-5155336 -30641802))
32639;POLYGON((-716178 -26451233,-1365010 -27108570,-2727381 -23056560,-2052782 -22625763,-716178 -26451233))
32640;POLYGON((2518349 -22828566,2051836 -23395482,841724 -20552072,1332964 -20154274,2518349 -22828566))
32641;POLYGON((4796204 -19713801,4473788 -20200126,3408531 -18254951,3754201 -17893427,4796204 -19713801))
32642;POLYGON((6322998 -17049705,6113102 -17464755,5183082 -16179231,5414475 -15855127,6322998 -17049705))
32643;POLYGON((7267713 -14782454,7144491 -15134941,6338711 -14327584,6481512 -14040462,7267713 -14782454))
32644;POLYGON((7767866 -12862090,7710380 -13160058,7017140 -12694370,7092227 -12442666,7767866 -12862090))
32645;POLYGON((7934152 -11242810,7925633 -11493597,7333072 -11268152,7357229 -11049547,7934152 -11242810))
32646;POLYGON((7854598 -9883106,7881788 -10093329,7378294 -10033751,7364856 -9845470,7854598 -9883106))
32647;POLYGON((7598248 -8745795,7650814 -8921353,7225339 -8973871,7184754 -8812921,7598248 -8745795))
32648;POLYGON((7218418 -7797937,7288441 -7944031,6930713 -8070377,6871046 -7933724,7218418 -7797937))
32649;POLYGON((6755538 -7010679,6837065 -7131842,6537731 -7305252,6465097 -7189959,6755538 -7010679))
32650;POLYGON((6239616 -6359034,6328276 -6459174,6078980 -6661294,5997919 -6564609,6239616 -6359034))
32651;POLYGON((5692360 -5821615,5785031 -5904059,5578436 -6122594,5492239 -6042013,5692360 -5821615))
32652;POLYGON((5128962 -5380336,5223498 -5447882,5053273 -5674824,4964252 -5608127,5128962 -5380336))
32653;POLYGON((4559606 -5020097,4654601 -5075067,4515379 -5305398,4425092 -5250658,4559606 -5020097))
32654;POLYGON((3990695 -4728465,4085300 -4772760,3972608 -5003502,3882048 -4959089,3990695 -4728465))
32655;POLYGON((3425854 -4495365,3519622 -4530514,3429808 -4760061,3339550 -4724626,3425854 -4495365))
32656;POLYGON((2866716 -4312786,2959486 -4339991,2889634 -4567645,2799956 -4540100,2866716 -4312786))
32657;POLYGON((2313533 -4174514,2405337 -4194698,2353192 -4420342,2264163 -4399841,2313533 -4174514))
32658;POLYGON((1765631 -4075902,1856630 -4089738,1820521 -4313629,1732071 -4299543,1765631 -4075902))
32659;POLYGON((1221747 -4013678,1312181 -4021622,1290961 -4244239,1202931 -4236139,1221747 -4013678))
32660;POLYGON((680266 -3985798,770421 -3988111,763421 -4210063,675603 -4207702,680266 -3985798))
