32701;POLYGON((492212 19886587,494157 19886468,482478 19663478,476646 19663834,492212 19886587))
32702;POLYGON((480613 19888011,482535 19887690,447625 19667136,441862 19668099,480613 19888011))
32703;POLYGON((469226 19890640,471104 19890119,413344 19674413,407712 19675972,469226 19890640))
32704;POLYGON((458177 19894444,459990 19893730,380007 19685230,374568 19687369,458177 19894444))
32705;POLYGON((447585 19899382,449313 19898482,347979 19699470,342793 19702166,447585 19899382))
32706;POLYGON((437567 19905400,439192 19904325,317609 19716980,312733 19720203,437567 19905400))
32707;POLYGON((428233 19912433,429737 19911193,289232 19737569,284718 19741285,428233 19912433))
32708;POLYGON((419686 19920402,421052 19919013,263157 19761015,259056 19765182,419686 19920402))
32709;POLYGON((412018 19929222,413231 19927697,239673 19787061,236029 19791635,412018 19929222))
32710;POLYGON((405314 19938795,406361 19937152,219036 19815424,215890 19820355,405314 19938795))
32711;POLYGON((399647 19949017,400517 19947273,201475 19845795,198861 19851029,399647 19949017))
32712;POLYGON((395081 19959775,395763 19957949,187181 19877842,185128 19883321,395081 19959775))
32713;POLYGON((391664 19970952,392152 19969065,176310 19911215,174840 19916880,391664 19970952))
32714;POLYGON((389436 19982425,389723 19980497,168978 19945551,168105 19951341,389436 19982425))
32715;POLYGON((388421 19994068,388505 19992121,165256 19980479,164990 19986332,388421 19994068))
32716;POLYGON((388632 20005755,388511 20003809,165176 20015625,165516 20021477,388632 20005755))
32717;POLYGON((390068 20017356,389744 20015434,168719 20050618,169658 20056410,390068 20017356))
32718;POLYGON((392717 20028745,392192 20026867,175822 20085098,177345 20090770,392717 20028745))
32719;POLYGON((396553 20039798,395832 20037984,186373 20118721,188456 20124219,396553 20039798))
32720;POLYGON((401540 20050392,400630 20048663,200212 20151172,202824 20156446,401540 20050392))
32721;POLYGON((407631 20060412,406542 20058787,217128 20182168,220229 20187175,407631 20060412))
32722;POLYGON((414772 20069748,413512 20068244,236864 20211471,240406 20216176,414772 20069748))
32723;POLYGON((422900 20078298,421479 20076932,259113 20238897,263041 20243276,422900 20078298))
32724;POLYGON((431945 20085966,430377 20084753,283523 20264329,287774 20268370,431945 20085966))
32725;POLYGON((441836 20092667,440132 20091621,309695 20287728,314198 20291432,441836 20092667))
32726;POLYGON((452501 20098325,450673 20097457,337189 20309145,341867 20312531,452501 20098325))
32727;POLYGON((463869 20102872,461929 20102194,365524 20328735,370293 20331841,463869 20102872))
32728;POLYGON((475875 20106253,473832 20105773,394184 20346777,398953 20349660,475875 20106253))
32729;POLYGON((488462 20108420,486326 20108145,422617 20363682,427293 20366426,488462 20108420))
32730;POLYGON((501587 20109335,499364 20109270,450245 20380016,454730 20382732,501587 20109335))
32731;POLYGON((502845 20109171,500635 20109270,549754 20380016,554277 20377304,502845 20109171))
32732;POLYGON((515794 20107835,513673 20108145,577382 20363682,582081 20360921,515794 20107835))
32733;POLYGON((528193 20105259,526167 20105773,605815 20346777,610591 20343862,528193 20105259))
32734;POLYGON((539993 20101483,538070 20102194,634475 20328735,639234 20325587,539993 20101483))
32735;POLYGON((551134 20096559,549326 20097457,662810 20309145,667464 20305708,551134 20096559))
32736;POLYGON((561549 20090546,559867 20091621,690304 20287728,694770 20283969,561549 20090546))
32737;POLYGON((571167 20083514,569622 20084753,716476 20264329,720678 20260232,571167 20083514))
32738;POLYGON((579914 20075542,578520 20076932,740886 20238897,744754 20234462,579914 20075542))
32739;POLYGON((587720 20066719,586487 20068244,763135 20211471,766608 20206713,587720 20066719))
32740;POLYGON((594518 20057143,593457 20058787,782871 20182168,785894 20177114,594518 20057143))
32741;POLYGON((600247 20046919,599369 20048663,799787 20151172,802314 20145858,600247 20046919))
32742;POLYGON((604855 20036158,604167 20037984,813626 20118721,815618 20113191,604855 20036158))
32743;POLYGON((608299 20024980,607807 20026867,824177 20085098,825604 20079401,608299 20024980))
32744;POLYGON((610545 20013506,610255 20015434,831280 20050618,832120 20044812,610545 20013506))
32745;POLYGON((611574 20001862,611488 20003809,834823 20015625,835063 20009768,611574 20001862))
32746;POLYGON((611376 19990176,611494 19992121,834743 19980479,834375 19974632,611376 19990176))
32747;POLYGON((609954 19978575,610276 19980497,831021 19945551,830049 19939777,609954 19978575))
32748;POLYGON((607327 19967187,607847 19969065,823689 19911215,822120 19905576,607327 19967187))
32749;POLYGON((603522 19956136,604236 19957949,812818 19877842,810670 19872399,603522 19956136))
32750;POLYGON((598582 19945544,599482 19947273,798524 19845795,795819 19840607,598582 19945544))
32751;POLYGON((592562 19935527,593638 19937152,780963 19815424,777731 19810549,592562 19935527))
32752;POLYGON((585528 19926193,586768 19927697,760326 19787061,756603 19782551,585528 19926193))
32753;POLYGON((577557 19917647,578947 19919013,736842 19761015,732668 19756919,577557 19917647))
32754;POLYGON((568737 19909980,570262 19911193,710767 19737569,706189 19733933,568737 19909980))
32755;POLYGON((559163 19903278,560807 19904325,682390 19716980,677458 19713842,559163 19903278))
32756;POLYGON((548942 19897613,550686 19898482,652020 19699470,646788 19696865,548942 19897613))
32757;POLYGON((538184 19893047,540009 19893730,619992 19685230,614517 19683186,538184 19893047))
32758;POLYGON((527009 19889631,528895 19890119,586655 19674413,580997 19672952,527009 19889631))
32759;POLYGON((515537 19887402,517464 19887690,552374 19667136,546594 19666273,515537 19887402))
32760;POLYGON((503896 19886383,505842 19886468,517521 19663478,511684 19663223,503896 19886383))
32601;POLYGON((492212 9886587,494157 9886468,482478 9663478,476646 9663834,492212 9886587))
32602;POLYGON((480613 9888011,482535 9887690,447625 9667136,441862 9668099,480613 9888011))
32603;POLYGON((469226 9890640,471104 9890119,413344 9674413,407712 9675972,469226 9890640))
32604;POLYGON((458177 9894444,459990 9893730,380007 9685230,374568 9687369,458177 9894444))
32605;POLYGON((447585 9899382,449313 9898482,347979 9699470,342793 9702166,447585 9899382))
32606;POLYGON((437567 9905400,439192 9904325,317609 9716980,312733 9720203,437567 9905400))
32607;POLYGON((428233 9912433,429737 9911193,289232 9737569,284718 9741285,428233 9912433))
32608;POLYGON((419686 9920402,421052 9919013,263157 9761015,259056 9765182,419686 9920402))
32609;POLYGON((412018 9929222,413231 9927697,239673 9787061,236029 9791635,412018 9929222))
32610;POLYGON((405314 9938795,406361 9937152,219036 9815424,215890 9820355,405314 9938795))
32611;POLYGON((399647 9949017,400517 9947273,201475 9845795,198861 9851029,399647 9949017))
32612;POLYGON((395081 9959775,395763 9957949,187181 9877842,185128 9883321,395081 9959775))
32613;POLYGON((391664 9970952,392152 9969065,176310 9911215,174840 9916880,391664 9970952))
32614;POLYGON((389436 9982425,389723 9980497,168978 9945551,168105 9951341,389436 9982425))
32615;POLYGON((388421 9994068,388505 9992121,165256 9980479,164990 9986332,388421 9994068))
32616;POLYGON((388632 10005755,388511 10003809,165176 10015625,165516 10021477,388632 10005755))
32617;POLYGON((390068 10017356,389744 10015434,168719 10050618,169658 10056410,390068 10017356))
32618;POLYGON((392717 10028745,392192 10026867,175822 10085098,177345 10090770,392717 10028745))
32619;POLYGON((396553 10039798,395832 10037984,186373 10118721,188456 10124219,396553 10039798))
32620;POLYGON((401540 10050392,400630 10048663,200212 10151172,202824 10156446,401540 10050392))
32621;POLYGON((407631 10060412,406542 10058787,217128 10182168,220229 10187175,407631 10060412))
32622;POLYGON((414772 10069748,413512 10068244,236864 10211471,240406 10216176,414772 10069748))
32623;POLYGON((422900 10078298,421479 10076932,259113 10238897,263041 10243276,422900 10078298))
32624;POLYGON((431945 10085966,430377 10084753,283523 10264329,287774 10268370,431945 10085966))
32625;POLYGON((441836 10092667,440132 10091621,309695 10287728,314198 10291432,441836 10092667))
32626;POLYGON((452501 10098325,450673 10097457,337189 10309145,341867 10312531,452501 10098325))
32627;POLYGON((463869 10102872,461929 10102194,365524 10328735,370293 10331841,463869 10102872))
32628;POLYGON((475875 10106253,473832 10105773,394184 10346777,398953 10349660,475875 10106253))
32629;POLYGON((488462 10108420,486326 10108145,422617 10363682,427293 10366426,488462 10108420))
32630;POLYGON((501587 10109335,499364 10109270,450245 10380016,454730 10382732,501587 10109335))
32631;POLYGON((502845 10109171,500635 10109270,549754 10380016,554277 10377304,502845 10109171))
32632;POLYGON((515794 10107835,513673 10108145,577382 10363682,582081 10360921,515794 10107835))
32633;POLYGON((528193 10105259,526167 10105773,605815 10346777,610591 10343862,528193 10105259))
32634;POLYGON((539993 10101483,538070 10102194,634475 10328735,639234 10325587,539993 10101483))
32635;POLYGON((551134 10096559,549326 10097457,662810 10309145,667464 10305708,551134 10096559))
32636;POLYGON((561549 10090546,559867 10091621,690304 10287728,694770 10283969,561549 10090546))
32637;POLYGON((571167 10083514,569622 10084753,716476 10264329,720678 10260232,571167 10083514))
32638;POLYGON((579914 10075542,578520 10076932,740886 10238897,744754 10234462,579914 10075542))
32639;POLYGON((587720 10066719,586487 10068244,763135 10211471,766608 10206713,587720 10066719))
32640;POLYGON((594518 10057143,593457 10058787,782871 10182168,785894 10177114,594518 10057143))
32641;POLYGON((600247 10046919,599369 10048663,799787 10151172,802314 10145858,600247 10046919))
32642;POLYGON((604855 10036158,604167 10037984,813626 10118721,815618 10113191,604855 10036158))
32643;POLYGON((608299 10024980,607807 10026867,824177 10085098,825604 10079401,608299 10024980))
32644;POLYGON((610545 10013506,610255 10015434,831280 10050618,832120 10044812,610545 10013506))
32645;POLYGON((611574 10001862,611488 10003809,834823 10015625,835063 10009768,611574 10001862))
32646;POLYGON((611376 9990176,611494 9992121,834743 9980479,834375 9974632,611376 9990176))
32647;POLYGON((609954 9978575,610276 9980497,831021 9945551,830049 9939777,609954 9978575))
32648;POLYGON((607327 9967187,607847 9969065,823689 9911215,822120 9905576,607327 9967187))
32649;POLYGON((603522 9956136,604236 9957949,812818 9877842,810670 9872399,603522 9956136))
32650;POLYGON((598582 9945544,599482 9947273,798524 9845795,795819 9840607,598582 9945544))
32651;POLYGON((592562 9935527,593638 9937152,780963 9815424,777731 9810549,592562 9935527))
32652;POLYGON((585528 9926193,586768 9927697,760326 9787061,756603 9782551,585528 9926193))
32653;POLYGON((577557 9917647,578947 9919013,736842 9761015,732668 9756919,577557 9917647))
32654;POLYGON((568737 9909980,570262 9911193,710767 9737569,706189 9733933,568737 9909980))
32655;POLYGON((559163 9903278,560807 9904325,682390 9716980,677458 9713842,559163 9903278))
32656;POLYGON((548942 9897613,550686 9898482,652020 9699470,646788 9696865,548942 9897613))
32657;POLYGON((538184 9893047,540009 9893730,619992 9685230,614517 9683186,538184 9893047))
32658;POLYGON((527009 9889631,528895 9890119,586655 9674413,580997 9672952,527009 9889631))
32659;POLYGON((515537 9887402,517464 9887690,552374 9667136,546594 9666273,515537 9887402))
32660;POLYGON((503896 9886383,505842 9886468,517521 9663478,511684 9663223,503896 9886383))
