32701;POLYGON((231618 15879757,298694 15876481,289511 15654109,219368 15657443,231618 15879757))
32702;POLYGON((-170151 15919182,-103301 15910247,-130978 15688480,-200941 15697579,-170151 15919182))
32703;POLYGON((-569760 15992915,-503372 15978210,-549924 15757739,-619512 15772739,-569760 15992915))
32704;POLYGON((-965614 16101858,-899978 16081206,-966019 15862898,-1034977 15884012,-965614 16101858))
32705;POLYGON((-1355694 16247257,-1291184 16220431,-1377527 16005422,-1445510 16032934,-1355694 16247257))
32706;POLYGON((-1737375 16430611,-1674479 16397348,-1782077 16187150,-1848614 16221394,-1737375 16430611))
32707;POLYGON((-2107221 16653513,-2046577 16613550,-2176434 16410160,-2240881 16451492,-2107221 16653513))
32708;POLYGON((-2460756 16917429,-2403194 16870544,-2556219 16676555,-2617714 16725307,-2460756 16917429))
32709;POLYGON((-2792200 17223359,-2738785 17169434,-2915589 16988146,-2972990 17044563,-2792200 17223359))
32710;POLYGON((-3094162 17571372,-3046252 17510486,-3246857 17345991,-3298674 17410132,-3094162 17571372))
32711;POLYGON((-3357297 17959967,-3316602 17892512,-3540047 17749743,-3584359 17821358,-3357297 17959967))
32712;POLYGON((-3569901 18385217,-3538554 18312060,-3782369 18196782,-3816728 18275134,-3569901 18385217))
32713;POLYGON((-3717461 18839659,-3698096 18762346,-3957614 18681045,-3978940 18764691,-3717461 18839659))
32714;POLYGON((-3782130 19310871,-3777978 19231887,-4045456 19191529,-4049907 19278026,-3782130 19310871))
32715;POLYGON((-3742144 19779673,-3757133 19702773,-4020651 19710375,-4003478 19795920,-3742144 19779673))
32716;POLYGON((-3571161 20217909,-3610028 20148517,-3852126 20210478,-3807512 20289456,-3571161 20217909))
32717;POLYGON((-3237513 20585720,-3305940 20531425,-3501944 20652541,-3422821 20716977,-3237513 20585720))
32718;POLYGON((-2703385 20828259,-2808139 20799401,-2924150 20981493,-2801991 21020383,-2703385 20828259))
32719;POLYGON((-1923890 20871746,-2072986 20882125,-2063473 21122177,-1888060 21120695,-1923890 20871746))
32720;POLYGON((-846053 20618802,-1048927 20686509,-853880 20974221,-613052 20912776,-846053 20618802))
32721;POLYGON((592312 19942964,324604 20091356,783017 20405987,1103648 20259119,592312 19942964))
32722;POLYGON((2463834 18682290,2118407 18941121,2939729 19247492,3357087 18982583,2463834 18682290))
32723;POLYGON((4852930 16631953,4414835 17038686,5724817 17282193,6258702 16857980,4852930 16631953))
32724;POLYGON((7857275 13535734,7309245 14137038,9265012 14237511,9938472 13602376,7857275 13535734))
32725;POLYGON((11589397 9076286,10911575 9929750,13707520 9773980,14547252 8863998,11589397 9076286))
32726;POLYGON((16178408 2864076,15348047 4040147,19222529 3472883,20259320 2209603,16178408 2864076))
32727;POLYGON((21771872 -5575124,20763012 -3990950,26005919 -5177761,27275116 -6889816,21771872 -5575124))
32728;POLYGON((28537814 -16814329,27320940 -14719041,34282197 -16798991,35824218 -19075147,28537814 -16814329))
32729;POLYGON((36666889 -31541111,35208557 -28811434,44307648 -32138636,46168533 -35117217,36666889 -31541111))
32730;POLYGON((46374697 -50575222,44637139 -47064546,56373731 -52091134,58605727 -55936982,46374697 -50575222))
32731;POLYGON((-41948937 -43695307,-43637139 -47064546,-55373731 -52091134,-53207498 -48402517,-41948937 -43695307))
32732;POLYGON((-32792969 -26196999,-34208557 -28811434,-43307648 -32138636,-41503360 -29287810,-32792969 -26196999))
32733;POLYGON((-25140946 -12716916,-26320940 -14719041,-33282197 -16798991,-31788685 -14625795,-25140946 -12716916))
32734;POLYGON((-18785851 -2481441,-19763012 -3990950,-25005919 -5177761,-23778120 -3547937,-18785851 -2481441))
32735;POLYGON((-13544820 5156947,-14348047 4040147,-18222529 3472883,-17220907 4671141,-13544820 5156947))
32736;POLYGON((-9256883 10736667,-9911575 9929750,-12707520 9773980,-11897522 10633128,-9256883 10736667))
32737;POLYGON((-5780843 14702232,-6309245 14137038,-8265012 14237511,-7616565 14833411,-5780843 14702232))
32738;POLYGON((-2993317 17417796,-3414835 17038686,-4724817 17282193,-4211861 17676572,-2993317 17417796))
32739;POLYGON((-786912 19179169,-1118407 18941121,-1939729 19247492,-1539785 19490115,-786912 19179169))
32740;POLYGON((931455 20224421,675395 20091356,216982 20405987,523211 20536563,931455 20224421))
32741;POLYGON((2242117 20743195,2048927 20686509,1853880 20974221,2082871 21024077,2242117 20743195))
32742;POLYGON((3214077 20884836,3072986 20882125,3063473 21122177,3229222 21115711,3214077 20884836))
32743;POLYGON((3906318 20765449,3808139 20799401,3924150 20981493,4038476 20937429,3906318 20765449))
32744;POLYGON((4369001 20473978,4305940 20531425,4501944 20652541,4574765 20585008,4369001 20473978))
32745;POLYGON((4644547 20077412,4610028 20148517,4852126 20210478,4891711 20129922,4644547 20077412))
32746;POLYGON((4768625 19625199,4757133 19702773,5020651 19710375,5033848 19624337,4768625 19625199))
32747;POLYGON((4771039 19152960,4777978 19231887,5045456 19191529,5037890 19105286,4771039 19152960))
32748;POLYGON((4676528 18685582,4698096 18762346,4957614 18681045,4933871 18598143,4676528 18685582))
32749;POLYGON((4505480 18239767,4538554 18312060,4782369 18196782,4746155 18119474,4505480 18239767))
32750;POLYGON((4274569 17826107,4316602 17892512,4540047 17749743,4494330 17679339,4274569 17826107))
32751;POLYGON((3997316 17450744,4046252 17510486,4246857 17345991,4193989 17283130,3997316 17450744))
32752;POLYGON((3684593 17116684,3738785 17169434,3915589 16988146,3857412 16933018,3684593 17116684))
32753;POLYGON((3345050 16824824,3403194 16870544,3556219 16676555,3494161 16629059,3345050 16824824))
32754;POLYGON((2985506 16574722,3046577 16613550,3176434 16410160,3111586 16370034,2985506 16574722))
32755;POLYGON((2611274 16365177,2674479 16397348,2782077 16187150,2715260 16154053,2611274 16365177))
32756;POLYGON((2226456 16194651,2291184 16220431,2377527 16005422,2309352 15978999,2226456 16194651))
32757;POLYGON((1834194 16061560,1899978 16081206,1966019 15862898,1896935 15842822,1834194 16061560))
32758;POLYGON((1436888 15964477,1503372 15978210,1549924 15757739,1480258 15743736,1436888 15964477))
32759;POLYGON((1036398 15902261,1103301 15910247,1130978 15688480,1060973 15680349,1036398 15902261))
32760;POLYGON((634213 15874141,701305 15876481,710488 15654109,640333 15651728,634213 15874141))
32601;POLYGON((231618 5879757,298694 5876481,289511 5654109,219368 5657443,231618 5879757))
32602;POLYGON((-170151 5919182,-103301 5910247,-130978 5688480,-200941 5697579,-170151 5919182))
32603;POLYGON((-569760 5992915,-503372 5978210,-549924 5757739,-619512 5772739,-569760 5992915))
32604;POLYGON((-965614 6101858,-899978 6081206,-966019 5862898,-1034977 5884012,-965614 6101858))
32605;POLYGON((-1355694 6247257,-1291184 6220431,-1377527 6005422,-1445510 6032934,-1355694 6247257))
32606;POLYGON((-1737375 6430611,-1674479 6397348,-1782077 6187150,-1848614 6221394,-1737375 6430611))
32607;POLYGON((-2107221 6653513,-2046577 6613550,-2176434 6410160,-2240881 6451492,-2107221 6653513))
32608;POLYGON((-2460756 6917429,-2403194 6870544,-2556219 6676555,-2617714 6725307,-2460756 6917429))
32609;POLYGON((-2792200 7223359,-2738785 7169434,-2915589 6988146,-2972990 7044563,-2792200 7223359))
32610;POLYGON((-3094162 7571372,-3046252 7510486,-3246857 7345991,-3298674 7410132,-3094162 7571372))
32611;POLYGON((-3357297 7959967,-3316602 7892512,-3540047 7749743,-3584359 7821358,-3357297 7959967))
32612;POLYGON((-3569901 8385217,-3538554 8312060,-3782369 8196782,-3816728 8275134,-3569901 8385217))
32613;POLYGON((-3717461 8839659,-3698096 8762346,-3957614 8681045,-3978940 8764691,-3717461 8839659))
32614;POLYGON((-3782130 9310871,-3777978 9231887,-4045456 9191529,-4049907 9278026,-3782130 9310871))
32615;POLYGON((-3742144 9779673,-3757133 9702773,-4020651 9710375,-4003478 9795920,-3742144 9779673))
32616;POLYGON((-3571161 10217909,-3610028 10148517,-3852126 10210478,-3807512 10289456,-3571161 10217909))
32617;POLYGON((-3237513 10585720,-3305940 10531425,-3501944 10652541,-3422821 10716977,-3237513 10585720))
32618;POLYGON((-2703385 10828259,-2808139 10799401,-2924150 10981493,-2801991 11020383,-2703385 10828259))
32619;POLYGON((-1923890 10871746,-2072986 10882125,-2063473 11122177,-1888060 11120695,-1923890 10871746))
32620;POLYGON((-846053 10618802,-1048927 10686509,-853880 10974221,-613052 10912776,-846053 10618802))
32621;POLYGON((592312 9942964,324604 10091356,783017 10405987,1103648 10259119,592312 9942964))
32622;POLYGON((2463834 8682290,2118407 8941121,2939729 9247492,3357087 8982583,2463834 8682290))
32623;POLYGON((4852930 6631953,4414835 7038686,5724817 7282193,6258702 6857980,4852930 6631953))
32624;POLYGON((7857275 3535734,7309245 4137038,9265012 4237511,9938472 3602376,7857275 3535734))
32625;POLYGON((11589397 -923713,10911575 -70249,13707520 -226019,14547252 -1136001,11589397 -923713))
32626;POLYGON((16178408 -7135923,15348047 -5959852,19222529 -6527116,20259320 -7790396,16178408 -7135923))
32627;POLYGON((21771872 -15575124,20763012 -13990950,26005919 -15177761,27275116 -16889816,21771872 -15575124))
32628;POLYGON((28537814 -26814329,27320940 -24719041,34282197 -26798991,35824218 -29075147,28537814 -26814329))
32629;POLYGON((36666889 -41541111,35208557 -38811434,44307648 -42138636,46168533 -45117217,36666889 -41541111))
32630;POLYGON((46374697 -60575222,44637139 -57064546,56373731 -62091134,58605727 -65936982,46374697 -60575222))
32631;POLYGON((-41948937 -53695307,-43637139 -57064546,-55373731 -62091134,-53207498 -58402517,-41948937 -53695307))
32632;POLYGON((-32792969 -36196999,-34208557 -38811434,-43307648 -42138636,-41503360 -39287810,-32792969 -36196999))
32633;POLYGON((-25140946 -22716916,-26320940 -24719041,-33282197 -26798991,-31788685 -24625795,-25140946 -22716916))
32634;POLYGON((-18785851 -12481441,-19763012 -13990950,-25005919 -15177761,-23778120 -13547937,-18785851 -12481441))
32635;POLYGON((-13544820 -4843052,-14348047 -5959852,-18222529 -6527116,-17220907 -5328858,-13544820 -4843052))
32636;POLYGON((-9256883 736667,-9911575 -70249,-12707520 -226019,-11897522 633128,-9256883 736667))
32637;POLYGON((-5780843 4702232,-6309245 4137038,-8265012 4237511,-7616565 4833411,-5780843 4702232))
32638;POLYGON((-2993317 7417796,-3414835 7038686,-4724817 7282193,-4211861 7676572,-2993317 7417796))
32639;POLYGON((-786912 9179169,-1118407 8941121,-1939729 9247492,-1539785 9490115,-786912 9179169))
32640;POLYGON((931455 10224421,675395 10091356,216982 10405987,523211 10536563,931455 10224421))
32641;POLYGON((2242117 10743195,2048927 10686509,1853880 10974221,2082871 11024077,2242117 10743195))
32642;POLYGON((3214077 10884836,3072986 10882125,3063473 11122177,3229222 11115711,3214077 10884836))
32643;POLYGON((3906318 10765449,3808139 10799401,3924150 10981493,4038476 10937429,3906318 10765449))
32644;POLYGON((4369001 10473978,4305940 10531425,4501944 10652541,4574765 10585008,4369001 10473978))
32645;POLYGON((4644547 10077412,4610028 10148517,4852126 10210478,4891711 10129922,4644547 10077412))
32646;POLYGON((4768625 9625199,4757133 9702773,5020651 9710375,5033848 9624337,4768625 9625199))
32647;POLYGON((4771039 9152960,4777978 9231887,5045456 9191529,5037890 9105286,4771039 9152960))
32648;POLYGON((4676528 8685582,4698096 8762346,4957614 8681045,4933871 8598143,4676528 8685582))
32649;POLYGON((4505480 8239767,4538554 8312060,4782369 8196782,4746155 8119474,4505480 8239767))
32650;POLYGON((4274569 7826107,4316602 7892512,4540047 7749743,4494330 7679339,4274569 7826107))
32651;POLYGON((3997316 7450744,4046252 7510486,4246857 7345991,4193989 7283130,3997316 7450744))
32652;POLYGON((3684593 7116684,3738785 7169434,3915589 6988146,3857412 6933018,3684593 7116684))
32653;POLYGON((3345050 6824824,3403194 6870544,3556219 6676555,3494161 6629059,3345050 6824824))
32654;POLYGON((2985506 6574722,3046577 6613550,3176434 6410160,3111586 6370034,2985506 6574722))
32655;POLYGON((2611274 6365177,2674479 6397348,2782077 6187150,2715260 6154053,2611274 6365177))
32656;POLYGON((2226456 6194651,2291184 6220431,2377527 6005422,2309352 5978999,2226456 6194651))
32657;POLYGON((1834194 6061560,1899978 6081206,1966019 5862898,1896935 5842822,1834194 6061560))
32658;POLYGON((1436888 5964477,1503372 5978210,1549924 5757739,1480258 5743736,1436888 5964477))
32659;POLYGON((1036398 5902261,1103301 5910247,1130978 5688480,1060973 5680349,1036398 5902261))
32660;POLYGON((634213 5874141,701305 5876481,710488 5654109,640333 5651728,634213 5874141))
