32701;POLYGON((173947 14768583,255466 14765182,247679 14543092,163555 14546468,173947 14768583))
32702;POLYGON((-315361 14809599,-233780 14800288,-257343 14577954,-341601 14587205,-315361 14809599))
32703;POLYGON((-805154 14886804,-723486 14871355,-763426 14648610,-847911 14663984,-805154 14886804))
32704;POLYGON((-1295371 15002067,-1213656 14980108,-1270988 14756949,-1355731 14778857,-1295371 15002067))
32705;POLYGON((-1785425 15158146,-1703808 15129155,-1779974 14905855,-1864900 14934876,-1785425 15158146))
32706;POLYGON((-2273916 15358686,-2192701 15321994,-2289575 15099247,-2374454 15136139,-2273916 15358686))
32707;POLYGON((-2758272 15608200,-2677988 15562997,-2797875 15342118,-2882247 15387817,-2758272 15608200))
32708;POLYGON((-3234283 15911975,-3155768 15857333,-3301370 15640527,-3384458 15696145,-3234283 15911975))
32709;POLYGON((-3695515 16275907,-3620026 16210813,-3794369 16001545,-3874959 16068347,-3695515 16275907))
32710;POLYGON((-4132573 16706187,-4061916 16629605,-4268223 16433090,-4344524 16512462,-4132573 16706187))
32711;POLYGON((-4532205 17208821,-4468902 17119790,-4710381 16943646,-4779842 17037027,-4532205 17208821))
32712;POLYGON((-4876213 17788918,-4823691 17686688,-5103227 17541790,-5162326 17650573,-4876213 17788918))
32713;POLYGON((-5140150 18449689,-5102980 18333908,-5422695 18235500,-5466682 18360893,-5140150 18449689))
32714;POLYGON((-5291791 19191096,-5275957 19062066,-5636617 19031178,-5659213 19174007,-5291791 19191096))
32715;POLYGON((-5289344 20008072,-5302560 19867078,-5702798 19932326,-5695843 20092779,-5289344 20008072))
32716;POLYGON((-5079392 20888244,-5131464 20737968,-5566779 20937817,-5519829 21115108,-5079392 20888244))
32717;POLYGON((-4594528 21809061,-4697771 21654110,-5159271 22039682,-5059135 22231631,-4594528 21809061))
32718;POLYGON((-3750676 22734250,-3920385 22581796,-4393233 23220330,-4223455 23422841,-3750676 22734250))
32719;POLYGON((-2444072 23609495,-2699047 23470052,-3160576 24449137,-2900839 24655558,-2444072 23609495))
32720;POLYGON((-547877 24357235,-911015 24245594,-1328452 25678292,-953924 25878648,-547877 24357235))
32721;POLYGON((2091591 24870474,1592640 24806807,1264874 26837824,1784273 27017898,2091591 24870474))
32722;POLYGON((5659037 25005487,4991145 25016645,4814617 27829698,5515025 27969952,5659037 25005487))
32723;POLYGON((10374790 24573291,9498552 24694315,9554529 28520884,10479036 28595196,10374790 24573291))
32724;POLYGON((16499860 23329764,15368721 23605634,15762469 28735280,16962091 28709476,16499860 23329764))
32725;POLYGON((24341467 20964267,22900765 21451906,23766495 28244381,25301248 28074549,24341467 20964267))
32726;POLYGON((34259062 17086629,32444991 17857194,33951509 26756557,35891569 26387122,34259062 17086629))
32727;POLYGON((46670864 11212349,44409346 12353825,46766476 23904841,49193438 23266368,46670864 11212349))
32728;POLYGON((62060936 2745856,59266404 4365991,62732244 19233057,65740488 18239772,62060936 2745856))
32729;POLYGON((80986821 -9038332,77560908 -6808736,82449986 12180177,86148146 10727180,80986821 -9038332))
32730;POLYGON((104087755 -25016719,99917881 -22020122,106610297 2062758,111122842 22891,104087755 -25016719))
32731;POLYGON((-94880466 -19163554,-98917881 -22020122,-105610297 2062758,-101242849 3994937,-94880466 -19163554))
32732;POLYGON((-73247641 -4690886,-76560908 -6808736,-81449986 12180177,-77875008 13548367,-73247641 -4690886))
32733;POLYGON((-55567176 5897932,-58266404 4365991,-61732244 19233057,-58828021 20160474,-55567176 5897932))
32734;POLYGON((-41228018 13426573,-43409346 12353825,-45766476 23904841,-43426856 24492992,-41228018 13426573))
32735;POLYGON((-29698000 18574982,-31444991 17857194,-32951509 26756557,-31084342 27088307,-29698000 18574982))
32736;POLYGON((-20515828 21899723,-21900765 21451906,-22766495 28244381,-21292181 28386689,-20515828 21899723))
32737;POLYGON((-13283630 23852092,-14368721 23605634,-14762469 28735280,-13612610 28741635,-13283630 23852092))
32738;POLYGON((-7660067 24794196,-8498552 24694315,-8554529 28520884,-7670689 28433446,-7660067 24794196))
32739;POLYGON((-3353966 25013140,-3991145 25016645,-3814617 27829698,-3147170 27681187,-3353966 25013140))
32740;POLYGON((-118467 24733478,-592640 24806807,-264874 26837824,228043 26653170,-118467 24733478))
32741;POLYGON((2254342 24128079,1911015 24245594,2328452 25678292,2681911 25476065,2254342 24128079))
32742;POLYGON((3938339 23327542,3699047 23470052,4160576 24449137,4403727 24242775,3938339 23327542))
32743;POLYGON((5077812 22428296,4920385 22581796,5393233 23220330,5550106 23019195,5077812 22428296))
32744;POLYGON((5791510 21499519,5697771 21654110,6159271 22039682,6249494 21849950,5791510 21499519))
32745;POLYGON((6176277 20588979,6131464 20737968,6566779 20937817,6606228 20763225,6176277 20588979))
32746;POLYGON((6310314 19727935,6302560 19867078,6702798 19932326,6704170 19774786,6310314 19727935))
32747;POLYGON((6256083 18935187,6275957 19062066,6636617 19031178,6609944 18891288,6256083 18935187))
32748;POLYGON((6062879 18220386,6102980 18333908,6422695 18235500,6375798 18112946,6062879 18220386))
32749;POLYGON((5769089 17586695,5823691 17686688,6103227 17541790,6042108 17435665,5769089 17586695))
32750;POLYGON((5404161 17032894,5468902 17119790,5710381 16943646,5639565 16852699,5404161 17032894))
32751;POLYGON((4990300 16555007,5061916 16629605,5268223 16433090,5191054 16355912,4990300 16555007))
32752;POLYGON((4543923 16147532,4620026 16210813,4794369 16001545,4713256 15936700,4543923 16147532))
32753;POLYGON((4076884 15804333,4155768 15857333,4301370 15640527,4217998 15586647,4076884 15804333))
32754;POLYGON((3597500 15519275,3677988 15562997,3797875 15342118,3713374 15297959,3597500 15519275))
32755;POLYGON((3111389 15286638,3192701 15321994,3289575 15099247,3204664 15063727,3111389 15286638))
32756;POLYGON((2622158 15101378,2703808 15129155,2779974 14905855,2695066 14878067,2622158 15101378))
32757;POLYGON((2131941 14959265,2213656 14980108,2270988 14756949,2186287 14736166,2131941 14959265))
32758;POLYGON((1641832 14856950,1723486 14871355,1763426 14648610,1678983 14634280,1641832 14856950))
32759;POLYGON((1152212 14791973,1233780 14800288,1257343 14577954,1173115 14569695,1152212 14791973))
32760;POLYGON((663019 14762755,744533 14765182,752320 14543092,668207 14540683,663019 14762755))
32601;POLYGON((173947 4768583,255466 4765182,247679 4543092,163555 4546468,173947 4768583))
32602;POLYGON((-315361 4809599,-233780 4800288,-257343 4577954,-341601 4587205,-315361 4809599))
32603;POLYGON((-805154 4886804,-723486 4871355,-763426 4648610,-847911 4663984,-805154 4886804))
32604;POLYGON((-1295371 5002067,-1213656 4980108,-1270988 4756949,-1355731 4778857,-1295371 5002067))
32605;POLYGON((-1785425 5158146,-1703808 5129155,-1779974 4905855,-1864900 4934876,-1785425 5158146))
32606;POLYGON((-2273916 5358686,-2192701 5321994,-2289575 5099247,-2374454 5136139,-2273916 5358686))
32607;POLYGON((-2758272 5608200,-2677988 5562997,-2797875 5342118,-2882247 5387817,-2758272 5608200))
32608;POLYGON((-3234283 5911975,-3155768 5857333,-3301370 5640527,-3384458 5696145,-3234283 5911975))
32609;POLYGON((-3695515 6275907,-3620026 6210813,-3794369 6001545,-3874959 6068347,-3695515 6275907))
32610;POLYGON((-4132573 6706187,-4061916 6629605,-4268223 6433090,-4344524 6512462,-4132573 6706187))
32611;POLYGON((-4532205 7208821,-4468902 7119790,-4710381 6943646,-4779842 7037027,-4532205 7208821))
32612;POLYGON((-4876213 7788918,-4823691 7686688,-5103227 7541790,-5162326 7650573,-4876213 7788918))
32613;POLYGON((-5140150 8449689,-5102980 8333908,-5422695 8235500,-5466682 8360893,-5140150 8449689))
32614;POLYGON((-5291791 9191096,-5275957 9062066,-5636617 9031178,-5659213 9174007,-5291791 9191096))
32615;POLYGON((-5289344 10008072,-5302560 9867078,-5702798 9932326,-5695843 10092779,-5289344 10008072))
32616;POLYGON((-5079392 10888244,-5131464 10737968,-5566779 10937817,-5519829 11115108,-5079392 10888244))
32617;POLYGON((-4594528 11809061,-4697771 11654110,-5159271 12039682,-5059135 12231631,-4594528 11809061))
32618;POLYGON((-3750676 12734250,-3920385 12581796,-4393233 13220330,-4223455 13422841,-3750676 12734250))
32619;POLYGON((-2444072 13609495,-2699047 13470052,-3160576 14449137,-2900839 14655558,-2444072 13609495))
32620;POLYGON((-547877 14357235,-911015 14245594,-1328452 15678292,-953924 15878648,-547877 14357235))
32621;POLYGON((2091591 14870474,1592640 14806807,1264874 16837824,1784273 17017898,2091591 14870474))
32622;POLYGON((5659037 15005487,4991145 15016645,4814617 17829698,5515025 17969952,5659037 15005487))
32623;POLYGON((10374790 14573291,9498552 14694315,9554529 18520884,10479036 18595196,10374790 14573291))
32624;POLYGON((16499860 13329764,15368721 13605634,15762469 18735280,16962091 18709476,16499860 13329764))
32625;POLYGON((24341467 10964267,22900765 11451906,23766495 18244381,25301248 18074549,24341467 10964267))
32626;POLYGON((34259062 7086629,32444991 7857194,33951509 16756557,35891569 16387122,34259062 7086629))
32627;POLYGON((46670864 1212349,44409346 2353825,46766476 13904841,49193438 13266368,46670864 1212349))
32628;POLYGON((62060936 -7254143,59266404 -5634008,62732244 9233057,65740488 8239772,62060936 -7254143))
32629;POLYGON((80986821 -19038332,77560908 -16808736,82449986 2180177,86148146 727180,80986821 -19038332))
32630;POLYGON((104087755 -35016719,99917881 -32020122,106610297 -7937241,111122842 -9977108,104087755 -35016719))
32631;POLYGON((-94880466 -29163554,-98917881 -32020122,-105610297 -7937241,-101242849 -6005062,-94880466 -29163554))
32632;POLYGON((-73247641 -14690886,-76560908 -16808736,-81449986 2180177,-77875008 3548367,-73247641 -14690886))
32633;POLYGON((-55567176 -4102067,-58266404 -5634008,-61732244 9233057,-58828021 10160474,-55567176 -4102067))
32634;POLYGON((-41228018 3426573,-43409346 2353825,-45766476 13904841,-43426856 14492992,-41228018 3426573))
32635;POLYGON((-29698000 8574982,-31444991 7857194,-32951509 16756557,-31084342 17088307,-29698000 8574982))
32636;POLYGON((-20515828 11899723,-21900765 11451906,-22766495 18244381,-21292181 18386689,-20515828 11899723))
32637;POLYGON((-13283630 13852092,-14368721 13605634,-14762469 18735280,-13612610 18741635,-13283630 13852092))
32638;POLYGON((-7660067 14794196,-8498552 14694315,-8554529 18520884,-7670689 18433446,-7660067 14794196))
32639;POLYGON((-3353966 15013140,-3991145 15016645,-3814617 17829698,-3147170 17681187,-3353966 15013140))
32640;POLYGON((-118467 14733478,-592640 14806807,-264874 16837824,228043 16653170,-118467 14733478))
32641;POLYGON((2254342 14128079,1911015 14245594,2328452 15678292,2681911 15476065,2254342 14128079))
32642;POLYGON((3938339 13327542,3699047 13470052,4160576 14449137,4403727 14242775,3938339 13327542))
32643;POLYGON((5077812 12428296,4920385 12581796,5393233 13220330,5550106 13019195,5077812 12428296))
32644;POLYGON((5791510 11499519,5697771 11654110,6159271 12039682,6249494 11849950,5791510 11499519))
32645;POLYGON((6176277 10588979,6131464 10737968,6566779 10937817,6606228 10763225,6176277 10588979))
32646;POLYGON((6310314 9727935,6302560 9867078,6702798 9932326,6704170 9774786,6310314 9727935))
32647;POLYGON((6256083 8935187,6275957 9062066,6636617 9031178,6609944 8891288,6256083 8935187))
32648;POLYGON((6062879 8220386,6102980 8333908,6422695 8235500,6375798 8112946,6062879 8220386))
32649;POLYGON((5769089 7586695,5823691 7686688,6103227 7541790,6042108 7435665,5769089 7586695))
32650;POLYGON((5404161 7032894,5468902 7119790,5710381 6943646,5639565 6852699,5404161 7032894))
32651;POLYGON((4990300 6555007,5061916 6629605,5268223 6433090,5191054 6355912,4990300 6555007))
32652;POLYGON((4543923 6147532,4620026 6210813,4794369 6001545,4713256 5936700,4543923 6147532))
32653;POLYGON((4076884 5804333,4155768 5857333,4301370 5640527,4217998 5586647,4076884 5804333))
32654;POLYGON((3597500 5519275,3677988 5562997,3797875 5342118,3713374 5297959,3597500 5519275))
32655;POLYGON((3111389 5286638,3192701 5321994,3289575 5099247,3204664 5063727,3111389 5286638))
32656;POLYGON((2622158 5101378,2703808 5129155,2779974 4905855,2695066 4878067,2622158 5101378))
32657;POLYGON((2131941 4959265,2213656 4980108,2270988 4756949,2186287 4736166,2131941 4959265))
32658;POLYGON((1641832 4856950,1723486 4871355,1763426 4648610,1678983 4634280,1641832 4856950))
32659;POLYGON((1152212 4791973,1233780 4800288,1257343 4577954,1173115 4569695,1152212 4791973))
32660;POLYGON((663019 4762755,744533 4765182,752320 4543092,668207 4540683,663019 4762755))
