32701;POLYGON((102948 7007265,202273 7010024,207728 6788302,110231 6785411,102948 7007265))
32702;POLYGON((-495135 6973875,-395111 6981475,-378522 6758385,-476637 6750424,-495135 6973875))
32703;POLYGON((-1099673 6910401,-998304 6923168,-969890 6697345,-1069186 6683991,-1099673 6910401))
32704;POLYGON((-1714549 6814082,-1611187 6832578,-1569734 6602673,-1670762 6583368,-1714549 6814082))
32705;POLYGON((-2343619 6680570,-2237627 6705645,-2181294 6470359,-2284575 6444268,-2343619 6680570))
32706;POLYGON((-2990629 6503543,-2881396 6536409,-2807560 6294572,-2913554 6260517,-2990629 6503543))
32707;POLYGON((-3659048 6274138,-3546024 6316479,-3451056 6067196,-3560118 6023559,-3659048 6274138))
32708;POLYGON((-4351812 5980153,-4234560 6034277,-4113519 5777182,-4225832 5721780,-4351812 5980153))
32709;POLYGON((-5070960 5604962,-4949222 5674003,-4795444 5409687,-4910929 5339601,-5070960 5604962))
32710;POLYGON((-5817124 5126074,-5690917 5214262,-5495472 4944929,-5613670 4856285,-5817124 5126074))
32711;POLYGON((-6588872 4513248,-6458612 4626256,-6209606 4356723,-6329528 4244409,-6588872 4513248))
32712;POLYGON((-7381874 3726075,-7248525 3871466,-6930216 3610610,-7050154 3467922,-7381874 3726075))
32713;POLYGON((-8187878 2710924,-8053137 2898706,-7644818 2661520,-7762122 2479719,-8187878 2710924))
32714;POLYGON((-8993459 1397123,-8859983 1640444,-8334609 1450866,-8445412 1218636,-8993459 1397123))
32715;POLYGON((-9778547 -307732,-9650212 8268,-8972718 -96999,-9071617 -394215,-9778547 -307732))
32716;POLYGON((-10514691 -2523503,-10396903 -2112662,-9522161 -2079088,-9601848 -2459885,-10514691 -2523503))
32717;POLYGON((-11163048 -5404398,-11063097 -4870299,-9933476 -4618941,-9984310 -5106903,-11163048 -5404398))
32718;POLYGON((-11672085 -9147208,-11599548 -8453702,-10142012 -7872765,-10151528 -8497595,-11672085 -9147208))
32719;POLYGON((-11974947 -14001048,-11942152 -13102519,-10064838 -12036684,-10017201 -12835526,-11974947 -14001048))
32720;POLYGON((-11986514 -20278793,-12009051 -19118127,-9597271 -17355218,-9472651 -18374203,-11986514 -20278793))
32721;POLYGON((-11600076 -28370413,-11697382 -26876634,-8608976 -24131159,-8382858 -25427192,-11600076 -28370413))
32722;POLYGON((-10683654 -38758401,-10879649 -36843944,-6939626 -32736965,-6582043 -34379790,-10683654 -38758401))
32723;POLYGON((-9075909 -52035529,-9399707 -49593113,-4394097 -43627861,-3868781 -45702417,-9075909 -52035529))
32724;POLYGON((-6581644 -68925152,-7068332 -65824205,-737173 -57356798,-623 -59965906,-6581644 -68925152))
32725;POLYGON((-2966862 -90304307,-3658358 -86386914,4312264 -74591443,5311801 -77858850,-2966862 -90304307))
32726;POLYGON((2046625 -117229865,1100644 -112306184,11087584 -96133407,12411227 -100207219,2046625 -117229865))
32727;POLYGON((8787073 -150967989,7528157 -144811103,19981317 -122939879,21700756 -127996416,8787073 -150967989))
32728;POLYGON((17639171 -193027193,15999001 -185367336,31452646 -156147883,33651453 -162395991,17639171 -193027193))
32729;POLYGON((29050929 -245195278,26950130 -235713397,46035518 -197101365,48810555 -204787223,29050929 -245195278))
32730;POLYGON((43541102 -309580440,40887971 -297901042,64347377 -247381330,67810321 -256793781,43541102 -309580440))
32731;POLYGON((-37333828 -286616601,-39887971 -297901042,-63347377 -247381330,-60007516 -238278688,-37333828 -286616601))
32732;POLYGON((-23932122 -226559645,-25950130 -235713397,-45035518 -197101365,-42363854 -189673970,-23932122 -226559645))
32733;POLYGON((-13427571 -177978715,-14999001 -185367336,-30452646 -156147883,-28340083 -150114395,-13427571 -177978715))
32734;POLYGON((-5325861 -138877252,-6528157 -144811103,-18981317 -122939879,-17333309 -118060698,-5325861 -138877252))
32735;POLYGON((799113 -107564907,-100644 -112306184,-10087584 -96133407,-8822636 -92205428,799113 -107564907))
32736;POLYGON((5312492 -82617855,4658358 -86386914,-3312264 -74591443,-2360535 -71443335,5312492 -82617855))
32737;POLYGON((8525157 -62843187,8068332 -65824205,1737173 -57356798,2435159 -54844770,8525157 -62843187))
32738;POLYGON((10699938 -47247081,10399707 -49593113,5394097 -43627861,5888644 -41631882,10699938 -47247081))
32739;POLYGON((12057323 -35006476,11879649 -36843944,7939626 -32736965,8272961 -31157395,12057323 -35006476))
32740;POLYGON((12780695 -25443970,12697382 -26876634,9608976 -24131159,9816254 -22885770,12780695 -25443970))
32741;POLYGON((13021128 -18005674,13009051 -19118127,10597271 -17355218,10707494 -16376562,13021128 -18005674))
32742;POLYGON((12901745 -12241790,12942152 -13102519,11064838 -12036684,11101688 -11269784,12901745 -12241790))
32743;POLYGON((12521667 -7789653,12599548 -8453702,11142012 -7872765,11124608 -7273107,12521667 -7789653))
32744;POLYGON((11959576 -4359025,12063097 -4870299,10933476 -4618941,10877051 -4150721,11959576 -4359025))
32745;POLYGON((11276907 -1719416,11396903 -2112662,10522161 -2079088,10438671 -1713711,11276907 -1719416))
32746;POLYGON((10520691 310766,10650212 8268,9972718 -96999,9871384 188214,10520691 310766))
32747;POLYGON((9726063 1873439,9859983 1640444,9334609 1450866,9222394 1673776,9726063 1873439))
32748;POLYGON((8918473 3078603,9053137 2898706,8644818 2661520,8526843 2836093,8918473 3078603))
32749;POLYGON((8115595 4010838,8248525 3871466,7930216 3610610,7810124 3747691,8115595 4010838))
32750;POLYGON((7328977 4734660,7458612 4626256,7209606 4356723,7089875 4464675,7328977 4734660))
32751;POLYGON((6565439 5298908,6690917 5214262,6495472 4944929,6377674 5030163,6565439 5298908))
32752;POLYGON((5828238 5740297,5949222 5674003,5795444 5409687,5680468 5477086,5828238 5740297))
32753;POLYGON((5118036 6086245,5234560 6034277,5113519 5777182,5001751 5830444,5118036 6086245))
32754;POLYGON((4433667 6357100,4546024 6316479,4451056 6067196,4342524 6109101,4433667 6357100))
32755;POLYGON((3772744 6567874,3881396 6536409,3807560 6294572,3702046 6327201,3772744 6567874))
32756;POLYGON((3132117 6729550,3237627 6705645,3181294 6470359,3078422 6495247,3132117 6729550))
32757;POLYGON((2508202 6850070,2611187 6832578,2569734 6602673,2469032 6620937,2508202 6850070))
32758;POLYGON((1897204 6935042,1998304 6923168,1969890 6697345,1870830 6709769,1897204 6935042))
32759;POLYGON((1295248 6988251,1395111 6981475,1378522 6758385,1280550 6765485,1295248 6988251))
32760;POLYGON((698454 7011991,797726 7010024,792271 6788302,694820 6790365,698454 7011991))
32601;POLYGON((102948 -2992734,202273 -2989975,207728 -3211697,110231 -3214588,102948 -2992734))
32602;POLYGON((-495135 -3026124,-395111 -3018524,-378522 -3241614,-476637 -3249575,-495135 -3026124))
32603;POLYGON((-1099673 -3089598,-998304 -3076831,-969890 -3302654,-1069186 -3316008,-1099673 -3089598))
32604;POLYGON((-1714549 -3185917,-1611187 -3167421,-1569734 -3397326,-1670762 -3416631,-1714549 -3185917))
32605;POLYGON((-2343619 -3319429,-2237627 -3294354,-2181294 -3529640,-2284575 -3555731,-2343619 -3319429))
32606;POLYGON((-2990629 -3496456,-2881396 -3463590,-2807560 -3705427,-2913554 -3739482,-2990629 -3496456))
32607;POLYGON((-3659048 -3725861,-3546024 -3683520,-3451056 -3932803,-3560118 -3976440,-3659048 -3725861))
32608;POLYGON((-4351812 -4019846,-4234560 -3965722,-4113519 -4222817,-4225832 -4278219,-4351812 -4019846))
32609;POLYGON((-5070960 -4395037,-4949222 -4325996,-4795444 -4590312,-4910929 -4660398,-5070960 -4395037))
32610;POLYGON((-5817124 -4873925,-5690917 -4785737,-5495472 -5055070,-5613670 -5143714,-5817124 -4873925))
32611;POLYGON((-6588872 -5486751,-6458612 -5373743,-6209606 -5643276,-6329528 -5755590,-6588872 -5486751))
32612;POLYGON((-7381874 -6273924,-7248525 -6128533,-6930216 -6389389,-7050154 -6532077,-7381874 -6273924))
32613;POLYGON((-8187878 -7289075,-8053137 -7101293,-7644818 -7338479,-7762122 -7520280,-8187878 -7289075))
32614;POLYGON((-8993459 -8602876,-8859983 -8359555,-8334609 -8549133,-8445412 -8781363,-8993459 -8602876))
32615;POLYGON((-9778547 -10307732,-9650212 -9991731,-8972718 -10096999,-9071617 -10394215,-9778547 -10307732))
32616;POLYGON((-10514691 -12523503,-10396903 -12112662,-9522161 -12079088,-9601848 -12459885,-10514691 -12523503))
32617;POLYGON((-11163048 -15404398,-11063097 -14870299,-9933476 -14618941,-9984310 -15106903,-11163048 -15404398))
32618;POLYGON((-11672085 -19147208,-11599548 -18453702,-10142012 -17872765,-10151528 -18497595,-11672085 -19147208))
32619;POLYGON((-11974947 -24001048,-11942152 -23102519,-10064838 -22036684,-10017201 -22835526,-11974947 -24001048))
32620;POLYGON((-11986514 -30278793,-12009051 -29118127,-9597271 -27355218,-9472651 -28374203,-11986514 -30278793))
32621;POLYGON((-11600076 -38370413,-11697382 -36876634,-8608976 -34131159,-8382858 -35427192,-11600076 -38370413))
32622;POLYGON((-10683654 -48758401,-10879649 -46843944,-6939626 -42736965,-6582043 -44379790,-10683654 -48758401))
32623;POLYGON((-9075909 -62035529,-9399707 -59593113,-4394097 -53627861,-3868781 -55702417,-9075909 -62035529))
32624;POLYGON((-6581644 -78925152,-7068332 -75824205,-737173 -67356798,-623 -69965906,-6581644 -78925152))
32625;POLYGON((-2966862 -100304307,-3658358 -96386914,4312264 -84591443,5311801 -87858850,-2966862 -100304307))
32626;POLYGON((2046625 -127229865,1100644 -122306184,11087584 -106133407,12411227 -110207219,2046625 -127229865))
32627;POLYGON((8787073 -160967989,7528157 -154811103,19981317 -132939879,21700756 -137996416,8787073 -160967989))
32628;POLYGON((17639171 -203027193,15999001 -195367336,31452646 -166147883,33651453 -172395991,17639171 -203027193))
32629;POLYGON((29050929 -255195278,26950130 -245713397,46035518 -207101365,48810555 -214787223,29050929 -255195278))
32630;POLYGON((43541102 -319580440,40887971 -307901042,64347377 -257381330,67810321 -266793781,43541102 -319580440))
32631;POLYGON((-37333828 -296616601,-39887971 -307901042,-63347377 -257381330,-60007516 -248278688,-37333828 -296616601))
32632;POLYGON((-23932122 -236559645,-25950130 -245713397,-45035518 -207101365,-42363854 -199673970,-23932122 -236559645))
32633;POLYGON((-13427571 -187978715,-14999001 -195367336,-30452646 -166147883,-28340083 -160114395,-13427571 -187978715))
32634;POLYGON((-5325861 -148877252,-6528157 -154811103,-18981317 -132939879,-17333309 -128060698,-5325861 -148877252))
32635;POLYGON((799113 -117564907,-100644 -122306184,-10087584 -106133407,-8822636 -102205428,799113 -117564907))
32636;POLYGON((5312492 -92617855,4658358 -96386914,-3312264 -84591443,-2360535 -81443335,5312492 -92617855))
32637;POLYGON((8525157 -72843187,8068332 -75824205,1737173 -67356798,2435159 -64844770,8525157 -72843187))
32638;POLYGON((10699938 -57247081,10399707 -59593113,5394097 -53627861,5888644 -51631882,10699938 -57247081))
32639;POLYGON((12057323 -45006476,11879649 -46843944,7939626 -42736965,8272961 -41157395,12057323 -45006476))
32640;POLYGON((12780695 -35443970,12697382 -36876634,9608976 -34131159,9816254 -32885770,12780695 -35443970))
32641;POLYGON((13021128 -28005674,13009051 -29118127,10597271 -27355218,10707494 -26376562,13021128 -28005674))
32642;POLYGON((12901745 -22241790,12942152 -23102519,11064838 -22036684,11101688 -21269784,12901745 -22241790))
32643;POLYGON((12521667 -17789653,12599548 -18453702,11142012 -17872765,11124608 -17273107,12521667 -17789653))
32644;POLYGON((11959576 -14359025,12063097 -14870299,10933476 -14618941,10877051 -14150721,11959576 -14359025))
32645;POLYGON((11276907 -11719416,11396903 -12112662,10522161 -12079088,10438671 -11713711,11276907 -11719416))
32646;POLYGON((10520691 -9689233,10650212 -9991731,9972718 -10096999,9871384 -9811785,10520691 -9689233))
32647;POLYGON((9726063 -8126560,9859983 -8359555,9334609 -8549133,9222394 -8326223,9726063 -8126560))
32648;POLYGON((8918473 -6921396,9053137 -7101293,8644818 -7338479,8526843 -7163906,8918473 -6921396))
32649;POLYGON((8115595 -5989161,8248525 -6128533,7930216 -6389389,7810124 -6252308,8115595 -5989161))
32650;POLYGON((7328977 -5265339,7458612 -5373743,7209606 -5643276,7089875 -5535324,7328977 -5265339))
32651;POLYGON((6565439 -4701091,6690917 -4785737,6495472 -5055070,6377674 -4969836,6565439 -4701091))
32652;POLYGON((5828238 -4259702,5949222 -4325996,5795444 -4590312,5680468 -4522913,5828238 -4259702))
32653;POLYGON((5118036 -3913754,5234560 -3965722,5113519 -4222817,5001751 -4169555,5118036 -3913754))
32654;POLYGON((4433667 -3642899,4546024 -3683520,4451056 -3932803,4342524 -3890898,4433667 -3642899))
32655;POLYGON((3772744 -3432125,3881396 -3463590,3807560 -3705427,3702046 -3672798,3772744 -3432125))
32656;POLYGON((3132117 -3270449,3237627 -3294354,3181294 -3529640,3078422 -3504752,3132117 -3270449))
32657;POLYGON((2508202 -3149929,2611187 -3167421,2569734 -3397326,2469032 -3379062,2508202 -3149929))
32658;POLYGON((1897204 -3064957,1998304 -3076831,1969890 -3302654,1870830 -3290230,1897204 -3064957))
32659;POLYGON((1295248 -3011748,1395111 -3018524,1378522 -3241614,1280550 -3234514,1295248 -3011748))
32660;POLYGON((698454 -2988008,797726 -2989975,792271 -3211697,694820 -3209634,698454 -2988008))
