32701;POLYGON((110231 6785411,207728 6788302,213539 6566533,117989 6563523,110231 6785411))
32702;POLYGON((-476637 6750424,-378522 6758385,-360862 6535395,-456947 6527113,-476637 6750424))
32703;POLYGON((-1069186 6683991,-969890 6697345,-939684 6471930,-1036785 6458056,-1069186 6683991))
32704;POLYGON((-1670762 6583368,-1569734 6602673,-1525761 6373672,-1624334 6353662,-1670762 6583368))
32705;POLYGON((-2284575 6444268,-2181294 6470359,-2121718 6236711,-2222170 6209754,-2284575 6444268))
32706;POLYGON((-2913554 6260517,-2807560 6294572,-2729795 6055413,-2832443 6020378,-2913554 6260517))
32707;POLYGON((-3560118 6023559,-3451056 6067196,-3351571 5822033,-3456589 5777388,-3560118 6023559))
32708;POLYGON((-4225832 5721780,-4113519 5777182,-3987578 5526186,-4094918 5469898,-4225832 5721780))
32709;POLYGON((-4910929 5339601,-4795444 5409687,-4636764 5154154,-4746050 5083554,-4910929 5339601))
32710;POLYGON((-5613670 4856285,-5495472 4944929,-5295788 4687997,-5406178 4599608,-5613670 4856285))
32711;POLYGON((-6329528 4244409,-6209606 4356723,-5958105 4104428,-6068123 3993756,-6329528 4244409))
32712;POLYGON((-7050154 3467922,-6930216 3610610,-6612839 3373412,-6720158 3234679,-7050154 3467922))
32713;POLYGON((-7762122 2479719,-7644818 2661520,-7243397 2456435,-7344581 2282256,-7762122 2479719))
32714;POLYGON((-8445412 1218636,-8334609 1450866,-7825800 1304402,-7916002 1085393,-8445412 1218636))
32715;POLYGON((-9071617 -394215,-8972718 -96999,-8326716 -144914,-8399315 -420607,-9071617 -394215))
32716;POLYGON((-9601848 -2459885,-9522161 -2079088,-8701158 -1969924,-8747342 -2317186,-9601848 -2459885))
32717;POLYGON((-9984310 -5106903,-9933476 -4618941,-8889823 -4268835,-8898107 -4706251,-9984310 -5106903))
32718;POLYGON((-10151528 -8497595,-10142012 -7872765,-8816046 -7163935,-8771729 -7714566,-10151528 -8497595))
32719;POLYGON((-10017201 -12835526,-10064838 -12036684,-8382340 -10806583,-8266883 -11498877,-10017201 -12835526))
32720;POLYGON((-9472651 -18374203,-9597271 -17355218,-7466507 -15383028,-7256841 -16251877,-9472651 -18374203))
32721;POLYGON((-8382858 -25427192,-8608976 -24131159,-5917269 -21121133,-5585021 -22209086,-8382858 -25427192))
32722;POLYGON((-6582043 -34379790,-6939626 -32736965,-3549421 -28298094,-3060057 -29656750,-6582043 -34379790))
32723;POLYGON((-3868781 -45702417,-4394097 -43627861,-138462 -37249274,549662 -38940869,-3868781 -45702417))
32724;POLYGON((-623 -59965906,-737173 -57356798,4585321 -48378246,5522002 -50477450,-623 -59965906))
32725;POLYGON((5311801 -77858850,4312264 -74591443,10943343 -62168156,12187664 -64764108,5311801 -77858850))
32726;POLYGON((12411227 -100207219,11087584 -96133407,19315796 -79194540,20937368 -82393131,12411227 -100207219))
32727;POLYGON((21700756 -127996416,19981317 -122939879,30149360 -100139702,32229672 -104066131,21700756 -127996416))
32728;POLYGON((33651453 -162395991,31452646 -156147883,43965563 -125808786,46599437 -130610416,33651453 -162395991))
32729;POLYGON((48810555 -204787223,46035518 -197101365,61369814 -157147686,64666979 -162997216,48810555 -204787223))
32730;POLYGON((67810321 -256793781,64347377 -247381330,83061142 -195262920,87147929 -202361898,67810321 -256793781))
32731;POLYGON((-60007516 -238278688,-63347377 -247381330,-82061142 -195262920,-78115489 -188387518,-60007516 -238278688))
32732;POLYGON((-42363854 -189673970,-45035518 -197101365,-60369814 -157147686,-57191501 -151485977,-42363854 -189673970))
32733;POLYGON((-28340083 -150114395,-30452646 -156147883,-42965563 -125808786,-40431147 -121164289,-28340083 -150114395))
32734;POLYGON((-17333309 -118060698,-18981317 -122939879,-29149360 -100139702,-27151711 -96344177,-17333309 -118060698))
32735;POLYGON((-8822636 -92205428,-10087584 -96133407,-18315796 -79194540,-16762419 -76104529,-8822636 -92205428))
32736;POLYGON((-2360535 -71443335,-3312264 -74591443,-9943343 -62168156,-8754829 -59661866,-2360535 -71443335))
32737;POLYGON((2435159 -54844770,1737173 -57356798,-3585321 -48378246,-2693903 -46352749,2435159 -54844770))
32738;POLYGON((5888644 -41631882,5394097 -43627861,1138462 -37249274,1790236 -35617995,5888644 -41631882))
32739;POLYGON((8272961 -31157395,7939626 -32736965,4549421 -28298094,5009911 -26988568,8272961 -31157395))
32740;POLYGON((9816254 -22885770,9608976 -24131159,6917269 -21121133,7226865 -20073017,9816254 -22885770))
32741;POLYGON((10707494 -16376562,10597271 -17355218,8466507 -15383028,8658654 -14546337,10707494 -16376562))
32742;POLYGON((11101688 -11269784,11064838 -12036684,9382340 -10806583,9484470 -10140134,11101688 -11269784))
32743;POLYGON((11124608 -7273107,11142012 -7872765,9816046 -7163935,9850420 -6633991,11124608 -7273107))
32744;POLYGON((10877051 -4150721,10933476 -4618941,9889823 -4268835,9874296 -3847915,10877051 -4150721))
32745;POLYGON((10438671 -1713711,10522161 -2079088,9701158 -1969924,9649853 -1635771,10438671 -1713711))
32746;POLYGON((9871384 188214,9972718 -96999,9326716 -144914,9250636 120386,9871384 188214))
32747;POLYGON((9222394 1673776,9334609 1450866,8825800 1304402,8733360 1515189,9222394 1673776))
32748;POLYGON((8526843 2836093,8644818 2661520,8243397 2456435,8140896 2624114,8526843 2836093))
32749;POLYGON((7810124 3747691,7930216 3610610,7612839 3373412,7504866 3507003,7810124 3747691))
32750;POLYGON((7089875 4464675,7209606 4356723,6958105 4104428,6847889 4211023,7089875 4464675))
32751;POLYGON((6377674 5030163,6495472 4944929,6295788 4687997,6185498 4773139,6377674 5030163))
32752;POLYGON((5680468 5477086,5795444 5409687,5636764 5154154,5527759 5222152,5680468 5477086))
32753;POLYGON((5001751 5830444,5113519 5777182,4987578 5526186,4880609 5580367,5001751 5830444))
32754;POLYGON((4342524 6109101,4451056 6067196,4351571 5822033,4246951 5864950,4342524 6109101))
32755;POLYGON((3702046 6327201,3807560 6294572,3729795 6055413,3627530 6089008,3702046 6327201))
32756;POLYGON((3078422 6495247,3181294 6470359,3121718 6236711,3021604 6262441,3078422 6495247))
32757;POLYGON((2469032 6620937,2569734 6602673,2525761 6373672,2427462 6392611,2469032 6620937))
32758;POLYGON((1870830 6709769,1969890 6697345,1939684 6471930,1842784 6484840,1870830 6709769))
32759;POLYGON((1280550 6765485,1378522 6758385,1360862 6535395,1264900 6542782,1280550 6765485))
32760;POLYGON((694820 6790365,792271 6788302,786460 6566533,690950 6568681,694820 6790365))
32601;POLYGON((110231 -3214588,207728 -3211697,213539 -3433466,117989 -3436476,110231 -3214588))
32602;POLYGON((-476637 -3249575,-378522 -3241614,-360862 -3464604,-456947 -3472886,-476637 -3249575))
32603;POLYGON((-1069186 -3316008,-969890 -3302654,-939684 -3528069,-1036785 -3541943,-1069186 -3316008))
32604;POLYGON((-1670762 -3416631,-1569734 -3397326,-1525761 -3626327,-1624334 -3646337,-1670762 -3416631))
32605;POLYGON((-2284575 -3555731,-2181294 -3529640,-2121718 -3763288,-2222170 -3790245,-2284575 -3555731))
32606;POLYGON((-2913554 -3739482,-2807560 -3705427,-2729795 -3944586,-2832443 -3979621,-2913554 -3739482))
32607;POLYGON((-3560118 -3976440,-3451056 -3932803,-3351571 -4177966,-3456589 -4222611,-3560118 -3976440))
32608;POLYGON((-4225832 -4278219,-4113519 -4222817,-3987578 -4473813,-4094918 -4530101,-4225832 -4278219))
32609;POLYGON((-4910929 -4660398,-4795444 -4590312,-4636764 -4845845,-4746050 -4916445,-4910929 -4660398))
32610;POLYGON((-5613670 -5143714,-5495472 -5055070,-5295788 -5312002,-5406178 -5400391,-5613670 -5143714))
32611;POLYGON((-6329528 -5755590,-6209606 -5643276,-5958105 -5895571,-6068123 -6006243,-6329528 -5755590))
32612;POLYGON((-7050154 -6532077,-6930216 -6389389,-6612839 -6626587,-6720158 -6765320,-7050154 -6532077))
32613;POLYGON((-7762122 -7520280,-7644818 -7338479,-7243397 -7543564,-7344581 -7717743,-7762122 -7520280))
32614;POLYGON((-8445412 -8781363,-8334609 -8549133,-7825800 -8695597,-7916002 -8914606,-8445412 -8781363))
32615;POLYGON((-9071617 -10394215,-8972718 -10096999,-8326716 -10144914,-8399315 -10420607,-9071617 -10394215))
32616;POLYGON((-9601848 -12459885,-9522161 -12079088,-8701158 -11969924,-8747342 -12317186,-9601848 -12459885))
32617;POLYGON((-9984310 -15106903,-9933476 -14618941,-8889823 -14268835,-8898107 -14706251,-9984310 -15106903))
32618;POLYGON((-10151528 -18497595,-10142012 -17872765,-8816046 -17163935,-8771729 -17714566,-10151528 -18497595))
32619;POLYGON((-10017201 -22835526,-10064838 -22036684,-8382340 -20806583,-8266883 -21498877,-10017201 -22835526))
32620;POLYGON((-9472651 -28374203,-9597271 -27355218,-7466507 -25383028,-7256841 -26251877,-9472651 -28374203))
32621;POLYGON((-8382858 -35427192,-8608976 -34131159,-5917269 -31121133,-5585021 -32209086,-8382858 -35427192))
32622;POLYGON((-6582043 -44379790,-6939626 -42736965,-3549421 -38298094,-3060057 -39656750,-6582043 -44379790))
32623;POLYGON((-3868781 -55702417,-4394097 -53627861,-138462 -47249274,549662 -48940869,-3868781 -55702417))
32624;POLYGON((-623 -69965906,-737173 -67356798,4585321 -58378246,5522002 -60477450,-623 -69965906))
32625;POLYGON((5311801 -87858850,4312264 -84591443,10943343 -72168156,12187664 -74764108,5311801 -87858850))
32626;POLYGON((12411227 -110207219,11087584 -106133407,19315796 -89194540,20937368 -92393131,12411227 -110207219))
32627;POLYGON((21700756 -137996416,19981317 -132939879,30149360 -110139702,32229672 -114066131,21700756 -137996416))
32628;POLYGON((33651453 -172395991,31452646 -166147883,43965563 -135808786,46599437 -140610416,33651453 -172395991))
32629;POLYGON((48810555 -214787223,46035518 -207101365,61369814 -167147686,64666979 -172997216,48810555 -214787223))
32630;POLYGON((67810321 -266793781,64347377 -257381330,83061142 -205262920,87147929 -212361898,67810321 -266793781))
32631;POLYGON((-60007516 -248278688,-63347377 -257381330,-82061142 -205262920,-78115489 -198387518,-60007516 -248278688))
32632;POLYGON((-42363854 -199673970,-45035518 -207101365,-60369814 -167147686,-57191501 -161485977,-42363854 -199673970))
32633;POLYGON((-28340083 -160114395,-30452646 -166147883,-42965563 -135808786,-40431147 -131164289,-28340083 -160114395))
32634;POLYGON((-17333309 -128060698,-18981317 -132939879,-29149360 -110139702,-27151711 -106344177,-17333309 -128060698))
32635;POLYGON((-8822636 -102205428,-10087584 -106133407,-18315796 -89194540,-16762419 -86104529,-8822636 -102205428))
32636;POLYGON((-2360535 -81443335,-3312264 -84591443,-9943343 -72168156,-8754829 -69661866,-2360535 -81443335))
32637;POLYGON((2435159 -64844770,1737173 -67356798,-3585321 -58378246,-2693903 -56352749,2435159 -64844770))
32638;POLYGON((5888644 -51631882,5394097 -53627861,1138462 -47249274,1790236 -45617995,5888644 -51631882))
32639;POLYGON((8272961 -41157395,7939626 -42736965,4549421 -38298094,5009911 -36988568,8272961 -41157395))
32640;POLYGON((9816254 -32885770,9608976 -34131159,6917269 -31121133,7226865 -30073017,9816254 -32885770))
32641;POLYGON((10707494 -26376562,10597271 -27355218,8466507 -25383028,8658654 -24546337,10707494 -26376562))
32642;POLYGON((11101688 -21269784,11064838 -22036684,9382340 -20806583,9484470 -20140134,11101688 -21269784))
32643;POLYGON((11124608 -17273107,11142012 -17872765,9816046 -17163935,9850420 -16633991,11124608 -17273107))
32644;POLYGON((10877051 -14150721,10933476 -14618941,9889823 -14268835,9874296 -13847915,10877051 -14150721))
32645;POLYGON((10438671 -11713711,10522161 -12079088,9701158 -11969924,9649853 -11635771,10438671 -11713711))
32646;POLYGON((9871384 -9811785,9972718 -10096999,9326716 -10144914,9250636 -9879613,9871384 -9811785))
32647;POLYGON((9222394 -8326223,9334609 -8549133,8825800 -8695597,8733360 -8484810,9222394 -8326223))
32648;POLYGON((8526843 -7163906,8644818 -7338479,8243397 -7543564,8140896 -7375885,8526843 -7163906))
32649;POLYGON((7810124 -6252308,7930216 -6389389,7612839 -6626587,7504866 -6492996,7810124 -6252308))
32650;POLYGON((7089875 -5535324,7209606 -5643276,6958105 -5895571,6847889 -5788976,7089875 -5535324))
32651;POLYGON((6377674 -4969836,6495472 -5055070,6295788 -5312002,6185498 -5226860,6377674 -4969836))
32652;POLYGON((5680468 -4522913,5795444 -4590312,5636764 -4845845,5527759 -4777847,5680468 -4522913))
32653;POLYGON((5001751 -4169555,5113519 -4222817,4987578 -4473813,4880609 -4419632,5001751 -4169555))
32654;POLYGON((4342524 -3890898,4451056 -3932803,4351571 -4177966,4246951 -4135049,4342524 -3890898))
32655;POLYGON((3702046 -3672798,3807560 -3705427,3729795 -3944586,3627530 -3910991,3702046 -3672798))
32656;POLYGON((3078422 -3504752,3181294 -3529640,3121718 -3763288,3021604 -3737558,3078422 -3504752))
32657;POLYGON((2469032 -3379062,2569734 -3397326,2525761 -3626327,2427462 -3607388,2469032 -3379062))
32658;POLYGON((1870830 -3290230,1969890 -3302654,1939684 -3528069,1842784 -3515159,1870830 -3290230))
32659;POLYGON((1280550 -3234514,1378522 -3241614,1360862 -3464604,1264900 -3457217,1280550 -3234514))
32660;POLYGON((694820 -3209634,792271 -3211697,786460 -3433466,690950 -3431318,694820 -3209634))
