32701;POLYGON((96148 12770911,197181 12768300,192457 12546667,89840 12549120,96148 12770911))
32702;POLYGON((-512419 12802541,-410608 12795340,-424992 12572066,-528464 12578833,-512419 12802541))
32703;POLYGON((-1128199 12862732,-1024882 12850619,-1049583 12624035,-1154717 12635432,-1128199 12862732))
32704;POLYGON((-1755608 12954232,-1650042 12936645,-1686225 12705039,-1793859 12721618,-1755608 12954232))
32705;POLYGON((-2399160 13081394,-2290586 13057482,-2340042 12819086,-2451055 12841693,-2399160 13081394))
32706;POLYGON((-3063435 13250606,-2951088 13219139,-3016419 12972157,-3131736 13002020,-3063435 13250606))
32707;POLYGON((-3753005 13470923,-3636129 13430171,-3721020 13172846,-3841610 13211714,-3753005 13470923))
32708;POLYGON((-4472279 13754967,-4350160 13702531,-4459762 13433300,-4586632 13483627,-4472279 13754967))
32709;POLYGON((-5225264 14120178,-5097275 14052751,-5238736 13770522,-5372907 13835733,-5225264 14120178))
32710;POLYGON((-6015225 14590482,-5880891 14503541,-6064063 14208159,-6206546 14292996,-6015225 14590482))
32711;POLYGON((-6844223 15198507,-6703308 15085897,-6941685 14778878,-7093433 14889870,-6844223 15198507))
32712;POLYGON((-7712526 15988439,-7565138 15841848,-7877065 15527476,-8038917 15673535,-7712526 15988439))
32713;POLYGON((-8617864 17019664,-8464595 16827959,-8874803 16514875,-9047409 16708058,-8617864 17019664))
32714;POLYGON((-9554530 18371348,-9396613 18119734,-9938147 17823167,-10121875 18079637,-9554530 18371348))
32715;POLYGON((-10512292 20148090,-10351798 19817092,-11068392 19561902,-11263221 19903106,-10512292 20148090))
32716;POLYGON((-11475115 22486858,-11315181 22051063,-12264167 21875821,-12469551 22329938,-11475115 22486858))
32717;POLYGON((-12419677 25565364,-12264766 24991919,-13520580 24954255,-13735294 25557938,-12419677 25565364))
32718;POLYGON((-13313651 29612106,-13169855 28858921,-14828235 29042424,-15050197 29842888,-13313651 29612106))
32719;POLYGON((-14113754 34918280,-13989138 33931902,-16172090 34454900,-16398156 35512393,-14113754 34918280))
32720;POLYGON((-14763535 41851809,-14668524 40564924,-17530165 41591495,-17755898 42982205,-14763535 41851809))
32721;POLYGON((-15190896 50873714,-15138708 49202249,-18872076 50955874,-19091481 52775313,-15190896 50873714))
32722;POLYGON((-15305326 62557113,-15312450 60396872,-20157392 63177189,-20362628 65544119,-15305326 62557113))
32723;POLYGON((-14994825 77609104,-15081560 74831911,-21333806 79035064,-21514862 82096007,-14994825 77609104))
32724;POLYGON((-14122525 96895836,-14313562 93345121,-22335108 99488268,-22479443 103422670,-14122525 96895836))
32725;POLYGON((-12522963 121471062,-12848034 116956848,-23078952 125707430,-23171103 130733534,-12522963 121471062))
32726;POLYGON((-9998018 152608497,-10492595 146901728,-23464401 159112180,-23485555 165493669,-9998018 152608497))
32727;POLYGON((-6312478 191838315,-7018538 184664471,-23369256 201413093,-23296779 209466582,-6312478 191838315))
32728;POLYGON((-1189233 240988134,-2156086 232020074,-22647144 254658857,-22454070 264762288,-1189233 240988134))
32729;POLYGON((5695935 302228843,4410748 291078813,-21124353 321289081,-20778838 333891102,5695935 302228843))
32730;POLYGON((14719962 378125653,13049707 364336403,-18596431 404193185,-18061155 419823594,14719962 378125653))
32731;POLYGON((-10448686 351022016,-12049707 364336403,19596431 404193185,20097236 389108083,-10448686 351022016))
32732;POLYGON((-2182991 280322205,-3410748 291078813,22124353 321289081,22442025 309137954,-2182991 280322205))
32733;POLYGON((4075711 223376234,3156086 232020074,23647144 254658857,23818045 244926207,4075711 223376234))
32734;POLYGON((8686135 177756341,8018538 184664471,24369256 201413093,24424379 193662750,8686135 177756341))
32735;POLYGON((11956191 141411469,11492595 146901728,24464401 159112180,24429950 152977047,11956191 141411469))
32736;POLYGON((14148467 112617993,13848034 116956848,24078952 125707430,23976892 120880273,14148467 112617993))
32737;POLYGON((15485296 89935551,15313562 93345121,23335108 99488268,23183663 95713472,15485296 89935551))
32738;POLYGON((16153438 72167590,16081560 74831911,22333806 79035064,22147922 76101294,16153438 72167590))
32739;POLYGON((16308389 58326295,16312450 60396872,21157392 63177189,20949162 60910873,16308389 58326295))
32740;POLYGON((16078332 47601527,16138708 49202249,19872076 50955874,19651126 49215456,16078332 47601527))
32741;POLYGON((15567743 39333470,15668524 40564924,18530165 41591495,18304006 40262386,15567743 39333470))
32742;POLYGON((14860670 32988655,14989138 33931902,17172090 34454900,16946437 33445066,14860670 32988655))
32743;POLYGON((14023704 28139069,14169855 28858921,15828235 29042424,15607294 28278556,14023704 28139069))
32744;POLYGON((13108642 24444065,13264766 24991919,14520580 24954255,14307303 24378465,13108642 24444065))
32745;POLYGON((12154883 21634793,12315181 22051063,13264167 21875821,13060478 21442816,12154883 21634793))
32746;POLYGON((11191549 19500911,11351798 19817092,12068392 19561902,11875392 19236575,11191549 19500911))
32747;POLYGON((10239353 17879317,10396613 18119734,10938147 17823167,10756283 17578575,10239353 17879317))
32748;POLYGON((9312240 16644689,9464595 16827959,9874803 16514875,9704025 16330544,9312240 16644689))
32749;POLYGON((8418803 15701609,8565138 15841848,8877065 15527476,8716948 15388004,8418803 15701609))
32750;POLYGON((7563492 14978077,7703308 15085897,7941685 14778878,7791543 14672791,7563492 14978077))
32751;POLYGON((6747639 14420230,6880891 14503541,7064063 14208159,6923033 14126991,6747639 14420230))
32752;POLYGON((5970302 13988100,6097275 14052751,6238736 13770522,6105852 13708081,5970302 13988100))
32753;POLYGON((5228961 13652244,5350160 13702531,5459762 13433300,5334011 13385090,5228961 13652244))
32754;POLYGON((4520060 13391112,4636129 13430171,4721020 13172846,4601378 13135628,4520060 13391112))
32755;POLYGON((3839423 13189035,3951088 13219139,4016419 12972157,3901886 12943609,3839423 13189035))
32756;POLYGON((3182567 13034698,3290586 13057482,3340042 12819086,3229655 12797558,3182567 13034698))
32757;POLYGON((2544903 12920021,2650042 12936645,2686225 12705039,2579066 12689374,2544903 12920021))
32758;POLYGON((1921867 12839355,2024882 12850619,2049583 12624035,1944782 12613441,1921867 12839355))
32759;POLYGON((1308977 12788920,1410608 12795340,1424992 12572066,1321718 12566034,1308977 12788920))
32760;POLYGON((701845 12766436,802818 12768300,807542 12546667,704992 12544918,701845 12766436))
32601;POLYGON((96148 2770911,197181 2768300,192457 2546667,89840 2549120,96148 2770911))
32602;POLYGON((-512419 2802541,-410608 2795340,-424992 2572066,-528464 2578833,-512419 2802541))
32603;POLYGON((-1128199 2862732,-1024882 2850619,-1049583 2624035,-1154717 2635432,-1128199 2862732))
32604;POLYGON((-1755608 2954232,-1650042 2936645,-1686225 2705039,-1793859 2721618,-1755608 2954232))
32605;POLYGON((-2399160 3081394,-2290586 3057482,-2340042 2819086,-2451055 2841693,-2399160 3081394))
32606;POLYGON((-3063435 3250606,-2951088 3219139,-3016419 2972157,-3131736 3002020,-3063435 3250606))
32607;POLYGON((-3753005 3470923,-3636129 3430171,-3721020 3172846,-3841610 3211714,-3753005 3470923))
32608;POLYGON((-4472279 3754967,-4350160 3702531,-4459762 3433300,-4586632 3483627,-4472279 3754967))
32609;POLYGON((-5225264 4120178,-5097275 4052751,-5238736 3770522,-5372907 3835733,-5225264 4120178))
32610;POLYGON((-6015225 4590482,-5880891 4503541,-6064063 4208159,-6206546 4292996,-6015225 4590482))
32611;POLYGON((-6844223 5198507,-6703308 5085897,-6941685 4778878,-7093433 4889870,-6844223 5198507))
32612;POLYGON((-7712526 5988439,-7565138 5841848,-7877065 5527476,-8038917 5673535,-7712526 5988439))
32613;POLYGON((-8617864 7019664,-8464595 6827959,-8874803 6514875,-9047409 6708058,-8617864 7019664))
32614;POLYGON((-9554530 8371348,-9396613 8119734,-9938147 7823167,-10121875 8079637,-9554530 8371348))
32615;POLYGON((-10512292 10148090,-10351798 9817092,-11068392 9561902,-11263221 9903106,-10512292 10148090))
32616;POLYGON((-11475115 12486858,-11315181 12051063,-12264167 11875821,-12469551 12329938,-11475115 12486858))
32617;POLYGON((-12419677 15565364,-12264766 14991919,-13520580 14954255,-13735294 15557938,-12419677 15565364))
32618;POLYGON((-13313651 19612106,-13169855 18858921,-14828235 19042424,-15050197 19842888,-13313651 19612106))
32619;POLYGON((-14113754 24918280,-13989138 23931902,-16172090 24454900,-16398156 25512393,-14113754 24918280))
32620;POLYGON((-14763535 31851809,-14668524 30564924,-17530165 31591495,-17755898 32982205,-14763535 31851809))
32621;POLYGON((-15190896 40873714,-15138708 39202249,-18872076 40955874,-19091481 42775313,-15190896 40873714))
32622;POLYGON((-15305326 52557113,-15312450 50396872,-20157392 53177189,-20362628 55544119,-15305326 52557113))
32623;POLYGON((-14994825 67609104,-15081560 64831911,-21333806 69035064,-21514862 72096007,-14994825 67609104))
32624;POLYGON((-14122525 86895836,-14313562 83345121,-22335108 89488268,-22479443 93422670,-14122525 86895836))
32625;POLYGON((-12522963 111471062,-12848034 106956848,-23078952 115707430,-23171103 120733534,-12522963 111471062))
32626;POLYGON((-9998018 142608497,-10492595 136901728,-23464401 149112180,-23485555 155493669,-9998018 142608497))
32627;POLYGON((-6312478 181838315,-7018538 174664471,-23369256 191413093,-23296779 199466582,-6312478 181838315))
32628;POLYGON((-1189233 230988134,-2156086 222020074,-22647144 244658857,-22454070 254762288,-1189233 230988134))
32629;POLYGON((5695935 292228843,4410748 281078813,-21124353 311289081,-20778838 323891102,5695935 292228843))
32630;POLYGON((14719962 368125653,13049707 354336403,-18596431 394193185,-18061155 409823594,14719962 368125653))
32631;POLYGON((-10448686 341022016,-12049707 354336403,19596431 394193185,20097236 379108083,-10448686 341022016))
32632;POLYGON((-2182991 270322205,-3410748 281078813,22124353 311289081,22442025 299137954,-2182991 270322205))
32633;POLYGON((4075711 213376234,3156086 222020074,23647144 244658857,23818045 234926207,4075711 213376234))
32634;POLYGON((8686135 167756341,8018538 174664471,24369256 191413093,24424379 183662750,8686135 167756341))
32635;POLYGON((11956191 131411469,11492595 136901728,24464401 149112180,24429950 142977047,11956191 131411469))
32636;POLYGON((14148467 102617993,13848034 106956848,24078952 115707430,23976892 110880273,14148467 102617993))
32637;POLYGON((15485296 79935551,15313562 83345121,23335108 89488268,23183663 85713472,15485296 79935551))
32638;POLYGON((16153438 62167590,16081560 64831911,22333806 69035064,22147922 66101294,16153438 62167590))
32639;POLYGON((16308389 48326295,16312450 50396872,21157392 53177189,20949162 50910873,16308389 48326295))
32640;POLYGON((16078332 37601527,16138708 39202249,19872076 40955874,19651126 39215456,16078332 37601527))
32641;POLYGON((15567743 29333470,15668524 30564924,18530165 31591495,18304006 30262386,15567743 29333470))
32642;POLYGON((14860670 22988655,14989138 23931902,17172090 24454900,16946437 23445066,14860670 22988655))
32643;POLYGON((14023704 18139069,14169855 18858921,15828235 19042424,15607294 18278556,14023704 18139069))
32644;POLYGON((13108642 14444065,13264766 14991919,14520580 14954255,14307303 14378465,13108642 14444065))
32645;POLYGON((12154883 11634793,12315181 12051063,13264167 11875821,13060478 11442816,12154883 11634793))
32646;POLYGON((11191549 9500911,11351798 9817092,12068392 9561902,11875392 9236575,11191549 9500911))
32647;POLYGON((10239353 7879317,10396613 8119734,10938147 7823167,10756283 7578575,10239353 7879317))
32648;POLYGON((9312240 6644689,9464595 6827959,9874803 6514875,9704025 6330544,9312240 6644689))
32649;POLYGON((8418803 5701609,8565138 5841848,8877065 5527476,8716948 5388004,8418803 5701609))
32650;POLYGON((7563492 4978077,7703308 5085897,7941685 4778878,7791543 4672791,7563492 4978077))
32651;POLYGON((6747639 4420230,6880891 4503541,7064063 4208159,6923033 4126991,6747639 4420230))
32652;POLYGON((5970302 3988100,6097275 4052751,6238736 3770522,6105852 3708081,5970302 3988100))
32653;POLYGON((5228961 3652244,5350160 3702531,5459762 3433300,5334011 3385090,5228961 3652244))
32654;POLYGON((4520060 3391112,4636129 3430171,4721020 3172846,4601378 3135628,4520060 3391112))
32655;POLYGON((3839423 3189035,3951088 3219139,4016419 2972157,3901886 2943609,3839423 3189035))
32656;POLYGON((3182567 3034698,3290586 3057482,3340042 2819086,3229655 2797558,3182567 3034698))
32657;POLYGON((2544903 2920021,2650042 2936645,2686225 2705039,2579066 2689374,2544903 2920021))
32658;POLYGON((1921867 2839355,2024882 2850619,2049583 2624035,1944782 2613441,1921867 2839355))
32659;POLYGON((1308977 2788920,1410608 2795340,1424992 2572066,1321718 2566034,1308977 2788920))
32660;POLYGON((701845 2766436,802818 2768300,807542 2546667,704992 2544918,701845 2766436))
