32701;POLYGON((117989 13436476,213539 13433466,207728 13211697,110231 13214588,117989 13436476))
32702;POLYGON((-456947 13472886,-360862 13464604,-378522 13241614,-476637 13249575,-456947 13472886))
32703;POLYGON((-1036785 13541943,-939684 13528069,-969890 13302654,-1069186 13316008,-1036785 13541943))
32704;POLYGON((-1624334 13646337,-1525761 13626327,-1569734 13397326,-1670762 13416631,-1624334 13646337))
32705;POLYGON((-2222170 13790245,-2121718 13763288,-2181294 13529640,-2284575 13555731,-2222170 13790245))
32706;POLYGON((-2832443 13979621,-2729795 13944586,-2807560 13705427,-2913554 13739482,-2832443 13979621))
32707;POLYGON((-3456589 14222611,-3351571 14177966,-3451056 13932803,-3560118 13976440,-3456589 14222611))
32708;POLYGON((-4094918 14530101,-3987578 14473813,-4113519 14222817,-4225832 14278219,-4094918 14530101))
32709;POLYGON((-4746050 14916445,-4636764 14845845,-4795444 14590312,-4910929 14660398,-4746050 14916445))
32710;POLYGON((-5406178 15400391,-5295788 15312002,-5495472 15055070,-5613670 15143714,-5406178 15400391))
32711;POLYGON((-6068123 16006243,-5958105 15895571,-6209606 15643276,-6329528 15755590,-6068123 16006243))
32712;POLYGON((-6720158 16765320,-6612839 16626587,-6930216 16389389,-7050154 16532077,-6720158 16765320))
32713;POLYGON((-7344581 17717743,-7243397 17543564,-7644818 17338479,-7762122 17520280,-7344581 17717743))
32714;POLYGON((-7916002 18914606,-7825800 18695597,-8334609 18549133,-8445412 18781363,-7916002 18914606))
32715;POLYGON((-8399315 20420607,-8326716 20144914,-8972718 20096999,-9071617 20394215,-8399315 20420607))
32716;POLYGON((-8747342 22317186,-8701158 21969924,-9522161 22079088,-9601848 22459885,-8747342 22317186))
32717;POLYGON((-8898107 24706251,-8889823 24268835,-9933476 24618941,-9984310 25106903,-8898107 24706251))
32718;POLYGON((-8771729 27714566,-8816046 27163935,-10142012 27872765,-10151528 28497595,-8771729 27714566))
32719;POLYGON((-8266883 31498877,-8382340 30806583,-10064838 32036684,-10017201 32835526,-8266883 31498877))
32720;POLYGON((-7256841 36251877,-7466507 35383028,-9597271 37355218,-9472651 38374203,-7256841 36251877))
32721;POLYGON((-5585021 42209086,-5917269 41121133,-8608976 44131159,-8382858 45427192,-5585021 42209086))
32722;POLYGON((-3060057 49656750,-3549421 48298094,-6939626 52736965,-6582043 54379790,-3060057 49656750))
32723;POLYGON((549662 58940869,-138462 57249274,-4394097 63627861,-3868781 65702417,549662 58940869))
32724;POLYGON((5522002 70477450,4585321 68378246,-737173 77356798,-623 79965906,5522002 70477450))
32725;POLYGON((12187664 84764108,10943343 82168156,4312264 94591443,5311801 97858850,12187664 84764108))
32726;POLYGON((20937368 102393131,19315796 99194540,11087584 116133407,12411227 120207219,20937368 102393131))
32727;POLYGON((32229672 124066131,30149360 120139702,19981317 142939879,21700756 147996416,32229672 124066131))
32728;POLYGON((46599437 150610416,43965563 145808786,31452646 176147883,33651453 182395991,46599437 150610416))
32729;POLYGON((64666979 182997216,61369814 177147686,46035518 217101365,48810555 224787223,64666979 182997216))
32730;POLYGON((87147929 222361898,83061142 215262920,64347377 267381330,67810321 276793781,87147929 222361898))
32731;POLYGON((-78115489 208387518,-82061142 215262920,-63347377 267381330,-60007516 258278688,-78115489 208387518))
32732;POLYGON((-57191501 171485977,-60369814 177147686,-45035518 217101365,-42363854 209673970,-57191501 171485977))
32733;POLYGON((-40431147 141164289,-42965563 145808786,-30452646 176147883,-28340083 170114395,-40431147 141164289))
32734;POLYGON((-27151711 116344177,-29149360 120139702,-18981317 142939879,-17333309 138060698,-27151711 116344177))
32735;POLYGON((-16762419 96104529,-18315796 99194540,-10087584 116133407,-8822636 112205428,-16762419 96104529))
32736;POLYGON((-8754829 79661866,-9943343 82168156,-3312264 94591443,-2360535 91443335,-8754829 79661866))
32737;POLYGON((-2693903 66352749,-3585321 68378246,1737173 77356798,2435159 74844770,-2693903 66352749))
32738;POLYGON((1790236 55617995,1138462 57249274,5394097 63627861,5888644 61631882,1790236 55617995))
32739;POLYGON((5009911 46988568,4549421 48298094,7939626 52736965,8272961 51157395,5009911 46988568))
32740;POLYGON((7226865 40073017,6917269 41121133,9608976 44131159,9816254 42885770,7226865 40073017))
32741;POLYGON((8658654 34546337,8466507 35383028,10597271 37355218,10707494 36376562,8658654 34546337))
32742;POLYGON((9484470 30140134,9382340 30806583,11064838 32036684,11101688 31269784,9484470 30140134))
32743;POLYGON((9850420 26633991,9816046 27163935,11142012 27872765,11124608 27273107,9850420 26633991))
32744;POLYGON((9874296 23847915,9889823 24268835,10933476 24618941,10877051 24150721,9874296 23847915))
32745;POLYGON((9649853 21635771,9701158 21969924,10522161 22079088,10438671 21713711,9649853 21635771))
32746;POLYGON((9250636 19879613,9326716 20144914,9972718 20096999,9871384 19811785,9250636 19879613))
32747;POLYGON((8733360 18484810,8825800 18695597,9334609 18549133,9222394 18326223,8733360 18484810))
32748;POLYGON((8140896 17375885,8243397 17543564,8644818 17338479,8526843 17163906,8140896 17375885))
32749;POLYGON((7504866 16492996,7612839 16626587,7930216 16389389,7810124 16252308,7504866 16492996))
32750;POLYGON((6847889 15788976,6958105 15895571,7209606 15643276,7089875 15535324,6847889 15788976))
32751;POLYGON((6185498 15226860,6295788 15312002,6495472 15055070,6377674 14969836,6185498 15226860))
32752;POLYGON((5527759 14777847,5636764 14845845,5795444 14590312,5680468 14522913,5527759 14777847))
32753;POLYGON((4880609 14419632,4987578 14473813,5113519 14222817,5001751 14169555,4880609 14419632))
32754;POLYGON((4246951 14135049,4351571 14177966,4451056 13932803,4342524 13890898,4246951 14135049))
32755;POLYGON((3627530 13910991,3729795 13944586,3807560 13705427,3702046 13672798,3627530 13910991))
32756;POLYGON((3021604 13737558,3121718 13763288,3181294 13529640,3078422 13504752,3021604 13737558))
32757;POLYGON((2427462 13607388,2525761 13626327,2569734 13397326,2469032 13379062,2427462 13607388))
32758;POLYGON((1842784 13515159,1939684 13528069,1969890 13302654,1870830 13290230,1842784 13515159))
32759;POLYGON((1264900 13457217,1360862 13464604,1378522 13241614,1280550 13234514,1264900 13457217))
32760;POLYGON((690950 13431318,786460 13433466,792271 13211697,694820 13209634,690950 13431318))
32601;POLYGON((117989 3436476,213539 3433466,207728 3211697,110231 3214588,117989 3436476))
32602;POLYGON((-456947 3472886,-360862 3464604,-378522 3241614,-476637 3249575,-456947 3472886))
32603;POLYGON((-1036785 3541943,-939684 3528069,-969890 3302654,-1069186 3316008,-1036785 3541943))
32604;POLYGON((-1624334 3646337,-1525761 3626327,-1569734 3397326,-1670762 3416631,-1624334 3646337))
32605;POLYGON((-2222170 3790245,-2121718 3763288,-2181294 3529640,-2284575 3555731,-2222170 3790245))
32606;POLYGON((-2832443 3979621,-2729795 3944586,-2807560 3705427,-2913554 3739482,-2832443 3979621))
32607;POLYGON((-3456589 4222611,-3351571 4177966,-3451056 3932803,-3560118 3976440,-3456589 4222611))
32608;POLYGON((-4094918 4530101,-3987578 4473813,-4113519 4222817,-4225832 4278219,-4094918 4530101))
32609;POLYGON((-4746050 4916445,-4636764 4845845,-4795444 4590312,-4910929 4660398,-4746050 4916445))
32610;POLYGON((-5406178 5400391,-5295788 5312002,-5495472 5055070,-5613670 5143714,-5406178 5400391))
32611;POLYGON((-6068123 6006243,-5958105 5895571,-6209606 5643276,-6329528 5755590,-6068123 6006243))
32612;POLYGON((-6720158 6765320,-6612839 6626587,-6930216 6389389,-7050154 6532077,-6720158 6765320))
32613;POLYGON((-7344581 7717743,-7243397 7543564,-7644818 7338479,-7762122 7520280,-7344581 7717743))
32614;POLYGON((-7916002 8914606,-7825800 8695597,-8334609 8549133,-8445412 8781363,-7916002 8914606))
32615;POLYGON((-8399315 10420607,-8326716 10144914,-8972718 10096999,-9071617 10394215,-8399315 10420607))
32616;POLYGON((-8747342 12317186,-8701158 11969924,-9522161 12079088,-9601848 12459885,-8747342 12317186))
32617;POLYGON((-8898107 14706251,-8889823 14268835,-9933476 14618941,-9984310 15106903,-8898107 14706251))
32618;POLYGON((-8771729 17714566,-8816046 17163935,-10142012 17872765,-10151528 18497595,-8771729 17714566))
32619;POLYGON((-8266883 21498877,-8382340 20806583,-10064838 22036684,-10017201 22835526,-8266883 21498877))
32620;POLYGON((-7256841 26251877,-7466507 25383028,-9597271 27355218,-9472651 28374203,-7256841 26251877))
32621;POLYGON((-5585021 32209086,-5917269 31121133,-8608976 34131159,-8382858 35427192,-5585021 32209086))
32622;POLYGON((-3060057 39656750,-3549421 38298094,-6939626 42736965,-6582043 44379790,-3060057 39656750))
32623;POLYGON((549662 48940869,-138462 47249274,-4394097 53627861,-3868781 55702417,549662 48940869))
32624;POLYGON((5522002 60477450,4585321 58378246,-737173 67356798,-623 69965906,5522002 60477450))
32625;POLYGON((12187664 74764108,10943343 72168156,4312264 84591443,5311801 87858850,12187664 74764108))
32626;POLYGON((20937368 92393131,19315796 89194540,11087584 106133407,12411227 110207219,20937368 92393131))
32627;POLYGON((32229672 114066131,30149360 110139702,19981317 132939879,21700756 137996416,32229672 114066131))
32628;POLYGON((46599437 140610416,43965563 135808786,31452646 166147883,33651453 172395991,46599437 140610416))
32629;POLYGON((64666979 172997216,61369814 167147686,46035518 207101365,48810555 214787223,64666979 172997216))
32630;POLYGON((87147929 212361898,83061142 205262920,64347377 257381330,67810321 266793781,87147929 212361898))
32631;POLYGON((-78115489 198387518,-82061142 205262920,-63347377 257381330,-60007516 248278688,-78115489 198387518))
32632;POLYGON((-57191501 161485977,-60369814 167147686,-45035518 207101365,-42363854 199673970,-57191501 161485977))
32633;POLYGON((-40431147 131164289,-42965563 135808786,-30452646 166147883,-28340083 160114395,-40431147 131164289))
32634;POLYGON((-27151711 106344177,-29149360 110139702,-18981317 132939879,-17333309 128060698,-27151711 106344177))
32635;POLYGON((-16762419 86104529,-18315796 89194540,-10087584 106133407,-8822636 102205428,-16762419 86104529))
32636;POLYGON((-8754829 69661866,-9943343 72168156,-3312264 84591443,-2360535 81443335,-8754829 69661866))
32637;POLYGON((-2693903 56352749,-3585321 58378246,1737173 67356798,2435159 64844770,-2693903 56352749))
32638;POLYGON((1790236 45617995,1138462 47249274,5394097 53627861,5888644 51631882,1790236 45617995))
32639;POLYGON((5009911 36988568,4549421 38298094,7939626 42736965,8272961 41157395,5009911 36988568))
32640;POLYGON((7226865 30073017,6917269 31121133,9608976 34131159,9816254 32885770,7226865 30073017))
32641;POLYGON((8658654 24546337,8466507 25383028,10597271 27355218,10707494 26376562,8658654 24546337))
32642;POLYGON((9484470 20140134,9382340 20806583,11064838 22036684,11101688 21269784,9484470 20140134))
32643;POLYGON((9850420 16633991,9816046 17163935,11142012 17872765,11124608 17273107,9850420 16633991))
32644;POLYGON((9874296 13847915,9889823 14268835,10933476 14618941,10877051 14150721,9874296 13847915))
32645;POLYGON((9649853 11635771,9701158 11969924,10522161 12079088,10438671 11713711,9649853 11635771))
32646;POLYGON((9250636 9879613,9326716 10144914,9972718 10096999,9871384 9811785,9250636 9879613))
32647;POLYGON((8733360 8484810,8825800 8695597,9334609 8549133,9222394 8326223,8733360 8484810))
32648;POLYGON((8140896 7375885,8243397 7543564,8644818 7338479,8526843 7163906,8140896 7375885))
32649;POLYGON((7504866 6492996,7612839 6626587,7930216 6389389,7810124 6252308,7504866 6492996))
32650;POLYGON((6847889 5788976,6958105 5895571,7209606 5643276,7089875 5535324,6847889 5788976))
32651;POLYGON((6185498 5226860,6295788 5312002,6495472 5055070,6377674 4969836,6185498 5226860))
32652;POLYGON((5527759 4777847,5636764 4845845,5795444 4590312,5680468 4522913,5527759 4777847))
32653;POLYGON((4880609 4419632,4987578 4473813,5113519 4222817,5001751 4169555,4880609 4419632))
32654;POLYGON((4246951 4135049,4351571 4177966,4451056 3932803,4342524 3890898,4246951 4135049))
32655;POLYGON((3627530 3910991,3729795 3944586,3807560 3705427,3702046 3672798,3627530 3910991))
32656;POLYGON((3021604 3737558,3121718 3763288,3181294 3529640,3078422 3504752,3021604 3737558))
32657;POLYGON((2427462 3607388,2525761 3626327,2569734 3397326,2469032 3379062,2427462 3607388))
32658;POLYGON((1842784 3515159,1939684 3528069,1969890 3302654,1870830 3290230,1842784 3515159))
32659;POLYGON((1264900 3457217,1360862 3464604,1378522 3241614,1280550 3234514,1264900 3457217))
32660;POLYGON((690950 3431318,786460 3433466,792271 3211697,694820 3209634,690950 3431318))
