32701;POLYGON((84031 12327357,188106 12325075,184135 12103521,78728 12105620,84031 12327357))
32702;POLYGON((-543250 12355006,-438246 12348707,-450350 12125270,-556757 12131068,-543250 12355006))
32703;POLYGON((-1179185 12407723,-1072368 12397103,-1093201 12169844,-1201563 12179632,-1179185 12407723))
32704;POLYGON((-1829223 12488125,-1719663 12472647,-1750291 12239517,-1861626 12253807,-1829223 12488125))
32705;POLYGON((-2499170 12600403,-2385870 12579241,-2427951 12338031,-2543373 12357617,-2499170 12600403))
32706;POLYGON((-3195303 12750806,-3077179 12722749,-3133163 12471040,-3253913 12497095,-3195303 12750806))
32707;POLYGON((-3924486 12948363,-3800349 12911673,-3873772 12646815,-4001257 12681040,-3924486 12948363))
32708;POLYGON((-4694259 13205942,-4562802 13158151,-4658713 12877271,-4794546 12922100,-4694259 13205942))
32709;POLYGON((-5512918 13541730,-5372704 13479359,-5498262 13179428,-5644305 13238327,-5512918 13541730))
32710;POLYGON((-6389572 13981266,-6239023 13899442,-6404312 13577436,-6562724 13655302,-6389572 13981266))
32711;POLYGON((-7334171 14560146,-7171571 14452099,-7390677 14105299,-7563972 14208997,-7334171 14560146))
32712;POLYGON((-8357519 15327583,-8181009 15183985,-8473438 14810474,-8664542 14949530,-8357519 15327583))
32713;POLYGON((-9471245 16350968,-9278830 16159096,-9671315 15758523,-9883633 15946019,-9471245 16350968))
32714;POLYGON((-10687745 17721653,-10477311 17464331,-11006090 17039033,-11243584 17292733,-10687745 17721653))
32715;POLYGON((-12020094 19562147,-11789418 19216441,-12503076 18773029,-12770341 19116774,-12020094 19562147))
32716;POLYGON((-13481906 22034986,-13228690 21570594,-14191629 21122129,-14493991 21587555,-13481906 22034986))
32717;POLYGON((-15087164 25353493,-14809060 24730814,-16105718 24299712,-16449331 24928324,-15087164 25353493))
32718;POLYGON((-16849999 29794741,-16544652 28962547,-18284559 28584392,-18676516 29430056,-16849999 29794741))
32719;POLYGON((-18784417 35714971,-18449515 34607654,-20773300 34336102,-21221754 35468002,-18784417 35714971))
32720;POLYGON((-20903982 43567803,-20537310 42102135,-23623778 42015130,-24138077 43521256,-20903982 43567803))
32721;POLYGON((-23221439 53925559,-22820947 51996902,-26895349 52204455,-27486177 54195666,-23221439 53925559))
32722;POLYGON((-25748279 67504039,-25312160 64981966,-30655784 65635755,-31335323 68250503,-25748279 67504039))
32723;POLYGON((-28494247 85191133,-28021020 81914374,-34982249 83219486,-35764347 86629253,-28494247 85191133))
32724;POLYGON((-31466779 108079639,-30955391 103850302,-39962368 106079445,-40862724 110494968,-31466779 108079639))
32725;POLYGON((-34670380 137504712,-34120313 132081703,-45695366 135592256,-46731731 141270618,-34670380 137504712))
32726;POLYGON((-38105927 175086347,-37517318 168177922,-52293306 173432226,-53485697 180684893,-38105927 175086347))
32727;POLYGON((-41769896 222777360,-41143673 214032724,-59882421 221622067,-61253354 230823939,-41769896 222777360))
32728;POLYGON((-45653520 282917313,-44991546 271917204,-68604542 282589965,-70179279 294189545,-45653520 282917313))
32729;POLYGON((-49741860 358292887,-49047096 344539041,-78618629 359233523,-80425440 373764278,-49741860 358292887))
32730;POLYGON((-54012796 452205180,-53289473 435108614,-90102406 454991115,-92172858 473084133,-54012796 452205180))
32731;POLYGON((53570556 418614302,54289473 435108614,91102406 454991115,89078235 437540187,53570556 418614302))
32732;POLYGON((49357540 331282449,50047096 344539041,79618629 359233523,77852597 345232319,49357540 331282449))
32733;POLYGON((45335357 261325336,45991546 271917204,69604542 282589965,68065652 271424606,45335357 261325336))
32734;POLYGON((41523616 205621266,42143673 214032724,60882421 221622067,59542921 212774087,41523616 205621266))
32735;POLYGON((37935091 161539720,38517318 168177922,53293306 173432226,52128412 166466145,37935091 161539720))
32736;POLYGON((34576702 126876433,35120313 132081703,46695366 135592256,45682995 130144420,34576702 126876433))
32737;POLYGON((31450415 99795216,31955391 103850302,40962368 106079445,40082897 101848055,31450415 99795216))
32738;POLYGON((28554064 78776072,29021020 81914374,35982249 83219486,35218283 79955713,28554064 78776072))
32739;POLYGON((25882091 62569095,26312160 64981966,31655784 65635755,30991944 63135873,25882091 62569095))
32740;POLYGON((23426225 50153713,23820947 51996902,27895349 52204455,27318079 50302897,23426225 50153713))
32741;POLYGON((21176080 40702829,21537310 42102135,24623778 42015130,24121158 40578401,21176080 40702829))
32742;POLYGON((19119696 33551452,19449515 34607654,21773300 34336102,21334878 33257462,19119696 33551452))
32743;POLYGON((17244008 28169402,17544652 28962547,19284559 28584392,18901196 27779254,17244008 28169402))
32744;POLYGON((15535268 24137727,15809060 24730814,17105718 24299712,16769446 23701671,15535268 24137727))
32745;POLYGON((13979392 21128455,14228690 21570594,15191629 21122129,14895520 20679570,13979392 21128455))
32746;POLYGON((12562275 18887348,12789418 19216441,13503076 18773029,13241122 18446254,12562275 18887348))
32747;POLYGON((11270031 17219337,11477311 17464331,12006090 17039033,11773094 16797840,11270031 17219337))
32748;POLYGON((10089211 15976328,10278830 16159096,10671315 15758523,10462791 15580192,10089211 15976328))
32749;POLYGON((9006952 15047092,9181009 15183985,9473438 14810474,9285525 14678111,9006952 15047092))
32750;POLYGON((8011105 14348991,8171571 14452099,8390677 14105299,8220054 14006486,8011105 14348991))
32751;POLYGON((7090313 13821271,7239023 13899442,7404312 13577436,7248125 13503146,7090313 13821271))
32752;POLYGON((6234055 13419712,6372704 13479359,6498262 13179428,6354063 13123169,6234055 13419712))
32753;POLYGON((5432662 13112420,5562802 13158151,5658713 12877271,5524393 12834418,5432662 13112420))
32754;POLYGON((4677302 12876570,4800349 12911673,4873772 12646815,4747515 12614098,4677302 12876570))
32755;POLYGON((3959938 12695946,4077179 12722749,4133163 12471040,4013393 12446163,3959938 12695946))
32756;POLYGON((3273266 12559099,3385870 12579241,3427951 12338031,3313292 12319397,3273266 12559099))
32757;POLYGON((2610627 12458026,2719663 12472647,2750291 12239517,2639525 12226024,2610627 12458026))
32758;POLYGON((1965915 12387233,2072368 12397103,2093201 12169844,1985234 12160749,1965915 12387233))
32759;POLYGON((1333456 12343094,1438246 12348707,1450350 12125270,1344176 12120103,1333456 12343094))
32760;POLYGON((707889 12323448,811893 12325075,815864 12103521,710533 12102024,707889 12323448))
32601;POLYGON((84031 2327357,188106 2325075,184135 2103521,78728 2105620,84031 2327357))
32602;POLYGON((-543250 2355006,-438246 2348707,-450350 2125270,-556757 2131068,-543250 2355006))
32603;POLYGON((-1179185 2407723,-1072368 2397103,-1093201 2169844,-1201563 2179632,-1179185 2407723))
32604;POLYGON((-1829223 2488125,-1719663 2472647,-1750291 2239517,-1861626 2253807,-1829223 2488125))
32605;POLYGON((-2499170 2600403,-2385870 2579241,-2427951 2338031,-2543373 2357617,-2499170 2600403))
32606;POLYGON((-3195303 2750806,-3077179 2722749,-3133163 2471040,-3253913 2497095,-3195303 2750806))
32607;POLYGON((-3924486 2948363,-3800349 2911673,-3873772 2646815,-4001257 2681040,-3924486 2948363))
32608;POLYGON((-4694259 3205942,-4562802 3158151,-4658713 2877271,-4794546 2922100,-4694259 3205942))
32609;POLYGON((-5512918 3541730,-5372704 3479359,-5498262 3179428,-5644305 3238327,-5512918 3541730))
32610;POLYGON((-6389572 3981266,-6239023 3899442,-6404312 3577436,-6562724 3655302,-6389572 3981266))
32611;POLYGON((-7334171 4560146,-7171571 4452099,-7390677 4105299,-7563972 4208997,-7334171 4560146))
32612;POLYGON((-8357519 5327583,-8181009 5183985,-8473438 4810474,-8664542 4949530,-8357519 5327583))
32613;POLYGON((-9471245 6350968,-9278830 6159096,-9671315 5758523,-9883633 5946019,-9471245 6350968))
32614;POLYGON((-10687745 7721653,-10477311 7464331,-11006090 7039033,-11243584 7292733,-10687745 7721653))
32615;POLYGON((-12020094 9562147,-11789418 9216441,-12503076 8773029,-12770341 9116774,-12020094 9562147))
32616;POLYGON((-13481906 12034986,-13228690 11570594,-14191629 11122129,-14493991 11587555,-13481906 12034986))
32617;POLYGON((-15087164 15353493,-14809060 14730814,-16105718 14299712,-16449331 14928324,-15087164 15353493))
32618;POLYGON((-16849999 19794741,-16544652 18962547,-18284559 18584392,-18676516 19430056,-16849999 19794741))
32619;POLYGON((-18784417 25714971,-18449515 24607654,-20773300 24336102,-21221754 25468002,-18784417 25714971))
32620;POLYGON((-20903982 33567803,-20537310 32102135,-23623778 32015130,-24138077 33521256,-20903982 33567803))
32621;POLYGON((-23221439 43925559,-22820947 41996902,-26895349 42204455,-27486177 44195666,-23221439 43925559))
32622;POLYGON((-25748279 57504039,-25312160 54981966,-30655784 55635755,-31335323 58250503,-25748279 57504039))
32623;POLYGON((-28494247 75191133,-28021020 71914374,-34982249 73219486,-35764347 76629253,-28494247 75191133))
32624;POLYGON((-31466779 98079639,-30955391 93850302,-39962368 96079445,-40862724 100494968,-31466779 98079639))
32625;POLYGON((-34670380 127504712,-34120313 122081703,-45695366 125592256,-46731731 131270618,-34670380 127504712))
32626;POLYGON((-38105927 165086347,-37517318 158177922,-52293306 163432226,-53485697 170684893,-38105927 165086347))
32627;POLYGON((-41769896 212777360,-41143673 204032724,-59882421 211622067,-61253354 220823939,-41769896 212777360))
32628;POLYGON((-45653520 272917313,-44991546 261917204,-68604542 272589965,-70179279 284189545,-45653520 272917313))
32629;POLYGON((-49741860 348292887,-49047096 334539041,-78618629 349233523,-80425440 363764278,-49741860 348292887))
32630;POLYGON((-54012796 442205180,-53289473 425108614,-90102406 444991115,-92172858 463084133,-54012796 442205180))
32631;POLYGON((53570556 408614302,54289473 425108614,91102406 444991115,89078235 427540187,53570556 408614302))
32632;POLYGON((49357540 321282449,50047096 334539041,79618629 349233523,77852597 335232319,49357540 321282449))
32633;POLYGON((45335357 251325336,45991546 261917204,69604542 272589965,68065652 261424606,45335357 251325336))
32634;POLYGON((41523616 195621266,42143673 204032724,60882421 211622067,59542921 202774087,41523616 195621266))
32635;POLYGON((37935091 151539720,38517318 158177922,53293306 163432226,52128412 156466145,37935091 151539720))
32636;POLYGON((34576702 116876433,35120313 122081703,46695366 125592256,45682995 120144420,34576702 116876433))
32637;POLYGON((31450415 89795216,31955391 93850302,40962368 96079445,40082897 91848055,31450415 89795216))
32638;POLYGON((28554064 68776072,29021020 71914374,35982249 73219486,35218283 69955713,28554064 68776072))
32639;POLYGON((25882091 52569095,26312160 54981966,31655784 55635755,30991944 53135873,25882091 52569095))
32640;POLYGON((23426225 40153713,23820947 41996902,27895349 42204455,27318079 40302897,23426225 40153713))
32641;POLYGON((21176080 30702829,21537310 32102135,24623778 32015130,24121158 30578401,21176080 30702829))
32642;POLYGON((19119696 23551452,19449515 24607654,21773300 24336102,21334878 23257462,19119696 23551452))
32643;POLYGON((17244008 18169402,17544652 18962547,19284559 18584392,18901196 17779254,17244008 18169402))
32644;POLYGON((15535268 14137727,15809060 14730814,17105718 14299712,16769446 13701671,15535268 14137727))
32645;POLYGON((13979392 11128455,14228690 11570594,15191629 11122129,14895520 10679570,13979392 11128455))
32646;POLYGON((12562275 8887348,12789418 9216441,13503076 8773029,13241122 8446254,12562275 8887348))
32647;POLYGON((11270031 7219337,11477311 7464331,12006090 7039033,11773094 6797840,11270031 7219337))
32648;POLYGON((10089211 5976328,10278830 6159096,10671315 5758523,10462791 5580192,10089211 5976328))
32649;POLYGON((9006952 5047092,9181009 5183985,9473438 4810474,9285525 4678111,9006952 5047092))
32650;POLYGON((8011105 4348991,8171571 4452099,8390677 4105299,8220054 4006486,8011105 4348991))
32651;POLYGON((7090313 3821271,7239023 3899442,7404312 3577436,7248125 3503146,7090313 3821271))
32652;POLYGON((6234055 3419712,6372704 3479359,6498262 3179428,6354063 3123169,6234055 3419712))
32653;POLYGON((5432662 3112420,5562802 3158151,5658713 2877271,5524393 2834418,5432662 3112420))
32654;POLYGON((4677302 2876570,4800349 2911673,4873772 2646815,4747515 2614098,4677302 2876570))
32655;POLYGON((3959938 2695946,4077179 2722749,4133163 2471040,4013393 2446163,3959938 2695946))
32656;POLYGON((3273266 2559099,3385870 2579241,3427951 2338031,3313292 2319397,3273266 2559099))
32657;POLYGON((2610627 2458026,2719663 2472647,2750291 2239517,2639525 2226024,2610627 2458026))
32658;POLYGON((1965915 2387233,2072368 2397103,2093201 2169844,1985234 2160749,1965915 2387233))
32659;POLYGON((1333456 2343094,1438246 2348707,1450350 2125270,1344176 2120103,1333456 2343094))
32660;POLYGON((707889 2323448,811893 2325075,815864 2103521,710533 2102024,707889 2323448))
