32701;POLYGON((445619 781656,459200 782480,470821 559506,461108 558914,445619 781656))
32702;POLYGON((364610 771783,378034 774013,412778 553428,403179 551828,364610 771783))
32703;POLYGON((285042 753550,298167 757162,355677 541337,346295 538745,285042 753550))
32704;POLYGON((207767 727139,220451 732099,300136 523359,291073 519803,207767 727139))
32705;POLYGON((133617 692819,145723 699075,246757 499683,238112 495200,133617 692819))
32706;POLYGON((63396 650940,74793 658427,196122 470560,187989 465197,63396 650940))
32707;POLYGON((-2123 601934,8438 610576,148785 436299,141254 430114,-2123 601934))
32708;POLYGON((-62219 546313,-52609 556019,105269 397265,98422 390325,-62219 546313))
32709;POLYGON((-116218 484664,-107668 495330,66052 353879,59966 346257,-116218 484664))
32710;POLYGON((-163517 417645,-156123 429158,31571 306609,26312 298389,-163517 417645))
32711;POLYGON((-203589 345977,-197432 358212,2206 255967,-2166 247237,-203589 345977))
32712;POLYGON((-235998 270433,-231144 283259,-21721 202503,-25162 193359,-235998 270433))
32713;POLYGON((-260419 191824,-256914 205103,-39959 146797,-42432 137336,-260419 191824))
32714;POLYGON((-276648 110984,-274516 124577,-52330 89446,-53813 79770,-276648 110984))
32715;POLYGON((-284627 28743,-283868 42513,-58738 31058,-59224 21269,-284627 28743))
32716;POLYGON((-284464 -54095,-285046 -40279,-59179 -27765,-58678 -37570,-284464 -54095))
32717;POLYGON((-276452 -136796,-278313 -123050,-53750 -86445,-52287 -96173,-276452 -136796))
32718;POLYGON((-261101 -218732,-264141 -205151,-42655 -144445,-40276 -154011,-261101 -218732))
32719;POLYGON((-239164 -299432,-243238 -286081,-26216 -201291,-22986 -210624,-239164 -299432))
32720;POLYGON((-211665 -378647,-216582 -365550,-4881 -256598,-889 -265646,-211665 -378647))
32721;POLYGON((-179938 -456420,-185453 -443546,20759 -310104,25402 -318836,-179938 -456420))
32722;POLYGON((-145660 -533170,-151468 -520418,49973 -361699,55129 -370115,-145660 -533170))
32723;POLYGON((-110896 -609792,-116624 -596976,81865 -411468,87369 -419604,-110896 -609792))
32724;POLYGON((-78136 -687765,-83337 -674592,115369 -459733,121025 -467669,-78136 -687765))
32725;POLYGON((-50348 -769288,-54493 -755336,149236 -507107,154818 -514978,-50348 -769288))
32726;POLYGON((-31027 -857421,-33494 -842114,182023 -554548,187269 -562550,-31027 -857421))
32727;POLYGON((-24248 -956258,-24315 -938833,212073 -603421,216688 -611828,-24248 -956258))
32728;POLYGON((-34727 -1071109,-31561 -1050588,237512 -655574,241158 -664745,-34727 -1071109))
32729;POLYGON((-67885 -1208714,-60531 -1183865,256222 -713413,258524 -723809,-67885 -1208714))
32730;POLYGON((-129910 -1377482,-117280 -1346777,265836 -779990,266373 -792191,-129910 -1377482))
32731;POLYGON((1105611 -1317168,1117280 -1346777,734163 -779990,735025 -768136,1105611 -1317168))
32732;POLYGON((1053947 -1159836,1060531 -1183865,743777 -713413,746331 -703257,1053947 -1159836))
32733;POLYGON((1028997 -1030662,1031561 -1050588,762487 -655574,766320 -646559,1028997 -1030662))
32734;POLYGON((1024837 -921823,1024315 -938833,787926 -603421,792667 -595104,1024837 -921823))
32735;POLYGON((1036288 -827079,1033494 -842114,817976 -554548,823298 -546584,1036288 -827079))
32736;POLYGON((1058854 -741550,1054493 -755336,850763 -507107,856374 -499238,1058854 -741550))
32737;POLYGON((1088661 -661504,1083337 -674592,884630 -459733,890275 -451771,1088661 -661504))
32738;POLYGON((1122394 -584188,1116624 -596976,918134 -411468,923592 -403289,1122394 -584188))
32739;POLYGON((1157251 -507656,1151468 -520418,950026 -361699,955107 -353231,1157251 -507656))
32740;POLYGON((1190887 -430639,1185453 -443546,979240 -310104,983783 -301318,1190887 -430639))
32741;POLYGON((1221374 -352411,1216582 -365550,1004881 -256598,1008754 -247500,1221374 -352411))
32742;POLYGON((1247151 -272690,1243238 -286081,1026216 -201291,1029309 -191914,1247151 -272690))
32743;POLYGON((1266993 -191538,1264141 -205151,1042655 -144445,1044886 -134847,1266993 -191538))
32744;POLYGON((1279968 -109286,1278313 -123050,1053750 -86445,1055056 -76698,1279968 -109286))
32745;POLYGON((1285409 -26462,1285046 -40279,1059179 -27765,1059517 -17955,1285409 -26462))
32746;POLYGON((1282881 56262,1283868 42513,1058738 31058,1058085 40836,1282881 56262))
32747;POLYGON((1272155 138127,1274516 124577,1052330 89446,1050681 99093,1272155 138127))
32748;POLYGON((1253181 218316,1256914 205103,1039959 146797,1037323 156212,1253181 218316))
32749;POLYGON((1226069 295995,1231144 283259,1021721 202503,1018122 211586,1226069 295995))
32750;POLYGON((1191063 370336,1197432 358212,997793 255967,993268 264619,1191063 370336))
32751;POLYGON((1148530 440538,1156123 429158,968428 306609,963027 314736,1148530 440538))
32752;POLYGON((1098935 505844,1107668 495330,933947 353879,927728 361393,1098935 505844))
32753;POLYGON((1042832 565554,1052609 556019,894730 397265,887764 404085,1042832 565554))
32754;POLYGON((980851 619031,991561 610576,851214 436299,843576 442351,980851 619031))
32755;POLYGON((913681 665715,925206 658427,803877 470560,795653 475780,913681 665715))
32756;POLYGON((842063 705118,854276 699075,753242 499683,744521 504015,842063 705118))
32757;POLYGON((766780 736836,779548 732099,699863 523359,690740 526757,766780 736836))
32758;POLYGON((688648 760547,701832 757162,644322 541337,634897 543765,688648 760547))
32759;POLYGON((608504 776009,621965 774013,587221 553428,577596 554861,608504 776009))
32760;POLYGON((527206 783069,540799 782480,529178 559506,519457 559928,527206 783069))
32601;POLYGON((445619 -9218343,459200 -9217519,470821 -9440493,461108 -9441085,445619 -9218343))
32602;POLYGON((364610 -9228216,378034 -9225986,412778 -9446571,403179 -9448171,364610 -9228216))
32603;POLYGON((285042 -9246449,298167 -9242837,355677 -9458662,346295 -9461254,285042 -9246449))
32604;POLYGON((207767 -9272860,220451 -9267900,300136 -9476640,291073 -9480196,207767 -9272860))
32605;POLYGON((133617 -9307180,145723 -9300924,246757 -9500316,238112 -9504799,133617 -9307180))
32606;POLYGON((63396 -9349059,74793 -9341572,196122 -9529439,187989 -9534802,63396 -9349059))
32607;POLYGON((-2123 -9398065,8438 -9389423,148785 -9563700,141254 -9569885,-2123 -9398065))
32608;POLYGON((-62219 -9453686,-52609 -9443980,105269 -9602734,98422 -9609674,-62219 -9453686))
32609;POLYGON((-116218 -9515335,-107668 -9504669,66052 -9646120,59966 -9653742,-116218 -9515335))
32610;POLYGON((-163517 -9582354,-156123 -9570841,31571 -9693390,26312 -9701610,-163517 -9582354))
32611;POLYGON((-203589 -9654022,-197432 -9641787,2206 -9744032,-2166 -9752762,-203589 -9654022))
32612;POLYGON((-235998 -9729566,-231144 -9716740,-21721 -9797496,-25162 -9806640,-235998 -9729566))
32613;POLYGON((-260419 -9808175,-256914 -9794896,-39959 -9853202,-42432 -9862663,-260419 -9808175))
32614;POLYGON((-276648 -9889015,-274516 -9875422,-52330 -9910553,-53813 -9920229,-276648 -9889015))
32615;POLYGON((-284627 -9971256,-283868 -9957486,-58738 -9968941,-59224 -9978730,-284627 -9971256))
32616;POLYGON((-284464 -10054095,-285046 -10040279,-59179 -10027765,-58678 -10037570,-284464 -10054095))
32617;POLYGON((-276452 -10136796,-278313 -10123050,-53750 -10086445,-52287 -10096173,-276452 -10136796))
32618;POLYGON((-261101 -10218732,-264141 -10205151,-42655 -10144445,-40276 -10154011,-261101 -10218732))
32619;POLYGON((-239164 -10299432,-243238 -10286081,-26216 -10201291,-22986 -10210624,-239164 -10299432))
32620;POLYGON((-211665 -10378647,-216582 -10365550,-4881 -10256598,-889 -10265646,-211665 -10378647))
32621;POLYGON((-179938 -10456420,-185453 -10443546,20759 -10310104,25402 -10318836,-179938 -10456420))
32622;POLYGON((-145660 -10533170,-151468 -10520418,49973 -10361699,55129 -10370115,-145660 -10533170))
32623;POLYGON((-110896 -10609792,-116624 -10596976,81865 -10411468,87369 -10419604,-110896 -10609792))
32624;POLYGON((-78136 -10687765,-83337 -10674592,115369 -10459733,121025 -10467669,-78136 -10687765))
32625;POLYGON((-50348 -10769288,-54493 -10755336,149236 -10507107,154818 -10514978,-50348 -10769288))
32626;POLYGON((-31027 -10857421,-33494 -10842114,182023 -10554548,187269 -10562550,-31027 -10857421))
32627;POLYGON((-24248 -10956258,-24315 -10938833,212073 -10603421,216688 -10611828,-24248 -10956258))
32628;POLYGON((-34727 -11071109,-31561 -11050588,237512 -10655574,241158 -10664745,-34727 -11071109))
32629;POLYGON((-67885 -11208714,-60531 -11183865,256222 -10713413,258524 -10723809,-67885 -11208714))
32630;POLYGON((-129910 -11377482,-117280 -11346777,265836 -10779990,266373 -10792191,-129910 -11377482))
32631;POLYGON((1105611 -11317168,1117280 -11346777,734163 -10779990,735025 -10768136,1105611 -11317168))
32632;POLYGON((1053947 -11159836,1060531 -11183865,743777 -10713413,746331 -10703257,1053947 -11159836))
32633;POLYGON((1028997 -11030662,1031561 -11050588,762487 -10655574,766320 -10646559,1028997 -11030662))
32634;POLYGON((1024837 -10921823,1024315 -10938833,787926 -10603421,792667 -10595104,1024837 -10921823))
32635;POLYGON((1036288 -10827079,1033494 -10842114,817976 -10554548,823298 -10546584,1036288 -10827079))
32636;POLYGON((1058854 -10741550,1054493 -10755336,850763 -10507107,856374 -10499238,1058854 -10741550))
32637;POLYGON((1088661 -10661504,1083337 -10674592,884630 -10459733,890275 -10451771,1088661 -10661504))
32638;POLYGON((1122394 -10584188,1116624 -10596976,918134 -10411468,923592 -10403289,1122394 -10584188))
32639;POLYGON((1157251 -10507656,1151468 -10520418,950026 -10361699,955107 -10353231,1157251 -10507656))
32640;POLYGON((1190887 -10430639,1185453 -10443546,979240 -10310104,983783 -10301318,1190887 -10430639))
32641;POLYGON((1221374 -10352411,1216582 -10365550,1004881 -10256598,1008754 -10247500,1221374 -10352411))
32642;POLYGON((1247151 -10272690,1243238 -10286081,1026216 -10201291,1029309 -10191914,1247151 -10272690))
32643;POLYGON((1266993 -10191538,1264141 -10205151,1042655 -10144445,1044886 -10134847,1266993 -10191538))
32644;POLYGON((1279968 -10109286,1278313 -10123050,1053750 -10086445,1055056 -10076698,1279968 -10109286))
32645;POLYGON((1285409 -10026462,1285046 -10040279,1059179 -10027765,1059517 -10017955,1285409 -10026462))
32646;POLYGON((1282881 -9943737,1283868 -9957486,1058738 -9968941,1058085 -9959163,1282881 -9943737))
32647;POLYGON((1272155 -9861872,1274516 -9875422,1052330 -9910553,1050681 -9900906,1272155 -9861872))
32648;POLYGON((1253181 -9781683,1256914 -9794896,1039959 -9853202,1037323 -9843787,1253181 -9781683))
32649;POLYGON((1226069 -9704004,1231144 -9716740,1021721 -9797496,1018122 -9788413,1226069 -9704004))
32650;POLYGON((1191063 -9629663,1197432 -9641787,997793 -9744032,993268 -9735380,1191063 -9629663))
32651;POLYGON((1148530 -9559461,1156123 -9570841,968428 -9693390,963027 -9685263,1148530 -9559461))
32652;POLYGON((1098935 -9494155,1107668 -9504669,933947 -9646120,927728 -9638606,1098935 -9494155))
32653;POLYGON((1042832 -9434445,1052609 -9443980,894730 -9602734,887764 -9595914,1042832 -9434445))
32654;POLYGON((980851 -9380968,991561 -9389423,851214 -9563700,843576 -9557648,980851 -9380968))
32655;POLYGON((913681 -9334284,925206 -9341572,803877 -9529439,795653 -9524219,913681 -9334284))
32656;POLYGON((842063 -9294881,854276 -9300924,753242 -9500316,744521 -9495984,842063 -9294881))
32657;POLYGON((766780 -9263163,779548 -9267900,699863 -9476640,690740 -9473242,766780 -9263163))
32658;POLYGON((688648 -9239452,701832 -9242837,644322 -9458662,634897 -9456234,688648 -9239452))
32659;POLYGON((608504 -9223990,621965 -9225986,587221 -9446571,577596 -9445138,608504 -9223990))
32660;POLYGON((527206 -9216930,540799 -9217519,529178 -9440493,519457 -9440071,527206 -9216930))
