32701;POLYGON((422516 18884250,441867 18883084,430399 18660152,407229 18661538,422516 18884250))
32702;POLYGON((307066 18898211,326202 18895057,291896 18674392,268977 18678144,307066 18898211))
32703;POLYGON((193609 18924008,212330 18918895,155483 18702756,133048 18708842,193609 18924008))
32704;POLYGON((83328 18961406,101438 18954381,22548 18745009,827 18753378,83328 18961406))
32705;POLYGON((-22611 19010059,-5305 19001187,-105530 18800792,-126309 18811372,-22611 19010059))
32706;POLYGON((-123071 19069507,-106755 19058872,-227394 18869618,-247007 18882316,-123071 19069507))
32707;POLYGON((-216948 19139176,-201804 19126883,-341714 18950866,-359943 18965564,-216948 19139176))
32708;POLYGON((-303192 19218376,-289390 19204547,-447204 19043774,-463840 19060331,-303192 19218376))
32709;POLYGON((-380820 19306303,-368519 19291080,-542644 19147437,-557493 19165688,-380820 19306303))
32710;POLYGON((-448939 19402042,-438281 19385585,-626908 19260805,-639793 19280562,-448939 19402042))
32711;POLYGON((-506768 19504579,-497874 19487063,-698997 19382692,-709767 19403744,-506768 19504579))
32712;POLYGON((-553673 19612811,-546636 19594426,-758082 19511786,-766619 19533905,-553673 19612811))
32713;POLYGON((-589195 19725575,-584078 19706517,-803558 19646680,-809787 19669624,-589195 19725575))
32714;POLYGON((-613100 19841676,-609925 19822145,-835106 19785903,-839007 19809423,-613100 19841676))
32715;POLYGON((-625423 19959931,-624162 19940120,-852767 19927977,-854386 19951832,-625423 19959931))
32716;POLYGON((-626524 20079230,-627093 20059317,-857026 20071494,-856496 20095464,-626524 20079230))
32717;POLYGON((-617153 20198608,-619397 20178741,-848916 20215213,-846469 20239113,-617153 20198608))
32718;POLYGON((-598521 20317341,-602203 20297618,-830129 20358183,-826121 20381895,-598521 20317341))
32719;POLYGON((-572381 20435057,-577167 20415510,-803145 20499905,-798076 20523403,-572381 20435057))
32720;POLYGON((-541120 20551884,-546563 20532451,-771381 20640525,-765921 20663911,-541120 20551884))
32721;POLYGON((-507856 20668609,-513382 20649104,-739346 20781068,-734367 20804619,-507856 20668609))
32722;POLYGON((-476554 20786888,-481438 20766965,-712831 20923725,-709435 20947941,-476554 20786888))
32723;POLYGON((-452147 20909471,-455495 20888586,-699101 21072183,-698658 21097850,-452147 20909471))
32724;POLYGON((-440670 21040487,-441393 21017842,-707119 21232017,-711305 21260280,-440670 21040487))
32725;POLYGON((-449408 21185751,-446197 21160246,-747790 21411150,-758628 21443593,-449408 21185751))
32726;POLYGON((-487053 21353134,-478356 21323296,-834216 21620375,-854124 21659116,-487053 21353134))
32727;POLYGON((-563885 21552974,-547870 21516890,-981991 21873955,-1013833 21921757,-563885 21552974))
32728;POLYGON((-691950 21798550,-666479 21753780,-1209508 22190315,-1256643 22250705,-691950 21798550))
32729;POLYGON((-885271 22106610,-847860 22050099,-1538294 22592811,-1604639 22670222,-885271 22106610))
32730;POLYGON((-1160062 22497970,-1107846 22425938,-1993371 23110608,-2083465 23210532,-1160062 22497970))
32731;POLYGON((2058315 22356789,2107846 22425938,2993371 23110608,2907579 23014867,2058315 22356789))
32732;POLYGON((1812627 21995786,1847860 22050099,2538294 22592811,2475447 22518588,1812627 21995786))
32733;POLYGON((1642746 21710653,1666479 21753780,2209508 22190315,2165179 22132304,1642746 21710653))
32734;POLYGON((1533215 21482001,1547870 21516890,1981991 21873955,1952358 21827886,1533215 21482001))
32735;POLYGON((1470693 21294300,1478356 21323296,1834216 21620375,1816005 21582857,1470693 21294300))
32736;POLYGON((1443743 21135308,1446197 21160246,1747790 21411150,1738217 21379536,1443743 21135308))
32737;POLYGON((1442637 20995558,1441393 21017842,1707119 21232017,1703836 21204284,1442637 20995558))
32738;POLYGON((1459168 20867909,1455495 20888586,1699101 21072183,1700143 21046827,1459168 20867909))
32739;POLYGON((1486487 20747144,1481438 20766965,1712831 20923725,1716578 20899667,1486487 20747144))
32740;POLYGON((1518940 20629630,1513382 20649104,1739346 20781068,1744476 20757573,1518940 20629630))
32741;POLYGON((1551933 20513008,1546563 20532451,1771381 20640525,1776830 20617134,1551933 20513008))
32742;POLYGON((1581796 20395935,1577167 20415510,1803145 20499905,1808080 20476375,1581796 20395935))
32743;POLYGON((1605665 20277866,1602203 20297618,1830129 20358183,1833907 20334435,1605665 20277866))
32744;POLYGON((1621376 20158857,1619397 20178741,1848916 20215213,1851063 20191291,1621376 20158857))
32745;POLYGON((1627366 20039411,1627093 20059317,1857026 20071494,1857210 20047530,1627366 20039411))
32746;POLYGON((1622587 19920344,1624162 19940120,1852767 19927977,1850773 19904161,1622587 19920344))
32747;POLYGON((1606426 19802679,1609925 19822145,1835106 19785903,1830819 19762461,1606426 19802679))
32748;POLYGON((1578638 19687557,1584078 19706517,1803558 19646680,1796941 19623857,1578638 19687557))
32749;POLYGON((1539284 19576172,1546636 19594426,1758082 19511786,1749166 19489829,1539284 19576172))
32750;POLYGON((1488678 19469711,1497874 19487063,1698997 19382692,1687865 19361840,1488678 19469711))
32751;POLYGON((1427340 19369322,1438281 19385585,1626908 19260805,1613684 19241285,1427340 19369322))
32752;POLYGON((1355958 19276079,1368519 19291080,1542644 19147437,1527484 19129456,1355958 19276079))
32753;POLYGON((1275354 19190965,1289390 19204547,1447204 19043774,1430288 19027517,1275354 19190965))
32754;POLYGON((1186453 19114858,1201804 19126883,1341714 18950866,1323240 18936493,1186453 19114858))
32755;POLYGON((1090262 19048525,1106755 19058872,1227394 18869618,1207572 18857266,1090262 19048525))
32756;POLYGON((987851 18992617,1005305 19001187,1105530 18800792,1084579 18790574,987851 18992617))
32757;POLYGON((880336 18947670,898561 18954381,977451 18745009,955595 18737016,880336 18947670))
32758;POLYGON((768865 18914106,787669 18918895,844516 18702756,821985 18697057,768865 18914106))
32759;POLYGON((654612 18892234,673797 18895057,708103 18674392,685127 18671033,654612 18892234))
32760;POLYGON((538764 18882252,558132 18883084,569600 18660152,546411 18659161,538764 18882252))
32601;POLYGON((422516 8884250,441867 8883084,430399 8660152,407229 8661538,422516 8884250))
32602;POLYGON((307066 8898211,326202 8895057,291896 8674392,268977 8678144,307066 8898211))
32603;POLYGON((193609 8924008,212330 8918895,155483 8702756,133048 8708842,193609 8924008))
32604;POLYGON((83328 8961406,101438 8954381,22548 8745009,827 8753378,83328 8961406))
32605;POLYGON((-22611 9010059,-5305 9001187,-105530 8800792,-126309 8811372,-22611 9010059))
32606;POLYGON((-123071 9069507,-106755 9058872,-227394 8869618,-247007 8882316,-123071 9069507))
32607;POLYGON((-216948 9139176,-201804 9126883,-341714 8950866,-359943 8965564,-216948 9139176))
32608;POLYGON((-303192 9218376,-289390 9204547,-447204 9043774,-463840 9060331,-303192 9218376))
32609;POLYGON((-380820 9306303,-368519 9291080,-542644 9147437,-557493 9165688,-380820 9306303))
32610;POLYGON((-448939 9402042,-438281 9385585,-626908 9260805,-639793 9280562,-448939 9402042))
32611;POLYGON((-506768 9504579,-497874 9487063,-698997 9382692,-709767 9403744,-506768 9504579))
32612;POLYGON((-553673 9612811,-546636 9594426,-758082 9511786,-766619 9533905,-553673 9612811))
32613;POLYGON((-589195 9725575,-584078 9706517,-803558 9646680,-809787 9669624,-589195 9725575))
32614;POLYGON((-613100 9841676,-609925 9822145,-835106 9785903,-839007 9809423,-613100 9841676))
32615;POLYGON((-625423 9959931,-624162 9940120,-852767 9927977,-854386 9951832,-625423 9959931))
32616;POLYGON((-626524 10079230,-627093 10059317,-857026 10071494,-856496 10095464,-626524 10079230))
32617;POLYGON((-617153 10198608,-619397 10178741,-848916 10215213,-846469 10239113,-617153 10198608))
32618;POLYGON((-598521 10317341,-602203 10297618,-830129 10358183,-826121 10381895,-598521 10317341))
32619;POLYGON((-572381 10435057,-577167 10415510,-803145 10499905,-798076 10523403,-572381 10435057))
32620;POLYGON((-541120 10551884,-546563 10532451,-771381 10640525,-765921 10663911,-541120 10551884))
32621;POLYGON((-507856 10668609,-513382 10649104,-739346 10781068,-734367 10804619,-507856 10668609))
32622;POLYGON((-476554 10786888,-481438 10766965,-712831 10923725,-709435 10947941,-476554 10786888))
32623;POLYGON((-452147 10909471,-455495 10888586,-699101 11072183,-698658 11097850,-452147 10909471))
32624;POLYGON((-440670 11040487,-441393 11017842,-707119 11232017,-711305 11260280,-440670 11040487))
32625;POLYGON((-449408 11185751,-446197 11160246,-747790 11411150,-758628 11443593,-449408 11185751))
32626;POLYGON((-487053 11353134,-478356 11323296,-834216 11620375,-854124 11659116,-487053 11353134))
32627;POLYGON((-563885 11552974,-547870 11516890,-981991 11873955,-1013833 11921757,-563885 11552974))
32628;POLYGON((-691950 11798550,-666479 11753780,-1209508 12190315,-1256643 12250705,-691950 11798550))
32629;POLYGON((-885271 12106610,-847860 12050099,-1538294 12592811,-1604639 12670222,-885271 12106610))
32630;POLYGON((-1160062 12497970,-1107846 12425938,-1993371 13110608,-2083465 13210532,-1160062 12497970))
32631;POLYGON((2058315 12356789,2107846 12425938,2993371 13110608,2907579 13014867,2058315 12356789))
32632;POLYGON((1812627 11995786,1847860 12050099,2538294 12592811,2475447 12518588,1812627 11995786))
32633;POLYGON((1642746 11710653,1666479 11753780,2209508 12190315,2165179 12132304,1642746 11710653))
32634;POLYGON((1533215 11482001,1547870 11516890,1981991 11873955,1952358 11827886,1533215 11482001))
32635;POLYGON((1470693 11294300,1478356 11323296,1834216 11620375,1816005 11582857,1470693 11294300))
32636;POLYGON((1443743 11135308,1446197 11160246,1747790 11411150,1738217 11379536,1443743 11135308))
32637;POLYGON((1442637 10995558,1441393 11017842,1707119 11232017,1703836 11204284,1442637 10995558))
32638;POLYGON((1459168 10867909,1455495 10888586,1699101 11072183,1700143 11046827,1459168 10867909))
32639;POLYGON((1486487 10747144,1481438 10766965,1712831 10923725,1716578 10899667,1486487 10747144))
32640;POLYGON((1518940 10629630,1513382 10649104,1739346 10781068,1744476 10757573,1518940 10629630))
32641;POLYGON((1551933 10513008,1546563 10532451,1771381 10640525,1776830 10617134,1551933 10513008))
32642;POLYGON((1581796 10395935,1577167 10415510,1803145 10499905,1808080 10476375,1581796 10395935))
32643;POLYGON((1605665 10277866,1602203 10297618,1830129 10358183,1833907 10334435,1605665 10277866))
32644;POLYGON((1621376 10158857,1619397 10178741,1848916 10215213,1851063 10191291,1621376 10158857))
32645;POLYGON((1627366 10039411,1627093 10059317,1857026 10071494,1857210 10047530,1627366 10039411))
32646;POLYGON((1622587 9920344,1624162 9940120,1852767 9927977,1850773 9904161,1622587 9920344))
32647;POLYGON((1606426 9802679,1609925 9822145,1835106 9785903,1830819 9762461,1606426 9802679))
32648;POLYGON((1578638 9687557,1584078 9706517,1803558 9646680,1796941 9623857,1578638 9687557))
32649;POLYGON((1539284 9576172,1546636 9594426,1758082 9511786,1749166 9489829,1539284 9576172))
32650;POLYGON((1488678 9469711,1497874 9487063,1698997 9382692,1687865 9361840,1488678 9469711))
32651;POLYGON((1427340 9369322,1438281 9385585,1626908 9260805,1613684 9241285,1427340 9369322))
32652;POLYGON((1355958 9276079,1368519 9291080,1542644 9147437,1527484 9129456,1355958 9276079))
32653;POLYGON((1275354 9190965,1289390 9204547,1447204 9043774,1430288 9027517,1275354 9190965))
32654;POLYGON((1186453 9114858,1201804 9126883,1341714 8950866,1323240 8936493,1186453 9114858))
32655;POLYGON((1090262 9048525,1106755 9058872,1227394 8869618,1207572 8857266,1090262 9048525))
32656;POLYGON((987851 8992617,1005305 9001187,1105530 8800792,1084579 8790574,987851 8992617))
32657;POLYGON((880336 8947670,898561 8954381,977451 8745009,955595 8737016,880336 8947670))
32658;POLYGON((768865 8914106,787669 8918895,844516 8702756,821985 8697057,768865 8914106))
32659;POLYGON((654612 8892234,673797 8895057,708103 8674392,685127 8671033,654612 8892234))
32660;POLYGON((538764 8882252,558132 8883084,569600 8660152,546411 8659161,538764 8882252))
