32701;POLYGON((-166969018 -235149993,-156663238 -214941297,-135887706 -236177263,-144513572 -258176017,-166969018 -235149993))
32702;POLYGON((-201918889 -306004208,-189560247 -280564561,-163384866 -307594026,-173689332 -335266227,-201918889 -306004208))
32703;POLYGON((-243721248 -394801185,-228957682 -362984302,-196193476 -397225154,-208460359 -431810902,-243721248 -394801185))
32704;POLYGON((229957682 -362984302,244721248 -394801185,209460359 -431810902,197193476 -397225154,229957682 -362984302))
32705;POLYGON((190560247 -280564561,202918889 -306004208,174689332 -335266227,164384866 -307594026,190560247 -280564561))
32706;POLYGON((157663238 -214941297,167969018 -235149993,145513572 -258176017,136887706 -236177263,157663238 -214941297))
32707;POLYGON((130298963 -163040024,138860192 -178984619,121117376 -197019712,113921250 -179648113,130298963 -163040024))
32708;POLYGON((107622279 -122277037,114707835 -134768430,100786428 -148832245,94802712 -135209983,107622279 -122277037))
32709;POLYGON((88898250 -90493823,94741592 -100208035,83897761 -111130678,78937465 -100525673,88898250 -90493823))
32710;POLYGON((73490676 -65898351,78293573 -73395361,69910414 -81848444,65809924 -73654031,73490676 -65898351))
32711;POLYGON((60851479 -47012753,64787455 -52753258,58356769 -59276658,54975110 -52993498,60851479 -47012753))
32712;POLYGON((50510889 -32626897,53728405 -36987164,48834546 -42011947,46050848 -37232000,50510889 -32626897))
32713;POLYGON((42068415 -21757392,44693797 -25042346,40999412 -28910303,38710587 -25302699,42068415 -21757392))
32714;POLYGON((35184564 -13611565,37324680 -16066270,34558200 -19046461,32676805 -16345104,35184564 -13611565))
32715;POLYGON((29573265 -7556004,31317976 -9375669,29262694 -11678339,27714985 -9671104,29573265 -7556004))
32716;POLYGON((24994978 -3089234,26419359 -4427885,24903962 -6216094,23628120 -4735459,24994978 -3089234))
32717;POLYGON((21250445 181842,22416800 -796096,21307206 -2195362,20251732 -1110349,21250445 181842))
32718;POLYGON((18175054 2562123,19134728 1851946,18327108 745721,17449378 1536428,18175054 2562123))
32719;POLYGON((15633781 4285442,16428783 3772036,15843644 2886092,15108610 3459984,15633781 4285442))
32720;POLYGON((13516676 5529004,14181127 5158804,13758333 4438302,13137368 4853941,13516676 5529004))
32721;POLYGON((11734865 6425413,12296275 6158520,11990905 5562361,11460779 5863452,11734865 6425413))
32722;POLYGON((10217025 7072603,10697417 6879690,10476354 6377204,10018333 6595943,10217025 7072603))
32723;POLYGON((8906308 7541927,9323196 7401732,9162351 6970089,8761414 7129882,8906308 7541927))
32724;POLYGON((7757676 7884667,8124910 7781982,8006998 7404189,7651149 7521827,7757676 7884667))
32725;POLYGON((6735612 8137187,7064099 8061279,6976878 7724644,6656570 7812021,6735612 8137187))
32726;POLYGON((5812178 8324948,6110495 8268335,6045400 7963313,5753035 8028758,5812178 8324948))
32727;POLYGON((4965384 8465582,5240288 8423101,5191390 8142430,4920907 8191713,4965384 8465582))
32728;POLYGON((4177834 8571179,4434687 8539300,4397918 8277362,4144441 8314451,4177834 8571179))
32729;POLYGON((3435621 8649970,3678731 8626297,3651321 8378650,3410879 8406251,3435621 8649970))
32730;POLYGON((2727427 8707508,2960327 8690431,2940404 8453466,2709700 8473408,2727427 8707508))
32731;POLYGON((2043807 8747488,2269474 8735943,2255798 8506634,2032018 8520131,2043807 8747488))
32732;POLYGON((1376612 8772286,1597650 8765604,1589426 8541316,1370091 8549134,1376612 8772286))
32733;POLYGON((718529 8783292,937307 8781104,934084 8559451,716922 8562012,718529 8783292))
32734;POLYGON((62692 8781104,281470 8783292,283077 8562012,65915 8559451,62692 8781104))
32735;POLYGON((-597650 8765604,-376612 8772286,-370091 8549134,-589426 8541316,-597650 8765604))
32736;POLYGON((-1269474 8735943,-1043807 8747488,-1032018 8520131,-1255798 8506634,-1269474 8735943))
32737;POLYGON((-1960327 8690431,-1727427 8707508,-1709700 8473408,-1940404 8453466,-1960327 8690431))
32738;POLYGON((-2678731 8626297,-2435621 8649970,-2410879 8406251,-2651321 8378650,-2678731 8626297))
32739;POLYGON((-3434687 8539300,-3177834 8571179,-3144441 8314451,-3397918 8277362,-3434687 8539300))
32740;POLYGON((-4240288 8423101,-3965384 8465582,-3920907 8191713,-4191390 8142430,-4240288 8423101))
32741;POLYGON((-5110495 8268335,-4812178 8324948,-4753035 8028758,-5045400 7963313,-5110495 8268335))
32742;POLYGON((-6064099 8061279,-5735612 8137187,-5656570 7812021,-5976878 7724644,-6064099 8061279))
32743;POLYGON((-7124910 7781982,-6757676 7884667,-6651149 7521827,-7006998 7404189,-7124910 7781982))
32744;POLYGON((-8323196 7401732,-7906308 7541927,-7761414 7129882,-8162351 6970089,-8323196 7401732))
32745;POLYGON((-9697417 6879690,-9217025 7072603,-9018333 6595943,-9476354 6377204,-9697417 6879690))
32746;POLYGON((-11296275 6158520,-10734865 6425413,-10460779 5863452,-10990905 5562361,-11296275 6158520))
32747;POLYGON((-13181127 5158804,-12516676 5529004,-12137368 4853941,-12758333 4438302,-13181127 5158804))
32748;POLYGON((-15428783 3772036,-14633781 4285442,-14108610 3459984,-14843644 2886092,-15428783 3772036))
32749;POLYGON((-18134728 1851946,-17175054 2562123,-16449378 1536428,-17327108 745721,-18134728 1851946))
32750;POLYGON((-21416800 -796096,-20250445 181842,-19251732 -1110349,-20307206 -2195362,-21416800 -796096))
32751;POLYGON((-25419359 -4427885,-23994978 -3089234,-22628120 -4735459,-23903962 -6216094,-25419359 -4427885))
32752;POLYGON((-30317976 -9375669,-28573265 -7556004,-26714985 -9671104,-28262694 -11678339,-30317976 -9375669))
32753;POLYGON((-36324680 -16066270,-34184564 -13611565,-31676805 -16345104,-33558200 -19046461,-36324680 -16066270))
32754;POLYGON((-43693797 -25042346,-41068415 -21757392,-37710587 -25302699,-39999412 -28910303,-43693797 -25042346))
32755;POLYGON((-52728405 -36987164,-49510889 -32626897,-45050848 -37232000,-47834546 -42011947,-52728405 -36987164))
32756;POLYGON((-63787455 -52753258,-59851479 -47012753,-53975110 -52993498,-57356769 -59276658,-63787455 -52753258))
32757;POLYGON((-77293573 -73395361,-72490676 -65898351,-64809924 -73654031,-68910414 -81848444,-77293573 -73395361))
32758;POLYGON((-93741592 -100208035,-87898250 -90493823,-77937465 -100525673,-82897761 -111130678,-93741592 -100208035))
32759;POLYGON((-113707835 -134768430,-106622279 -122277037,-93802712 -135209983,-99786428 -148832245,-113707835 -134768430))
32760;POLYGON((-137860192 -178984619,-129298963 -163040024,-112921250 -179648113,-120117376 -197019712,-137860192 -178984619))
