32701;POLYGON((-82061142 -195262920,-90379869 -209690950,-105067980 -153720315,-95870777 -143891194,-82061142 -195262920))
32702;POLYGON((-60369814 -157147686,-67086501 -169040157,-79279630 -125885895,-71820497 -117653079,-60369814 -157147686))
32703;POLYGON((-42965563 -125808786,-48335812 -135573970,-58422830 -102595069,-52427459 -95720671,-42965563 -125808786))
32704;POLYGON((-29149360 -100139702,-33395277 -108127550,-41711176 -83166563,-36940945 -77444249,-29149360 -100139702))
32705;POLYGON((-18315796 -79194540,-21629396 -85703772,-28461658 -67010103,-24710027 -62261507,-18315796 -79194540))
32706;POLYGON((-9943343 -62168156,-12489722 -67452659,-18084086 -53615992,-15173227 -49687461,-9943343 -62168156))
32707;POLYGON((-3585321 -48378246,-5505585 -52652833,-10071249 -42545662,-7848940 -39305312,-3585321 -48378246))
32708;POLYGON((1138462 -37249274,-275519 -40694850,-3989817 -33423123,-2326560 -30758173,1138462 -37249274))
32709;POLYGON((4549421 -28298094,3540665 -31066262,528068 -25927253,1741701 -23741635,4549421 -28298094))
32710;POLYGON((6917269 -21121133,6229166 -23338307,3792533 -19784860,4648331 -17997069,6917269 -21121133))
32711;POLYGON((8466507 -15383028,8028871 -17154063,6063064 -14764472,6637406 -13305644,8466507 -15383028))
32712;POLYGON((9382340 -10806583,9137460 -12217983,7554990 -10670788,7910877 -9482990,9382340 -10806583))
32713;POLYGON((9816046 -7163935,9716956 -8286671,8445383 -7339735,8634276 -6374445,9816046 -7163935))
32714;POLYGON((9889823 -4268835,9898741 -5160801,8878395 -4634096,8941873 -3850858,9889823 -4268835))
32715;POLYGON((9701158 -1969924,9788086 -2678073,8970067 -2439639,8941324 -1804887,9701158 -1969924))
32716;POLYGON((9326716 -144914,9468189 -707103,8812641 -661725,8717811 -147739,9326716 -144914))
32717;POLYGON((8825800 1304402,9003784 857835,8478394 777671,8337732 1193665,8825800 1304402))
32718;POLYGON((8243397 2456435,8444315 2101317,8023032 1942549,7851947 2279164,8243397 2456435))
32719;POLYGON((7612839 3373412,7826726 3090599,7488659 2885130,7298624 3157498,7612839 3373412))
32720;POLYGON((6958105 4104428,7177879 3878848,6906371 3647788,6705697 3868142,6958105 4104428))
32721;POLYGON((6295788 4687997,6516630 4507849,6298473 4264718,6092979 4442888,6295788 4687997))
32722;POLYGON((5636764 5154154,5855593 5010255,5680376 4763343,5473951 4907178,5636764 5154154))
32723;POLYGON((4987578 5526186,5202619 5411430,5062186 5165513,4857252 5281237,4987578 5526186))
32724;POLYGON((4351571 5822033,4562005 5730960,4450013 5488509,4247908 5581015,4351571 5822033))
32725;POLYGON((3729795 6055413,3935479 5983860,3847034 5745880,3648320 5818978,3729795 6055413))
32726;POLYGON((3121718 6236711,3322969 6181540,3254342 5948128,3059036 6004744,3121718 6236711))
32727;POLYGON((2525761 6373672,2723195 6332559,2671592 6103273,2479348 6145604,2525761 6373672))
32728;POLYGON((1939684 6471930,2134101 6443204,2097491 6217288,1907731 6246935,1939684 6471930))
32729;POLYGON((1360862 6535395,1553169 6517926,1530148 6294449,1342154 6312508,1360862 6535395))
32730;POLYGON((786460 6566533,977616 6559647,967321 6337590,780299 6344714,786460 6566533))
32731;POLYGON((213539 6566533,404531 6569968,406582 6348269,219700 6344714,213539 6566533))
32732;POLYGON((-360862 6535395,-169047 6549282,-154576 6326869,-342154 6312508,-360862 6535395))
32733;POLYGON((-939684 6471930,-746074 6496801,-718644 6272621,-907731 6246935,-939684 6471930))
32734;POLYGON((-1525761 6373672,-1329427 6410500,-1288004 6183557,-1479348 6145604,-1525761 6373672))
32735;POLYGON((-2121718 6236711,-1921819 6286974,-1864802 6056385,-2059036 6004744,-2121718 6236711))
32736;POLYGON((-2729795 6055413,-2525642 6121202,-2450761 5886296,-2648320 5818978,-2729795 6055413))
32737;POLYGON((-3351571 5822033,-3142731 5906193,-3046903 5666677,-3247908 5581015,-3351571 5822033))
32738;POLYGON((-3987578 5526186,-3774020 5632512,-3653156 5388736,-3857252 5281237,-3987578 5526186))
32739;POLYGON((-4636764 5154154,-4419055 5287639,-4267813 5041023,-4473951 4907178,-4636764 5154154))
32740;POLYGON((-5295788 4687997,-5075347 4855154,-4886824 4608828,-5092979 4442888,-5295788 4687997))
32741;POLYGON((-5958105 4104428,-5737534 4313695,-5502876 4073449,-5705697 3868142,-5958105 4104428))
32742;POLYGON((-6612839 3373412,-6396327 3635648,-6104255 3411297,-6298624 3157498,-6612839 3373412))
32743;POLYGON((-7243397 2456435,-7037205 2785543,-6673442 2592837,-6851947 2279164,-7243397 2456435))
32744;POLYGON((-7825800 1304402,-7638857 1718070,-7185428 1581315,-7337732 1193665,-7825800 1304402))
32745;POLYGON((-8326716 -144914,-8171307 375692,-7605712 331272,-7717811 -147739,-8326716 -144914))
32746;POLYGON((-8701158 -1969924,-8593731 -1314233,-7887961 -1213208,-7941324 -1804887,-8701158 -1969924))
32747;POLYGON((-8889823 -4268835,-8851916 -3442874,-7971297 -3120537,-7941873 -3850858,-8889823 -4268835))
32748;POLYGON((-8816046 -7163935,-8875347 -6123974,-7777186 -5473970,-7634276 -6374445,-8816046 -7163935))
32749;POLYGON((-8382340 -10806583,-8573890 -9498597,-7205902 -8374328,-6910877 -9482990,-8382340 -10806583))
32750;POLYGON((-7466507 -15383028,-7834043 -13740662,-6132536 -11943102,-5637406 -13305644,-7466507 -15383028))
32751;POLYGON((-5917269 -21121133,-6514737 -19063354,-4402524 -16326010,-3648331 -17997069,-5917269 -21121133))
32752;POLYGON((-3549421 -28298094,-4442647 -25726501,-1826661 -21697021,-741701 -23741635,-3549421 -28298094))
32753;POLYGON((-138462 -37249274,-1407000 -34045022,1824417 -28262914,3326560 -30758173,-138462 -37249274))
32754;POLYGON((4585321 -48378246,2846155 -44398559,6826327 -36268420,8848940 -39305312,4585321 -48378246))
32755;POLYGON((10943343 -62168156,8620243 -57242384,13507620 -46001983,16173227 -49687461,10943343 -62168156))
32756;POLYGON((19315796 -79194540,16275036 -73119719,22257085 -57802206,25710027 -62261507,19315796 -79194540))
32757;POLYGON((30149360 -100139702,26234158 -92675577,33531713 -72065042,37940945 -77444249,30149360 -100139702))
32758;POLYGON((43965563 -125808786,38993217 -116672261,47865325 -89251775,53427459 -95720671,43965563 -125808786))
32759;POLYGON((61369814 -157147686,55128613 -146006640,65877924 -109897865,72820497 -117653079,61369814 -157147686))
32760;POLYGON((83061142 -195262920,75307044 -181729353,88285769 -134622713,96870777 -143891194,83061142 -195262920))
