32601;POLYGON((91102406 444991115,95290566 481839838,135998346 489919183,128974968 452150813,91102406 444991115))
32602;POLYGON((79618629 349233523,83273906 378842085,115989903 384394168,109995336 354086813,79618629 349233523))
32603;POLYGON((69604542 272589965,72790646 296238135,98924781 299879135,93819709 275708445,69604542 272589965))
32604;POLYGON((60882421 211622067,63656423 230392136,84401668 232612278,80063057 213458926,60882421 211622067))
32605;POLYGON((53293306 163432226,55706211 178234537,72066532 179419664,68386091 164342777,53293306 163432226))
32606;POLYGON((46695366 125592256,48792645 137188141,61608123 137638279,58490875 125851570,46695366 125592256))
32607;POLYGON((40962368 96079445,42784457 105101747,52753776 105046976,50116725 95897394,40962368 96079445))
32608;POLYGON((35982249 73219486,37565011 80190852,45265515 79804791,43036414 72753494,35982249 73219486))
32609;POLYGON((31655784 55635755,33030945 60984868,38936445 60396053,37052648 55001529,31655784 55635755))
32610;POLYGON((27895349 42204455,29090901 46280365,33587405 45581762,31994818 41484933,27895349 42204455))
32611;POLYGON((24623778 32015130,25664349 35099847,29063897 34356749,27716005 31267882,24623778 32015130))
32612;POLYGON((21773300 24336102,22680498 26655600,25233257 25912101,24090235 23599385,21773300 24336102))
32613;POLYGON((19284559 18584392,20077292 20318159,21982062 19602429,21009967 17882050,19284559 18584392))
32614;POLYGON((17105718 14299712,17800481 15588996,19213777 14917496,18383803 13645087,17105718 14299712))
32615;POLYGON((15191629 11122129,15802777 12076996,16846601 11457825,16134417 10521141,15191629 11122129))
32616;POLYGON((13503076 8773029,14043065 9478364,14811532 8913853,14196674 8226555,13503076 8773029))
32617;POLYGON((12006090 7039033,12485701 7559597,13050617 7048293,12515945 6544709,12006090 7039033))
32618;POLYGON((10671315 5758523,11099856 6143170,11515384 5681312,11046603 5312073,10671315 5758523))
32619;POLYGON((9473438 4810474,9858931 5095639,10165447 4678227,9750672 4406665,9473438 4810474))
32620;POLYGON((8390677 4105299,8740021 4317842,8967266 3939382,8596647 3738591,8390677 4105299))
32621;POLYGON((7404312 3577436,7723432 3736935,7893059 3391930,7558445 3242407,7404312 3577436))
32622;POLYGON((6498262 3179428,6792250 3300001,6919842 2983253,6614493 2871021,6498262 3179428))
32623;POLYGON((5658713 2877271,5931944 2969000,6028604 2675771,5746937 2590918,5658713 2877271))
32624;POLYGON((4873772 2646815,5130016 2716839,5203582 2442912,4940955 2378475,4873772 2646815))
32625;POLYGON((4133163 2471040,4375683 2524378,4431647 2266051,4184175 2217173,4133163 2471040))
32626;POLYGON((3427951 2338031,3659592 2378188,3701775 2132229,3466173 2095549,3427951 2338031))
32627;POLYGON((2750291 2239517,2973563 2268916,3004600 2032496,2778045 2005705,2750291 2239517))
32628;POLYGON((2093201 2169844,2310348 2190128,2332029 1960738,2112049 1942283,2093201 2169844))
32629;POLYGON((1450350 2125270,1663422 2137506,1676916 1912880,1461291 1901760,1450350 2125270))
32630;POLYGON((815864 2103521,1026779 2108324,1032780 1886364,819451 1882001,815864 2103521))
32631;POLYGON((184135 2103521,394745 2101126,393552 1879826,180548 1882001,184135 2103521))
32632;POLYGON((-450350 2125270,-238206 2115560,-246653 1892938,-461291 1901760,-450350 2125270))
32633;POLYGON((-1093201 2169844,-877633 2152336,-893758 1926362,-1112049 1942283,-1093201 2169844))
32634;POLYGON((-1750291 2239517,-1529300 2213307,-1553943 1981835,-1778045 2005705,-1750291 2239517))
32635;POLYGON((-2427951 2338031,-2199363 2301685,-2233880 2062378,-2466173 2095549,-2427951 2338031))
32636;POLYGON((-3133163 2471040,-2894567 2422423,-2940999 2172675,-3184175 2217173,-3133163 2471040))
32637;POLYGON((-3873772 2646815,-3622443 2582825,-3683778 2319679,-3940955 2378475,-3873772 2646815))
32638;POLYGON((-4658713 2877271,-4391537 2793450,-4472091 2513525,-4746937 2590918,-4658713 2877271))
32639;POLYGON((-5498262 3179428,-5211647 3069424,-5317608 2768851,-5614493 2871021,-5498262 3179428))
32640;POLYGON((-6404312 3577436,-6094097 3432255,-6234274 3106640,-6558445 3242407,-6404312 3577436))
32641;POLYGON((-7390677 4105299,-7052023 3912310,-7238861 3556750,-7596647 3738591,-7390677 4105299))
32642;POLYGON((-8473438 4810474,-8100710 4552099,-8351620 4161274,-8750672 4406665,-8473438 4810474))
32643;POLYGON((-9671315 5758523,-9257955 5410560,-9597036 4978931,-10046603 5312073,-9671315 5758523))
32644;POLYGON((-11006090 7039033,-10544470 6568525,-11004698 6090697,-11515945 6544709,-11006090 7039033))
32645;POLYGON((-12503076 8773029,-11984335 8135615,-12610299 7606905,-13196674 8226555,-12503076 8773029))
32646;POLYGON((-14191629 11122129,-13605497 10258781,-14456774 9676060,-15134417 10521141,-14191629 11122129))
32647;POLYGON((-16105718 14299712,-15440323 13132772,-16595594 12495661,-17383803 13645087,-16105718 14299712))
32648;POLYGON((-18284559 18584392,-17526205 17012805,-19088212 16325309,-20009967 17882050,-18284559 18584392))
32649;POLYGON((-20773300 24336102,-19906233 22229744,-22007693 21502427,-23090235 23599385,-20773300 24336102))
32650;POLYGON((-23623778 32015130,-22629926 29208114,-25440522 28460929,-26716005 31267882,-23623778 32015130))
32651;POLYGON((-26895349 42204455,-25754038 38487297,-29488617 37753204,-30994818 41484933,-26895349 42204455))
32652;POLYGON((-30655784 55635755,-29343428 50746272,-34271538 50075790,-36052648 55001529,-30655784 55635755))
32653;POLYGON((-34982249 73219486,-33472020 66832291,-39928931 66299152,-42036414 72753494,-34982249 73219486))
32654;POLYGON((-39962368 96079445,-38223827 87793905,-46623188 87501978,-49116725 95897394,-39962368 96079445))
32655;POLYGON((-45695366 125592256,-43694074 114918750,-54542358 115010455,-57490875 125851570,-45695366 125592256))
32656;POLYGON((-52293306 163432226,-49990402 149776570,-63903315 150442986,-67386091 164342777,-52293306 163432226))
32657;POLYGON((-59882421 211622067,-57234168 194267927,-74955182 195760837,-79063057 213458926,-59882421 211622067))
32658;POLYGON((-68604542 272589965,-65561837 250679093,-87983036 253325238,-92819709 275708445,-68604542 272589965))
32659;POLYGON((-78618629 349233523,-75126483 321743647,-103311910 325961460,-108995336 354086813,-78618629 349233523))
32660;POLYGON((-90102406 444991115,-86099387 410711298,-121311078 417030434,-127974968 452150813,-90102406 444991115))
