32701;POLYGON((2220022 9765282,2027756 8603060,-33928 5008450,-27530 5752972,2220022 9765282))
32702;POLYGON((2759985 13905513,2587554 12409502,-67805 7442768,-118528 8396111,2759985 13905513))
32703;POLYGON((3212777 19181044,3074327 17283136,-292213 10541284,-420002 11742347,3212777 19181044))
32704;POLYGON((-2336246 21229903,3442713 23438921,-770609 14426092,1578543 13035566,-2336246 21229903))
32705;POLYGON((-1922801 15527409,-2074327 17283136,1292213 10541284,1192549 9427445,-1922801 15527409))
32706;POLYGON((-1407077 11031820,-1587554 12409502,1067805 7442768,1038168 6563097,-1407077 11031820))
32707;POLYGON((-831554 7538671,-1027756 8603060,1033928 5008450,1055516 4325765,-831554 7538671))
32708;POLYGON((-230744 4872512,-431991 5679086,1137435 3131686,1194620 2613590,-230744 4872512))
32709;POLYGON((367821 2883476,169988 3479546,1334318 1719677,1414266 1338056,367821 2883476))
32710;POLYGON((942699 1444167,754804 1869881,1588604 692000,1680936 422560,942699 1444167))
32711;POLYGON((1477699 446853,1304603 736099,1871355 -20738,1967825 -198891,1477699 446853))
32712;POLYGON((1961128 -199062,1806273 -17844,2159738 -478132,2253943 -582883,1961128 -199062))
32713;POLYGON((2385103 -569307,2250733 -472397,2436178 -731098,2523294 -777671,2385103 -569307))
32714;POLYGON((2744917 -726770,2632284 -694515,2687591 -822897,2764129 -824174,2744917 -726770))
32715;POLYGON((3038485 -723299,2948026 -739541,2904678 -790061,2968273 -756869,3038485 -723299))
32716;POLYGON((3265833 -601312,3197333 -652869,3081304 -663229,3130510 -604606,3265833 -601312))
32717;POLYGON((3428652 -395208,3381388 -471424,3213925 -467908,3248051 -391337,3428652 -395208))
32718;POLYGON((3529905 -132612,3502770 -224961,3301093 -225156,3320044 -136774,3529905 -132612))
32719;POLYGON((3573476 164531,3565093 62795,3343011 47806,3347152 143014,3573476 164531))
32720;POLYGON((3563882 479011,3572691 373152,3341146 337048,3331188 435083,3563882 479011))
32721;POLYGON((3506012 797520,3530355 691586,3297896 631434,3274796 729129,3506012 797520))
32722;POLYGON((3404926 1109946,3443110 1006992,3216307 922189,3181180 1017076,3404926 1109946))
32723;POLYGON((3265674 1408761,3316025 1311043,3099830 1202514,3053883 1292704,3265674 1408761))
32724;POLYGON((3093171 1688501,3154072 1597640,2952131 1467243,2896603 1551324,3093171 1688501))
32725;POLYGON((2892087 1945328,2962014 1862447,2776928 1712541,2713051 1789486,2892087 1945328))
32726;POLYGON((2666781 2176655,2744320 2102497,2577878 1935648,2506840 2004734,2666781 2176655))
32727;POLYGON((2421259 2380843,2505114 2315866,2358484 2134647,2281409 2195388,2421259 2380843))
32728;POLYGON((2159148 2556940,2248153 2501399,2122042 2308270,2039974 2360358,2159148 2556940))
32729;POLYGON((1883707 2704477,1976815 2658486,1871604 2455733,1785507 2498990,1883707 2704477))
32730;POLYGON((1597847 2823301,1694125 2786884,1609976 2576597,1520730 2610932,1597847 2823301))
32731;POLYGON((1304166 2913439,1402779 2886574,1339724 2670651,1248136 2696030,1304166 2913439))
32732;POLYGON((1005006 2975002,1105199 2957648,1063205 2737825,970021 2754242,1005006 2975002))
32733;POLYGON((702513 3008108,803588 3000229,782607 2778117,688528 2785577,702513 3008108))
32734;POLYGON((398706 3012835,500000 3014410,500000 2791545,405698 2790053,398706 3012835))
32735;POLYGON((95555 2989194,196411 3000229,217392 2778117,123536 2767673,95555 2989194))
32736;POLYGON((-204945 2937129,-105199 2957648,-63205 2737825,-155936 2718422,-204945 2937129))
32737;POLYGON((-500702 2856529,-402779 2886574,-339724 2670651,-430617 2642285,-500702 2856529))
32738;POLYGON((-789444 2747277,-694125 2786884,-609976 2576597,-698266 2539281,-789444 2747277))
32739;POLYGON((-1068665 2609305,-976815 2658486,-871604 2455733,-956460 2409518,-1068665 2609305))
32740;POLYGON((-1335563 2442694,-1248153 2501399,-1122042 2308270,-1202557 2253272,-1335563 2442694))
32741;POLYGON((-1587000 2247792,-1505114 2315866,-1358484 2134647,-1433668 2071082,-1587000 2247792))
32742;POLYGON((-1819471 2025368,-1744320 2102497,-1577878 1935648,-1646657 1863878,-1819471 2025368))
32743;POLYGON((-2029096 1776806,-1962014 1862447,-1776928 1712541,-1838157 1633124,-2029096 1776806))
32744;POLYGON((-2211631 1504346,-2154072 1597640,-1952131 1467243,-2004603 1380994,-2211631 1504346))
32745;POLYGON((-2362503 1211371,-2316025 1311043,-2099830 1202514,-2142309 1110581,-2362503 1211371))
32746;POLYGON((-2476868 902758,-2443110 1006992,-2216307 922189,-2247557 826131,-2476868 902758))
32747;POLYGON((-2549708 585292,-2530355 691586,-2297896 631434,-2316734 533320,-2549708 585292))
32748;POLYGON((-2575949 268162,-2572691 373152,-2341146 337048,-2346500 239565,-2575949 268162))
32749;POLYGON((-2550625 -36464,-2565093 62795,-2343011 47806,-2333998 -45615,-2550625 -36464))
32750;POLYGON((-2469068 -312762,-2502770 -224961,-2301093 -225156,-2277104 -310208,-2469068 -312762))
32751;POLYGON((-2327152 -540465,-2381388 -471424,-2213925 -467908,-2174735 -539240,-2327152 -540465))
32752;POLYGON((-2121572 -693954,-2197333 -652869,-2081304 -663229,-2027191 -714278,-2121572 -693954))
32753;POLYGON((-1850171 -741220,-1948026 -739541,-1904678 -790061,-1836567 -812851,-1850171 -741220))
32754;POLYGON((-1512321 -642666,-1632284 -694515,-1687591 -822897,-1607212 -807821,-1512321 -642666))
32755;POLYGON((-1109351 -349756,-1250733 -472397,-1436178 -731098,-1346250 -666673,-1109351 -349756))
32756;POLYGON((-645033 196528,-806273 -17844,-1159738 -478132,-1064169 -350729,-645033 196528))
32757;POLYGON((-126126 1067422,-304603 736099,-871355 -20738,-775467 185715,-126126 1067422))
32758;POLYGON((437020 2348324,245195 1869881,-588604 692000,-499384 996352,437020 2348324))
32759;POLYGON((1029797 4140989,830011 3479546,-334318 1719677,-260690 2143911,1029797 4140989))
32760;POLYGON((1632599 6565959,1431991 5679086,-137435 3131686,-90560 3701320,1632599 6565959))
