32601;POLYGON((-33928 4991549,-55516 5674234,1831554 2461328,2027756 1396939,-33928 4991549))
32602;POLYGON((-67805 2557231,-38168 3436902,2407077 -1031820,2587554 -2409502,-67805 2557231))
32603;POLYGON((-292213 -541284,-192549 572554,2922801 -5527409,3074327 -7283136,-292213 -541284))
32604;POLYGON((-770609 -4426092,-578543 -3035566,3336246 -11229903,3442713 -13438921,-770609 -4426092))
32605;POLYGON((1292213 -541284,1420002 -1742347,-2212777 -9181044,-2074327 -7283136,1292213 -541284))
32606;POLYGON((1067805 2557231,1118528 1603888,-1759985 -3905513,-1587554 -2409502,1067805 2557231))
32607;POLYGON((1033928 4991549,1027530 4247027,-1220022 234717,-1027756 1396939,1033928 4991549))
32608;POLYGON((1137435 6868313,1090560 6298679,-632599 3434040,-431991 4320913,1137435 6868313))
32609;POLYGON((1334318 8280322,1260690 7856088,-29797 5859010,169988 6520453,1334318 8280322))
32610;POLYGON((1588604 9307999,1499384 9003647,562979 7651675,754804 8130118,1588604 9307999))
32611;POLYGON((1871355 10020738,1775467 9814284,1126126 8932577,1304603 9263900,1871355 10020738))
32612;POLYGON((2159738 10478132,2064169 10350729,1645033 9803471,1806273 10017844,2159738 10478132))
32613;POLYGON((2436178 10731098,2346250 10666673,2109351 10349756,2250733 10472397,2436178 10731098))
32614;POLYGON((2687591 10822897,2607212 10807821,2512321 10642666,2632284 10694515,2687591 10822897))
32615;POLYGON((2904678 10790061,2836567 10812851,2850171 10741220,2948026 10739541,2904678 10790061))
32616;POLYGON((3081304 10663229,3027191 10714278,3121572 10693954,3197333 10652869,3081304 10663229))
32617;POLYGON((3213925 10467908,3174735 10539240,3327152 10540465,3381388 10471424,3213925 10467908))
32618;POLYGON((3301093 10225156,3277104 10310208,3469068 10312762,3502770 10224961,3301093 10225156))
32619;POLYGON((3343011 9952193,3333998 10045615,3550625 10036464,3565093 9937204,3343011 9952193))
32620;POLYGON((3341146 9662951,3346500 9760434,3575949 9731837,3572691 9626847,3341146 9662951))
32621;POLYGON((3297896 9368565,3316734 9466679,3549708 9414707,3530355 9308413,3297896 9368565))
32622;POLYGON((3216307 9077810,3247557 9173868,3476868 9097241,3443110 8993007,3216307 9077810))
32623;POLYGON((3099830 8797485,3142309 8889418,3362503 8788628,3316025 8688956,3099830 8797485))
32624;POLYGON((2952131 8532756,3004603 8619005,3211631 8495653,3154072 8402359,2952131 8532756))
32625;POLYGON((2776928 8287458,2838157 8366875,3029096 8223193,2962014 8137552,2776928 8287458))
32626;POLYGON((2577878 8064351,2646657 8136121,2819471 7974631,2744320 7897502,2577878 8064351))
32627;POLYGON((2358484 7865352,2433668 7928917,2587000 7752207,2505114 7684133,2358484 7865352))
32628;POLYGON((2122042 7691729,2202557 7746727,2335563 7557305,2248153 7498600,2122042 7691729))
32629;POLYGON((1871604 7544266,1956460 7590481,2068665 7390694,1976815 7341513,1871604 7544266))
32630;POLYGON((1609976 7423402,1698266 7460718,1789444 7252722,1694125 7213115,1609976 7423402))
32631;POLYGON((1339724 7329348,1430617 7357714,1500702 7143470,1402779 7113425,1339724 7329348))
32632;POLYGON((1063205 7262174,1155936 7281577,1204945 7062870,1105199 7042351,1063205 7262174))
32633;POLYGON((782607 7221882,876463 7232326,904444 7010805,803588 6999770,782607 7221882))
32634;POLYGON((500000 7208454,594301 7209946,601293 6987164,500000 6985589,500000 7208454))
32635;POLYGON((217392 7221882,311471 7214422,297486 6991891,196411 6999770,217392 7221882))
32636;POLYGON((-63205 7262174,29978 7245757,-5006 7024997,-105199 7042351,-63205 7262174))
32637;POLYGON((-339724 7329348,-248136 7303969,-304166 7086560,-402779 7113425,-339724 7329348))
32638;POLYGON((-609976 7423402,-520730 7389067,-597847 7176698,-694125 7213115,-609976 7423402))
32639;POLYGON((-871604 7544266,-785507 7501009,-883707 7295522,-976815 7341513,-871604 7544266))
32640;POLYGON((-1122042 7691729,-1039974 7639641,-1159148 7443059,-1248153 7498600,-1122042 7691729))
32641;POLYGON((-1358484 7865352,-1281409 7804611,-1421259 7619156,-1505114 7684133,-1358484 7865352))
32642;POLYGON((-1577878 8064351,-1506840 7995265,-1666781 7823344,-1744320 7897502,-1577878 8064351))
32643;POLYGON((-1776928 8287458,-1713051 8210513,-1892087 8054671,-1962014 8137552,-1776928 8287458))
32644;POLYGON((-1952131 8532756,-1896603 8448675,-2093171 8311498,-2154072 8402359,-1952131 8532756))
32645;POLYGON((-2099830 8797485,-2053883 8707295,-2265674 8591238,-2316025 8688956,-2099830 8797485))
32646;POLYGON((-2216307 9077810,-2181180 8982923,-2404926 8890053,-2443110 8993007,-2216307 9077810))
32647;POLYGON((-2297896 9368565,-2274796 9270870,-2506012 9202479,-2530355 9308413,-2297896 9368565))
32648;POLYGON((-2341146 9662951,-2331188 9564916,-2563882 9520988,-2572691 9626847,-2341146 9662951))
32649;POLYGON((-2343011 9952193,-2347152 9856985,-2573476 9835468,-2565093 9937204,-2343011 9952193))
32650;POLYGON((-2301093 10225156,-2320044 10136774,-2529905 10132612,-2502770 10224961,-2301093 10225156))
32651;POLYGON((-2213925 10467908,-2248051 10391337,-2428652 10395208,-2381388 10471424,-2213925 10467908))
32652;POLYGON((-2081304 10663229,-2130510 10604606,-2265833 10601312,-2197333 10652869,-2081304 10663229))
32653;POLYGON((-1904678 10790061,-1968273 10756869,-2038485 10723299,-1948026 10739541,-1904678 10790061))
32654;POLYGON((-1687591 10822897,-1764129 10824174,-1744917 10726770,-1632284 10694515,-1687591 10822897))
32655;POLYGON((-1436178 10731098,-1523294 10777671,-1385103 10569307,-1250733 10472397,-1436178 10731098))
32656;POLYGON((-1159738 10478132,-1253943 10582883,-961128 10199062,-806273 10017844,-1159738 10478132))
32657;POLYGON((-871355 10020738,-967825 10198891,-477699 9553146,-304603 9263900,-871355 10020738))
32658;POLYGON((-588604 9307999,-680936 9577439,57300 8555832,245195 8130118,-588604 9307999))
32659;POLYGON((-334318 8280322,-414266 8661943,632178 7116523,830011 6520453,-334318 8280322))
32660;POLYGON((-137435 6868313,-194620 7386409,1230744 5127487,1431991 4320913,-137435 6868313))
