32601;POLYGON((10207737 -8421245,9287557 -6261368,13488475 -9875698,14817847 -12512132,10207737 -8421245))
32602;POLYGON((13263670 -16203246,12194058 -13376619,17715726 -18571026,19291446 -22032784,13263670 -16203246))
32603;POLYGON((16800067 -26285289,15564807 -22639148,22715474 -29928112,24571810 -34408372,16800067 -26285289))
32604;POLYGON((20867979 -39180108,19449648 -34534056,28594274 -44561059,30769314 -50288644,20867979 -39180108))
32605;POLYGON((-17094353 -30243215,-18449648 -34534056,-27594274 -44561059,-25529950 -39277079,-17094353 -30243215))
32606;POLYGON((-13386638 -19284782,-14564807 -22639148,-21715474 -29928112,-19956714 -25810918,-13386638 -19284782))
32607;POLYGON((-10175999 -10787955,-11194058 -13376619,-16715726 -18571026,-15225751 -15404216,-10175999 -10787955))
32608;POLYGON((-7413785 -4294058,-8287557 -6261368,-12488475 -9875698,-11234219 -7476932,-7413785 -4294058))
32609;POLYGON((-5054815 583191,-5798984 -884089,-8938004 -3325655,-7889815 -1542207,-5054815 583191))
32610;POLYGON((-3057236 4167181,-3685392 3098576,-5978543 1510817,-5109895 2806049,-3057236 4167181))
32611;POLYGON((-1382370 6726920,-1907062 5972876,-3533434 4992220,-2820663 5904281,-1382370 6726920))
32612;POLYGON((5421 8484649,-427358 7975848,-1534351 7414142,-956406 8029197,5421 8484649))
32613;POLYGON((1138889 9622609,787418 9302363,79430 9018429,541221 9406580,1138889 9622609))
32614;POLYGON((2048025 10289027,1768163 10111367,1361716 10001294,1723863 10219067,2048025 10289027))
32615;POLYGON((2760209 10603403,2543112 10531389,2360030 10520462,2637080 10612986,2760209 10603403))
32616;POLYGON((3300338 10661134,3137973 10665384,3116201 10701437,3320926 10704349,3300338 10661134))
32617;POLYGON((3690963 10537554,3576067 10594959,3666910 10642950,3810485 10584048,3690963 10537554))
32618;POLYGON((3952423 10291427,3878454 10384046,4044203 10421685,4136360 10322350,3952423 10291427))
32619;POLYGON((4102972 9967961,4064068 10082063,4275954 10096338,4325134 9972755,4102972 9967961))
32620;POLYGON((4158911 9601383,4149847 9726637,4386302 9711088,4399790 9575277,4158911 9601383))
32621;POLYGON((4134713 9217118,4150861 9345906,4396046 9298525,4380097 9159212,4134713 9217118))
32622;POLYGON((4043155 8833633,4080437 8960473,4323011 8882118,4282967 8745465,4043155 8833633))
32623;POLYGON((3895436 8463961,3950285 8585029,4182388 8478262,4122778 8348461,3895436 8463961))
32624;POLYGON((3701306 8116973,3770626 8229707,3987035 8097958,3911678 7977724,3701306 8116973))
32625;POLYGON((3469188 7798405,3550312 7901185,3747767 7748185,3659858 7639146,3469188 7798405))
32626;POLYGON((3206300 7511692,3296949 7603585,3473606 7432996,3375796 7336008,3206300 7511692))
32627;POLYGON((2918775 7258632,3017016 7339186,3172023 7154382,3066497 7069772,2918775 7258632))
32628;POLYGON((2611783 7039907,2715994 7108992,2849153 6912950,2737692 6840707,2611783 7039907))
32629;POLYGON((2289649 6855484,2398474 6913169,2509992 6708436,2394041 6648348,2289649 6855484))
32630;POLYGON((1955974 6704920,2068286 6751382,2158581 6540092,2039305 6491852,1955974 6704920))
32631;POLYGON((1613752 6587590,1728612 6623048,1798178 6406966,1676515 6370249,1613752 6587590))
32632;POLYGON((1265486 6502853,1382108 6527514,1431413 6308105,1308127 6282619,1265486 6502853))
32633;POLYGON((913311 6450163,1031017 6464193,1060438 6242693,936166 6228213,913311 6450163))
32634;POLYGON((559107 6429147,677292 6432647,687071 6210141,562366 6206530,559107 6429147))
32635;POLYGON((204618 6439651,322707 6432647,312928 6210141,188309 6217366,204618 6439651))
32636;POLYGON((-148432 6481751,-31017 6464193,-60438 6242693,-184447 6260823,-148432 6481751))
32637;POLYGON((-498223 6555753,-382108 6527514,-431413 6308105,-554234 6337306,-498223 6555753))
32638;POLYGON((-842717 6662150,-728612 6623048,-798178 6406966,-919138 6447489,-842717 6662150))
32639;POLYGON((-1179548 6801562,-1068286 6751382,-1158581 6540092,-1276864 6592245,-1179548 6801562))
32640;POLYGON((-1505896 6974637,-1398474 6913169,-1509992 6708436,-1624588 6772545,-1505896 6974637))
32641;POLYGON((-1818378 7181899,-1715994 7108992,-1849153 6912950,-1958812 6989299,-1818378 7181899))
32642;POLYGON((-2112922 7423547,-2017016 7339186,-2172023 7154382,-2275194 7243130,-2112922 7423547))
32643;POLYGON((-2384653 7699177,-2296949 7603585,-2473606 7432996,-2568379 7534059,-2384653 7699177))
32644;POLYGON((-2627774 8007416,-2550312 7901185,-2747767 7748185,-2831811 7861084,-2627774 8007416))
32645;POLYGON((-2835440 8345439,-2770626 8229707,-2987035 8097958,-3057527 8221608,-2835440 8345439))
32646;POLYGON((-2999645 8708361,-2950285 8585029,-3182388 8478262,-3235934 8610712,-2999645 8708361))
32647;POLYGON((-3111094 9088461,-3080437 8960473,-3323011 8882118,-3355566 9020210,-3111094 9088461))
32648;POLYGON((-3159085 9474220,-3150861 9345906,-3396046 9298525,-3402819 9437469,-3159085 9474220))
32649;POLYGON((-3131380 9849141,-3149847 9726637,-3386302 9711088,-3361660 9843940,-3131380 9849141))
32650;POLYGON((-3014086 10190304,-3064068 10082063,-3275954 10096338,-3213313 10213360,-3014086 10190304))
32651;POLYGON((-2791525 10466643,-2878454 10384046,-3044203 10421685,-2935905 10509573,-2791525 10466643))
32652;POLYGON((-2446109 10636874,-2576067 10594959,-2666910 10642950,-2504101 10683913,-2446109 10636874))
32653;POLYGON((-1958208 10647065,-2137973 10665384,-2116201 10701437,-1888684 10672099,-1958208 10647065))
32654;POLYGON((-1306024 10427769,-1543112 10531389,-1360030 10520462,-1056119 10390581,-1306024 10427769))
32655;POLYGON((-465455 9890696,-768163 10111367,-361716 10001294,31935 9732263,-465455 9890696))
32656;POLYGON((590033 8924866,212581 9302363,920569 9018429,1419142 8561547,590033 8924866))
32657;POLYGON((1889551 7392180,1427358 7975848,2534351 7414142,3155051 6708614,1889551 7392180))
32658;POLYGON((3464911 5122364,2907062 5972876,4533434 4992220,5295701 3962880,3464911 5122364))
32659;POLYGON((5350775 1907223,4685392 3098576,6978543 1510817,7904273 65538,5350775 1907223))
32660;POLYGON((7584790 -2505858,6798984 -884089,9938004 -3325655,11051787 -5298898,7584790 -2505858))
