32601;POLYGON((-67742814 204325693,-64453429 187416273,-81484198 186076197,-86188481 203048152,-67742814 204325693))
32602;POLYGON((-78688008 263812720,-74851281 242420801,-96440779 241314871,-102019268 262819153,-78688008 263812720))
32603;POLYGON((-91441977 338736816,-86973381 311848081,-114162294 311141507,-120761555 338208929,-91441977 338736816))
32604;POLYGON((-106279846 432512481,-101083965 398923933,-135108124 398835030,-142894855 432688831,-106279846 432512481))
32605;POLYGON((112741395 468638159,-117481009 507467145,-159800110 508279175,152118234 469113851,112741395 468638159))
32606;POLYGON((97141831 367715072,102083965 398923933,136108124 398835030,128737065 367392276,97141831 367715072))
32607;POLYGON((83725450 286915427,87973381 311848081,115162294 311141507,108920777 286054326,83725450 286915427))
32608;POLYGON((72205884 222627174,75851281 242420801,97440779 241314871,92169041 221427154,72205884 222627174))
32609;POLYGON((62329443 171804603,65453429 187416273,82484198 186076197,78041943 170415504,62329443 171804603))
32610;POLYGON((53872075 131893906,56546220 144124504,69889628 142672521,66154117 130425623,53872075 131893906))
32611;POLYGON((46636535 100766428,48923777 110282087,59305015 108806067,56169292 99297049,46636535 100766428))
32612;POLYGON((40449741 76659068,42405243 84010273,50423975 82570966,47795216 75241704,40449741 76659068))
32613;POLYGON((35160331 58121273,36832278 63759829,42980978 62396926,40778975 56789757,35160331 58121273))
32614;POLYGON((30636393 43968130,32066727 48262154,36746903 46999298,34902653 42741710,30636393 43968130))
32615;POLYGON((26763378 33239049,27988474 36486147,31524936 35335037,29979355 32126214,26763378 33239049))
32616;POLYGON((23442171 25161566,24493465 27600360,27146809 26564068,25849547 24163130,23442171 25161566))
32617;POLYGON((20587331 19119823,21491887 20939965,23469356 20015577,22377719 18231361,20587331 19119823))
32618;POLYGON((18125474 14627284,18906508 15978106,20371376 15158789,19449345 13841032,18125474 14627284))
32619;POLYGON((15993804 11303286,16671155 12301214,17750787 11577803,16968127 10609583,15993804 11303286))
32620;POLYGON((14138777 8853037,14729343 9587897,15522045 8950083,14853513 8241394,14138777 8853037))
32621;POLYGON((12514902 7050688,13033021 7591031,13613837 7028212,13038460 6510551,12514902 7050688))
32622;POLYGON((11083648 5725152,11541452 6122696,11967008 5624571,11467442 5246412,11083648 5725152))
32623;POLYGON((9812478 4748318,10220203 5041628,10532716 4598576,10094687 4321636,9812478 4748318))
32624;POLYGON((8673980 4025392,9040243 4242883,9270806 3846178,8882607 3642368,8673980 4025392))
32625;POLYGON((7645097 3487052,7977144 3649418,8148381 3291328,7800437 3140289,7645097 3487052))
32626;POLYGON((6706453 3083185,7010371 3205326,7138550 2879117,6823042 2766273,6706453 3083185))
32627;POLYGON((5841747 2777950,6122662 2870483,6219353 2570367,5929891 2485395,5841747 2777950))
32628;POLYGON((5037240 2545953,5299477 2616378,5372830 2337420,5104177 2273082,5037240 2545953))
32629;POLYGON((4281292 2369351,4528523 2422924,4584232 2160931,4332068 2112192,4281292 2369351))
32630;POLYGON((3563968 2235693,3799338 2276072,3841356 2027473,3602075 1990856,3563968 2235693))
32631;POLYGON((2876696 2136358,3102930 2166067,3133976 1927795,2904529 1900918,2876696 2136358))
32632;POLYGON((2211956 2065452,2431461 2086204,2453380 1855585,2231129 1836842,2211956 2065452))
32633;POLYGON((1563025 2019061,1777969 2031977,1791976 1806627,1574578 1794974,1563025 2019061))
32634;POLYGON((923730 1994761,1136122 2000504,1142953 1778239,928263 1773060,923730 1994761))
32635;POLYGON((288239 1991327,500000 1990185,500000 1768935,285979 1769965,288239 1991327))
32636;POLYGON((-349149 2008589,-136122 2000504,-142953 1778239,-358315 1785530,-349149 2008589))
32637;POLYGON((-994203 2047411,-777969 2031977,-791976 1806627,-1010745 1820555,-994203 2047411))
32638;POLYGON((-1652958 2109792,-1431461 2086204,-1453380 1855585,-1677757 1876899,-1652958 2109792))
32639;POLYGON((-2331929 2199107,-2102930 2166067,-2133976 1927795,-2366389 1957707,-2331929 2199107))
32640;POLYGON((-3038341 2320519,-2799338 2276072,-2841356 2027473,-3084567 2067819,-3038341 2320519))
32641;POLYGON((-3780384 2481639,-3528523 2422924,-3584232 2160931,-3841461 2214416,-3780384 2481639))
32642;POLYGON((-4567503 2693493,-4299477 2616378,-4372830 2337420,-4647898 2407982,-4567503 2693493))
32643;POLYGON((-5410729 2971918,-5122662 2870483,-5219353 2570367,-5516863 2663693,-5410729 2971918))
32644;POLYGON((-6323052 3339510,-6010371 3205326,-6138550 2879117,-6464096 3003363,-6323052 3339510))
32645;POLYGON((-7319866 3828253,-6977144 3649418,-7148381 3291328,-7508795 3458088,-7319866 3828253))
32646;POLYGON((-8419458 4483012,-8040243 4242883,-8270806 3846178,-8674455 4071767,-8419458 4483012))
32647;POLYGON((-9643589 5366080,-9220203 5041628,-9532716 4598576,-9989839 4905687,-9643589 5366080))
32648;POLYGON((-11018136 6562973,-10541452 6122696,-10967008 5624571,-11490117 6044392,-11018136 6562973))
32649;POLYGON((-12573838 8189718,-12033021 7591031,-12613837 7028212,-13218172 7603070,-12573838 8189718))
32650;POLYGON((-14347124 10401878,-13729343 9587897,-14522045 8950083,-15226091 9736710,-14347124 10401878))
32651;POLYGON((-16381052 13405597,-15671155 12301214,-16750787 11577803,-17576867 12651327,-16381052 13405597))
32652;POLYGON((-18726353 17470947,-17906508 15978106,-19371376 15158789,-20346316 16617537,-18726353 17470947))
32653;POLYGON((-21442597 22947905,-20491887 20939965,-22469356 20015577,-23625222 21986818,-21442597 22947905))
32654;POLYGON((-24599481 30285288,-23493465 27600360,-26146809 26564068,-27521742 29210800,-24599481 30285288))
32655;POLYGON((-28278258 40053014,-26988474 36486147,-30524936 35335037,-32164070 38863948,-28278258 40053014))
32656;POLYGON((-32573294 52968058,-31066727 48262154,-35746903 46999298,-37703375 51670039,-32573294 52968058))
32657;POLYGON((-37593789 69924523,-35832278 63759829,-41980978 62396926,-44317041 68532824,-37593789 69924523))
32658;POLYGON((-43465642 92028216,-41405243 84010273,-49423975 82570966,-52212217 90571333,-43465642 92028216))
32659;POLYGON((-50333490 120636219,-47923777 110282087,-58305015 108806067,-61629689 119160257,-50333490 120636219))
32660;POLYGON((-58362911 157401872,-55546220 144124504,-68889628 142672521,-72848092 155975893,-58362911 157401872))
