32601;POLYGON((-131603179 114864589,-123095431 104887201,-131709933 82041009,-140963906 89871561,-131603179 114864589))
32602;POLYGON((-160690146 150207531,-150365808 137458579,-161391030 107608484,-172640911 117619106,-160690146 150207531))
32603;POLYGON((-195887976 195145098,-183411268 178971616,-197419275 140210057,-211036093 152915139,-195887976 195145098))
32604;POLYGON((-238302256 251883919,-223287689 231507078,-240961582 181485001,-257371496 197498189,-238302256 251883919))
32605;POLYGON((-289198556 323045720,-271205460 297541848,-293356237 233384977,-313046616 253434148,-289198556 323045720))
32606;POLYGON((272205460 297541848,290198556 323045720,314046616 253434148,294356237 233384977,272205460 297541848))
32607;POLYGON((224287689 231507078,239302256 251883919,258371496 197498189,241961582 181485001,224287689 231507078))
32608;POLYGON((184411268 178971616,196887976 195145098,212036093 152915139,198419275 140210057,184411268 178971616))
32609;POLYGON((151365808 137458579,161690146 150207531,173640911 117619106,162391030 107608484,151365808 137458579))
32610;POLYGON((124095431 104887201,132603179 114864589,141963906 89871561,132709933 82041009,124095431 104887201))
32611;POLYGON((101683123 79519818,108665444 87269780,115942673 68217969,108363050 62138909,101683123 79519818))
32612;POLYGON((83336205 59914426,89044361 65887489,94657884 51448919,88475277 46766577,83336205 59914426))
32613;POLYGON((68372873 44882404,73022601 49449032,77317945 38565442,72294392 34988163,68372873 44882404))
32614;POLYGON((56209778 33451004,59985315 36913592,63244814 28748197,59177246 26037977,56209778 33451004))
32615;POLYGON((46350594 24830234,49408378 27433680,51860940 21330219,48577067 19294363,46350594 24830234))
32616;POLYGON((38375529 18383766,40847596 20324745,42677267 15772941,40031811 14256754,38375529 18383766))
32617;POLYGON((31931747 13603532,33928825 15038577,35282265 11645216,33153524 10525626,31931747 13603532))
32618;POLYGON((26724653 10087669,28338973 11140167,29331937 8605071,27618660 7785109,26724653 10087669))
32619;POLYGON((22509995 7521502,23817836 8287714,24540754 6383930,23159317 5787986,22509995 7521502))
32620;POLYGON((19086743 5661263,20150721 6215468,20673468 4773094,19555337 4342860,19086743 5661263))
32621;POLYGON((16290710 4320274,17161825 4719115,17537766 3612212,16627222 3303254,16290710 4320274))
32622;POLYGON((13988862 3357305,14708322 3643444,14977707 2779563,14229824 2558444,13988862 3357305))
32623;POLYGON((12074273 2666885,12675103 2872032,12867897 2183925,12246759 2025817,12074273 2666885))
32624;POLYGON((10461703 2171303,10970158 2318708,11108359 1757850,10585498 1644570,10461703 2171303))
32625;POLYGON((9083726 1814097,9520519 1920567,9620051 1452164,9173082 1370587,9083726 1814097))
32626;POLYGON((7887391 1554825,8268749 1632336,8340976 1231527,7952429 1172314,7887391 1554825))
32627;POLYGON((6831363 1364917,7169932 1421890,7222846 1070905,6879170 1027505,6831363 1364917))
32628;POLYGON((5883496 1224462,6189104 1266738,6228252 952810,5918972 920687,5883496 1224462))
32629;POLYGON((5018813 1119743,5299098 1151329,5328289 865178,5045308 841228,5018813 1119743))
32630;POLYGON((4217828 1041406,4478765 1065028,4500585 799779,4237611 781899,4217828 1041406))
32631;POLYGON((3465187 983126,3711508 1000621,3727700 751048,3479784 737822,3465187 983126))
32632;POLYGON((2748576 940656,2984105 953253,2995835 715252,2759004 705738,2748576 940656))
32633;POLYGON((2057857 911190,2285778 919696,2293811 689913,2064778 683494,2057857 911190))
32634;POLYGON((1384378 892932,1607445 897851,1612268 673429,1388201 669718,1384378 892932))
32635;POLYGON((720441 884833,941143 886443,943032 664823,721383 663608,720441 884833))
32636;POLYGON((58856 886443,279558 884833,278616 663608,56967 664823,58856 886443))
32637;POLYGON((-607445 897851,-384378 892932,-388201 669718,-612268 673429,-607445 897851))
32638;POLYGON((-1285778 919696,-1057857 911190,-1064778 683494,-1293811 689913,-1285778 919696))
32639;POLYGON((-1984105 953253,-1748576 940656,-1759004 705738,-1995835 715252,-1984105 953253))
32640;POLYGON((-2711508 1000621,-2465187 983126,-2479784 737822,-2727700 751048,-2711508 1000621))
32641;POLYGON((-3478765 1065028,-3217828 1041406,-3237611 781899,-3500585 799779,-3478765 1065028))
32642;POLYGON((-4299098 1151329,-4018813 1119743,-4045308 841228,-4328289 865178,-4299098 1151329))
32643;POLYGON((-5189104 1266738,-4883496 1224462,-4918972 920687,-5228252 952810,-5189104 1266738))
32644;POLYGON((-6169932 1421890,-5831363 1364917,-5879170 1027505,-6222846 1070905,-6169932 1421890))
32645;POLYGON((-7268749 1632336,-6887391 1554825,-6952429 1172314,-7340976 1231527,-7268749 1632336))
32646;POLYGON((-8520519 1920567,-8083726 1814097,-8173082 1370587,-8620051 1452164,-8520519 1920567))
32647;POLYGON((-9970158 2318708,-9461703 2171303,-9585498 1644570,-10108359 1757850,-9970158 2318708))
32648;POLYGON((-11675103 2872032,-11074273 2666885,-11246759 2025817,-11867897 2183925,-11675103 2872032))
32649;POLYGON((-13708322 3643444,-12988862 3357305,-13229824 2558444,-13977707 2779563,-13708322 3643444))
32650;POLYGON((-16161825 4719115,-15290710 4320274,-15627222 3303254,-16537766 3612212,-16161825 4719115))
32651;POLYGON((-19150721 6215468,-18086743 5661263,-18555337 4342860,-19673468 4773094,-19150721 6215468))
32652;POLYGON((-22817836 8287714,-21509995 7521502,-22159317 5787986,-23540754 6383930,-22817836 8287714))
32653;POLYGON((-27338973 11140167,-25724653 10087669,-26618660 7785109,-28331937 8605071,-27338973 11140167))
32654;POLYGON((-32928825 15038577,-30931747 13603532,-32153524 10525626,-34282265 11645216,-32928825 15038577))
32655;POLYGON((-39847596 20324745,-37375529 18383766,-39031811 14256754,-41677267 15772941,-39847596 20324745))
32656;POLYGON((-48408378 27433680,-45350594 24830234,-47577067 19294363,-50860940 21330219,-48408378 27433680))
32657;POLYGON((-58985315 36913592,-55209778 33451004,-58177246 26037977,-62244814 28748197,-58985315 36913592))
32658;POLYGON((-72022601 49449032,-67372873 44882404,-71294392 34988163,-76317945 38565442,-72022601 49449032))
32659;POLYGON((-88044361 65887489,-82336205 59914426,-87475277 46766577,-93657884 51448919,-88044361 65887489))
32660;POLYGON((-107665444 87269780,-100683123 79519818,-107363050 62138909,-114942673 68217969,-107665444 87269780))
