32701;POLYGON((-166319 -999279,-167163 -960856,73356 -670973,82521 -693215,-166319 -999279))
32702;POLYGON((-177176 -1126187,-171089 -1081684,98584 -739465,105261 -763700,-177176 -1126187))
32703;POLYGON((-213347 -1276493,-198030 -1223260,115316 -815049,118442 -842457,-213347 -1276493))
32704;POLYGON((-282433 -1459512,-255232 -1394205,120220 -901576,118586 -933660,-282433 -1459512))
32705;POLYGON((-393174 -1686859,-351042 -1605328,109511 -1003917,101747 -1042553,-393174 -1686859))
32706;POLYGON((1393174 -1686859,1441032 -1774877,908393 -1083864,898252 -1042553,1393174 -1686859))
32707;POLYGON((1282433 -1459512,1314252 -1529722,884930 -967699,881413 -933660,1282433 -1459512))
32708;POLYGON((1213347 -1276493,1232311 -1333342,879876 -871240,881557 -842457,1213347 -1276493))
32709;POLYGON((1177176 -1126187,1186067 -1173273,889120 -788848,894738 -763700,1177176 -1126187))
32710;POLYGON((1166319 -999279,1167551 -1039472,909033 -716009,917478 -693215,1166319 -999279))
32711;POLYGON((1174207 -888426,1169861 -923975,936425 -649181,946727 -627750,1174207 -888426))
32712;POLYGON((1195200 -787956,1187059 -820582,968517 -585650,979831 -564840,1195200 -787956))
32713;POLYGON((1224499 -693606,1214074 -724588,1002899 -523409,1014503 -502689,1224499 -693606))
32714;POLYGON((1258058 -602287,1246619 -632538,1037508 -461044,1048783 -440058,1258058 -602287))
32715;POLYGON((1292505 -511881,1281107 -542011,1070593 -397641,1081021 -376178,1292505 -511881))
32716;POLYGON((1325073 -421061,1314574 -451435,1100690 -332692,1109844 -310660,1325073 -421061))
32717;POLYGON((1353527 -329135,1344617 -359921,1126598 -266021,1134130 -243424,1353527 -329135))
32718;POLYGON((1376106 -235911,1369323 -267125,1147353 -197720,1152991 -174637,1376106 -235911))
32719;POLYGON((1391466 -141583,1387215 -173123,1162206 -128088,1165745 -104656,1391466 -141583))
32720;POLYGON((1398630 -46634,1397199 -78313,1170606 -57580,1171903 -33980,1398630 -46634))
32721;POLYGON((1396940 48247,1398516 16676,1172178 13230,1171142 36790,1396940 48247))
32722;POLYGON((1386015 142234,1390696 111059,1166703 83695,1163297 106987,1386015 142234))
32723;POLYGON((1365715 234416,1373523 203947,1154110 153118,1148337 175904,1365715 234416))
32724;POLYGON((1336107 323847,1346999 294401,1134452 220780,1126356 242819,1336107 323847))
32725;POLYGON((1297432 409580,1311310 381471,1107898 285963,1097557 307017,1297432 409580))
32726;POLYGON((1250084 490692,1266801 464223,1074715 347963,1062241 367806,1250084 490692))
32727;POLYGON((1194579 566312,1213950 541767,1035263 406112,1020792 424528,1194579 566312))
32728;POLYGON((1131542 635632,1153349 613272,989977 459779,973671 476571,1131542 635632))
32729;POLYGON((1061685 697919,1085681 677980,939363 508388,921402 523376,1061685 697919))
32730;POLYGON((985789 752525,1011708 735213,883981 551421,864565 564445,985789 752525))
32731;POLYGON((904698 798889,932252 784381,824444 588420,803787 599343,904698 798889))
32732;POLYGON((819297 836543,848186 824984,761406 618998,739734 627706,819297 836543))
32733;POLYGON((730510 865112,760423 856618,695554 642835,673100 649239,730510 865112))
32734;POLYGON((639285 884314,669905 878968,627600 659686,604608 663718,639285 884314))
32735;POLYGON((546592 893962,577593 891816,558278 669375,534994 670994,546592 893962))
32736;POLYGON((453407 893962,484463 895036,488330 671804,465005 670994,453407 893962))
32737;POLYGON((360714 884314,391497 888598,418507 666949,395391 663718,360714 884314))
32738;POLYGON((269489 865112,299674 872565,349559 654857,326899 649239,269489 865112))
32739;POLYGON((180702 836543,209968 847091,282225 635655,260265 627706,180702 836543))
32740;POLYGON((95301 798889,123334 812428,217233 609540,196212 599343,95301 798889))
32741;POLYGON((14210 752525,40706 768920,155287 576783,135434 564445,14210 752525))
32742;POLYGON((-61685 697919,-37017 717004,97065 537726,78597 523376,-61685 697919))
32743;POLYGON((-131542 635632,-108977 657209,43206 492781,26328 476571,-131542 635632))
32744;POLYGON((-194579 566312,-174370 590156,-5691 442424,-20792 424528,-194579 566312))
32745;POLYGON((-250084 490692,-232459 516550,-49085 387197,-62241 367806,-250084 490692))
32746;POLYGON((-297432 409580,-282590 437175,-86492 327692,-97557 307017,-297432 409580))
32747;POLYGON((-336107 323847,-324206 352882,-117501 264555,-126356 242819,-336107 323847))
32748;POLYGON((-365715 234416,-356872 264579,-141782 198467,-148337 175904,-365715 234416))
32749;POLYGON((-386015 142234,-380291 173208,-159098 130137,-163297 106987,-386015 142234))
32750;POLYGON((-396940 48247,-394336 79719,-169318 60287,-171142 36790,-396940 48247))
32751;POLYGON((-398630 -46634,-399075 -14960,-172429 -10368,-171903 -33980,-398630 -46634))
32752;POLYGON((-391466 -141583,-394803 -109972,-168550 -81147,-165745 -104656,-391466 -141583))
32753;POLYGON((-376106 -235911,-382083 -204572,-157949 -151421,-152991 -174637,-376106 -235911))
32754;POLYGON((-353527 -329135,-361780 -298202,-141057 -220653,-134130 -243424,-353527 -329135))
32755;POLYGON((-325073 -421061,-335111 -390561,-118492 -288435,-109844 -310660,-325073 -421061))
32756;POLYGON((-292505 -511881,-303691 -481700,-91069 -354530,-81021 -376178,-292505 -511881))
32757;POLYGON((-258058 -602287,-269590 -572130,-59830 -418930,-48783 -440058,-258058 -602287))
32758;POLYGON((-224499 -693606,-235392 -662952,-26060 -481912,-14503 -502689,-224499 -693606))
32759;POLYGON((-195200 -787956,-204258 -756001,8681 -544111,20168 -564840,-195200 -787956))
32760;POLYGON((-174207 -888426,-180002 -854020,42546 -606598,53272 -627750,-174207 -888426))
