32701;POLYGON((32084342 -7088307,28559908 -7646100,27397289 138429,30698000 1425017,32084342 -7088307))
32702;POLYGON((44426856 -4492992,39999476 -5527432,38096716 4622660,42228018 6573426,44426856 -4492992))
32703;POLYGON((59828021 -160474,54319923 -1828868,51444024 11288830,56567176 14102067,59828021 -160474))
32704;POLYGON((78875008 6451632,72081163 3956119,67946892 20773612,74247641 24690886,78875008 6451632))
32705;POLYGON((102242849 16005062,93927903 12447445,88189151 33850365,95880466 39163554,102242849 16005062))
32706;POLYGON((-110122842 19977108,120599068 24396991,112839199 51451042,-103087755 45016719,-110122842 19977108))
32707;POLYGON((-85148146 9272819,-92927903 12447445,-87189151 33850365,-79986821 29038332,-85148146 9272819))
32708;POLYGON((-64740488 1760227,-71081163 3956119,-66946892 20773612,-61060936 17254143,-64740488 1760227))
32709;POLYGON((-48193438 -3266368,-53319923 -1828868,-50444024 11288830,-45670864 8787650,-48193438 -3266368))
32710;POLYGON((-34891569 -6387122,-38999476 -5527432,-37096716 4622660,-33259062 2913370,-34891569 -6387122))
32711;POLYGON((-24301248 -8074549,-27559908 -7646100,-26397289 138429,-23341467 -964267,-24301248 -8074549))
32712;POLYGON((-15962091 -8709476,-18517329 -8594604,-17906387 -2683426,-15499860 -3329764,-15962091 -8709476))
32713;POLYGON((-9479036 -8595196,-11455744 -8700616,-11245724 -4262784,-9374790 -4573291,-9479036 -8595196))
32714;POLYGON((-4515025 -7969952,-6019539 -8222771,-6091364 -4935263,-4659037 -5005487,-4515025 -7969952))
32715;POLYGON((-784273 -7017898,-1906550 -7362123,-2167530 -4965816,-1091591 -4870474,-784273 -7017898))
32716;POLYGON((1953924 -5878648,1138298 -6272154,759081 -4560636,1547877 -4357235,1953924 -5878648))
32717;POLYGON((3900839 -4655558,3328828 -5067460,2884516 -3877521,3444072 -3609495,3900839 -4655558))
32718;POLYGON((5223455 -3422841,4842909 -3831245,4372313 -3034844,4750676 -2734250,5223455 -3422841))
32719;POLYGON((6059135 -2231631,5827289 -2621721,5357819 -2119237,5594528 -1809061,6059135 -2231631))
32720;POLYGON((6519829 -1115108,6401948 -1477540,5952098 -1192138,6079392 -888244,6519829 -1115108))
32721;POLYGON((6695843 -92779,6664014 -422337,6245433 -295315,6289344 -8072,6695843 -92779))
32722;POLYGON((6659213 825992,6691263 531493,6310473 544538,6291791 808903,6659213 825992))
32723;POLYGON((6466682 1639106,6545227 1379711,6205023 1312007,6140150 1550310,6466682 1639106))
32724;POLYGON((6162326 2349426,6273933 2123750,5974504 1999868,5876213 2211081,6162326 2349426))
32725;POLYGON((5779842 2962972,5914303 2768752,5654120 2606628,5532205 2791178,5779842 2962972))
32726;POLYGON((5344524 3487537,5494232 3322048,5270728 3134585,5132573 3293812,5344524 3487537))
32727;POLYGON((4874959 3931652,5034370 3792019,4844452 3588343,4695515 3724092,4874959 3931652))
32728;POLYGON((4384458 4303854,4549643 4187267,4390065 3973700,4234283 4088024,4384458 4303854))
32729;POLYGON((3882247 4612182,4050519 4516038,3918135 4296851,3758272 4391799,3882247 4612182))
32730;POLYGON((3374454 4863860,3544063 4785855,3435996 4563829,3273916 4641313,3374454 4863860))
32731;POLYGON((2864900 5065123,3034786 5003296,2948528 4780152,2785425 4841853,2864900 5065123))
32732;POLYGON((2355731 5221142,2525332 5173888,2458790 4950602,2295371 4997932,2355731 5221142))
32733;POLYGON((1847911 5336015,2017012 5302086,1968529 5079121,1805154 5113195,1847911 5336015))
32734;POLYGON((1341601 5412794,1510217 5391287,1478567 5168760,1315361 5190400,1341601 5412794))
32735;POLYGON((836444 5453531,1004738 5443870,989112 5221685,826052 5231416,836444 5453531))
32736;POLYGON((331792 5459316,500000 5461242,500000 5239185,336980 5237244,331792 5459316))
32737;POLYGON((-173115 5430304,-4738 5443870,10887 5221685,-152212 5208026,-173115 5430304))
32738;POLYGON((-678983 5365719,-510217 5391287,-478567 5168760,-641832 5143049,-678983 5365719))
32739;POLYGON((-1186287 5263833,-1017012 5302086,-968529 5079121,-1131941 5040734,-1186287 5263833))
32740;POLYGON((-1695066 5121932,-1525332 5173888,-1458790 4950602,-1622158 4898621,-1695066 5121932))
32741;POLYGON((-2204664 4936272,-2034786 5003296,-1948528 4780152,-2111389 4713361,-2204664 4936272))
32742;POLYGON((-2713374 4702040,-2544063 4785855,-2435996 4563829,-2597500 4480724,-2713374 4702040))
32743;POLYGON((-3217998 4413352,-3050519 4516038,-2918135 4296851,-3076884 4195666,-3217998 4413352))
32744;POLYGON((-3713256 4063299,-3549643 4187267,-3390065 3973700,-3543923 3852467,-3713256 4063299))
32745;POLYGON((-4191054 3644087,-4034370 3792019,-3844452 3588343,-3990300 3444992,-4191054 3644087))
32746;POLYGON((-4639565 3147300,-4494232 3322048,-4270728 3134585,-4404161 2967105,-4639565 3147300))
32747;POLYGON((-5042108 2564334,-4914303 2768752,-4654120 2606628,-4769089 2413304,-5042108 2564334))
32748;POLYGON((-5375798 1887053,-5273933 2123750,-4974504 1999868,-5062879 1779613,-5375798 1887053))
32749;POLYGON((-5609944 1108711,-5545227 1379711,-5205023 1312007,-5256083 1064812,-5609944 1108711))
32750;POLYGON((-5704170 225213,-5691263 531493,-5310473 544538,-5310314 272064,-5704170 225213))
32751;POLYGON((-5606228 -763225,-5664014 -422337,-5245433 -295315,-5176277 -588979,-5606228 -763225))
32752;POLYGON((-5249494 -1849950,-5401948 -1477540,-4952098 -1192138,-4791510 -1499519,-5249494 -1849950))
32753;POLYGON((-4550106 -3019195,-4827289 -2621721,-4357819 -2119237,-4077812 -2428296,-4550106 -3019195))
32754;POLYGON((-3403727 -4242775,-3842909 -3831245,-3372313 -3034844,-2938339 -3327542,-3403727 -4242775))
32755;POLYGON((-1681911 -5476065,-2328828 -5067460,-1884516 -3877521,-1254342 -4128079,-1681911 -5476065))
32756;POLYGON((771956 -6653170,-138298 -6272154,240918 -4560636,1118467 -4733478,771956 -6653170))
32757;POLYGON((4147170 -7681187,2906550 -7362123,3167530 -4965816,4353966 -5013140,4147170 -7681187))
32758;POLYGON((8670689 -8433446,7019539 -8222771,7091364 -4935263,8660067 -4794196,8670689 -8433446))
32759;POLYGON((14612610 -8741635,12455744 -8700616,12245724 -4262784,14283630 -3852092,14612610 -8741635))
32760;POLYGON((22292181 -8386689,19517329 -8594604,18906387 -2683426,21515828 -1899723,22292181 -8386689))
