32701;POLYGON((5096555 8907051,4501807 7667034,2438978 5507966,2811776 6446055,5096555 8907051))
32702;POLYGON((7069256 13459191,6379372 11792684,3598841 8627475,4012817 9886020,7069256 13459191))
32703;POLYGON((9343885 19492511,8550580 17296655,4880604 12780220,5333857 14433902,9343885 19492511))
32704;POLYGON((11945704 27353739,11040495 24506299,6277308 18203397,6766635 20340455,11945704 27353739))
32705;POLYGON((14900469 37453351,13874727 33809874,7777877 25176756,8298557 27900914,14900469 37453351))
32706;POLYGON((-14968324 41398563,17079260 45665373,9366445 34028590,-7828343 30846802,-14968324 41398563))
32707;POLYGON((-11890127 30449290,-12874727 33809874,-6777877 25176756,-6267020 22660864,-11890127 30449290))
32708;POLYGON((-9173540 21890944,-10040495 24506299,-5277308 18203397,-4799560 16238182,-9173540 21890944))
32709;POLYGON((-6792683 15289817,-7550580 17296655,-3880604 12780220,-3440156 11267347,-6792683 15289817))
32710;POLYGON((-4722109 10278889,-5379372 11792684,-2598841 8627475,-2198439 7483429,-4722109 10278889))
32711;POLYGON((-2936970 6549299,-3501807 7667034,-1438978 5507966,-1080133 4662188,-2936970 6549299))
32712;POLYGON((-1413153 3842667,-1893511 4645300,-404470 3221652,-87654 2614865,-1413153 3842667))
32713;POLYGON((-127406 1944229,-530933 2498895,504166 1600793,779342 1183495,-127406 1944229))
32714;POLYGON((942558 676696,608545 1038677,1288838 505594,1523468 236714,942558 676696))
32715;POLYGON((1817975 -105187,1546520 109277,1953413 -179674,2149147 -333976,1817975 -105187))
32716;POLYGON((2518958 -519471,2303485 -415922,2503299 -550139,2662217 -617530,2518958 -519471))
32717;POLYGON((3064440 -661235,2898772 -639221,2945071 -683372,3069565 -686286,3064440 -661235))
32718;POLYGON((3472139 -606311,3350506 -642484,3286139 -642093,3378813 -598552,3472139 -606311))
32719;POLYGON((3758528 -414514,3675579 -490534,3534457 -476528,3598039 -400864,3758528 -414514))
32720;POLYGON((3938826 -132447,3889627 -234091,3698270 -226476,3735535 -129955,3938826 -132447))
32721;POLYGON((4026999 204087,4007033 87686,3785898 76902,3799603 185542,4026999 204087))
32722;POLYGON((4035770 568037,4040934 445039,3805553 409547,3798384 523628,4035770 568037))
32723;POLYGON((3976651 939347,4003240 815755,3765188 753171,3739718 867681,3976651 939347))
32724;POLYGON((3859972 1303494,3904670 1183615,3672381 1094136,3631035 1205391,3859972 1303494))
32725;POLYGON((3694927 1650272,3754793 1537094,3534241 1422501,3479272 1527869,3694927 1650272))
32726;POLYGON((3489635 1972773,3562079 1868286,3357341 1731226,3290816 1828887,3489635 1972773))
32727;POLYGON((3251196 2266571,3333960 2172019,3147684 2015511,3071471 2104265,3251196 2266571))
32728;POLYGON((2985768 2529055,3076899 2445143,2910678 2272247,2826447 2351352,2985768 2529055))
32729;POLYGON((2698639 2758900,2796466 2685954,2651139 2499571,2560369 2568622,2698639 2758900))
32730;POLYGON((2394319 2955648,2497420 2893746,2373315 2696510,2277300 2755328,2394319 2955648))
32731;POLYGON((2076626 3119387,2183800 3068455,2080916 2862695,1980782 2911249,2076626 3119387))
32732;POLYGON((1748782 3250508,1859014 3210395,1777169 2998131,1673893 3036477,1748782 3250508))
32733;POLYGON((1413511 3349517,1525942 3320050,1464876 3103031,1359312 3131261,1413511 3349517))
32734;POLYGON((1073143 3416908,1187034 3397930,1146492 3177680,1039394 3195889,1073143 3416908))
32735;POLYGON((729721 3453070,844417 3444468,824200 3222345,716250 3230606,729721 3453070))
32736;POLYGON((385106 3458228,500000 3459947,500000 3237212,391839 3235561,385106 3458228))
32737;POLYGON((41085 3432417,155582 3444468,175799 3222345,68061 3210775,41085 3432417))
32738;POLYGON((-300515 3375471,-187034 3397930,-146492 3177680,-253158 3156140,-300515 3375471))
32739;POLYGON((-637728 3287053,-525942 3320050,-464876 3103031,-569765 3071440,-637728 3287053))
32740;POLYGON((-968329 3166694,-859014 3210395,-777169 2998131,-879498 2956392,-968329 3166694))
32741;POLYGON((-1289737 3013880,-1183800 3068455,-1080916 2862695,-1179793 2810723,-1289737 3013880))
32742;POLYGON((-1598907 2828164,-1497420 2893746,-1373315 2696510,-1467715 2634273,-1598907 2828164))
32743;POLYGON((-1892231 2609334,-1796466 2685954,-1651139 2499571,-1739882 2427139,-1892231 2609334))
32744;POLYGON((-2165441 2357632,-2076899 2445143,-1910678 2272247,-1992409 2189865,-2165441 2357632))
32745;POLYGON((-2413516 2074055,-2333960 2172019,-2147684 2015511,-2220863 1923687,-2413516 2074055))
32746;POLYGON((-2630598 1760732,-2562079 1868286,-2357341 1731226,-2420232 1630836,-2630598 1760732))
32747;POLYGON((-2809908 1421417,-2754793 1537094,-2534241 1422501,-2584907 1314932,-2809908 1421417))
32748;POLYGON((-2943677 1062107,-2904670 1183615,-2672381 1094136,-2708695 981457,-2943677 1062107))
32749;POLYGON((-3023073 691807,-3003240 815755,-2765188 753171,-2784835 638337,-3023073 691807))
32750;POLYGON((-3038152 323477,-3040934 445039,-2805553 409547,-2806056 296648,-3038152 323477))
32751;POLYGON((-2977800 -24823,-3007033 87686,-2785898 76902,-2764643 -28533,-2977800 -24823))
32752;POLYGON((-2829700 -328553,-2889627 -234091,-2698270 -226476,-2652541 -317131,-2829700 -328553))
32753;POLYGON((-2580304 -555038,-2675579 -490534,-2534457 -476528,-2461484 -542875,-2580304 -555038))
32754;POLYGON((-2214810 -661527,-2350506 -642484,-2286139 -642093,-2183156 -671909,-2214810 -661527))
32755;POLYGON((-1717163 -592898,-1898772 -639221,-1945071 -683372,-1809382 -661170,-1717163 -592898))
32756;POLYGON((-1070058 -278996,-1303485 -415922,-1503299 -550139,-1332361 -456511,-1070058 -278996))
32757;POLYGON((-254963 368454,-546520 109277,-953413 -179674,-744926 9461,-254963 368454))
32758;POLYGON((747846 1459401,391454 1038677,-288838 505594,-40851 819853,747846 1459401))
32759;POLYGON((1959240 3129526,1530933 2498895,495833 1600793,784799 2076300,1959240 3129526))
32760;POLYGON((3401162 5544867,2893511 4645300,1404470 3221652,1735291 3902148,3401162 5544867))
