32701;POLYGON((19477546 -65421959,16480339 -60501882,21302565 -46864088,24615614 -50336778,19477546 -65421959))
32702;POLYGON((30157496 -82306474,26297480 -76302315,32124736 -57919911,36360105 -62053405,30157496 -82306474))
32703;POLYGON((43782402 -102863872,38878265 -95561554,45898447 -71065917,51247082 -75971309,43782402 -102863872))
32704;POLYGON((60953540 -127807649,54794941 -118956939,63226092 -86650821,69909240 -92455028,60953540 -127807649))
32705;POLYGON((82365932 -157969582,74710142 -147279127,84804407 -105072600,93077114 -111920190,82365932 -157969582))
32706;POLYGON((-98387228 -181447499,99387228 -181447499,111435209 -126784148,-110435209 -126784148,-98387228 -181447499))
32707;POLYGON((-73710142 -147279127,-81365932 -157969582,-92077114 -111920190,-83804407 -105072600,-73710142 -147279127))
32708;POLYGON((-53794941 -118956939,-59953540 -127807649,-68909240 -92455028,-62226092 -86650821,-53794941 -118956939))
32709;POLYGON((-37878265 -95561554,-42782402 -102863872,-50247082 -75971309,-44898447 -71065917,-37878265 -95561554))
32710;POLYGON((-25297480 -76302315,-29157496 -82306474,-35360105 -62053405,-31124736 -57919911,-25297480 -76302315))
32711;POLYGON((-15480339 -60501882,-18477546 -65421959,-23615614 -50336778,-20302565 -46864088,-15480339 -60501882))
32712;POLYGON((-7935384 -47582315,-10225189 -51600713,-14468531 -40502641,-11913920 -37593801,-7935384 -47582315))
32713;POLYGON((-2243063 -37052532,-3957847 -40324015,-7451915 -32273068,-5515927 -29843734,-2243063 -37052532))
32714;POLYGON((1952479 -28497054,700696 -31152360,-2168207 -25406536,-732324 -23383576,1952479 -28497054))
32715;POLYGON((4950952 -21565929,4068066 -23715003,1718846 -19693860,2754385 -18014084,4950952 -21565929))
32716;POLYGON((7002841 -15965757,6410423 -17700628,4491607 -14954503,5210135 -13563510,7002841 -15965757))
32717;POLYGON((8315732 -11451721,7948987 -12849049,6385324 -11033226,6855874 -9884359,8315732 -11451721))
32718;POLYGON((9060062 -7820544,8865973 -8943872,7594314 -7797063,7873548 -6850471,9060062 -7820544))
32719;POLYGON((9374327 -4904285,9309978 -5806017,8277572 -5132593,8411525 -4354380,9374327 -4904285))
32720;POLYGON((9369774 -2564917,9400841 -3288044,8563823 -2943481,8589480 -2304945,9369774 -2564917))
32721;POLYGON((9134595 -689590,9234002 -1269196,8556074 -1148280,8502768 -625233,9134595 -689590))
32722;POLYGON((8737669 813465,8884390 348902,8335663 321541,8226327 749381,8737669 813465))
32723;POLYGON((8231861 2018473,8409867 1645966,7965856 1523351,7818120 1872901,8231861 2018473))
32724;POLYGON((7656923 2985136,7854258 2686230,7495009 2504914,7322167 2790204,7656923 2985136))
32725;POLYGON((7041999 3761214,7249986 3521173,6959329 3305767,6771172 3538362,7041999 3761214))
32726;POLYGON((6407797 4384696,6620351 4191824,6385256 3958435,6188789 4147808,6407797 4384696))
32727;POLYGON((5768421 4885627,5981474 4730692,5791505 4489499,5591555 4643352,5768421 4885627))
32728;POLYGON((5132913 5287628,5343929 5163387,5190783 4920518,4990508 5045065,5132913 5287628))
32729;POLYGON((4506520 5609145,4714105 5509958,4591226 5268838,4392529 5369046,4506520 5609145))
32730;POLYGON((3891727 5864474,4095304 5785981,3997563 5548281,3801433 5628078,3891727 5864474))
32731;POLYGON((3289061 6064583,3488630 6003454,3412059 5769730,3218835 5832180,3289061 6064583))
32732;POLYGON((2697721 6217770,2893665 6171502,2835247 5941626,2644822 5989071,2697721 6217770))
32733;POLYGON((2116040 6330174,2308988 6296934,2266485 6070369,2078461 6104548,2116040 6330174))
32734;POLYGON((1541817 6406164,1732546 6384674,1704373 6160645,1518166 6182784,1541817 6406164))
32735;POLYGON((972541 6448621,1161912 6438071,1147040 6215675,961960 6226555,972541 6448621))
32736;POLYGON((405542 6459127,594457 6459127,592349 6237393,407650 6237393,405542 6459127))
32737;POLYGON((-161912 6438071,27458 6448621,38039 6226555,-147040 6215675,-161912 6438071))
32738;POLYGON((-732546 6384674,-541817 6406164,-518166 6182784,-704373 6160645,-732546 6384674))
32739;POLYGON((-1308988 6296934,-1116040 6330174,-1078461 6104548,-1266485 6070369,-1308988 6296934))
32740;POLYGON((-1893665 6171502,-1697721 6217770,-1644822 5989071,-1835247 5941626,-1893665 6171502))
32741;POLYGON((-2488630 6003454,-2289061 6064583,-2218835 5832180,-2412059 5769730,-2488630 6003454))
32742;POLYGON((-3095304 5785981,-2891727 5864474,-2801433 5628078,-2997563 5548281,-3095304 5785981))
32743;POLYGON((-3714105 5509958,-3506520 5609145,-3392529 5369046,-3591226 5268838,-3714105 5509958))
32744;POLYGON((-4343929 5163387,-4132913 5287628,-3990508 5045065,-4190783 4920518,-4343929 5163387))
32745;POLYGON((-4981474 4730692,-4768421 4885627,-4591555 4643352,-4791505 4489499,-4981474 4730692))
32746;POLYGON((-5620351 4191824,-5407797 4384696,-5188789 4147808,-5385256 3958435,-5620351 4191824))
32747;POLYGON((-6249986 3521173,-6041999 3761214,-5771172 3538362,-5959329 3305767,-6249986 3521173))
32748;POLYGON((-6854258 2686230,-6656923 2985136,-6322167 2790204,-6495009 2504914,-6854258 2686230))
32749;POLYGON((-7409867 1645966,-7231861 2018473,-6818120 1872901,-6965856 1523351,-7409867 1645966))
32750;POLYGON((-7884390 348902,-7737669 813465,-7226327 749381,-7335663 321541,-7884390 348902))
32751;POLYGON((-8234002 -1269196,-8134595 -689590,-7502768 -625233,-7556074 -1148280,-8234002 -1269196))
32752;POLYGON((-8400841 -3288044,-8369774 -2564917,-7589480 -2304945,-7563823 -2943481,-8400841 -3288044))
32753;POLYGON((-8309978 -5806017,-8374327 -4904285,-7411525 -4354380,-7277572 -5132593,-8309978 -5806017))
32754;POLYGON((-7865973 -8943872,-8060062 -7820544,-6873548 -6850471,-6594314 -7797063,-7865973 -8943872))
32755;POLYGON((-6948987 -12849049,-7315732 -11451721,-5855874 -9884359,-5385324 -11033226,-6948987 -12849049))
32756;POLYGON((-5410423 -17700628,-6002841 -15965757,-4210135 -13563510,-3491607 -14954503,-5410423 -17700628))
32757;POLYGON((-3068066 -23715003,-3950952 -21565929,-1754385 -18014084,-718846 -19693860,-3068066 -23715003))
32758;POLYGON((299303 -31152360,-952479 -28497054,1732324 -23383576,3168207 -25406536,299303 -31152360))
32759;POLYGON((4957847 -40324015,3243063 -37052532,6515927 -29843734,8451915 -32273068,4957847 -40324015))
32760;POLYGON((11225189 -51600713,8935384 -47582315,12913920 -37593801,15468531 -40502641,11225189 -51600713))
