32601;POLYGON((-951283 11621590,-916297 11549203,-1212452 11676384,-1264953 11748538,-951283 11621590))
32602;POLYGON((-1102245 11868071,-1043524 11780376,-1400353 11906624,-1485237 11994006,-1102245 11868071))
32603;POLYGON((-1338501 12173408,-1248869 12063752,-1694770 12189603,-1821765 12299710,-1338501 12173408))
32604;POLYGON((-1684046 12561159,-1555078 12421056,-2126572 12549904,-2307138 12692410,-1684046 12561159))
32605;POLYGON((-2166915 13061036,-1988790 12879833,-2732028 13019039,-2979562 13206204,-2166915 13061036))
32606;POLYGON((-2819645 13709978,-2580986 13474488,-3553442 13636721,-3883504 13883846,-2819645 13709978))
32607;POLYGON((3166915 13061036,3363872 13258732,4252762 13411491,3979562 13206204,3166915 13061036))
32608;POLYGON((2684046 12561159,2828235 12713662,3508435 12848300,3307138 12692410,2684046 12561159))
32609;POLYGON((2338501 12173408,2440242 12292170,2965252 12419423,2821765 12299710,2338501 12173408))
32610;POLYGON((2102245 11868071,2170413 11962263,2582995 12088031,2485237 11994006,2102245 11868071))
32611;POLYGON((1951283 11621590,1993455 11698442,2327265 11825054,2264953 11748538,1951283 11621590))
32612;POLYGON((1865230 11415606,1887824 11480714,2168856 11607965,2133307 11542711,1865230 11415606))
32613;POLYGON((1826908 11236110,1835318 11293708,2083177 11419698,2067127 11361064,1826908 11236110))
32614;POLYGON((1821985 11072700,1820693 11125897,2049721 11247701,2047155 11192359,1821985 11072700))
32615;POLYGON((1838631 10917931,1831323 10968916,2051570 11083104,2057568 11028790,1838631 10917931))
32616;POLYGON((1867209 10766748,1856871 10816973,2074946 10920006,2085540 10865301,1867209 10766748))
32617;POLYGON((1899993 10615999,1889004 10666330,2108798 10754849,2120847 10698996,1899993 10615999))
32618;POLYGON((1930906 10464017,1921124 10514867,2144431 10585896,2155498 10528639,1930906 10464017))
32619;POLYGON((1955291 10310269,1948124 10361710,2175163 10412779,2183415 10354235,1955291 10310269))
32620;POLYGON((1969698 10155059,1966174 10206912,2196021 10236132,2200132 10176679,1969698 10155059))
32621;POLYGON((1971697 9999284,1972523 10051198,2203469 10057280,2202537 9997470,1971697 9999284))
32622;POLYGON((1959709 9844236,1965326 9895748,2195164 9877994,2188635 9818480,1959709 9844236))
32623;POLYGON((1932858 9691440,1943489 9742022,2169743 9700290,2157347 9641771,1932858 9691440))
32624;POLYGON((1890844 9542532,1906532 9591634,2126632 9526279,2108325 9469460,1890844 9542532))
32625;POLYGON((1833828 9399160,1854474 9446235,2065889 9358053,2041805 9303610,1833828 9399160))
32626;POLYGON((1762335 9262921,1787730 9307447,1988059 9197598,1958468 9146161,1762335 9262921))
32627;POLYGON((1677175 9135304,1707021 9176799,1894059 9046743,1859333 8998881,1677175 9135304))
32628;POLYGON((1579371 9017666,1613307 9055693,1785082 8907126,1745663 8863337,1579371 9017666))
32629;POLYGON((1470106 8911206,1507723 8945383,1662512 8780175,1618895 8740889,1470106 8911206))
32630;POLYGON((1350672 8816964,1391530 8846963,1527866 8667109,1480574 8632686,1350672 8816964))
32631;POLYGON((1222444 8735819,1266077 8761364,1382739 8568941,1332318 8539677,1222444 8735819))
32632;POLYGON((1086843 8668491,1132773 8689360,1228774 8486494,1175775 8462622,1086843 8668491))
32633;POLYGON((945323 8615554,993064 8631571,1067632 8420416,1012611 8402116,945323 8615554))
32634;POLYGON((799356 8577441,848415 8588477,900978 8371194,844489 8358597,799356 8577441))
32635;POLYGON((650420 8554455,700304 8560423,730473 8339177,673068 8332368,650420 8554455))
32636;POLYGON((500000 8546773,550213 8547627,557770 8324580,500000 8323606,500000 8546773))
32637;POLYGON((349579 8554455,399627 8550188,384519 8327502,326931 8332368,349579 8554455))
32638;POLYGON((200643 8577441,250032 8568087,212366 8347922,155510 8358597,200643 8577441))
32639;POLYGON((54676 8615554,102910 8601185,42960 8385704,-12611 8402116,54676 8615554))
32640;POLYGON((-86843 8668491,-40255 8649222,-122040 8440590,-175775 8462622,-86843 8668491))
32641;POLYGON((-222444 8735819,-177992 8711810,-280975 8512186,-332318 8539677,-222444 8735819))
32642;POLYGON((-350672 8816964,-308837 8788422,-432178 8599954,-480574 8632686,-350672 8816964))
32643;POLYGON((-470106 8911206,-431358 8878388,-573993 8703188,-618895 8740889,-470106 8911206))
32644;POLYGON((-579371 9017666,-544161 8980882,-704788 8821005,-745663 8863337,-579371 9017666))
32645;POLYGON((-677175 9135304,-645923 9094920,-822990 8952324,-859333 8998881,-677175 9135304))
32646;POLYGON((-762335 9262921,-735420 9219354,-927120 9095856,-958468 9146161,-762335 9262921))
32647;POLYGON((-833828 9399160,-811571 9352879,-1015850 9250103,-1041805 9303610,-833828 9399160))
32648;POLYGON((-890844 9542532,-873486 9494045,-1088071 9413360,-1108325 9469460,-890844 9542532))
32649;POLYGON((-932858 9691440,-920539 9641290,-1142976 9583742,-1157347 9641771,-932858 9691440))
32650;POLYGON((-959709 9844236,-952435 9792975,-1180168 9759219,-1188635 9818480,-959709 9844236))
32651;POLYGON((-971697 9999284,-969312 9947449,-1199785 9937683,-1202537 9997470,-971697 9999284))
32652;POLYGON((-969698 10155059,-971837 10103139,-1202643 10117040,-1200132 10176679,-969698 10155059))
32653;POLYGON((-955291 10310269,-961342 10258660,-1190411 10295336,-1183415 10354235,-955291 10310269))
32654;POLYGON((-930906 10464017,-939953 10412963,-1165803 10470925,-1155498 10528639,-930906 10464017))
32655;POLYGON((-899993 10615999,-910762 10565522,-1132806 10642682,-1120847 10698996,-899993 10615999))
32656;POLYGON((-867209 10766748,-878001 10716560,-1096931 10810270,-1085540 10865301,-867209 10766748))
32657;POLYGON((-838631 10917931,-847250 10867329,-1065496 10974467,-1057568 11028790,-838631 10917931))
32658;POLYGON((-821985 11072700,-825655 11020444,-1047941 11137566,-1047155 11192359,-821985 11072700))
32659;POLYGON((-826908 11236110,-822189 11180275,-1056184 11303840,-1067127 11361064,-826908 11236110))
32660;POLYGON((-865230 11415606,-847915 11353412,-1105000 11480109,-1133307 11542711,-865230 11415606))
