32601;POLYGON((-66994759 136421807,-63366238 124674751,-74854043 119611697,-79487457 130997497,-66994759 136421807))
32602;POLYGON((-79231183 178087707,-74914794 163048487,-89653078 156825107,-95220346 171423311,-79231183 178087707))
32603;POLYGON((-93767556 231175831,-88643310 212055559,-107417873 204417510,-114088463 223001402,-93767556 231175831))
32604;POLYGON((-110997944 298358572,-104928601 274212972,-128681289 264856577,-136649727 288352233,-110997944 298358572))
32605;POLYGON((-131371912 382821945,-124201092 352527331,-154054106 341091444,-163542762 370601400,-131371912 382821945))
32606;POLYGON((-155400459 488343048,-146950619 450569584,-184233591 436626366,-195495679 473455975,-155400459 488343048))
32607;POLYGON((139948240 415450743,147950619 450569584,185233591 436626366,174592814 402395371,139948240 415450743))
32608;POLYGON((118416069 324419387,125201092 352527331,155054106 341091444,146098737 313720705,118416069 324419387))
32609;POLYGON((100190680 251857952,105928601 274212972,129681289 264856577,122168740 243111450,100190680 251857952))
32610;POLYGON((84802710 194392415,89643310 212055559,108417873 204417510,102135377 187257071,84802710 194392415))
32611;POLYGON((71840227 149187278,75914794 163048487,90653078 156825107,85414763 143376712,71840227 149187278))
32612;POLYGON((60943070 113873489,64366238 124674751,75854043 119611697,71498210 109148172,60943070 113873489))
32613;POLYGON((51797587 86483956,54669048 94839990,63557854 90725112,59944446 82644366,51797587 86483956))
32614;POLYGON((44131758 65396090,46537845 71812755,53364152 68469831,50372424 62276733,44131758 65396090))
32615;POLYGON((37710688 49280845,39725838 54171435,44928307 51454716,42454660 46745042,37710688 49280845))
32616;POLYGON((32332448 37057734,34020550 40757340,37955115 38546803,35911119 34993097,32332448 37057734))
32617;POLYGON((27824260 27855321,29239890 30633421,32193017 28830666,30503589 26169845,27824260 27855321))
32618;POLYGON((24039001 20976726,25228553 23048155,27428802 21572869,26030545 19595430,24039001 20976726))
32619;POLYGON((20852015 15869687,21854729 17404137,23482778 16191062,22322474 14731733,20852015 15869687))
32620;POLYGON((18158218 12100745,19007114 13230939,20204388 12227278,19237627 11156988,18158218 12100745))
32621;POLYGON((15869477 9333152,16592200 10161816,17468241 9325042,16658194 8544057,15869477 9333152))
32622;POLYGON((13912260 7308114,14531834 7913883,15170553 7209875,14486863 6642002,13912260 7308114))
32623;POLYGON((12225517 5828993,12761025 6271369,13225951 5672855,12643751 5260574,12225517 5828993))
32624;POLYGON((10758806 4748153,11225990 5071618,11564637 4556869,11063680 4257294,10758806 4748153))
32625;POLYGON((9470630 3956100,9882424 4193499,10129879 3745243,9693770 3526810,9470630 3956100))
32626;POLYGON((8326973 3372635,8693966 3547917,8875812 3152450,8491339 2992226,8326973 3372635))
32627;POLYGON((7300022 2939738,7630868 3070155,7765524 2716600,7422077 2598138,7300022 2939738))
32628;POLYGON((6367064 2615932,6668829 2713766,6769394 2393478,6458471 2305125,6367064 2615932))
32629;POLYGON((5509531 2371885,5787996 2445790,5863684 2151869,5578466 2085464,5509531 2371885))
32630;POLYGON((4712188 2187054,4972106 2243073,5029337 1969972,4764332 1919849,4712188 2187054))
32631;POLYGON((3962448 2047162,4207758 2089482,4250971 1832695,4001720 1794954,3962448 2047162))
32632;POLYGON((3249793 1942359,3483803 1973863,3516043 1729672,3278874 1701648,3249793 1942359))
32633;POLYGON((2565286 1865913,2790827 1888561,2814164 1653837,2585991 1633726,2565286 1865913))
32634;POLYGON((1901174 1813302,2120720 1828398,2136535 1600436,1914697 1587048,1901174 1813302))
32635;POLYGON((1250536 1781618,1466320 1789979,1475487 1566373,1257612 1558963,1250536 1781618))
32636;POLYGON((606996 1769192,821099 1771254,824103 1549780,607995 1547954,606996 1769192))
32637;POLYGON((-35538 1775388,178900 1771254,175896 1549780,-40564 1553443,-35538 1775388))
32638;POLYGON((-683121 1800520,-466320 1789979,-475487 1566373,-694432 1575716,-683121 1800520))
32639;POLYGON((-1342006 1845900,-1120720 1828398,-1136535 1600436,-1360209 1615963,-1342006 1845900))
32640;POLYGON((-2018900 1913988,-1790827 1888561,-1814164 1653837,-2045022 1676427,-2018900 1913988))
32641;POLYGON((-2721246 2008715,-2483803 1973863,-2516043 1729672,-2756872 1760699,-2721246 2008715))
32642;POLYGON((-3457543 2135993,-3207758 2089482,-3250971 1832695,-3505031 1874216,-3457543 2135993))
32643;POLYGON((-4237732 2304509,-3972106 2243073,-4029337 1969972,-4300539 2025015,-4237732 2304509))
32644;POLYGON((-5073653 2526889,-4787996 2445790,-4863684 2151869,-5156801 2224855,-5073653 2526889))
32645;POLYGON((-5979587 2821344,-5668829 2713766,-5769394 2393478,-6090325 2490811,-5979587 2821344))
32646;POLYGON((-6972906 3213948,-6630868 3070155,-6765524 2716600,-7121607 2847482,-6972906 3213948))
32647;POLYGON((-8074843 3741697,-7693966 3547917,-7875812 3152450,-8276201 3329968,-8074843 3741697))
32648;POLYGON((-9311398 4456536,-8882424 4193499,-9129879 3745243,-9585991 3987798,-9311398 4456536))
32649;POLYGON((-10714384 5430558,-10225990 5071618,-10564637 4556869,-11090677 4890006,-10714384 5430558))
32650;POLYGON((-12322652 6762601,-11761025 6271369,-12225951 5672855,-12839520 6131586,-12322652 6762601))
32651;POLYGON((-14183488 8586486,-13531834 7913883,-14170553 7209875,-14893348 7841562,-14183488 8586486))
32652;POLYGON((-16354208 11081173,-15592200 10161816,-16468241 9325042,-17326855 10192942,-16354208 11081173))
32653;POLYGON((-18903961 14483121,-18007114 13230939,-19204388 12227278,-20231220 13414846,-18903961 14483121))
32654;POLYGON((-21915764 19101163,-20854729 17404137,-22482778 16191062,-23717057 17807117,-21915764 19101163))
32655;POLYGON((-25488771 25334237,-24228553 23048155,-26428802 21572869,-27917729 23757732,-25488771 25334237))
32656;POLYGON((-29740807 33692329,-28239890 30633421,-31193017 28830666,-32993045 31763397,-29740807 33692329))
32657;POLYGON((-34811168 44820999,-33020550 40757340,-36955115 38546803,-39133361 42453658,-34811168 44820999))
32658;POLYGON((-40863707 59529898,-38725838 54171435,-43928307 51454716,-46564112 56618960,-40863707 59529898))
32659;POLYGON((-48090227 78825697,-45537845 71812755,-52364152 68469831,-55550792 75243050,-48090227 78825697))
32660;POLYGON((-56714190 103949872,-53669048 94839990,-62557854 90725112,-66404413 99540171,-56714190 103949872))
