32701;POLYGON((-34670380 -117504712,-33576702 -106876433,-22976892 -100880273,-23171103 -110733534,-34670380 -117504712))
32702;POLYGON((-38105927 -155086347,-36935091 -141539720,-23429950 -132977047,-23485555 -145493669,-38105927 -155086347))
32703;POLYGON((-41769896 -202777360,-40523616 -185621266,-23424379 -173662750,-23296779 -189466582,-41769896 -202777360))
32704;POLYGON((-45653520 -262917313,-44335357 -241325336,-22818045 -224926207,-22454070 -244762288,-45653520 -262917313))
32705;POLYGON((-49741860 -338292887,-48357540 -311282449,-21442025 -289137954,-20778838 -313891102,-49741860 -338292887))
32706;POLYGON((-54012796 -432205180,-52570556 -398614302,-19097236 -369108083,-18061155 -399823594,-54012796 -432205180))
32707;POLYGON((53570556 -398614302,55012796 -432205180,19061155 -399823594,20097236 -369108083,53570556 -398614302))
32708;POLYGON((49357540 -311282449,50741860 -338292887,21778838 -313891102,22442025 -289137954,49357540 -311282449))
32709;POLYGON((45335357 -241325336,46653520 -262917313,23454070 -244762288,23818045 -224926207,45335357 -241325336))
32710;POLYGON((41523616 -185621266,42769896 -202777360,24296779 -189466582,24424379 -173662750,41523616 -185621266))
32711;POLYGON((37935091 -141539720,39105927 -155086347,24485555 -145493669,24429950 -132977047,37935091 -141539720))
32712;POLYGON((34576702 -106876433,35670380 -117504712,24171103 -110733534,23976892 -100880273,34576702 -106876433))
32713;POLYGON((31450415 -79795216,32466779 -88079639,23479443 -83422670,23183663 -75713472,31450415 -79795216))
32714;POLYGON((28554064 -58776072,29494247 -65191133,22514862 -62096007,22147922 -56101294,28554064 -58776072))
32715;POLYGON((25882091 -42569095,26748279 -47504039,21362628 -45544119,20949162 -40910873,25882091 -42569095))
32716;POLYGON((23426225 -30153713,24221439 -33925559,20091481 -32775313,19651126 -29215456,23426225 -30153713))
32717;POLYGON((21176080 -20702829,21903982 -23567803,18755898 -22982205,18304006 -20262386,21176080 -20702829))
32718;POLYGON((19119696 -13551452,19784417 -15714971,17398156 -15512393,16946437 -13445066,19119696 -13551452))
32719;POLYGON((17244008 -8169402,17849999 -9794741,16050197 -9842888,15607294 -8278556,17244008 -8169402))
32720;POLYGON((15535268 -4137727,16087164 -5353493,14735294 -5557938,14307303 -4378465,15535268 -4137727))
32721;POLYGON((13979392 -1128455,14481906 -2034986,13469551 -2329938,13060478 -1442816,13979392 -1128455))
32722;POLYGON((12562275 1112651,13020094 437852,12263221 96893,11875392 763424,12562275 1112651))
32723;POLYGON((11270031 2780662,11687745 2278346,11121875 1920362,10756283 2421424,11270031 2780662))
32724;POLYGON((10089211 4023671,10471245 3649031,10047409 3291941,9704025 3669455,10089211 4023671))
32725;POLYGON((9006952 4952907,9357519 4672416,9038917 4326464,8716948 4611995,9006952 4952907))
32726;POLYGON((8011105 5651008,8334171 5439853,8093433 5110129,7791543 5327208,8011105 5651008))
32727;POLYGON((7090313 6178728,7389572 6018733,7206546 5707003,6923033 5873008,7090313 6178728))
32728;POLYGON((6234055 6580287,6512918 6458269,6372907 6164266,6105852 6291918,6234055 6580287))
32729;POLYGON((5432662 6887579,5694259 6794057,5586632 6516372,5334011 6614909,5432662 6887579))
32730;POLYGON((4677302 7123429,4924486 7051636,4841610 6788285,4601378 6864371,4677302 7123429))
32731;POLYGON((3959938 7304053,4195303 7249193,4131736 6997979,3901886 7056390,3959938 7304053))
32732;POLYGON((3273266 7440900,3499170 7399596,3451055 7158306,3229655 7202441,3273266 7440900))
32733;POLYGON((2610627 7541973,2829223 7511874,2793859 7278381,2579066 7310625,2610627 7541973))
32734;POLYGON((1965915 7612766,2179185 7592276,2154717 7364567,1944782 7386558,1965915 7612766))
32735;POLYGON((1333456 7656905,1543250 7644993,1528464 7421166,1321718 7433965,1333456 7656905))
32736;POLYGON((707889 7676551,915968 7672642,910159 7450879,704992 7455081,707889 7676551))
32737;POLYGON((84031 7672642,292110 7676551,295007 7455081,89840 7450879,84031 7672642))
32738;POLYGON((-543250 7644993,-333456 7656905,-321718 7433965,-528464 7421166,-543250 7644993))
32739;POLYGON((-1179185 7592276,-965915 7612766,-944782 7386558,-1154717 7364567,-1179185 7592276))
32740;POLYGON((-1829223 7511874,-1610627 7541973,-1579066 7310625,-1793859 7278381,-1829223 7511874))
32741;POLYGON((-2499170 7399596,-2273266 7440900,-2229655 7202441,-2451055 7158306,-2499170 7399596))
32742;POLYGON((-3195303 7249193,-2959938 7304053,-2901886 7056390,-3131736 6997979,-3195303 7249193))
32743;POLYGON((-3924486 7051636,-3677302 7123429,-3601378 6864371,-3841610 6788285,-3924486 7051636))
32744;POLYGON((-4694259 6794057,-4432662 6887579,-4334011 6614909,-4586632 6516372,-4694259 6794057))
32745;POLYGON((-5512918 6458269,-5234055 6580287,-5105852 6291918,-5372907 6164266,-5512918 6458269))
32746;POLYGON((-6389572 6018733,-6090313 6178728,-5923033 5873008,-6206546 5707003,-6389572 6018733))
32747;POLYGON((-7334171 5439853,-7011105 5651008,-6791543 5327208,-7093433 5110129,-7334171 5439853))
32748;POLYGON((-8357519 4672416,-8006952 4952907,-7716948 4611995,-8038917 4326464,-8357519 4672416))
32749;POLYGON((-9471245 3649031,-9089211 4023671,-8704025 3669455,-9047409 3291941,-9471245 3649031))
32750;POLYGON((-10687745 2278346,-10270031 2780662,-9756283 2421424,-10121875 1920362,-10687745 2278346))
32751;POLYGON((-12020094 437852,-11562275 1112651,-10875392 763424,-11263221 96893,-12020094 437852))
32752;POLYGON((-13481906 -2034986,-12979392 -1128455,-12060478 -1442816,-12469551 -2329938,-13481906 -2034986))
32753;POLYGON((-15087164 -5353493,-14535268 -4137727,-13307303 -4378465,-13735294 -5557938,-15087164 -5353493))
32754;POLYGON((-16849999 -9794741,-16244008 -8169402,-14607294 -8278556,-15050197 -9842888,-16849999 -9794741))
32755;POLYGON((-18784417 -15714971,-18119696 -13551452,-15946437 -13445066,-16398156 -15512393,-18784417 -15714971))
32756;POLYGON((-20903982 -23567803,-20176080 -20702829,-17304006 -20262386,-17755898 -22982205,-20903982 -23567803))
32757;POLYGON((-23221439 -33925559,-22426225 -30153713,-18651126 -29215456,-19091481 -32775313,-23221439 -33925559))
32758;POLYGON((-25748279 -47504039,-24882091 -42569095,-19949162 -40910873,-20362628 -45544119,-25748279 -47504039))
32759;POLYGON((-28494247 -65191133,-27554064 -58776072,-21147922 -56101294,-21514862 -62096007,-28494247 -65191133))
32760;POLYGON((-31466779 -88079639,-30450415 -79795216,-22183663 -75713472,-22479443 -83422670,-31466779 -88079639))
