32701;POLYGON((22167756 1325222,19562840 232424,17876829 4227361,20223502 5665621,22167756 1325222))
32702;POLYGON((31309266 5739887,28027106 4061027,25490285 9167299,28434418 11269612,31309266 5739887))
32703;POLYGON((42747137 12263461,38653220 9819059,35008799 16284910,38666824 19245507,42747137 12263461))
32704;POLYGON((56926259 21513353,51865140 18083741,46799095 26203908,51305310 30259509,56926259 21513353))
32705;POLYGON((74359076 34240786,68151978 29559398,61283497 39682289,66792096 45119096,74359076 34240786))
32706;POLYGON((95633164 51352511,88075390 45098372,78946170 57634138,85633433 64795667,95633164 51352511))
32707;POLYGON((-94633164 51352511,-102691525 58212818,-91756908 72619583,-84633433 64795667,-94633164 51352511))
32708;POLYGON((-73359076 34240786,-79992298 39407841,-71672839 51089571,-65792096 45119096,-73359076 34240786))
32709;POLYGON((-55926259 21513353,-61348282 25328082,-55127475 34741051,-50305310 30259509,-55926259 21513353))
32710;POLYGON((-41747137 12263461,-46145082 15009688,-41591718 22542512,-37666824 19245507,-41747137 12263461))
32711;POLYGON((-30309266 5739887,-33846079 7652130,-30602737 13634475,-27434418 11269612,-30309266 5739887))
32712;POLYGON((-21167756 1325222,-23984673 2595658,-21757415 7306008,-19223502 5665621,-21167756 1325222))
32713;POLYGON((-13938243 -1483511,-16157073 -698831,-14706250 2973722,-12701165 1888395,-13938243 -1483511))
32714;POLYGON((-8290370 -3092076,-10015611 -2667722,-9147695 163068,-7580664 -504117,-8290370 -3092076))
32715;POLYGON((-3941767 -3824235,-5262564 -3660534,-4822931 -1508243,-3616330 -1866796,-3941767 -3824235))
32716;POLYGON((-652514 -3935131,-1644446 -3953906,-1511038 -2344861,-598873 -2481343,-652514 -3935131))
32717;POLYGON((1779947 -3622987,1053216 -3763830,975437 -2586619,1648929 -2568548,1779947 -3622987))
32718;POLYGON((3525466 -3039257,3010685 -3256312,2794550 -2419716,3276169 -2298953,3525466 -3039257))
32719;POLYGON((4725410 -2297396,4378376 -2556580,4078658 -1986399,4407404 -1802068,4725410 -2297396))
32720;POLYGON((5496506 -1480356,5280826 -1756992,4937791 -1393289,5145916 -1174277,5496506 -1480356))
32721;POLYGON((5934302 -646948,5820281 -923765,5462700 -718491,5576652 -485561,5934302 -646948))
32722;POLYGON((6116273 162810,6079917 -102644,5727596 -17596,5768870 214828,6116273 162810))
32723;POLYGON((6104597 923251,6126721 676360,5792610 671288,5778502 893648,6104597 923251))
32724;POLYGON((5948609 1619403,6014055 1395073,5705968 1323373,5650252 1529757,5948609 1619403))
32725;POLYGON((5686967 2244044,5783914 2043978,5505931 1923783,5419444 2110943,5686967 2244044))
32726;POLYGON((5349541 2795341,5468903 2619674,5222485 2464813,5113645 2631384,5349541 2795341))
32727;POLYGON((4959052 3275021,5093959 3122877,4878817 2943753,4754068 3089637,4959052 3275021))
32728;POLYGON((4532470 3686965,4677826 3556882,4492589 3361199,4356784 3487095,4532470 3686965))
32729;POLYGON((4082209 4036165,4234317 3926406,4077027 3719765,3933751 3826823,4082209 4036165))
32730;POLYGON((3617120 4327981,3773371 4236756,3641839 4023139,3493685 4112702,3617120 4327981))
32731;POLYGON((3143319 4567627,3301934 4493237,3193988 4275400,3042780 4348830,3143319 4567627))
32732;POLYGON((2664857 4759841,2824680 4700774,2738326 4480555,2585304 4539114,2664857 4759841))
32733;POLYGON((2184264 4908685,2344592 4863670,2278113 4642234,2124085 4687015,2184264 4908685))
32734;POLYGON((1702974 5017445,1863427 4985476,1815437 4763509,1660899 4795393,1702974 5017445))
32735;POLYGON((1221665 5088587,1382084 5068935,1351550 4846792,1196784 4866425,1221665 5088587))
32736;POLYGON((740526 5123750,900888 5115960,887144 4893785,732293 4901575,740526 5123750))
32737;POLYGON((259473 5123750,419825 5127641,422567 4905466,267706 4901575,259473 5123750))
32738;POLYGON((-221665 5088587,-61266 5104249,-41978 4882078,-196784 4866425,-221665 5088587))
32739;POLYGON((-702974 5017445,-542522 5045241,-506262 4823132,-660899 4795393,-702974 5017445))
32740;POLYGON((-1184264 4908685,-1023865 4949253,-969844 4727411,-1124085 4687015,-1184264 4908685))
32741;POLYGON((-1664857 4759841,-1504807 4814096,-1431874 4592969,-1585304 4539114,-1664857 4759841))
32742;POLYGON((-2143319 4567627,-1984198 4636753,-1890853 4417170,-2042780 4348830,-2143319 4567627))
32743;POLYGON((-2617120 4327981,-2459917 4413414,-2344342 4196739,-2493685 4112702,-2617120 4327981))
32744;POLYGON((-3082209 4036165,-2928476 4139548,-2788603 3927897,-2933751 3826823,-3082209 4036165))
32745;POLYGON((-3532470 3686965,-3384512 3810073,-3218144 3606571,-3356784 3487095,-3532470 3686965))
32746;POLYGON((-3959052 3275021,-3820172 3419630,-3625163 3228751,-3754068 3089637,-3959052 3275021))
32747;POLYGON((-4349541 2795341,-4224330 2963033,-3998873 2791021,-4113645 2631384,-4349541 2795341))
32748;POLYGON((-4686967 2244044,-4581657 2435931,-4324678 2291318,-4419444 2110943,-4686967 2244044))
32749;POLYGON((-4948609 1619403,-4871495 1835744,-4583205 1729985,-4650252 1529757,-4948609 1619403))
32750;POLYGON((-5104597 923251,-5066526 1162936,-4749152 1111190,-4778502 893648,-5104597 923251))
32751;POLYGON((-5116273 162810,-5131219 422699,-4789948 444758,-4768870 214828,-5116273 162810))
32752;POLYGON((-4934302 -646948,-5020024 -372876,-4664211 -251465,-4576652 -485561,-4934302 -646948))
32753;POLYGON((-4496506 -1480356,-4675302 -1202056,-4319973 -948665,-4145916 -1174277,-4496506 -1480356))
32754;POLYGON((-3725410 -2297396,-4024969 -2030058,-3692665 -1603409,-3407404 -1802068,-3725410 -2297396))
32755;POLYGON((-2525466 -3039257,-2979831 -2804882,-2702850 -2153208,-2276169 -2298953,-2525466 -3039257))
32756;POLYGON((-779947 -3622987,-1430585 -3452279,-1253670 -2511169,-648929 -2568548,-779947 -3622987))
32757;POLYGON((1652514 -3935131,755513 -3869736,771993 -2559644,1598873 -2481343,1652514 -3935131))
32758;POLYGON((4941767 -3824235,3738369 -3919373,3514675 -2142723,4616330 -1866796,4941767 -3824235))
32759;POLYGON((9290370 -3092076,7709143 -3419615,7141798 -1057478,8580664 -504117,9290370 -3092076))
32760;POLYGON((14938243 -1483511,12894758 -2135512,11851502 956210,13701165 1888395,14938243 -1483511))
