32601;POLYGON((-1427453 10832192,-1400432 10898059,-1110113 10169542,-1094659 9994268,-1427453 10832192))
32602;POLYGON((-1582487 10567928,-1517075 10667499,-1092874 9574539,-1109276 9327410,-1582487 10567928))
32603;POLYGON((-1879965 10196140,-1762239 10332575,-1184209 8751581,-1246060 8419917,-1879965 10196140))
32604;POLYGON((-2367094 9708323,-2180374 9884274,-1427645 7661303,-1551366 7231087,-2367094 9708323))
32605;POLYGON((-3100054 9097907,-2824549 9315306,-1875555 6260272,-2080765 5716088,-3100054 9097907))
32606;POLYGON((-4145119 8360969,-3757543 8620782,-2590307 4500795,-2900228 3825772,-4145119 8360969))
32607;POLYGON((5145119 8360969,5575890 8087011,4250899 3103126,3900228 3825772,5145119 8360969))
32608;POLYGON((4100054 9097907,4410144 8866421,3318109 5130239,3080765 5716088,4100054 9097907))
32609;POLYGON((3367094 9708323,3581046 9518729,2699901 6764665,2551366 7231087,3367094 9708323))
32610;POLYGON((2879965 10196140,3018690 10046797,2326561 8057027,2246060 8419917,2879965 10196140))
32611;POLYGON((2582487 10567928,2663661 10456398,2139185 9053577,2109276 9327410,2582487 10567928))
32612;POLYGON((2427453 10832192,2465881 10755465,2088473 9796371,2094659 9994268,2427453 10832192))
32613;POLYGON((2375589 10998774,2383541 10953454,2133602 10323462,2163979 10457249,2375589 10998774))
32614;POLYGON((2394588 11078330,2382116 11060803,2241195 10669091,2286123 10749372,2394588 11078330))
32615;POLYGON((2458236 11081904,2433452 11088468,2384365 10863900,2436173 10900125,2458236 11081904))
32616;POLYGON((2545598 11020576,2514940 11047554,2541848 10935142,2594557 10935679,2545598 11020576))
32617;POLYGON((2640284 10905174,2608753 10948998,2697208 10906897,2746286 10879108,2640284 10905174))
32618;POLYGON((2729783 10746056,2701157 10803339,2838113 10800298,2880249 10750607,2729783 10746056))
32619;POLYGON((2804860 10552940,2781889 10620520,2955693 10633744,2988593 10567717,2804860 10552940))
32620;POLYGON((2859014 10334784,2843591 10409766,3043947 10423125,3066159 10345539,2859014 10334784))
32621;POLYGON((2887998 10099715,2881316 10179485,3099229 10182041,3109980 10096956,2887998 10099715))
32622;POLYGON((2889394 9854983,2892080 9937223,3119787 9922012,3118843 9832845,2889394 9854983))
32623;POLYGON((2862235 9606957,2874470 9689641,3105361 9652693,3092903 9562280,2862235 9606957))
32624;POLYGON((2806686 9361140,2828309 9442528,3056829 9382070,3033352 9292738,2806686 9361140))
32625;POLYGON((2723763 9122207,2754355 9200830,2975914 9116663,2942132 9030291,2723763 9122207))
32626;POLYGON((2615099 8894060,2654061 8968699,2864924 8861706,2821701 8779785,2615099 8894060))
32627;POLYGON((2482747 8679892,2529358 8749558,2726548 8621329,2674834 8545018,2482747 8679892))
32628;POLYGON((2329022 8482267,2382489 8546170,2563681 8398720,2504464 8328901,2329022 8482267))
32629;POLYGON((2156376 8303193,2215873 8360719,2379297 8196283,2313565 8133607,2156376 8303193))
32630;POLYGON((1967300 8144205,2031998 8194891,2176340 8015777,2105058 7960710,1967300 8144205))
32631;POLYGON((1764260 8006445,1833342 8049950,1957663 7858447,1881751 7811309,1764260 8006445))
32632;POLYGON((1549648 7890737,1622327 7926817,1725977 7725135,1646303 7686137,1549648 7890737))
32633;POLYGON((1325761 7797653,1401283 7826140,1483832 7616387,1401210 7585657,1325761 7797653))
32634;POLYGON((1094794 7727574,1172438 7748360,1233617 7532530,1148809 7510144,1094794 7727574))
32635;POLYGON((858846 7680742,937922 7693759,977572 7473749,891298 7459745,858846 7680742))
32636;POLYGON((619941 7657294,699782 7662506,717819 7440136,630765 7434532,619941 7657294))
32637;POLYGON((380058 7657294,460007 7654687,456399 7431730,369234 7434532,380058 7657294))
32638;POLYGON((141153 7680742,220558 7670323,195311 7448540,108701 7459745,141153 7680742))
32639;POLYGON((-94794 7727574,-16596 7709372,-63435 7490549,-148809 7510144,-94794 7727574))
32640;POLYGON((-325761 7797653,-249453 7771723,-317777 7557703,-401210 7585657,-325761 7797653))
32641;POLYGON((-549648 7890737,-475939 7857173,-565559 7649883,-646303 7686137,-549648 7890737))
32642;POLYGON((-764260 8006445,-693893 7965393,-804491 7766865,-881751 7811309,-764260 8006445))
32643;POLYGON((-967300 8144205,-901052 8095880,-1032132 7908256,-1105058 7960710,-967300 8144205))
32644;POLYGON((-1156376 8303193,-1095053 8247901,-1245877 8073423,-1313565 8133607,-1156376 8303193))
32645;POLYGON((-1329022 8482267,-1273453 8420430,-1442966 8261400,-1504464 8328901,-1329022 8482267))
32646;POLYGON((-1482747 8679892,-1433761 8612069,-1620508 8470786,-1674834 8545018,-1482747 8679892))
32647;POLYGON((-1615099 8894060,-1573504 8820978,-1775540 8699620,-1821701 8779785,-1615099 8894060))
32648;POLYGON((-1723763 9122207,-1690308 9044788,-1905102 8945255,-1942132 9030291,-1723763 9122207))
32649;POLYGON((-1806686 9361140,-1782017 9280523,-2006351 9204205,-2033352 9292738,-1806686 9361140))
32650;POLYGON((-1862235 9606957,-1846838 9524525,-2076704 9471992,-2092903 9562280,-1862235 9606957))
32651;POLYGON((-1889394 9854983,-1883526 9772384,-2114023 9742973,-2118843 9832845,-1889394 9854983))
32652;POLYGON((-1887998 10099715,-1891603 10018878,-2116835 10010161,-2109980 10096956,-1887998 10099715))
32653;POLYGON((-1859014 10334784,-1871625 10257931,-2084607 10265036,-2066159 10345539,-1859014 10334784))
32654;POLYGON((-1804860 10552940,-1825488 10482585,-2018055 10497343,-1988593 10567717,-1804860 10552940))
32655;POLYGON((-1729783 10746056,-1756784 10685003,-1919515 10694893,-1880249 10750607,-1729783 10746056))
32656;POLYGON((-1640284 10905174,-1671211 10856498,-1793363 10843348,-1746286 10879108,-1640284 10905174))
32657;POLYGON((-1545598 11020576,-1577038 10987594,-1646495 10926003,-1594557 10935679,-1545598 11020576))
32658;POLYGON((-1458236 11081904,-1485618 11068130,-1488869 10923575,-1436173 10900125,-1458236 11081904))
32659;POLYGON((-1394588 11078330,-1411979 11087414,-1334108 10813972,-1286123 10749372,-1394588 11078330))
32660;POLYGON((-1375589 10998774,-1375460 11034421,-1200174 10572081,-1163979 10457249,-1375589 10998774))
