32701;POLYGON((7537755 -54906938,5522002 -50477450,9934253 -40899288,12261748 -44246018,7537755 -54906938))
32702;POLYGON((14851501 -70236827,12187664 -64764108,17596966 -51620448,20636727 -55675944,14851501 -70236827))
32703;POLYGON((24394200 -89130032,20937368 -82393131,27547297 -64598598,31455610 -69498180,24394200 -89130032))
32704;POLYGON((36648871 -112328157,32229672 -104066131,40279530 -80261304,45238784 -86162532,36648871 -112328157))
32705;POLYGON((52177807 -140704363,46599437 -130610416,56369364 -99105777,62591207 -106191443,52177807 -140704363))
32706;POLYGON((71631966 -175282243,64666979 -162997216,76483623 -121708166,84212366 -130189605,71631966 -175282243))
32707;POLYGON((95761066 -217256737,87147929 -202361898,101390712 -148733811,110906982 -158854542,95761066 -217256737))
32708;POLYGON((-70631966 -175282243,-78115489 -188387518,-91503866 -139188716,-83212366 -130189605,-70631966 -175282243))
32709;POLYGON((-51177807 -140704363,-57191501 -151485977,-68286489 -113717374,-61591207 -106191443,-51177807 -140704363))
32710;POLYGON((-35648871 -112328157,-40431147 -121164289,-49593844 -92436924,-44238784 -86162532,-35648871 -112328157))
32711;POLYGON((-23394200 -89130032,-27151711 -96344177,-34692593 -74712957,-30455610 -69498180,-23394200 -89130032))
32712;POLYGON((-13851501 -70236827,-16762419 -76104529,-22947414 -59996727,-19636727 -55675944,-13851501 -70236827))
32713;POLYGON((-6537755 -54906938,-8754829 -59661866,-13810788 -47815226,-11261748 -44246018,-6537755 -54906938))
32714;POLYGON((-1040529 -42513347,-2693903 -46352749,-6813539 -37762190,-4885629 -34822540,-1040529 -42513347))
32715;POLYGON((2990055 -32528409,1790236 -35617995,-1556081 -29489976,-130157 -27075743,2990055 -32528409))
32716;POLYGON((5848715 -24510271,5009911 -26988568,2299652 -22702248,3323907 -20724899,5848715 -24510271))
32717;POLYGON((7781783 -18090802,7226865 -20073017,5037619 -17147408,5744023 -15531986,7781783 -18090802))
32718;POLYGON((8993409 -12964900,8658654 -14546337,6894454 -12612725,7352456 -11296032,8993409 -12964900))
32719;POLYGON((9651194 -8881067,9484470 -10140134,8065656 -8919090,8332268 -7848077,9651194 -8881067))
32720;POLYGON((9891301 -5633147,9850420 -6633991,8711204 -5916375,8832748 -5046712,9891301 -5633147))
32721;POLYGON((9823059 -3053118,9874296 -3847915,8960623 -3479307,8974312 -2774120,9823059 -3053118))
32722;POLYGON((9533083 -1004830,9649853 -1635771,8917548 -1503848,8852888 -932615,9533083 -1004830))
32723;POLYGON((9088953 621386,9250636 120386,8663787 95987,8543834 558407,9088953 621386))
32724;POLYGON((8542456 1913349,8733360 1515189,8262934 1390909,8105400 1765119,8542456 1913349))
32725;POLYGON((7932444 2940961,8140896 2624114,7763548 2438768,7581769 2741562,7932444 2940961))
32726;POLYGON((7287305 3759537,7504866 3507003,7201928 3286638,7005705 3531631,7287305 3759537))
32727;POLYGON((6627098 4412590,6847889 4211023,6604518 3972612,6400840 4170778,6627098 4412590))
32728;POLYGON((5965368 4934156,6185498 4773139,5989960 4527335,5783616 4687466,5965368 4934156))
32729;POLYGON((5310669 5350704,5527759 5222152,5370831 4975308,5164924 5104399,5310669 5350704))
32730;POLYGON((4667817 5682688,4880609 5580367,4755091 5335982,4551459 5439559,4667817 5682688))
32731;POLYGON((4038907 5945814,4246951 5864950,4147266 5624677,3946825 5707063,4038907 5945814))
32732;POLYGON((3424124 6152034,3627530 6089008,3549397 5853341,3352411 5917881,3424124 6152034))
32733;POLYGON((2822353 6310337,3021604 6262441,2961788 6031172,2768073 6080410,2822353 6310337))
32734;POLYGON((2231645 6427358,2427462 6392611,2383568 6165118,2192648 6200941,2231645 6427358))
32735;POLYGON((1649540 6507826,1842784 6484840,1813108 6260267,1624328 6284012,1649540 6507826))
32736;POLYGON((1073291 6554902,1264900 6542782,1248319 6320146,1060914 6332681,1073291 6554902))
32737;POLYGON((500000 6570398,690950 6568681,686847 6346936,500000 6348713,500000 6570398))
32738;POLYGON((-73291 6554902,117989 6563523,126212 6341599,-60914 6332681,-73291 6554902))
32739;POLYGON((-649540 6507826,-456947 6527113,-436094 6303945,-624328 6284012,-649540 6507826))
32740;POLYGON((-1231645 6427358,-1036785 6458056,-1002521 6232614,-1192648 6200941,-1231645 6427358))
32741;POLYGON((-1822353 6310337,-1624334 6353662,-1575353 6124997,-1768073 6080410,-1822353 6310337))
32742;POLYGON((-2424124 6152034,-2222170 6209754,-2156552 5977072,-2352411 5917881,-2424124 6152034))
32743;POLYGON((-3038907 5945814,-2832443 6020378,-2747533 5783171,-2946825 5707063,-3038907 5945814))
32744;POLYGON((-3667817 5682688,-3456589 5777388,-3348826 5535643,-3551459 5439559,-3667817 5682688))
32745;POLYGON((-4310669 5350704,-4094918 5469898,-3959623 5224436,-4164924 5104399,-4310669 5350704))
32746;POLYGON((-4965368 4934156,-4746050 5083554,-4577143 4836551,-4783616 4687466,-4965368 4934156))
32747;POLYGON((-5627098 4412590,-5406178 4599608,-5195834 4355385,-5400840 4170778,-5627098 4412590))
32748;POLYGON((-6287305 3759537,-6068123 3993756,-5806341 3759912,-6005705 3531631,-6287305 3759537))
32749;POLYGON((-6932444 2940961,-6720158 3234679,-6394238 3023717,-6581769 2741562,-6932444 2940961))
32750;POLYGON((-7542456 1913349,-7344581 2282256,-6938493 2113827,-7105400 1765119,-7542456 1913349))
32751;POLYGON((-8088953 621386,-7916002 1085393,-7409621 989336,-7543834 558407,-8088953 621386))
32752;POLYGON((-8533083 -1004830,-8399315 -420607,-7767520 -400206,-7852888 -932615,-8533083 -1004830))
32753;POLYGON((-8823059 -3053118,-8747342 -2317186,-7958948 -2116691,-7974312 -2774120,-8823059 -3053118))
32754;POLYGON((-8891301 -5633147,-8898107 -4706251,-7914614 -4235636,-7832748 -5046712,-8891301 -5633147))
32755;POLYGON((-8651194 -8881067,-8771729 -7714566,-7545857 -6848714,-7332268 -7848077,-8651194 -8881067))
32756;POLYGON((-7993409 -12964900,-8266883 -11498877,-6740889 -10066668,-6352456 -11296032,-7993409 -12964900))
32757;POLYGON((-6781783 -18090802,-7256841 -16251877,-5360562 -14022630,-4744023 -15531986,-6781783 -18090802))
32758;POLYGON((-4848715 -24510271,-5585021 -22209086,-3233649 -18875905,-2323907 -20724899,-4848715 -24510271))
32759;POLYGON((-1990055 -32528409,-3060057 -29656750,-151590 -24816265,1130157 -27075743,-1990055 -32528409))
32760;POLYGON((2040529 -42513347,549662 -38940869,4137307 -32068785,5885629 -34822540,2040529 -42513347))
