32601;POLYGON((-1447132 11346729,-1416192 11334462,-1378519 10977349,-1390797 10927041,-1447132 11346729))
32602;POLYGON((-1603675 11364631,-1539677 11361645,-1445158 10795210,-1489793 10712910,-1603675 11364631))
32603;POLYGON((-1882592 11358662,-1773693 11362831,-1621003 10513679,-1710667 10396044,-1882592 11358662))
32604;POLYGON((-2324022 11337954,-2156041 11345740,-1946583 10123100,-2096535 9967199,-2324022 11337954))
32605;POLYGON((-2975709 11316544,-2731829 11322658,-2470524 9615244,-2698954 9418756,-2975709 11316544))
32606;POLYGON((-3893970 11314484,-3554404 11311498,-3250609 8983930,-3579004 8745373,-3893970 11314484))
32607;POLYGON((-5144718 11359101,-4686361 11337014,-4354910 8225754,-4808459 7944751,-5144718 11359101))
32608;POLYGON((4893970 11314484,5270390 11322584,4946123 8492647,4579004 8745373,4893970 11314484))
32609;POLYGON((3975709 11316544,4249130 11312521,3958143 9208361,3698954 9418756,3975709 11316544))
32610;POLYGON((3324022 11337954,3515294 11330040,3270471 9797991,3096535 9967199,3324022 11337954))
32611;POLYGON((2882592 11358662,3009486 11352815,2818595 10265953,2710667 10396044,2882592 11358662))
32612;POLYGON((2603675 11364631,2681215 11364933,2547909 10619186,2489793 10712910,2603675 11364631))
32613;POLYGON((2447132 11346729,2487907 11355741,2412598 10866459,2390797 10927041,2447132 11346729))
32614;POLYGON((2379549 11299756,2394003 11318829,2374613 11017781,2378002 11048744,2379549 11299756))
32615;POLYGON((2373417 11221608,2370111 11251146,2402722 11083901,2422255 11088919,2373417 11221608))
32616;POLYGON((2406388 11112549,2392242 11152242,2471645 11075893,2500076 11058667,2406388 11112549))
32617;POLYGON((2460584 10974604,2441099 11023614,2561253 11004811,2592891 10968974,2460584 10974604))
32618;POLYGON((2521977 10811034,2501438 10868165,2655847 10881419,2686329 10830456,2521977 10811034))
32619;POLYGON((2579822 10625914,2561478 10689741,2743504 10715980,2769589 10653169,2579822 10625914))
32620;POLYGON((2626152 10423780,2612380 10492758,2815479 10518089,2834865 10446464,2626152 10423780))
32621;POLYGON((2655317 10209350,2647768 10281901,2865678 10296574,2876842 10218890,2655317 10209350))
32622;POLYGON((2663581 9987308,2663312 10061885,2890189 10059414,2892235 9978138,2663581 9987308))
32623;POLYGON((2648764 9762137,2656348 9837277,2886858 9813715,2879396 9731018,2648764 9762137))
32624;POLYGON((2609927 9538009,2625557 9612361,2854930 9565698,2837963 9483461,2609927 9538009))
32625;POLYGON((2547101 9318702,2570674 9391053,2794729 9320725,2768556 9240552,2547101 9318702))
32626;POLYGON((2461054 9107561,2492245 9176846,2707389 9083339,2672529 9006570,2461054 9107561))
32627;POLYGON((2353096 8907479,2391419 8972784,2594626 8857318,2551744 8785054,2353096 8907479))
32628;POLYGON((2224915 8720908,2269774 8781464,2458546 8645745,2408405 8578874,2224915 8720908))
32629;POLYGON((2078444 8549876,2129174 8605051,2301495 8451086,2244909 8390305,2078444 8549876))
32630;POLYGON((1915759 8396027,1971658 8445314,2125937 8275265,2063737 8221108,1915759 8396027))
32631;POLYGON((1738999 8260658,1799350 8303660,1934364 8119745,1867374 8072613,1738999 8260658))
32632;POLYGON((1550308 8144771,1614399 8181185,1729232 7985611,1658255 7945794,1550308 8144771))
32633;POLYGON((1351799 8049116,1418931 8078716,1512917 7873640,1438725 7841339,1351799 8049116))
32634;POLYGON((1145535 7974237,1215026 7996862,1287701 7784368,1211029 7759720,1145535 7974237))
32635;POLYGON((933520 7920512,1004709 7936052,1055759 7718150,977314 7701241,933520 7920512))
32636;POLYGON((717704 7888186,789946 7896573,819180 7675207,739639 7666089,717704 7888186))
32637;POLYGON((500000 7877396,572661 7878596,579976 7655665,500000 7654362,500000 7877396))
32638;POLYGON((282295 7888186,354747 7882193,340119 7659574,260360 7666089,282295 7888186))
32639;POLYGON((66479 7920512,138091 7907350,101570 7686926,22685 7701241,66479 7920512))
32640;POLYGON((-145535 7974237,-75405 7953964,-133690 7737645,-211029 7759720,-145535 7974237))
32641;POLYGON((-351799 8049116,-283806 8021826,-363625 7811578,-438725 7841339,-351799 8049116))
32642;POLYGON((-550308 8144771,-485126 8110608,-586122 7908464,-658255 7945794,-550308 8144771))
32643;POLYGON((-738999 8260658,-677322 8219823,-798967 8027893,-867374 8072613,-738999 8260658))
32644;POLYGON((-915759 8396027,-858297 8348796,-999849 8169255,-1063737 8221108,-915759 8396027))
32645;POLYGON((-1078444 8549876,-1025913 8496613,-1186359 8331680,-1244909 8390305,-1078444 8549876))
32646;POLYGON((-1224915 8720908,-1178023 8662082,-1356024 8513964,-1408405 8578874,-1224915 8720908))
32647;POLYGON((-1353096 8907479,-1312525 8843679,-1506355 8714500,-1551744 8785054,-1353096 8907479))
32648;POLYGON((-1461054 9107561,-1427426 9039508,-1634915 8931191,-1672529 9006570,-1461054 9107561))
32649;POLYGON((-1547101 9318702,-1520943 9247262,-1739422 9161376,-1768556 9240552,-1547101 9318702))
32650;POLYGON((-1609927 9538009,-1591625 9464197,-1817881 9401748,-1837963 9483461,-1609927 9538009))
32651;POLYGON((-1648764 9762137,-1638503 9687117,-1868749 9648279,-1879396 9731018,-1648764 9762137))
32652;POLYGON((-1663581 9987308,-1661276 9912385,-1891134 9896161,-1892235 9978138,-1663581 9987308))
32653;POLYGON((-1655317 10209350,-1660531 10135955,-1885038 10139749,-1876842 10218890,-1655317 10209350))
32654;POLYGON((-1626152 10423780,-1638001 10353436,-1851646 10372527,-1834865 10446464,-1626152 10423780))
32655;POLYGON((-1579822 10625914,-1596868 10560195,-1793655 10587097,-1769589 10653169,-1579822 10625914))
32656;POLYGON((-1521977 10811034,-1542099 10751504,-1715655 10775191,-1686329 10830456,-1521977 10811034))
32657;POLYGON((-1460584 10974604,-1480842 10922739,-1624569 10927716,-1592891 10968974,-1460584 10974604))
32658;POLYGON((-1406388 11112549,-1422862 11069637,-1530138 11034840,-1500076 11058667,-1406388 11112549))
32659;POLYGON((-1373417 11221608,-1381032 11188620,-1445476 11086113,-1422255 11088919,-1373417 11221608))
32660;POLYGON((-1379549 11299756,-1371880 11277200,-1387683 11070647,-1378002 11048744,-1379549 11299756))
