32701;POLYGON((-1430502 -1341010,-1404069 -1327071,-1294856 -1465203,-1325234 -1512970,-1430502 -1341010))
32702;POLYGON((-1570067 -1363490,-1512343 -1359071,-1412251 -1610821,-1470897 -1661763,-1570067 -1363490))
32703;POLYGON((-1825994 -1360982,-1725496 -1364163,-1623971 -1770250,-1720806 -1829008,-1825994 -1360982))
32704;POLYGON((-2237239 -1341901,-2080198 -1349400,-1961649 -1959103,-2108519 -2032087,-2237239 -1341901))
32705;POLYGON((-2850217 -1319393,-2620276 -1326239,-2462936 -2198670,-2673857 -2294437,-2850217 -1319393))
32706;POLYGON((-3719743 -1312423,-3397636 -1311574,-3172261 -2517092,-3463691 -2646771,-3719743 -1312423))
32707;POLYGON((-4910059 -1347012,-4473258 -1328927,-4141656 -2950696,-4532778 -3128468,-4910059 -1347012))
32708;POLYGON((5077407 -1317821,5473258 -1328927,5141656 -2950696,4786077 -2790740,5077407 -1317821))
32709;POLYGON((4108585 -1314216,4397636 -1311574,4172261 -2517092,3909658 -2400131,4108585 -1314216))
32710;POLYGON((3416626 -1333974,3620276 -1326239,3462936 -2198670,3275067 -2111597,3416626 -1333974))
32711;POLYGON((2943688 -1355921,3080198 -1349400,2961649 -1959103,2832902 -1891697,2943688 -1355921))
32712;POLYGON((2640667 -1365101,2725496 -1364163,2623971 -1770250,2541081 -1714715,2640667 -1365101))
32713;POLYGON((2466220 -1351634,2512343 -1359071,2412251 -1610821,2364041 -1561375,2466220 -1351634))
32714;POLYGON((2385870 -1309726,2404069 -1327071,2294856 -1465203,2271995 -1417720,2385870 -1309726))
32715;POLYGON((2371179 -1236811,2370311 -1264610,2245464 -1322426,2240246 -1274124,2371179 -1236811))
32716;POLYGON((2398987 -1132804,2386230 -1170850,2242420 -1175268,2248560 -1124436,2398987 -1132804))
32717;POLYGON((2450717 -999474,2431793 -1047007,2268142 -1019481,2280587 -965243,2450717 -999474))
32718;POLYGON((2511738 -839909,2491123 -895782,2308575 -853120,2323339 -795241,2511738 -839909))
32719;POLYGON((2570797 -658075,2551900 -720891,2352704 -675984,2366712 -614700,2570797 -658075))
32720;POLYGON((2619496 -458451,2604829 -526680,2392104 -489141,2403053 -425021,2619496 -458451))
32721;POLYGON((2651828 -245742,2643154 -317806,2420541 -294539,2426776 -228369,2651828 -245742))
32722;POLYGON((2663765 -24650,2662231 -98994,2433610 -94682,2434014 -27376,2663765 -24650))
32723;POLYGON((2652890 200298,2659142 125155,2428422 107619,2422317 175092,2652890 200298))
32724;POLYGON((2618077 424873,2632366 350302,2403316 309449,2390380 376121,2618077 424873))
32725;POLYGON((2559213 645228,2581479 572466,2357618 507936,2337809 572879,2559213 645228))
32726;POLYGON((2476958 857944,2506909 788080,2291429 700359,2264919 762713,2476958 857944))
32727;POLYGON((2372543 1060050,2409716 994025,2205442 884221,2172565 943214,2372543 1060050))
32728;POLYGON((2247603 1249025,2291417 1187631,2100787 1057296,2061996 1112247,2247603 1249025))
32729;POLYGON((2104039 1422771,2153838 1366661,1978909 1217644,1934738 1267972,2104039 1422771))
32730;POLYGON((1943909 1579583,1998996 1529284,1841466 1363617,1792498 1408835,1943909 1579583))
32731;POLYGON((1769345 1718108,1829004 1674035,1690242 1493845,1637091 1533557,1769345 1718108))
32732;POLYGON((1582494 1837301,1646012 1799772,1527092 1607219,1470384 1641107,1582494 1837301))
32733;POLYGON((1385477 1936371,1452150 1905623,1353898 1702859,1294259 1730677,1385477 1936371))
32734;POLYGON((1180365 2014743,1249510 1990946,1172535 1780092,1110587 1801654,1180365 2014743))
32735;POLYGON((969171 2072014,1040123 2055287,984860 1838416,921215 1853592,969171 2072014))
32736;POLYGON((753856 2107918,825967 2098336,792701 1877482,727964 1886183,753856 2107918))
32737;POLYGON((536335 2122303,608970 2119905,597864 1897069,532632 1899247,536335 2122303))
32738;POLYGON((318499 2115109,391029 2119905,402135 1897069,337003 1892713,318499 2115109))
32739;POLYGON((102237 2086366,174032 2098336,207298 1877482,142859 1866616,102237 2086366))
32740;POLYGON((-110545 2036193,-40123 2055287,15139 1838416,-48006 1821100,-110545 2036193))
32741;POLYGON((-317905 1964818,-249510 1990946,-172535 1780092,-233782 1756427,-317905 1964818))
32742;POLYGON((-517848 1872592,-452150 1905623,-353898 1702859,-412629 1672995,-517848 1872592))
32743;POLYGON((-708321 1760031,-646012 1799772,-527092 1607219,-582685 1571359,-708321 1760031))
32744;POLYGON((-887219 1627847,-829004 1674035,-690242 1493845,-742067 1452259,-887219 1627847))
32745;POLYGON((-1052399 1476997,-998996 1529284,-841466 1363617,-888902 1316646,-1052399 1476997))
32746;POLYGON((-1201719 1308724,-1153838 1366661,-978909 1217644,-1021350 1165717,-1201719 1308724))
32747;POLYGON((-1333087 1124613,-1291417 1187631,-1100787 1057296,-1137662 1000929,-1333087 1124613))
32748;POLYGON((-1444541 926625,-1409716 994025,-1205442 884221,-1236242 824028,-1444541 926625))
32749;POLYGON((-1534342 717138,-1506909 788080,-1291429 700359,-1315737 637051,-1534342 717138))
32750;POLYGON((-1601109 498972,-1581479 572466,-1357618 507936,-1375146 442317,-1601109 498972))
32751;POLYGON((-1643969 275396,-1632366 350302,-1403316 309449,-1413957 242404,-1643969 275396))
32752;POLYGON((-1662754 50120,-1659142 125155,-1428422 107619,-1432305 40093,-1662754 50120))
32753;POLYGON((-1658222 -172747,-1662231 -98994,-1433610 -94682,-1431167 -161715,-1658222 -172747))
32754;POLYGON((-1632328 -388768,-1643154 -317806,-1420541 -294539,-1412586 -360122,-1632328 -388768))
32755;POLYGON((-1588523 -593280,-1604829 -526680,-1392104 -489141,-1379922 -552395,-1588523 -593280))
32756;POLYGON((-1532111 -781559,-1551900 -720891,-1352704 -675984,-1338152 -736182,-1532111 -781559))
32757;POLYGON((-1470645 -949019,-1491123 -895782,-1308575 -853120,-1294200 -909791,-1470645 -949019))
32758;POLYGON((-1414370 -1091489,-1431793 -1047007,-1268142 -1019481,-1257306 -1072530,-1414370 -1091489))
32759;POLYGON((-1376732 -1205542,-1386230 -1170850,-1242420 -1175268,-1239448 -1225123,-1376732 -1205542))
32760;POLYGON((-1374923 -1288915,-1370311 -1264610,-1245464 -1322426,-1255798 -1370216,-1374923 -1288915))
