32601;POLYGON((-31984593 102489909,-30955391 93850302,-39962368 96079445,-41784457 105101747,-31984593 102489909))
32602;POLYGON((-35226900 133153545,-34120313 122081703,-45695366 125592256,-47792645 137188141,-35226900 133153545))
32603;POLYGON((-38700893 172274721,-37517318 158177922,-52293306 163432226,-54706211 178234537,-38700893 172274721))
32604;POLYGON((-42402235 221866795,-41143673 204032724,-59882421 211622067,-62656423 230392136,-42402235 221866795))
32605;POLYGON((-46321196 284339478,-44991546 261917204,-68604542 272589965,-71790646 296238135,-46321196 284339478))
32606;POLYGON((-50441714 362560318,-49047096 334539041,-78618629 349233523,-82273906 378842085,-50441714 362560318))
32607;POLYGON((-54740369 459923207,-53289473 425108614,-90102406 444991115,-94290566 481839838,-54740369 459923207))
32608;POLYGON((52856196 392703539,54289473 425108614,91102406 444991115,87099387 410711298,52856196 392703539))
32609;POLYGON((48673302 308507224,50047096 334539041,79618629 349233523,76126483 321743647,48673302 308507224))
32610;POLYGON((44685029 241128284,45991546 261917204,69604542 272589965,66561837 250679093,44685029 241128284))
32611;POLYGON((40909773 187531698,42143673 204032724,60882421 211622067,58234168 194267927,40909773 187531698))
32612;POLYGON((37359268 145162311,38517318 158177922,53293306 163432226,50990402 149776570,37359268 145162311))
32613;POLYGON((34039547 111881065,35120313 122081703,46695366 125592256,44694074 114918750,34039547 111881065))
32614;POLYGON((30951834 85907915,31955391 93850302,40962368 96079445,39223827 87793905,30951834 85907915))
32615;POLYGON((28093346 65770927,29021020 71914374,35982249 73219486,34472020 66832291,28093346 65770927))
32616;POLYGON((25458030 50261112,26312160 54981966,31655784 55635755,30343428 50746272,25458030 50261112))
32617;POLYGON((23037221 38392507,23820947 41996902,27895349 42204455,26754038 38487297,23037221 38392507))
32618;POLYGON((20820235 29367096,21537310 32102135,24623778 32015130,23629926 29208114,20820235 29367096))
32619;POLYGON((18794897 22544148,19449515 24607654,21773300 24336102,20906233 22229744,18794897 22544148))
32620;POLYGON((16948003 17413564,17544652 18962547,19284559 18584392,18526205 17012805,16948003 17413564))
32621;POLYGON((15265722 13572876,15809060 14730814,17105718 14299712,16440323 13132772,15265722 13572876))
32622;POLYGON((13733949 10707522,14228690 11570594,15191629 11122129,14605497 10258781,13733949 10707522))
32623;POLYGON((12338598 8574070,12789418 9216441,13503076 8773029,12984335 8135615,12338598 8574070))
32624;POLYGON((11065845 6986067,11477311 7464331,12006090 7039033,11544470 6568525,11065845 6986067))
32625;POLYGON((9902327 5802211,10278830 6159096,10671315 5758523,10257955 5410560,9902327 5802211))
32626;POLYGON((8835293 4916570,9181009 5183985,9473438 4810474,9100710 4552099,8835293 4916570))
32627;POLYGON((7852723 4250579,8171571 4452099,8390677 4105299,8052023 3912310,7852723 4250579))
32628;POLYGON((6943394 3746578,7239023 3899442,7404312 3577436,7094097 3432255,6943394 3746578))
32629;POLYGON((6096928 3362664,6372704 3479359,6498262 3179428,6211647 3069424,6096928 3362664))
32630;POLYGON((5303799 3068658,5562802 3158151,5658713 2877271,5391537 2793450,5303799 3068658))
32631;POLYGON((4555309 2842991,4800349 2911673,4873772 2646815,4622443 2582825,4555309 2842991))
32632;POLYGON((3843549 2670350,4077179 2722749,4133163 2471040,3894567 2422423,3843549 2670350))
32633;POLYGON((3161328 2539944,3385870 2579241,3427951 2338031,3199363 2301685,3161328 2539944))
32634;POLYGON((2502088 2444243,2719663 2472647,2750291 2239517,2529300 2213307,2502088 2444243))
32635;POLYGON((1859802 2378100,2072368 2397103,2093201 2169844,1877633 2152336,1859802 2378100))
32636;POLYGON((1228858 2338158,1438246 2348707,1450350 2125270,1238206 2115560,1228858 2338158))
32637;POLYGON((603932 2322472,811893 2325075,815864 2103521,605254 2101126,603932 2322472))
32638;POLYGON((-20138 2330295,188106 2325075,184135 2103521,-26779 2108324,-20138 2330295))
32639;POLYGON((-648495 2361997,-438246 2348707,-450350 2125270,-663422 2137506,-648495 2361997))
32640;POLYGON((-1286394 2419109,-1072368 2397103,-1093201 2169844,-1310348 2190128,-1286394 2419109))
32641;POLYGON((-1939336 2504484,-1719663 2472647,-1750291 2239517,-1973563 2268916,-1939336 2504484))
32642;POLYGON((-2613196 2622618,-2385870 2579241,-2427951 2338031,-2659592 2378188,-2613196 2622618))
32643;POLYGON((-3314344 2780164,-3077179 2722749,-3133163 2471040,-3375683 2524378,-3314344 2780164))
32644;POLYGON((-4049748 2986709,-3800349 2911673,-3873772 2646815,-4130016 2716839,-4049748 2986709))
32645;POLYGON((-4827072 3255889,-4562802 3158151,-4658713 2877271,-4931944 2969000,-4827072 3255889))
32646;POLYGON((-5654742 3606962,-5372704 3479359,-5498262 3179428,-5792250 3300001,-5654742 3606962))
32647;POLYGON((-6542005 4066930,-6239023 3899442,-6404312 3577436,-6723432 3736935,-6542005 4066930))
32648;POLYGON((-7498956 4673391,-7171571 4452099,-7390677 4105299,-7740021 4317842,-7498956 4673391))
32649;POLYGON((-8536538 5478237,-8181009 5183985,-8473438 4810474,-8858931 5095639,-8536538 5478237))
32650;POLYGON((-9666512 6552418,-9278830 6159096,-9671315 5758523,-10099856 6143170,-9666512 6552418))
32651;POLYGON((-10901397 7991935,-10477311 7464331,-11006090 7039033,-11485701 7559597,-10901397 7991935))
32652;POLYGON((-12254364 9925306,-11789418 9216441,-12503076 8773029,-13043065 9478364,-12254364 9925306))
32653;POLYGON((-13739106 12522726,-13228690 11570594,-14191629 11122129,-14802777 12076996,-13739106 12522726))
32654;POLYGON((-15369646 16007183,-14809060 14730814,-16105718 14299712,-16800481 15588996,-15369646 16007183))
32655;POLYGON((-17160112 20667800,-16544652 18962547,-18284559 18584392,-19077292 20318159,-17160112 20667800))
32656;POLYGON((-19124464 26875704,-18449515 24607654,-20773300 24336102,-21680498 26655600,-19124464 26875704))
32657;POLYGON((-21276154 35102731,-20537310 32102135,-23623778 32015130,-24664349 35099847,-21276154 35102731))
32658;POLYGON((-23627751 45943294,-22820947 41996902,-26895349 42204455,-28090901 46280365,-23627751 45943294))
32659;POLYGON((-26190491 60139781,-25312160 54981966,-30655784 55635755,-32030945 60984868,-26190491 60139781))
32660;POLYGON((-28973774 78611832,-28021020 71914374,-34982249 73219486,-36565011 80190852,-28973774 78611832))
