32701;POLYGON((-97806901 -25296575,-91272914 -22075574,-87475277 -36766577,-93657884 -41448919,-97806901 -25296575))
32702;POLYGON((-120324120 -36835535,-112301987 -32651918,-107363050 -52138909,-114942673 -58217969,-120324120 -36835535))
32703;POLYGON((-147889218 -51741500,-138082246 -46350454,-131709933 -72041009,-140963906 -79871561,-147889218 -51741500))
32704;POLYGON((-181485943 -70849118,-169550001 -63954855,-161391030 -97608484,-172640911 -107619106,-181485943 -70849118))
32705;POLYGON((-222251548 -95162335,-207789426 -86409800,-197419275 -130210057,-211036093 -142915139,-222251548 -95162335))
32706;POLYGON((-271494575 -125881263,-254049905 -114846839,-240961582 -171485001,-257371496 -187498189,-271494575 -125881263))
32707;POLYGON((-330714003 -164432146,-309764728 -150613307,-293356237 -223384977,-313046616 -243434148,-330714003 -164432146))
32708;POLYGON((310764728 -150613307,331714003 -164432146,314046616 -243434148,294356237 -223384977,310764728 -150613307))
32709;POLYGON((255049905 -114846839,272494575 -125881263,258371496 -187498189,241961582 -171485001,255049905 -114846839))
32710;POLYGON((208789426 -86409800,223251548 -95162335,212036093 -142915139,198419275 -130210057,208789426 -86409800))
32711;POLYGON((170550001 -63954855,182485943 -70849118,173640911 -107619106,162391030 -97608484,170550001 -63954855))
32712;POLYGON((139082246 -46350454,148889218 -51741500,141963906 -79871561,132709933 -72041009,139082246 -46350454))
32713;POLYGON((113301987 -32651918,121324120 -36835535,115942673 -58217969,108363050 -52138909,113301987 -32651918))
32714;POLYGON((92272914 -22075574,98806901 -25296575,94657884 -41448919,88475277 -36766577,92272914 -22075574))
32715;POLYGON((75190514 -13975699,80490821 -16435310,77317945 -28565442,72294392 -24988163,75190514 -13975699))
32716;POLYGON((61367244 -7824072,65650922 -9686473,63244814 -18748197,59177246 -16037977,61367244 -7824072))
32717;POLYGON((50218885 -3191922,53669988 -4590008,51860940 -11330219,48577067 -9294363,50218885 -3191922))
32718;POLYGON((41252033 265924,44025666 -774510,42677267 -5772941,40031811 -4256754,41252033 265924))
32719;POLYGON((34052670 2824895,36278680 2057275,35282265 -1645216,33153524 -525626,34052670 2824895))
32720;POLYGON((28275773 4702683,30062102 4141056,29331937 1394928,27618660 2214890,28275773 4702683))
32721;POLYGON((23635900 6069604,25071619 5661886,24540754 3616069,23159317 4212013,23635900 6069604))
32722;POLYGON((19898706 7057468,21056738 6763511,20673468 5226905,19555337 5657139,19898706 7057468))
32723;POLYGON((16873345 7767100,17812906 7556324,17537766 6387787,16627222 6696745,16873345 7767100))
32724;POLYGON((14405693 8274674,15174464 8124080,14977707 7220436,14229824 7441555,14405693 8274674))
32725;POLYGON((12372359 8636989,13008395 8529512,12867897 7816074,12246759 7974182,12372359 8636989))
32726;POLYGON((10675419 8895813,11208828 8818965,11108359 8242149,10585498 8355429,10675419 8895813))
32727;POLYGON((9237821 9081427,9692225 9026204,9620051 8547835,9173082 8629412,9237821 9081427))
32728;POLYGON((7999430 9215464,8393215 9175465,8340976 8768472,7952429 8827685,7999430 9215464))
32729;POLYGON((6913636 9313156,7261022 9283898,7222846 8929094,6879170 8972494,6913636 9313156))
32730;POLYGON((5944494 9385082,6256435 9363466,6228252 9047189,5918972 9079312,5944494 9385082))
32731;POLYGON((5064335 9438498,5349264 9422407,5328289 9134821,5045308 9158771,5064335 9438498))
32732;POLYGON((4251798 9478329,4516239 9466330,4500585 9200220,4237611 9218100,4251798 9478329))
32733;POLYGON((3490241 9507889,3739302 9499022,3727700 9248951,3479784 9262177,3490241 9507889))
32734;POLYGON((2766469 9529390,3004233 9523016,2995835 9284747,2759004 9294261,2766469 9529390))
32735;POLYGON((2069729 9544288,2299560 9539989,2293811 9310086,2064778 9316505,2069729 9544288))
32736;POLYGON((1390936 9553512,1615718 9551027,1612268 9326570,1388201 9330281,1390936 9553512))
32737;POLYGON((722056 9557602,944382 9556789,943032 9335176,721383 9336391,722056 9557602))
32738;POLYGON((55617 9556789,277943 9557602,278616 9336391,56967 9335176,55617 9556789))
32739;POLYGON((-615718 9551027,-390936 9553512,-388201 9330281,-612268 9326570,-615718 9551027))
32740;POLYGON((-1299560 9539989,-1069729 9544288,-1064778 9316505,-1293811 9310086,-1299560 9539989))
32741;POLYGON((-2004233 9523016,-1766469 9529390,-1759004 9294261,-1995835 9284747,-2004233 9523016))
32742;POLYGON((-2739302 9499022,-2490241 9507889,-2479784 9262177,-2727700 9248951,-2739302 9499022))
32743;POLYGON((-3516239 9466330,-3251798 9478329,-3237611 9218100,-3500585 9200220,-3516239 9466330))
32744;POLYGON((-4349264 9422407,-4064335 9438498,-4045308 9158771,-4328289 9134821,-4349264 9422407))
32745;POLYGON((-5256435 9363466,-4944494 9385082,-4918972 9079312,-5228252 9047189,-5256435 9363466))
32746;POLYGON((-6261022 9283898,-5913636 9313156,-5879170 8972494,-6222846 8929094,-6261022 9283898))
32747;POLYGON((-7393215 9175465,-6999430 9215464,-6952429 8827685,-7340976 8768472,-7393215 9175465))
32748;POLYGON((-8692225 9026204,-8237821 9081427,-8173082 8629412,-8620051 8547835,-8692225 9026204))
32749;POLYGON((-10208828 8818965,-9675419 8895813,-9585498 8355429,-10108359 8242149,-10208828 8818965))
32750;POLYGON((-12008395 8529512,-11372359 8636989,-11246759 7974182,-11867897 7816074,-12008395 8529512))
32751;POLYGON((-14174464 8124080,-13405693 8274674,-13229824 7441555,-13977707 7220436,-14174464 8124080))
32752;POLYGON((-16812906 7556324,-15873345 7767100,-15627222 6696745,-16537766 6387787,-16812906 7556324))
32753;POLYGON((-20056738 6763511,-18898706 7057468,-18555337 5657139,-19673468 5226905,-20056738 6763511))
32754;POLYGON((-24071619 5661886,-22635900 6069604,-22159317 4212013,-23540754 3616069,-24071619 5661886))
32755;POLYGON((-29062102 4141056,-27275773 4702683,-26618660 2214890,-28331937 1394928,-29062102 4141056))
32756;POLYGON((-35278680 2057275,-33052670 2824895,-32153524 -525626,-34282265 -1645216,-35278680 2057275))
32757;POLYGON((-43025666 -774510,-40252033 265924,-39031811 -4256754,-41677267 -5772941,-43025666 -774510))
32758;POLYGON((-52669988 -4590008,-49218885 -3191922,-47577067 -9294363,-50860940 -11330219,-52669988 -4590008))
32759;POLYGON((-64650922 -9686473,-60367244 -7824072,-58177246 -16037977,-62244814 -18748197,-64650922 -9686473))
32760;POLYGON((-79490821 -16435310,-74190514 -13975699,-71294392 -24988163,-76317945 -28565442,-79490821 -16435310))
