32601;POLYGON((-14313562 83345121,-14638525 76662025,-22025523 82092428,-22335108 89488268,-14313562 83345121))
32602;POLYGON((-12848034 106956848,-13425218 98448342,-22865430 106244978,-23078952 115707430,-12848034 106956848))
32603;POLYGON((-10492595 136901728,-11389940 126130336,-23382814 137079755,-23464401 149112180,-10492595 136901728))
32604;POLYGON((-7018538 174664471,-8316601 161105116,-23462875 176205375,-23369256 191413093,-7018538 174664471))
32605;POLYGON((-2156086 222020074,-3949665 205046162,-22967635 225552245,-22647144 244658857,-2156086 222020074))
32606;POLYGON((4410748 281078813,2010856 259946679,-21732863 287423429,-21124353 311289081,4410748 281078813))
32607;POLYGON((13049707 354336403,9914811 328167997,-19564748 364551476,-18596431 394193185,13049707 354336403))
32608;POLYGON((-12049707 354336403,-15461585 382404646,18490205 426016572,19596431 394193185,-12049707 354336403))
32609;POLYGON((-3410748 281078813,-6040402 303784973,21404445 336958708,22124353 311289081,-3410748 281078813))
32610;POLYGON((3156086 222020074,1173556 240291168,23237941 265248937,23647144 244658857,3156086 222020074))
32611;POLYGON((8018538 174664471,6566589 189286945,24206199 207833694,24369256 191413093,8018538 174664471))
32612;POLYGON((11492595 136901728,10471296 148539387,24492787 162130291,24464401 149112180,11492595 136901728))
32613;POLYGON((13848034 106956848,13172269 116166984,24252826 125965892,24078952 115707430,13848034 106956848))
32614;POLYGON((15313562 83345121,14911359 90592960,23616240 97522726,23335108 89488268,15313562 83345121))
32615;POLYGON((16081560 64831911,15892549 70503508,22690742 75289094,22333806 69035064,16081560 64831911))
32616;POLYGON((16312450 50396872,16286454 54810569,21564593 58015721,21157392 53177189,16312450 50396872))
32617;POLYGON((16138708 39202249,16234441 42618810,20309123 44677063,19872076 40955874,16138708 39202249))
32618;POLYGON((15668524 30564924,15852408 33196454,18981038 34437161,18530165 31591495,15668524 30564924))
32619;POLYGON((14989138 23931902,15234229 25949655,17624514 26619655,17172090 24454900,14989138 23931902))
32620;POLYGON((14169855 18858921,14454869 20400103,16273094 20681614,15828235 19042424,14169855 18858921))
32621;POLYGON((13264766 14991919,13573208 16165564,14951387 16190820,14520580 14954255,13264766 14991919))
32622;POLYGON((12315181 12051063,12634562 12943089,13676595 12806180,13264167 11875821,12315181 12051063))
32623;POLYGON((11351798 9817092,11672942 10494610,12459863 10260967,12068392 9561902,11351798 9817092))
32624;POLYGON((10396613 8119734,10713046 8634696,11307467 8348577,10938147 7823167,10396613 8119734))
32625;POLYGON((9464595 6827959,9772014 7220215,10221851 6910540,9874803 6514875,9464595 6827959))
32626;POLYGON((8565138 5841848,8860950 6141687,9202523 5826512,8877065 5527476,8565138 5841848))
32627;POLYGON((7703308 5085897,7986237 5316136,8246812 5006013,7941685 4778878,7703308 5085897))
32628;POLYGON((6880891 4503541,7150648 4681223,7350510 4381683,7064063 4208159,6880891 4503541))
32629;POLYGON((6097275 4052751,6354283 4190504,6508395 3903843,6238736 3770522,6097275 4052751))
32630;POLYGON((5350160 3702531,5595336 3809643,5714647 3536166,5459762 3433300,5350160 3702531))
32631;POLYGON((4636129 3430171,4870706 3513434,4963176 3252299,4721020 3172846,4636129 3430171))
32632;POLYGON((3951088 3219139,4176484 3283486,4247863 3033246,4016419 2972157,3951088 3219139))
32633;POLYGON((3290586 3057482,3508309 3106469,3562720 2865411,3340042 2819086,3290586 3057482))
32634;POLYGON((2650042 2936645,2861623 2972804,2901995 2739134,2686225 2705039,2650042 2936645))
32635;POLYGON((2024882 2850619,2231839 2875712,2260209 2647648,2049583 2624035,2024882 2850619))
32636;POLYGON((1410608 2795340,1614430 2810533,1632157 2586343,1424992 2572066,1410608 2795340))
32637;POLYGON((802818 2768300,1004963 2774275,1012862 2552278,807542 2546667,802818 2768300))
32638;POLYGON((197181 2768300,399086 2765319,397514 2543869,192457 2546667,197181 2768300))
32639;POLYGON((-410608 2795340,-207506 2783273,-218620 2560730,-424992 2572066,-410608 2795340))
32640;POLYGON((-1024882 2850619,-819133 2828929,-840293 2603636,-1049583 2624035,-1024882 2850619))
32641;POLYGON((-1650042 2936645,-1440170 2904338,-1472360 2674600,-1686225 2705039,-1650042 2936645))
32642;POLYGON((-2290586 3057482,-2075081 3013010,-2119868 2777077,-2340042 2819086,-2290586 3057482))
32643;POLYGON((-2951088 3219139,-2728419 3160250,-2788109 2916330,-3016419 2972157,-2951088 3219139))
32644;POLYGON((-3636129 3430171,-3404776 3353684,-3482657 3099995,-3721020 3172846,-3636129 3430171))
32645;POLYGON((-4350160 3702531,-4108665 3604019,-4209348 3338909,-4459762 3433300,-4350160 3702531))
32646;POLYGON((-5097275 4052751,-4844331 3926106,-4974229 3648285,-5238736 3770522,-5097275 4052751))
32647;POLYGON((-5880891 4503541,-5615460 4340388,-5783430 4049323,-6064063 4208159,-5880891 4503541))
32648;POLYGON((-6703308 5085897,-6424778 4874827,-6642983 4571375,-6941685 4778878,-6703308 5085897))
32649;POLYGON((-7565138 5841848,-7273534 5567428,-7558548 5254801,-7877065 5527476,-7565138 5841848))
32650;POLYGON((-8464595 6827959,-8160830 6469466,-8535061 6154640,-8874803 6514875,-8464595 6827959))
32651;POLYGON((-9396613 8119734,-9082801 7649582,-9576282 7345296,-9938147 7823167,-9396613 8119734))
32652;POLYGON((-10351798 9817092,-10031624 9198876,-10684231 8926381,-11068392 9561902,-10351798 9817092))
32653;POLYGON((-11315181 12051063,-10994339 11237178,-11858514 11029951,-12264167 11875821,-11315181 12051063))
32654;POLYGON((-12264766 14991919,-11951466 13920683,-13095514 13829315,-13520580 14954255,-12264766 14991919))
32655;POLYGON((-13169855 18858921,-12875411 17451129,-14387455 17549681,-14828235 19042424,-13169855 18858921))
32656;POLYGON((-13989138 23931902,-13728628 22086747,-15721315 22480862,-16172090 24454900,-13989138 23931902))
32657;POLYGON((-14668524 30564924,-14461543 28155203,-17077579 28992331,-17530165 31591495,-14668524 30564924))
32658;POLYGON((-15138708 39202249,-15010209 36068764,-18428838 37550887,-18872076 40955874,-15138708 39202249))
32659;POLYGON((-15312450 50396872,-15293686 46341951,-19738205 48741249,-20157392 53177189,-15312450 50396872))
32660;POLYGON((-15081560 64831911,-15211121 59611945,-20957545 63289888,-21333806 69035064,-15081560 64831911))
