32601;POLYGON((-942414 11250212,-938158 11193969,-1152232 11283642,-1159975 11337209,-942414 11250212))
32602;POLYGON((-980594 11428562,-963068 11367163,-1191264 11446176,-1216260 11502219,-980594 11428562))
32603;POLYGON((-1069534 11629500,-1033147 11559252,-1288963 11619373,-1338428 11681414,-1069534 11629500))
32604;POLYGON((-1228222 11866699,-1166259 11782583,-1468415 11815169,-1551049 11888164,-1228222 11866699))
32605;POLYGON((-1479304 12158353,-1383781 12053749,-1757359 12050109,-1883545 12140767,-1479304 12158353))
32606;POLYGON((-1849557 12528086,-1711061 12394454,-2188795 12346348,-2370816 12463493,-1849557 12528086))
32607;POLYGON((-2370390 13005984,-2177902 12832509,-2801655 12732785,-3053931 12887766,-2370390 13005984))
32608;POLYGON((-3078387 13629762,-2819103 13402947,-3641522 13246349,-3980855 13453505,-3078387 13629762))
32609;POLYGON((3819103 13402947,4078387 13629762,4980855 13453505,4641522 13246349,3819103 13402947))
32610;POLYGON((3177902 12832509,3370390 13005984,4053931 12887766,3801655 12732785,3177902 12832509))
32611;POLYGON((2711061 12394454,2849557 12528086,3370816 12463493,3188795 12346348,2711061 12394454))
32612;POLYGON((2383781 12053749,2479304 12158353,2883545 12140767,2757359 12050109,2383781 12053749))
32613;POLYGON((2166259 11782583,2228222 11866699,2551049 11888164,2468415 11815169,2166259 11782583))
32614;POLYGON((2033147 11559252,2069534 11629500,2338428 11681414,2288963 11619373,2033147 11559252))
32615;POLYGON((1963068 11367163,1980594 11428562,2216260 11502219,2191264 11446176,1963068 11367163))
32616;POLYGON((1938158 11193969,1942414 11250212,2159975 11337209,2152232 11283642,1938158 11193969))
32617;POLYGON((1943650 11030796,1939237 11084498,2149268 11177034,2152866 11123580,1943650 11030796))
32618;POLYGON((1967484 10871588,1958145 10924493,2167571 11015573,2177731 10960787,1967484 10871588))
32619;POLYGON((1999966 10712527,1988689 10765690,2201561 10849251,2214485 10792406,1999966 10712527))
32620;POLYGON((2033438 10551550,2022568 10605491,2240716 10676463,2253451 10617374,2033438 10551550))
32621;POLYGON((2061997 10387927,2053324 10442763,2276916 10497082,2287222 10435962,2061997 10387927))
32622;POLYGON((2081229 10221917,2076073 10277471,2304076 10312047,2310320 10249386,2081229 10221917))
32623;POLYGON((2087978 10054481,2087265 10110371,2317821 10123031,2318876 10059501,2087978 10054481))
32624;POLYGON((2080138 9887044,2084465 9942755,2315201 9932166,2310353 9868540,2080138 9887044))
32625;POLYGON((2056467 9721312,2066162 9776254,2294430 9741825,2283304 9678918,2056467 9721312))
32626;POLYGON((2016427 9559118,2031601 9612674,2254665 9554459,2237154 9493084,2016427 9559118))
32627;POLYGON((1960044 9402320,1980633 9453874,2195810 9372473,2172019 9313403,1960044 9402320))
32628;POLYGON((1887790 9252710,1913595 9301675,2118350 9198131,2088545 9142080,1887790 9252710))
32629;POLYGON((1800477 9111961,1831193 9157795,2023209 9033506,1987774 8981115,1800477 9111961))
32630;POLYGON((1699173 8981592,1734421 9023808,1911632 8880438,1871036 8832267,1699173 8981592))
32631;POLYGON((1585132 8862944,1624478 8901115,1785089 8740526,1739859 8697052,1585132 8862944))
32632;POLYGON((1459741 8757175,1502710 8790936,1645200 8615122,1595897 8576744,1459741 8757175))
32633;POLYGON((1324469 8665261,1370564 8694307,1493671 8505345,1440877 8472388,1324469 8665261))
32634;POLYGON((1180842 8588004,1229550 8612085,1332256 8412101,1276559 8384821,1180842 8588004))
32635;POLYGON((1030412 8526040,1081215 8544962,1162722 8336097,1104712 8314692,1030412 8526040))
32636;POLYGON((874748 8479857,927121 8493474,986834 8277872,927096 8262485,874748 8479857))
32637;POLYGON((715420 8449804,768840 8458013,806342 8237811,745456 8228541,715420 8449804))
32638;POLYGON((554000 8436099,607942 8438843,622982 8216166,561523 8213070,554000 8436099))
32639;POLYGON((392057 8438843,445999 8436099,438476 8213070,377017 8216166,392057 8438843))
32640;POLYGON((231159 8458013,284579 8449804,254543 8228541,193657 8237811,231159 8458013))
32641;POLYGON((72878 8493474,125251 8479857,72903 8262485,13165 8277872,72878 8493474))
32642;POLYGON((-81215 8544962,-30412 8526040,-104712 8314692,-162722 8336097,-81215 8544962))
32643;POLYGON((-229550 8612085,-180842 8588004,-276559 8384821,-332256 8412101,-229550 8612085))
32644;POLYGON((-370564 8694307,-324469 8665261,-440877 8472388,-493671 8505345,-370564 8694307))
32645;POLYGON((-502710 8790936,-459741 8757175,-595897 8576744,-645200 8615122,-502710 8790936))
32646;POLYGON((-624478 8901115,-585132 8862944,-739859 8697052,-785089 8740526,-624478 8901115))
32647;POLYGON((-734421 9023808,-699173 8981592,-871036 8832267,-911632 8880438,-734421 9023808))
32648;POLYGON((-831193 9157795,-800477 9111961,-987774 8981115,-1023209 9033506,-831193 9157795))
32649;POLYGON((-913595 9301675,-887790 9252710,-1088545 9142080,-1118350 9198131,-913595 9301675))
32650;POLYGON((-980633 9453874,-960044 9402320,-1172019 9313403,-1195810 9372473,-980633 9453874))
32651;POLYGON((-1031601 9612674,-1016427 9559118,-1237154 9493084,-1254665 9554459,-1031601 9612674))
32652;POLYGON((-1066162 9776254,-1056467 9721312,-1283304 9678918,-1294430 9741825,-1066162 9776254))
32653;POLYGON((-1084465 9942755,-1080138 9887044,-1310353 9868540,-1315201 9932166,-1084465 9942755))
32654;POLYGON((-1087265 10110371,-1087978 10054481,-1318876 10059501,-1317821 10123031,-1087265 10110371))
32655;POLYGON((-1076073 10277471,-1081229 10221917,-1310320 10249386,-1304076 10312047,-1076073 10277471))
32656;POLYGON((-1053324 10442763,-1061997 10387927,-1287222 10435962,-1276916 10497082,-1053324 10442763))
32657;POLYGON((-1022568 10605491,-1033438 10551550,-1253451 10617374,-1240716 10676463,-1022568 10605491))
32658;POLYGON((-988689 10765690,-999966 10712527,-1214485 10792406,-1201561 10849251,-988689 10765690))
32659;POLYGON((-958145 10924493,-967484 10871588,-1177731 10960787,-1167571 11015573,-958145 10924493))
32660;POLYGON((-939237 11084498,-943650 11030796,-1152866 11123580,-1149268 11177034,-939237 11084498))
