32601;POLYGON((-35764347 76629253,-34218283 69955713,-40967892 69454634,-43135336 76201542,-35764347 76629253))
32602;POLYGON((-40862724 100494968,-39082897 91848055,-47852504 91608998,-50416819 100374272,-40862724 100494968))
32603;POLYGON((-46731731 131270618,-44682995 120144420,-55996084 120317162,-59027841 131622307,-46731731 131270618))
32604;POLYGON((-53485697 170684893,-51128412 156466145,-65620636 157250989,-69200955 171728759,-53485697 170684893))
32605;POLYGON((-61253354 220823939,-58542921 202774087,-76981008 204434257,-81202781 222847316,-61253354 220823939))
32606;POLYGON((-70179279 284189545,-67065652 261424606,-90368654 264300891,-95337855 287562761,-70179279 284189545))
32607;POLYGON((-80425440 363764278,-76852597 335232319,-106115672 339760254,-111952775 368958749,-80425440 363764278))
32608;POLYGON((-92172858 463084133,-88078235 427540187,-124599151 434270075,-131440646 470693408,-92172858 463084133))
32609;POLYGON((89078235 427540187,93172858 463084133,132440646 470693408,125599151 434270075,89078235 427540187))
32610;POLYGON((77852597 335232319,81425440 363764278,112952775 368958749,107115672 339760254,77852597 335232319))
32611;POLYGON((68065652 261424606,71179279 284189545,96337855 287562761,91368654 264300891,68065652 261424606))
32612;POLYGON((59542921 202774087,62253354 220823939,82202781 222847316,77981008 204434257,59542921 202774087))
32613;POLYGON((52128412 156466145,54485697 170684893,70200955 171728759,66620636 157250989,52128412 156466145))
32614;POLYGON((45682995 120144420,47731731 131270618,60027841 131622307,56996084 120317162,45682995 120144420))
32615;POLYGON((40082897 91848055,41862724 100494968,51416819 100374272,48852504 91608998,40082897 91848055))
32616;POLYGON((35218283 69955713,36764347 76629253,44135336 76201542,41967892 69454634,35218283 69955713))
32617;POLYGON((30991944 53135873,32335323 58250503,37981342 57637771,36149621 52482440,30991944 53135873))
32618;POLYGON((27318079 40302897,28486177 44195666,32779997 43485759,31231232 39575347,27318079 40302897))
32619;POLYGON((24121158 30578401,25138077 33521256,28380630 32775517,27069480 29830696,24121158 30578401))
32620;POLYGON((21334878 23257462,22221754 25468002,24653956 24727539,23541632 22525146,21334878 23257462))
32621;POLYGON((18901196 17779254,19676516 19430056,21489526 18720816,20542990 17084173,18901196 17779254))
32622;POLYGON((16769446 13701671,17449331 14928324,18793404 14265168,17984641 13055736,16769446 13701671))
32623;POLYGON((14895520 10679570,15493991 11587555,16486053 10977456,15791415 10087714,14895520 10679570))
32624;POLYGON((13241122 8446254,13770341 9116774,14500426 8561310,13900040 7908702,13241122 8446254))
32625;POLYGON((11773094 6797840,12243584 7292733,12780256 6789975,12257489 6311827,11773094 6797840))
32626;POLYGON((10462791 5580192,10883633 5946019,11278511 5491937,10819497 5141227,10462791 5580192))
32627;POLYGON((9285525 4678111,9664542 4949530,9956027 4538997,9549246 4280872,9285525 4678111))
32628;POLYGON((8220054 4006486,8563972 4208997,8780297 3836489,8416204 3645427,8220054 4006486))
32629;POLYGON((7248125 3503146,7562724 3655302,7724401 3315357,7395099 3172893,7248125 3503146))
32630;POLYGON((6354063 3123169,6644305 3238327,6766072 2925814,6465030 2818741,6354063 3123169))
32631;POLYGON((5524393 2834418,5794546 2922100,5886886 2632366,5608692 2551334,5524393 2834418))
32632;POLYGON((4747515 2614098,5001257 2681040,5071561 2409956,4811711 2348403,4747515 2614098))
32633;POLYGON((4013393 2446163,4253913 2497095,4307351 2241043,4062072 2194398,4013393 2446163))
32634;POLYGON((3313292 2319397,3543373 2357617,3583541 2113435,3349632 2078539,3313292 2319397))
32635;POLYGON((2639525 2226024,2861626 2253807,2890999 2018725,2665704 1993415,2639525 2226024))
32636;POLYGON((1985234 2160749,2201563 2179632,2221813 1951187,2002708 1934012,1985234 2160749))
32637;POLYGON((1344176 2120103,1556757 2131068,1568966 1907029,1353862 1897065,1344176 2120103))
32638;POLYGON((710533 2102024,921271 2105620,926061 1883908,712922 1880641,710533 2102024))
32639;POLYGON((78728 2105620,289466 2102024,287077 1880641,73938 1883908,78728 2105620))
32640;POLYGON((-556757 2131068,-344176 2120103,-353862 1897065,-568966 1907029,-556757 2131068))
32641;POLYGON((-1201563 2179632,-985234 2160749,-1002708 1934012,-1221813 1951187,-1201563 2179632))
32642;POLYGON((-1861626 2253807,-1639525 2226024,-1665704 1993415,-1890999 2018725,-1861626 2253807))
32643;POLYGON((-2543373 2357617,-2313292 2319397,-2349632 2078539,-2583541 2113435,-2543373 2357617))
32644;POLYGON((-3253913 2497095,-3013393 2446163,-3062072 2194398,-3307351 2241043,-3253913 2497095))
32645;POLYGON((-4001257 2681040,-3747515 2614098,-3811711 2348403,-4071561 2409956,-4001257 2681040))
32646;POLYGON((-4794546 2922100,-4524393 2834418,-4608692 2551334,-4886886 2632366,-4794546 2922100))
32647;POLYGON((-5644305 3238327,-5354063 3123169,-5465030 2818741,-5766072 2925814,-5644305 3238327))
32648;POLYGON((-6562724 3655302,-6248125 3503146,-6395099 3172893,-6724401 3315357,-6562724 3655302))
32649;POLYGON((-7563972 4208997,-7220054 4006486,-7416204 3645427,-7780297 3836489,-7563972 4208997))
32650;POLYGON((-8664542 4949530,-8285525 4678111,-8549246 4280872,-8956027 4538997,-8664542 4949530))
32651;POLYGON((-9883633 5946019,-9462791 5580192,-9819497 5141227,-10278511 5491937,-9883633 5946019))
32652;POLYGON((-11243584 7292733,-10773094 6797840,-11257489 6311827,-11780256 6789975,-11243584 7292733))
32653;POLYGON((-12770341 9116774,-12241122 8446254,-12900040 7908702,-13500426 8561310,-12770341 9116774))
32654;POLYGON((-14493991 11587555,-13895520 10679570,-14791415 10087714,-15486053 10977456,-14493991 11587555))
32655;POLYGON((-16449331 14928324,-15769446 13701671,-16984641 13055736,-17793404 14265168,-16449331 14928324))
32656;POLYGON((-18676516 19430056,-17901196 17779254,-19542990 17084173,-20489526 18720816,-18676516 19430056))
32657;POLYGON((-21221754 25468002,-20334878 23257462,-22541632 22525146,-23653956 24727539,-21221754 25468002))
32658;POLYGON((-24138077 33521256,-23121158 30578401,-26069480 29830696,-27380630 32775517,-24138077 33521256))
32659;POLYGON((-27486177 44195666,-26318079 40302897,-30231232 39575347,-31779997 43485759,-27486177 44195666))
32660;POLYGON((-31335323 58250503,-29991944 53135873,-35149621 52482440,-36981342 57637771,-31335323 58250503))
