32601;POLYGON((-30864327 69565730,-29671858 63548743,-35832278 63759829,-37593789 69924523,-30864327 69565730))
32602;POLYGON((-34734711 91093545,-33393902 83291874,-41405243 84010273,-43465642 92028216,-34734711 91093545))
32603;POLYGON((-39084574 118876930,-37578031 108829703,-47923777 110282087,-50333490 120636219,-39084574 118876930))
32604;POLYGON((-43969136 154492477,-42277936 141640090,-55546220 144124504,-58362911 157401872,-43969136 154492477))
32605;POLYGON((-49448380 199845910,-47551983 183513339,-64453429 187416273,-67742814 204325693,-49448380 199845910))
32606;POLYGON((-55587327 257226226,-53463481 236604279,-74851281 242420801,-78688008 263812720,-55587327 257226226))
32607;POLYGON((-62456323 329366397,-60080970 303490721,-86973381 311848081,-91441977 338736816,-62456323 329366397))
32608;POLYGON((-70131341 419511149,-67478514 387238816,-101083965 398923933,-106279846 432512481,-70131341 419511149))
32609;POLYGON((73882776 454204244,-75736003 491475849,-117481009 507467145,112741395 468638159,73882776 454204244))
32610;POLYGON((65921185 357237758,68478514 387238816,102083965 398923933,97141831 367715072,65921185 357237758))
32611;POLYGON((58792242 279483952,61080970 303490721,87973381 311848081,83725450 286915427,58792242 279483952))
32612;POLYGON((52418034 217511155,54463481 236604279,75851281 242420801,72205884 222627174,52418034 217511155))
32613;POLYGON((46726371 168423704,48551983 183513339,65453429 187416273,62329443 171804603,46726371 168423704))
32614;POLYGON((41650489 129791694,43277936 141640090,56546220 144124504,53872075 131893906,41650489 129791694))
32615;POLYGON((37128758 99587973,38578031 108829703,48923777 110282087,46636535 100766428,37128758 99587973))
32616;POLYGON((33104400 76131872,34393902 83291874,42405243 84010273,40449741 76659068,33104400 76131872))
32617;POLYGON((29525221 58039141,30671858 63548743,36832278 63759829,35160331 58121273,29525221 58039141))
32618;POLYGON((26343347 44177637,27362612 48388724,32066727 48262154,30636393 43968130,26343347 44177637))
32619;POLYGON((23514971 33628273,24421030 36825741,27988474 36486147,26763378 33239049,23514971 33628273))
32620;POLYGON((21000108 25650796,21805879 28063452,24493465 27600360,23442171 25161566,21000108 25650796))
32621;POLYGON((18762360 19653967,19479592 21464006,21491887 20939965,20587331 19119823,18762360 19653967))
32622;POLYGON((16768688 15169746,17408034 16520933,18906508 15978106,18125474 14627284,16768688 15169746))
32623;POLYGON((14989187 11831077,15560281 12835777,16671155 12301214,15993804 11303286,14989187 11831077))
32624;POLYGON((13396874 9352938,13908398 10098091,14729343 9587897,14138777 8853037,13396874 9352938))
32625;POLYGON((11967479 7516286,12427234 8068456,13033021 7591031,12514902 7050688,11967479 7516286))
32626;POLYGON((10679243 6154583,11094216 6564183,11541452 6122696,11083648 5725152,10679243 6154583))
32627;POLYGON((9512722 5142610,9889150 5447395,10220203 5041628,9812478 4748318,9512722 5142610))
32628;POLYGON((8450596 4387255,8794026 4615189,9040243 4242883,8673980 4025392,8450596 4387255))
32629;POLYGON((7477482 3820053,7792839 3991617,7977144 3649418,7645097 3487052,7477482 3820053))
32630;POLYGON((6579752 3391189,6871394 3521230,7010371 3205326,6706453 3083185,6579752 3391189))
32631;POLYGON((5745358 3064776,6017136 3163956,6122662 2870483,5841747 2777950,5745358 3064776))
32632;POLYGON((4963658 2815186,5218974 2891096,5299477 2616378,5037240 2545953,4963658 2815186))
32633;POLYGON((4225241 2624254,4467106 2682261,4528523 2422924,4281292 2369351,4225241 2624254))
32634;POLYGON((3521768 2479191,3752852 2523066,3799338 2276072,3563968 2235693,3521768 2479191))
32635;POLYGON((2845799 2371066,3068493 2403431,3102930 2166067,2876696 2136358,2845799 2371066))
32636;POLYGON((2190638 2293724,2407101 2316374,2431461 2086204,2211956 2065452,2190638 2293724))
32637;POLYGON((1550165 2243050,1762382 2257164,1777969 2031977,1563025 2019061,1550165 2243050))
32638;POLYGON((918683 2216485,1128517 2222765,1136122 2000504,923730 1994761,918683 2216485))
32639;POLYGON((290756 2212730,500000 2211481,500000 1990185,288239 1991327,290756 2212730))
32640;POLYGON((-338944 2231604,-128517 2222765,-136122 2000504,-349149 2008589,-338944 2231604))
32641;POLYGON((-975803 2274024,-762382 2257164,-777969 2031977,-994203 2047411,-975803 2274024))
32642;POLYGON((-1625413 2342104,-1407101 2316374,-1431461 2086204,-1652958 2109792,-1625413 2342104))
32643;POLYGON((-2293733 2439398,-2068493 2403431,-2102930 2166067,-2331929 2199107,-2293733 2439398))
32644;POLYGON((-2987252 2571311,-2752852 2523066,-2799338 2276072,-3038341 2320519,-2987252 2571311))
32645;POLYGON((-3713142 2745750,-3467106 2682261,-3528523 2422924,-3780384 2481639,-3713142 2745750))
32646;POLYGON((-4479425 2974071,-4218974 2891096,-4299477 2616378,-4567503 2693493,-4479425 2974071))
32647;POLYGON((-5295136 3272447,-5017136 3163956,-5122662 2870483,-5410729 2971918,-5295136 3272447))
32648;POLYGON((-6170488 3663747,-5871394 3521230,-6010371 3205326,-6323052 3339510,-6170488 3663747))
32649;POLYGON((-7117042 4180076,-6792839 3991617,-6977144 3649418,-7319866 3828253,-7117042 4180076))
32650;POLYGON((-8147879 4866136,-7794026 4615189,-8040243 4242883,-8419458 4483012,-8147879 4866136))
32651;POLYGON((-9277776 5783580,-8889150 5447395,-9220203 5041628,-9643589 5366080,-9277776 5783580))
32652;POLYGON((-10523388 7016550,-10094216 6564183,-10541452 6122696,-11018136 6562973,-10523388 7016550))
32653;POLYGON((-11903431 8678632,-11427234 8068456,-12033021 7591031,-12573838 8189718,-11903431 8678632))
32654;POLYGON((-13438870 10921451,-12908398 10098091,-13729343 9587897,-14347124 10401878,-13438870 10921451))
32655;POLYGON((-15153115 13945170,-14560281 12835777,-15671155 12301214,-16381052 13405597,-15153115 13945170))
32656;POLYGON((-17072222 18011168,-16408034 16520933,-17906508 15978106,-18726353 17470947,-17072222 18011168))
32657;POLYGON((-19225100 23457201,-18479592 21464006,-20491887 20939965,-21442597 22947905,-19225100 23457201))
32658;POLYGON((-21643717 30715348,-20805879 28063452,-23493465 27600360,-24599481 30285288,-21643717 30715348))
32659;POLYGON((-24363329 40333098,-23421030 36825741,-26988474 36486147,-28278258 40053014,-24363329 40333098))
32660;POLYGON((-27422696 52997926,-26362612 48388724,-31066727 48262154,-32573294 52968058,-27422696 52997926))
