32701;POLYGON((-57980049 -44331787,-54420412 -39323688,-49295793 -44572314,-52364526 -50057996,-57980049 -44331787))
32702;POLYGON((-70205501 -62389994,-65856117 -55823220,-59131197 -62635619,-62855963 -69818047,-70205501 -62389994))
32703;POLYGON((-85115849 -85938966,-79816107 -77396778,-71060853 -86220708,-75572271 -95551691,-85115849 -85938966))
32704;POLYGON((-103245462 -116408876,-96808131 -105382907,-85497402 -116778511,-90947437 -128808922,-103245462 -116408876))
32705;POLYGON((-125215137 -155535925,-117423050 -141410397,-102920111 -156073735,-109484709 -171470551,-125215137 -155535925))
32706;POLYGON((-151742581 -205413650,-142345054 -187447592,-123882991 -206238082,-131764928 -225803564,-151742581 -205413650))
32707;POLYGON((-183653735 -268550526,-172362693 -245857846,-149023567 -269830079,-158455524 -294523282,-183653735 -268550526))
32708;POLYGON((-221894972 -347934380,-208380787 -319461602,-179072333 -349902067,-190320206 -380862851,-221894972 -347934380))
32709;POLYGON((252433216 -411605631,-251433216 -411605631,-214862921 -450074888,215862921 -450074888,252433216 -411605631))
32710;POLYGON((209380787 -319461602,222894972 -347934380,191320206 -380862851,180072333 -349902067,209380787 -319461602))
32711;POLYGON((173362693 -245857846,184653735 -268550526,159455524 -294523282,150023567 -269830079,173362693 -245857846))
32712;POLYGON((143345054 -187447592,152742581 -205413650,132764928 -225803564,124882991 -206238082,143345054 -187447592))
32713;POLYGON((118423050 -141410397,126215137 -155535925,110484709 -171470551,103920111 -156073735,118423050 -141410397))
32714;POLYGON((97808131 -105382907,104245462 -116408876,91947437 -128808922,86497402 -116778511,97808131 -105382907))
32715;POLYGON((80816107 -77396778,86115849 -85938966,76572271 -95551691,72060853 -86220708,80816107 -77396778))
32716;POLYGON((66856117 -55823220,71205501 -62389994,63855963 -69818047,60131197 -62635619,66856117 -55823220))
32717;POLYGON((55420412 -39323688,58980049 -44331787,53364526 -50057996,50295793 -44572314,55420412 -39323688))
32718;POLYGON((46074943 -26806223,48981877 -30594710,44725539 -35003257,42201138 -30846521,46074943 -26806223))
32719;POLYGON((38450709 -17387000,40821217 -20229530,37621063 -23623946,35545984 -20499119,38450709 -17387000))
32720;POLYGON((32235831 -10356642,34167985 -12472188,31781150 -15090535,30075031 -12759764,32235831 -10356642))
32721;POLYGON((27168324 -5150876,28744328 -6713051,26977900 -8740659,25573171 -7015206,27168324 -5150876))
32722;POLYGON((23029531 -1325142,24317835 -2470247,23020059 -4050313,21860252 -2781859,23029531 -1325142))
32723;POLYGON((19638184 1467233,20695399 633306,19748123 -609033,18786347 317775,19638184 1467233))
32724;POLYGON((16845063 3493652,17717674 2889549,17029916 1901330,16227488 2575230,16845063 3493652))
32725;POLYGON((14528213 4957986,15254115 4521944,14756626 3724631,14081845 4213090,14528213 4957986))
32726;POLYGON((12588690 6013772,13198549 5699487,12839272 5045574,12266329 5399265,12588690 6013772))
32727;POLYGON((10946807 6775161,11465259 6548368,11205559 6002335,10713579 6258832,10946807 6775161))
32728;POLYGON((9538839 7325889,9985538 7161573,9797123 6696956,9369318 6883756,9538839 7325889))
32729;POLYGON((8314150 7726550,8704679 7606699,8567110 7203805,8190050 7340763,8314150 7726550))
32730;POLYGON((7232727 8020398,7579382 7932215,7478088 7576367,7141070 7677638,7232727 8020398))
32731;POLYGON((6263063 8237907,6575517 8172418,6500244 7852623,6194753 7928173,6263063 8237907))
32732;POLYGON((5380382 8400293,5666244 8351275,5609857 8059221,5329109 8115991,5380382 8400293))
32733;POLYGON((4565143 8522171,4830425 8485352,4788007 8214666,4526574 8257446,4565143 8522171))
32734;POLYGON((3801819 8613527,4051317 8585995,4019509 8331698,3772999 8363767,3801819 8613527))
32735;POLYGON((3077899 8681129,3315501 8660916,3292024 8419020,3056829 8442606,3077899 8681129))
32736;POLYGON((2383079 8729518,2612018 8715312,2595342 8482525,2368427 8499124,2383079 8729518))
32737;POLYGON((1708629 8761678,1931673 8752627,1920799 8526140,1699536 8536724,1708629 8761678))
32738;POLYGON((1046867 8779458,1266488 8775053,1260803 8552371,1042830 8557526,1046867 8779458))
32739;POLYGON((390750 8783838,609249 8783838,608446 8562651,391553 8562651,390750 8783838))
32740;POLYGON((-266488 8775053,-46867 8779458,-42830 8557526,-260803 8552371,-266488 8775053))
32741;POLYGON((-931673 8752627,-708629 8761678,-699536 8536724,-920799 8526140,-931673 8752627))
32742;POLYGON((-1612018 8715312,-1383079 8729518,-1368427 8499124,-1595342 8482525,-1612018 8715312))
32743;POLYGON((-2315501 8660916,-2077899 8681129,-2056829 8442606,-2292024 8419020,-2315501 8660916))
32744;POLYGON((-3051317 8585995,-2801819 8613527,-2772999 8363767,-3019509 8331698,-3051317 8585995))
32745;POLYGON((-3830425 8485352,-3565143 8522171,-3526574 8257446,-3788007 8214666,-3830425 8485352))
32746;POLYGON((-4666244 8351275,-4380382 8400293,-4329109 8115991,-4609857 8059221,-4666244 8351275))
32747;POLYGON((-5575517 8172418,-5263063 8237907,-5194753 7928173,-5500244 7852623,-5575517 8172418))
32748;POLYGON((-6579382 7932215,-6232727 8020398,-6141070 7677638,-6478088 7576367,-6579382 7932215))
32749;POLYGON((-7704679 7606699,-7314150 7726550,-7190050 7340763,-7567110 7203805,-7704679 7606699))
32750;POLYGON((-8985538 7161573,-8538839 7325889,-8369318 6883756,-8797123 6696956,-8985538 7161573))
32751;POLYGON((-10465259 6548368,-9946807 6775161,-9713579 6258832,-10205559 6002335,-10465259 6548368))
32752;POLYGON((-12198549 5699487,-11588690 6013772,-11266329 5399265,-11839272 5045574,-12198549 5699487))
32753;POLYGON((-14254115 4521944,-13528213 4957986,-13081845 4213090,-13756626 3724631,-14254115 4521944))
32754;POLYGON((-16717674 2889549,-15845063 3493652,-15227488 2575230,-16029916 1901330,-16717674 2889549))
32755;POLYGON((-19695399 633306,-18638184 1467233,-17786347 317775,-18748123 -609033,-19695399 633306))
32756;POLYGON((-23317835 -2470247,-22029531 -1325142,-20860252 -2781859,-22020059 -4050313,-23317835 -2470247))
32757;POLYGON((-27744328 -6713051,-26168324 -5150876,-24573171 -7015206,-25977900 -8740659,-27744328 -6713051))
32758;POLYGON((-33167985 -12472188,-31235831 -10356642,-29075031 -12759764,-30781150 -15090535,-33167985 -12472188))
32759;POLYGON((-39821217 -20229530,-37450709 -17387000,-34545984 -20499119,-36621063 -23623946,-39821217 -20229530))
32760;POLYGON((-47981877 -30594710,-45074943 -26806223,-41201138 -30846521,-43725539 -35003257,-47981877 -30594710))
