32601;POLYGON((1824417 38262914,471931 35927253,-2540665 41066262,-1407000 44045022,1824417 38262914))
32602;POLYGON((6826327 46268420,4989817 43423123,1275519 50694850,2846155 54398559,6826327 46268420))
32603;POLYGON((13507620 56001983,11071249 52545662,6505585 62652833,8620243 67242384,13507620 56001983))
32604;POLYGON((22257085 67802206,19084086 63615992,13489722 77452659,16275036 83119719,22257085 67802206))
32605;POLYGON((33531713 82065042,29461658 77010103,22629396 95703772,26234158 102675577,33531713 82065042))
32606;POLYGON((47865325 99251775,42711176 93166563,34395277 118127550,38993217 126672261,47865325 99251775))
32607;POLYGON((65877924 119897865,59422830 112595069,49335812 145573970,55128613 156006640,65877924 119897865))
32608;POLYGON((88285769 144622713,80279630 135885895,68086501 179040157,75307044 191729353,88285769 144622713))
32609;POLYGON((-105067980 163720315,106067980 163720315,91379869 219690950,-90379869 219690950,-105067980 163720315))
32610;POLYGON((-79279630 135885895,-87285769 144622713,-74307044 191729353,-67086501 179040157,-79279630 135885895))
32611;POLYGON((-58422830 112595069,-64877924 119897865,-54128613 156006640,-48335812 145573970,-58422830 112595069))
32612;POLYGON((-41711176 93166563,-46865325 99251775,-37993217 126672261,-33395277 118127550,-41711176 93166563))
32613;POLYGON((-28461658 77010103,-32531713 82065042,-25234158 102675577,-21629396 95703772,-28461658 77010103))
32614;POLYGON((-18084086 63615992,-21257085 67802206,-15275036 83119719,-12489722 77452659,-18084086 63615992))
32615;POLYGON((-10071249 52545662,-12507620 56001983,-7620243 67242384,-5505585 62652833,-10071249 52545662))
32616;POLYGON((-3989817 43423123,-5826327 46268420,-1846155 54398559,-275519 50694850,-3989817 43423123))
32617;POLYGON((528068 35927253,-824417 38262914,2407000 44045022,3540665 41066262,528068 35927253))
32618;POLYGON((3792533 29784860,2826661 31697021,5442647 35726501,6229166 33338307,3792533 29784860))
32619;POLYGON((6063064 24764472,5402524 26326010,7514737 29063354,8028871 27154063,6063064 24764472))
32620;POLYGON((7554990 20670788,7132536 21943102,8834043 23740662,9137460 22217983,7554990 20670788))
32621;POLYGON((8445383 17339735,8205902 18374328,9573890 19498597,9716956 18286671,8445383 17339735))
32622;POLYGON((8878395 14634096,8777186 15473970,9875347 16123974,9898741 15160801,8878395 14634096))
32623;POLYGON((8970067 12439639,8971297 13120537,9851916 13442874,9788086 12678073,8970067 12439639))
32624;POLYGON((8812641 10661725,8887961 11213208,9593731 11314233,9468189 10707103,8812641 10661725))
32625;POLYGON((8478394 9222328,8605712 9668727,9171307 9624307,9003784 9142164,8478394 9222328))
32626;POLYGON((8023032 8057450,8185428 8418684,8638857 8281929,8444315 7898682,8023032 8057450))
32627;POLYGON((7488659 7114869,7673442 7407162,8037205 7214456,7826726 6909400,7488659 7114869))
32628;POLYGON((6906371 6352211,7104255 6588702,7396327 6364351,7177879 6121151,6906371 6352211))
32629;POLYGON((6298473 5735281,6502876 5926550,6737534 5686304,6516630 5492150,6298473 5735281))
32630;POLYGON((5680376 5236656,5886824 5391171,6075347 5144845,5855593 4989744,5680376 5236656))
32631;POLYGON((5062186 4834486,5267813 4958976,5419055 4712360,5202619 4588569,5062186 4834486))
32632;POLYGON((4450013 4511490,4653156 4611263,4774020 4367487,4562005 4269039,4450013 4511490))
32633;POLYGON((3847034 4254119,4046903 4333322,4142731 4093806,3935479 4016139,3847034 4254119))
32634;POLYGON((3254342 4051871,3450761 4113703,3525642 3878797,3322969 3818459,3254342 4051871))
32635;POLYGON((2671592 3896726,2864802 3943614,2921819 3713025,2723195 3667440,2671592 3896726))
32636;POLYGON((2097491 3782711,2288004 3816442,2329427 3589499,2134101 3556795,2097491 3782711))
32637;POLYGON((1530148 3705550,1718644 3727378,1746074 3503198,1553169 3482073,1530148 3705550))
32638;POLYGON((967321 3662409,1154576 3673130,1169047 3450717,977616 3440352,967321 3662409))
32639;POLYGON((406582 3651730,593417 3651730,595468 3430031,404531 3430031,406582 3651730))
32640;POLYGON((-154576 3673130,32678 3662409,22383 3440352,-169047 3450717,-154576 3673130))
32641;POLYGON((-718644 3727378,-530148 3705550,-553169 3482073,-746074 3503198,-718644 3727378))
32642;POLYGON((-1288004 3816442,-1097491 3782711,-1134101 3556795,-1329427 3589499,-1288004 3816442))
32643;POLYGON((-1864802 3943614,-1671592 3896726,-1723195 3667440,-1921819 3713025,-1864802 3943614))
32644;POLYGON((-2450761 4113703,-2254342 4051871,-2322969 3818459,-2525642 3878797,-2450761 4113703))
32645;POLYGON((-3046903 4333322,-2847034 4254119,-2935479 4016139,-3142731 4093806,-3046903 4333322))
32646;POLYGON((-3653156 4611263,-3450013 4511490,-3562005 4269039,-3774020 4367487,-3653156 4611263))
32647;POLYGON((-4267813 4958976,-4062186 4834486,-4202619 4588569,-4419055 4712360,-4267813 4958976))
32648;POLYGON((-4886824 5391171,-4680376 5236656,-4855593 4989744,-5075347 5144845,-4886824 5391171))
32649;POLYGON((-5502876 5926550,-5298473 5735281,-5516630 5492150,-5737534 5686304,-5502876 5926550))
32650;POLYGON((-6104255 6588702,-5906371 6352211,-6177879 6121151,-6396327 6364351,-6104255 6588702))
32651;POLYGON((-6673442 7407162,-6488659 7114869,-6826726 6909400,-7037205 7214456,-6673442 7407162))
32652;POLYGON((-7185428 8418684,-7023032 8057450,-7444315 7898682,-7638857 8281929,-7185428 8418684))
32653;POLYGON((-7605712 9668727,-7478394 9222328,-8003784 9142164,-8171307 9624307,-7605712 9668727))
32654;POLYGON((-7887961 11213208,-7812641 10661725,-8468189 10707103,-8593731 11314233,-7887961 11213208))
32655;POLYGON((-7971297 13120537,-7970067 12439639,-8788086 12678073,-8851916 13442874,-7971297 13120537))
32656;POLYGON((-7777186 15473970,-7878395 14634096,-8898741 15160801,-8875347 16123974,-7777186 15473970))
32657;POLYGON((-7205902 18374328,-7445383 17339735,-8716956 18286671,-8573890 19498597,-7205902 18374328))
32658;POLYGON((-6132536 21943102,-6554990 20670788,-8137460 22217983,-7834043 23740662,-6132536 21943102))
32659;POLYGON((-4402524 26326010,-5063064 24764472,-7028871 27154063,-6514737 29063354,-4402524 26326010))
32660;POLYGON((-1826661 31697021,-2792533 29784860,-5229166 33338307,-4442647 35726501,-1826661 31697021))
