32601;POLYGON((-128194 10571420,-139838 10545918,-357517 10719976,-347288 10755448,-128194 10571420))
32602;POLYGON((-94092 10648490,-105223 10622644,-329022 10827878,-321350 10865099,-94092 10648490))
32603;POLYGON((-63415 10727913,-73072 10701034,-309938 10942337,-306636 10982722,-63415 10727913))
32604;POLYGON((-39389 10812299,-46438 10783421,-306041 11068097,-309269 11113583,-39389 10812299))
32605;POLYGON((-25791 10905201,-28907 10873024,-324190 11211569,-336496 11264717,-25791 10905201))
32606;POLYGON((-27009 11011296,-24659 10974125,-372455 11381154,-396821 11445270,-27009 11011296))
32607;POLYGON((-48103 11136584,-38521 11092258,-460252 11587619,-500143 11666889,-48103 11136584))
32608;POLYGON((-94870 11288605,-76038 11234424,-598497 11844513,-657911 11944151,-94870 11288605))
32609;POLYGON((1143535 11409334,-143535 11409334,-799760 12168639,1799760 12168639,1143535 11409334))
32610;POLYGON((1076038 11234424,1094870 11288605,1657911 11944151,1598497 11844513,1076038 11234424))
32611;POLYGON((1038521 11092258,1048103 11136584,1500143 11666889,1460252 11587619,1038521 11092258))
32612;POLYGON((1024659 10974125,1027009 11011296,1396821 11445270,1372455 11381154,1024659 10974125))
32613;POLYGON((1028907 10873024,1025791 10905201,1336496 11264717,1324190 11211569,1028907 10873024))
32614;POLYGON((1046438 10783421,1039389 10812299,1309269 11113583,1306041 11068097,1046438 10783421))
32615;POLYGON((1073072 10701034,1063415 10727913,1306636 10982722,1309938 10942337,1073072 10701034))
32616;POLYGON((1105223 10622644,1094092 10648490,1321350 10865099,1329022 10827878,1105223 10622644))
32617;POLYGON((1139838 10545918,1128194 10571420,1347288 10755448,1357517 10719976,1139838 10545918))
32618;POLYGON((1174351 10469265,1162998 10494880,1379329 10649972,1390611 10615262,1174351 10469265))
32619;POLYGON((1206630 10391703,1196233 10417698,1413244 10546075,1424349 10511489,1206630 10391703))
32620;POLYGON((1234935 10312740,1226034 10339230,1445590 10442136,1455530 10407315,1234935 10312740))
32621;POLYGON((1257878 10232277,1250899 10259258,1473620 10337309,1481619 10302113,1257878 10232277))
32622;POLYGON((1274386 10150520,1269653 10177893,1495196 10231352,1500662 10195809,1274386 10150520))
32623;POLYGON((1283662 10067906,1281412 10095505,1508709 10124485,1511211 10088750,1283662 10067906))
32624;POLYGON((1285160 9985041,1285550 10012648,1513009 10017266,1512255 9981580,1285160 9985041))
32625;POLYGON((1278550 9902647,1281666 9930012,1507343 9910489,1503160 9875157,1278550 9902647))
32626;POLYGON((1263696 9821516,1269564 9848369,1491299 9805105,1483615 9770464,1263696 9821516))
32627;POLYGON((1240630 9742477,1249223 9768539,1464750 9702149,1453580 9668555,1240630 9742477))
32628;POLYGON((1209533 9666365,1220774 9691360,1427816 9602691,1413247 9570500,1209533 9666365))
32629;POLYGON((1170711 9593996,1184486 9617654,1380818 9507792,1362997 9477350,1170711 9593996))
32630;POLYGON((1124582 9526150,1140740 9548217,1324250 9418471,1303373 9390105,1124582 9526150))
32631;POLYGON((1071659 9463559,1090020 9483797,1258743 9335687,1235047 9309698,1071659 9463559))
32632;POLYGON((1012535 9406891,1032893 9425084,1185043 9260314,1158797 9236975,1012535 9406891))
32633;POLYGON((947870 9356745,969997 9372701,1103986 9193136,1075488 9172686,947870 9356745))
32634;POLYGON((878380 9313645,902033 9327200,1016484 9134840,986050 9117485,878380 9313645))
32635;POLYGON((804830 9278039,829749 9289051,923504 9086008,891466 9071919,804830 9278039))
32636;POLYGON((728018 9250289,753934 9258647,826056 9047119,792761 9036434,728018 9250289))
32637;POLYGON((648774 9230678,675407 9236297,725186 9018550,690986 9011370,648774 9230678))
32638;POLYGON((567945 9219403,595011 9222227,621961 9000572,587216 8996965,567945 9219403))
32639;POLYGON((486394 9216576,513605 9216576,517463 8993354,482536 8993354,486394 9216576))
32640;POLYGON((404988 9222227,432054 9219403,412783 8996965,378038 9000572,404988 9222227))
32641;POLYGON((324592 9236297,351225 9230678,309013 9011370,274813 9018550,324592 9236297))
32642;POLYGON((246065 9258647,271981 9250289,207238 9036434,173943 9047119,246065 9258647))
32643;POLYGON((170250 9289051,195169 9278039,108533 9071919,76495 9086008,170250 9289051))
32644;POLYGON((97966 9327200,121619 9313645,13949 9117485,-16484 9134840,97966 9327200))
32645;POLYGON((30002 9372701,52129 9356745,-75488 9172686,-103986 9193136,30002 9372701))
32646;POLYGON((-32893 9425084,-12535 9406891,-158797 9236975,-185043 9260314,-32893 9425084))
32647;POLYGON((-90020 9483797,-71659 9463559,-235047 9309698,-258743 9335687,-90020 9483797))
32648;POLYGON((-140740 9548217,-124582 9526150,-303373 9390105,-324250 9418471,-140740 9548217))
32649;POLYGON((-184486 9617654,-170711 9593996,-362997 9477350,-380818 9507792,-184486 9617654))
32650;POLYGON((-220774 9691360,-209533 9666365,-413247 9570500,-427816 9602691,-220774 9691360))
32651;POLYGON((-249223 9768539,-240630 9742477,-453580 9668555,-464750 9702149,-249223 9768539))
32652;POLYGON((-269564 9848369,-263696 9821516,-483615 9770464,-491299 9805105,-269564 9848369))
32653;POLYGON((-281666 9930012,-278550 9902647,-503160 9875157,-507343 9910489,-281666 9930012))
32654;POLYGON((-285550 10012648,-285160 9985041,-512255 9981580,-513009 10017266,-285550 10012648))
32655;POLYGON((-281412 10095505,-283662 10067906,-511211 10088750,-508709 10124485,-281412 10095505))
32656;POLYGON((-269653 10177893,-274386 10150520,-500662 10195809,-495196 10231352,-269653 10177893))
32657;POLYGON((-250899 10259258,-257878 10232277,-481619 10302113,-473620 10337309,-250899 10259258))
32658;POLYGON((-226034 10339230,-234935 10312740,-455530 10407315,-445590 10442136,-226034 10339230))
32659;POLYGON((-196233 10417698,-206630 10391703,-424349 10511489,-413244 10546075,-196233 10417698))
32660;POLYGON((-162998 10494880,-174351 10469265,-390611 10615262,-379329 10649972,-162998 10494880))
