32601;POLYGON((6748006 10140980,5501614 10666663,6080278 12504617,7466285 12148495,6748006 10140980))
32602;POLYGON((11190088 7872820,9584511 8755976,10629777 11138316,12425308 10461756,11190088 7872820))
32603;POLYGON((16857842 4297497,14817717 5658475,16492832 8702517,18785979 7591558,16857842 4297497))
32604;POLYGON((24001992 -1003394,21439473 984985,23948184 4828020,26841899 3140295,24001992 -1003394))
32605;POLYGON((32913750 -8546403,29726976 -5746511,33320978 -944671,36934929 -3385160,32913750 -8546403))
32606;POLYGON((43929689 -18963481,40001113 -15127452,44988479 -9181701,49461059 -12590493,43929689 -18963481))
32607;POLYGON((57436988 -33021407,52631587 -27877372,59386254 -20574313,64876745 -25213138,57436988 -33021407))
32608;POLYGON((73879093 -51643573,68042433 -44864886,77014832 -35959584,83705737 -42143809,73879093 -51643573))
32609;POLYGON((-85717957 -67131135,86717957 -67131135,98446874 -56343616,-97446874 -56343616,-85717957 -67131135))
32610;POLYGON((-67042433 -44864886,-72879093 -51643573,-82705737 -42143809,-76014832 -35959584,-67042433 -44864886))
32611;POLYGON((-51631587 -27877372,-56436988 -33021407,-63876745 -25213138,-58386254 -20574313,-51631587 -27877372))
32612;POLYGON((-39001113 -15127452,-42929689 -18963481,-48461059 -12590493,-43988479 -9181701,-39001113 -15127452))
32613;POLYGON((-28726976 -5746511,-31913750 -8546403,-35934929 -3385160,-32320978 -944671,-28726976 -5746511))
32614;POLYGON((-20439473 984985,-23001992 -1003394,-25841899 3140295,-22948184 4828020,-20439473 984985))
32615;POLYGON((-13817717 5658475,-15857842 4297497,-17785979 7591558,-15492832 8702517,-13817717 5658475))
32616;POLYGON((-8584511 8755976,-10190088 7872820,-11425308 10461756,-9629777 11138316,-8584511 8755976))
32617;POLYGON((-4501614 10666663,-5748006 10140980,-6466285 12148495,-5080278 12504617,-4501614 10666663))
32618;POLYGON((-1365366 11701487,-2316871 11437490,-2658153 12968896,-1606730 13094734,-1365366 11701487))
32619;POLYGON((997333 12106007,286176 12028386,211987 13172801,992177 13138725,997333 12106007))
32620;POLYGON((2732705 12071583,2215927 12121945,2323739 12954309,2885900 12814398,2732705 12071583))
32621;POLYGON((3963453 11745084,3602572 11878875,3827590 12461769,4216078 12256834,3963453 11745084))
32622;POLYGON((4791824 11237235,4554854 11421098,4848696 11806400,5100207 11566570,4791824 11237235))
32623;POLYGON((5302367 10629750,5162932 10839276,5490329 11069652,5634966 10816568,5302367 10629750))
32624;POLYGON((5564433 9981374,5500962 10199204,5836964 10309438,5899199 10058104,5564433 9981374))
32625;POLYGON((5634402 9332942,5629415 9547177,5957060 9565366,5956588 9325691,5634402 9332942))
32626;POLYGON((5557669 8711578,5597142 8914473,5905530 8863080,5858031 8641145,5557669 8711578))
32627;POLYGON((5370407 8134138,5443207 8321032,5725929 8217815,5643739 8016899,5370407 8134138))
32628;POLYGON((5101113 7609985,5198508 7778442,5452382 7637269,5345075 7458673,5101113 7609985))
32629;POLYGON((4771953 7143205,4887181 7292334,5111258 7123888,4986157 6967580,4771953 7143205))
32630;POLYGON((4399929 6734327,4527832 6864258,4722619 6676640,4585231 6541750,4399929 6734327))
32631;POLYGON((3997880 6381641,4134585 6493125,4301464 6292376,4155850 6177563,3997880 6381641))
32632;POLYGON((3575324 6082181,3717981 6176299,3858778 5966827,3707864 5870554,3575324 6082181))
32633;POLYGON((3139175 5832432,3285730 5910382,3402413 5695332,3248249 5616046,3139175 5832432))
32634;POLYGON((2694330 5628818,2843343 5691775,2937811 5473322,2781782 5409581,2694330 5628818))
32635;POLYGON((2244153 5468033,2394647 5517056,2468599 5296646,2311597 5247197,2244153 5468033))
32636;POLYGON((1790872 5347243,1942210 5383214,1997066 5161766,1839624 5125583,1790872 5347243))
32637;POLYGON((1335900 5264200,1487683 5287799,1524544 5065853,1366947 5042162,1335900 5264200))
32638;POLYGON((880094 5217308,1032085 5228992,1051706 5006840,894076 4995124,880094 5217308))
32639;POLYGON((423974 5205649,576025 5205649,578815 4983436,421184 4983436,423974 5205649))
32640;POLYGON((-32085 5228992,119905 5217308,105923 4995124,-51706 5006840,-32085 5228992))
32641;POLYGON((-487683 5287799,-335900 5264200,-366947 5042162,-524544 5065853,-487683 5287799))
32642;POLYGON((-942210 5383214,-790872 5347243,-839624 5125583,-997066 5161766,-942210 5383214))
32643;POLYGON((-1394647 5517056,-1244153 5468033,-1311597 5247197,-1468599 5296646,-1394647 5517056))
32644;POLYGON((-1843343 5691775,-1694330 5628818,-1781782 5409581,-1937811 5473322,-1843343 5691775))
32645;POLYGON((-2285730 5910382,-2139175 5832432,-2248249 5616046,-2402413 5695332,-2285730 5910382))
32646;POLYGON((-2717981 6176299,-2575324 6082181,-2707864 5870554,-2858778 5966827,-2717981 6176299))
32647;POLYGON((-3134585 6493125,-2997880 6381641,-3155850 6177563,-3301464 6292376,-3134585 6493125))
32648;POLYGON((-3527832 6864258,-3399929 6734327,-3585231 6541750,-3722619 6676640,-3527832 6864258))
32649;POLYGON((-3887181 7292334,-3771953 7143205,-3986157 6967580,-4111258 7123888,-3887181 7292334))
32650;POLYGON((-4198508 7778442,-4101113 7609985,-4345075 7458673,-4452382 7637269,-4198508 7778442))
32651;POLYGON((-4443207 8321032,-4370407 8134138,-4643739 8016899,-4725929 8217815,-4443207 8321032))
32652;POLYGON((-4597142 8914473,-4557669 8711578,-4858031 8641145,-4905530 8863080,-4597142 8914473))
32653;POLYGON((-4629415 9547177,-4634402 9332942,-4956588 9325691,-4957060 9565366,-4629415 9547177))
32654;POLYGON((-4500962 10199204,-4564433 9981374,-4899199 10058104,-4836964 10309438,-4500962 10199204))
32655;POLYGON((-4162932 10839276,-4302367 10629750,-4634966 10816568,-4490329 11069652,-4162932 10839276))
32656;POLYGON((-3554854 11421098,-3791824 11237235,-4100207 11566570,-3848696 11806400,-3554854 11421098))
32657;POLYGON((-2602572 11878875,-2963453 11745084,-3216078 12256834,-2827590 12461769,-2602572 11878875))
32658;POLYGON((-1215927 12121945,-1732705 12071583,-1885900 12814398,-1323739 12954309,-1215927 12121945))
32659;POLYGON((713823 12028386,2666 12106007,7822 13138725,788012 13172801,713823 12028386))
32660;POLYGON((3316871 11437490,2365366 11701487,2606730 13094734,3658153 12968896,3316871 11437490))
