32601;POLYGON((-36981342 57637771,-35149621 52482440,-40216746 50525128,-42533555 55570639,-36981342 57637771))
32602;POLYGON((-43135336 76201542,-40967892 69454634,-47617315 67150444,-50403055 73769693,-43135336 76201542))
32603;POLYGON((-50416819 100374272,-47852504 91608998,-56512999 88902508,-59859093 97520375,-50416819 100374272))
32604;POLYGON((-59027841 131622307,-55996084 120317162,-67192501 117147223,-71205200 128283313,-59027841 131622307))
32605;POLYGON((-69200955 171728759,-65620636 157250989,-79990821 153550800,-84793046 167836031,-69200955 171728759))
32606;POLYGON((-81202781 222847316,-76981008 204434257,-95294918 200131612,-101028245 218326931,-81202781 222847316))
32607;POLYGON((-95337855 287562761,-90368654 264300891,-113549829 259318618,-120376641 282336029,-95337855 287562761))
32608;POLYGON((-111952775 368958749,-106115672 339760254,-135265285 334016893,-143371078 362942982,-111952775 368958749))
32609;POLYGON((-131440646 470693408,-124599151 434270075,-161022808 427680841,-170618682 463802976,-131440646 470693408))
32610;POLYGON((125599151 434270075,132440646 470693408,171618682 463802976,162022808 427680841,125599151 434270075))
32611;POLYGON((107115672 339760254,112952775 368958749,144371078 362942982,136265285 334016893,107115672 339760254))
32612;POLYGON((91368654 264300891,96337855 287562761,121376641 282336029,114549829 259318618,91368654 264300891))
32613;POLYGON((77981008 204434257,82202781 222847316,102028245 218326931,96294918 200131612,77981008 204434257))
32614;POLYGON((66620636 157250989,70200955 171728759,85793046 167836031,80990821 153550800,66620636 157250989))
32615;POLYGON((56996084 120317162,60027841 131622307,72205200 128283313,68192501 117147223,56996084 120317162))
32616;POLYGON((48852504 91608998,51416819 100374272,60859093 97520375,57512999 88902508,48852504 91608998))
32617;POLYGON((41967892 69454634,44135336 76201542,51403055 73769693,48617315 67150444,41967892 69454634))
32618;POLYGON((36149621 52482440,37981342 57637771,43533555 55570639,41216746 50525128,36149621 52482440))
32619;POLYGON((31231232 39575347,32779997 43485759,36989826 41731711,35063668 37915153,31231232 39575347))
32620;POLYGON((27069480 29830696,28380630 32775517,31548944 31288481,29946743 28423355,27069480 29830696))
32621;POLYGON((23541632 22525146,24653956 24727539,27021298 23466773,25686532 21331628,23541632 22525146))
32622;POLYGON((20542990 17084173,21489526 18720816,23246473 17650607,22131495 16070365,20542990 17084173))
32623;POLYGON((17984641 13055736,18793404 14265168,20089487 13354479,19154362 12192077,17984641 13055736))
32624;POLYGON((15791415 10087714,16486053 10977456,17437402 10199542,16648841 9348799,15791415 10087714))
32625;POLYGON((13900040 7908702,14500426 8561310,15196257 7893312,14526675 7272876,13900040 7908702))
32626;POLYGON((12257489 6311827,12780256 6789975,13288324 6212512,12714988 5760778,12257489 6311827))
32627;POLYGON((10819497 5141227,11278511 5491937,11649663 4988700,11153942 4659583,10819497 5141227))
32628;POLYGON((9549246 4280872,9956027 4538997,10227955 4096358,9794653 3855815,9549246 4280872))
32629;POLYGON((8416204 3645427,8780297 3836489,8980591 3443134,8597370 3266335,8416204 3645427))
32630;POLYGON((7395099 3172893,7724401 3315357,7873008 2961936,7529878 2831000,7395099 3172893))
32631;POLYGON((6465030 2818741,6766072 2925814,6877243 2604629,6566129 2506835,6465030 2818741))
32632;POLYGON((5608692 2551334,5886886 2632366,5970691 2337087,5685062 2263482,5608692 2551334))
32633;POLYGON((4811711 2348403,5071561 2409956,5135047 2135367,4869599 2079712,4811711 2348403))
32634;POLYGON((4062072 2194398,4307351 2241043,4355416 1982824,4105807 1940803,4062072 2194398))
32635;POLYGON((3349632 2078539,3583541 2113435,3619559 1867971,3382190 1836622,3349632 2078539))
32636;POLYGON((2665704 1993415,2890999 2018725,2917278 1782944,2689111 1760252,2665704 1993415))
32637;POLYGON((2002708 1934012,2221813 1951187,2239901 1722421,2018311 1707044,2002708 1934012))
32638;POLYGON((1353862 1897065,1568966 1907029,1579861 1682897,1362505 1673984,1353862 1897065))
32639;POLYGON((712922 1880641,926061 1883908,930334 1662218,715053 1659297,712922 1880641))
32640;POLYGON((73938 1883908,287077 1880641,284946 1659297,69665 1662218,73938 1883908))
32641;POLYGON((-568966 1907029,-353862 1897065,-362505 1673984,-579861 1682897,-568966 1907029))
32642;POLYGON((-1221813 1951187,-1002708 1934012,-1018311 1707044,-1239901 1722421,-1221813 1951187))
32643;POLYGON((-1890999 2018725,-1665704 1993415,-1689111 1760252,-1917278 1782944,-1890999 2018725))
32644;POLYGON((-2583541 2113435,-2349632 2078539,-2382190 1836622,-2619559 1867971,-2583541 2113435))
32645;POLYGON((-3307351 2241043,-3062072 2194398,-3105807 1940803,-3355416 1982824,-3307351 2241043))
32646;POLYGON((-4071561 2409956,-3811711 2348403,-3869599 2079712,-4135047 2135367,-4071561 2409956))
32647;POLYGON((-4886886 2632366,-4608692 2551334,-4685062 2263482,-4970691 2337087,-4886886 2632366))
32648;POLYGON((-5766072 2925814,-5465030 2818741,-5566129 2506835,-5877243 2604629,-5766072 2925814))
32649;POLYGON((-6724401 3315357,-6395099 3172893,-6529878 2831000,-6873008 2961936,-6724401 3315357))
32650;POLYGON((-7780297 3836489,-7416204 3645427,-7597370 3266335,-7980591 3443134,-7780297 3836489))
32651;POLYGON((-8956027 4538997,-8549246 4280872,-8794653 3855815,-9227955 4096358,-8956027 4538997))
32652;POLYGON((-10278511 5491937,-9819497 5141227,-10153942 4659583,-10649663 4988700,-10278511 5491937))
32653;POLYGON((-11780256 6789975,-11257489 6311827,-11714988 5760778,-12288324 6212512,-11780256 6789975))
32654;POLYGON((-13500426 8561310,-12900040 7908702,-13526675 7272876,-14196257 7893312,-13500426 8561310))
32655;POLYGON((-15486053 10977456,-14791415 10087714,-15648841 9348799,-16437402 10199542,-15486053 10977456))
32656;POLYGON((-17793404 14265168,-16984641 13055736,-18154362 12192077,-19089487 13354479,-17793404 14265168))
32657;POLYGON((-20489526 18720816,-19542990 17084173,-21131495 16070365,-22246473 17650607,-20489526 18720816))
32658;POLYGON((-23653956 24727539,-22541632 22525146,-24686532 21331628,-26021298 23466773,-23653956 24727539))
32659;POLYGON((-27380630 32775517,-26069480 29830696,-28946743 28423355,-30548944 31288481,-27380630 32775517))
32660;POLYGON((-31779997 43485759,-30231232 39575347,-34063668 37915153,-35989826 41731711,-31779997 43485759))
