32701;POLYGON((3826649 -1276817,2830032 -1578692,2365146 -552685,3241736 -165441,3826649 -1276817))
32702;POLYGON((7412765 161437,6111257 -416563,5244384 877167,6381646 1552158,7412765 161437))
32703;POLYGON((12043295 2622094,10370846 1668387,8958362 3264588,10410923 4326666,12043295 2622094))
32704;POLYGON((17938668 6453505,15817936 4999211,13679820 6931315,15511407 8504495,17938668 6453505))
32705;POLYGON((25356033 12089320,22696948 9979490,19609915 12277568,21894493 14515126,25356033 12089320))
32706;POLYGON((34593816 20064067,31292020 17108273,26981727 19796413,29804733 22886086,34593816 20064067))
32707;POLYGON((45996647 31030757,41931809 26996988,36064058 30090007,39523729 34259859,45996647 31030757))
32708;POLYGON((59960679 45780694,54994679 40388498,47165530 43887898,51374341 49412897,59960679 45780694))
32709;POLYGON((76939316 65265664,70914288 58178474,60638992 62067528,65725199 69276905,76939316 65265664))
32710;POLYGON((-82356146 73003555,90185591 81439272,76886264 85677122,-70135336 77131444,-82356146 73003555))
32711;POLYGON((-64261113 51697484,-69914288 58178474,-59638992 62067528,-54860542 55459868,-64261113 51697484))
32712;POLYGON((-49345591 35483569,-53994679 40388498,-46165530 43887898,-42219870 38848355,-49345591 35483569))
32713;POLYGON((-37135749 23351163,-40931809 26996988,-35064058 30090007,-31828372 26308306,-37135749 23351163))
32714;POLYGON((-27217007 14458058,-30292020 17108273,-25981727 19796413,-23348451 17013998,-27217007 14458058))
32715;POLYGON((-19228171 8107460,-21696948 9979490,-18609915 12277568,-16485233 10280514,-19228171 8107460))
32716;POLYGON((-12855981 3727407,-14817936 4999211,-12679820 6931315,-10982264 5543987,-12855981 3727407))
32717;POLYGON((-7830052 852450,-9370846 1668387,-7958362 3264588,-6617510 2344010,-7830052 852450))
32718;POLYGON((-3918199 -892581,-5111257 -416563,-4244384 877167,-3199664 308031,-3918199 -892581))
32719;POLYGON((-922126 -1806895,-1830032 -1578692,-1365146 -552685,-564728 -862415,-922126 -1806895))
32720;POLYGON((1326539 -2126283,650755 -2073638,826900 -1280857,1427121 -1403794,1326539 -2126283))
32721;POLYGON((2969874 -2034053,2481565 -2101081,2457079 -1508426,2894413 -1501114,2969874 -2034053))
32722;POLYGON((4126970 -1670506,3788800 -1814690,3631194 -1391258,3937006 -1297072,4126970 -1670506))
32723;POLYGON((4896937 -1141065,4677916 -1330688,4438002 -1048289,4638480 -899927,4896937 -1141065))
32724;POLYGON((5361628 -523227,5236233 -735177,4951443 -568622,5068300 -390226,5361628 -523227))
32725;POLYGON((5588083 127575,5535472 -90354,5232670 -17556,5283765 173495,5588083 127575))
32726;POLYGON((5630718 773063,5634031 560276,5331857 558339,5331763 749932,5630718 773063))
32727;POLYGON((5533277 1388043,5579007 1187561,5289826 1126992,5250324 1311033,5533277 1388043))
32728;POLYGON((5330551 1957086,5407999 1773145,5139483 1667337,5070009 1838745,5330551 1957086))
32729;POLYGON((5049893 2471845,5150682 2306581,4907096 2166485,4815126 2322371,5049893 2471845))
32730;POLYGON((4712533 2928937,4830193 2783038,4613404 2617445,4504795 2756468,4712533 2928937))
32731;POLYGON((4334712 3328286,4464320 3201494,4274590 3017332,4153871 3139193,4334712 3328286))
32732;POLYGON((3928662 3671873,4066533 3563363,3903116 3365982,3773744 3471040,3928662 3671873))
32733;POLYGON((3503422 3962797,3646853 3871458,3508443 3664900,3373010 3753890,3503422 3962797))
32734;POLYGON((3065531 4204613,3212582 4129241,3097634 3916494,2958053 3990315,3065531 4204613))
32735;POLYGON((2619598 4400870,2768916 4340304,2675867 4123513,2533521 4183091,2619598 4400870))
32736;POLYGON((2168775 4554806,2319446 4508015,2246861 4288680,2102729 4334868,2168775 4554806))
32737;POLYGON((1715132 4669167,1866566 4635299,1813231 4414432,1667990 4447951,1715132 4669167))
32738;POLYGON((1259973 4746092,1411804 4724504,1376779 4502773,1230894 4524177,1259973 4746092))
32739;POLYGON((804085 4787066,956095 4777339,938743 4555176,792537 4564831,804085 4787066))
32740;POLYGON((347950 4792894,500000 4794835,500000 4572544,353719 4570617,347950 4792894))
32741;POLYGON((-108063 4763691,43904 4777339,61256 4555176,-84872 4541634,-108063 4763691))
32742;POLYGON((-563534 4698881,-411804 4724504,-376779 4502773,-522491 4477380,-563534 4698881))
32743;POLYGON((-1017796 4597205,-866566 4635299,-813231 4414432,-958163 4376760,-1017796 4597205))
32744;POLYGON((-1469746 4456737,-1319446 4508015,-1246861 4288680,-1390487 4238116,-1469746 4456737))
32745;POLYGON((-1917598 4274925,-1768916 4340304,-1675867 4123513,-1817418 4059287,-1917598 4274925))
32746;POLYGON((-2358602 4048680,-2212582 4129241,-2097634 3916494,-2236010 3837720,-2358602 4048680))
32747;POLYGON((-2788679 3774528,-2646853 3871458,-2508443 3664900,-2642099 3570650,-2788679 3774528))
32748;POLYGON((-3201994 3448874,-3066533 3563363,-2903116 3365982,-3029931 3255390,-3201994 3448874))
32749;POLYGON((-3590410 3068403,-3464320 3201494,-3274590 3017332,-3391704 2889764,-3590410 3068403))
32750;POLYGON((-3942845 2630674,-3830193 2783038,-3613404 2617445,-3717030 2472725,-3942845 2630674))
32751;POLYGON((-4244495 2134955,-4150682 2306581,-3907096 2166485,-3992292 2005211,-4244495 2134955))
32752;POLYGON((-4475910 1583364,-4407999 1773145,-4139483 1667337,-4199887 1491304,-4475910 1583364))
32753;POLYGON((-4611915 982381,-4579007 1187561,-4289826 1126992,-4317348 939739,-4611915 982381))
32754;POLYGON((-4620357 344806,-4634031 560276,-4331857 558339,-4316326 365852,-4620357 344806))
32755;POLYGON((-4460657 -307755,-4535472 -90354,-4232670 -17556,-4161425 -205968,-4460657 -307755))
32756;POLYGON((-4082160 -941801,-4236233 -735177,-3951443 -568622,-3808875 -739239,-4082160 -941801))
32757;POLYGON((-3422267 -1508117,-3677916 -1330688,-3438002 -1048289,-3205032 -1181657,-3422267 -1508117))
32758;POLYGON((-2404321 -1937165,-2788800 -1814690,-2631194 -1391258,-2284692 -1460599,-2404321 -1937165))
32759;POLYGON((-935252 -2133545,-1481565 -2101081,-1457079 -1508426,-969211 -1477737,-935252 -2133545))
32760;POLYGON((1097050 -1969425,349244 -2073638,173099 -1280857,835589 -1102669,1097050 -1969425))
