32601;POLYGON((332706 9873686,-140723 10147196,276065 10351958,851164 10068852,332706 9873686))
32602;POLYGON((2018552 8657229,1409754 9135528,2165891 9293971,2912559 8786873,2018552 8657229))
32603;POLYGON((4159822 6691944,3390603 7443973,4603506 7490340,5555975 6681652,4159822 6691944))
32604;POLYGON((6839060 3737992,5880629 4849523,7696953 4689677,8894944 3482449,6839060 3737992))
32605;POLYGON((10150872 -501092,8970272 1075657,11571403 578999,13060800 -1146710,10150872 -501092))
32606;POLYGON((14203285 -6388579,12762928 -4217417,16371226 -5227667,18204800 -7618924,14203285 -6388579))
32607;POLYGON((19119207 -14366035,17376375 -11443805,22262229 -13202206,24500427 -16437863,19119207 -14366035))
32608;POLYGON((25038002 -24966260,22944310 -21104363,29434076 -23916975,32145862 -28212919,25038002 -24966260))
32609;POLYGON((32117181 -38827780,29618000 -33800665,38102885 -38061167,41366659 -43676194,32117181 -38827780))
32610;POLYGON((40534212 -56711011,37568051 -50250592,48514034 -56459098,52418598 -63701466,40534212 -56711011))
32611;POLYGON((-36568051 -50250592,-39534212 -56711011,-51418598 -63701466,-47514034 -56459098,-36568051 -50250592))
32612;POLYGON((-28618000 -33800665,-31117181 -38827780,-40366659 -43676194,-37102885 -38061167,-28618000 -33800665))
32613;POLYGON((-21944310 -21104363,-24038002 -24966260,-31145862 -28212919,-28434076 -23916975,-21944310 -21104363))
32614;POLYGON((-16376375 -11443805,-18119207 -14366035,-23500427 -16437863,-21262229 -13202206,-16376375 -11443805))
32615;POLYGON((-11762928 -4217417,-13203285 -6388579,-17204800 -7618924,-15371226 -5227667,-11762928 -4217417))
32616;POLYGON((-7970272 1075657,-9150872 -501092,-12060800 -1146710,-10571403 578999,-7970272 1075657))
32617;POLYGON((-4880629 4849523,-5839060 3737992,-7894944 3482449,-6696953 4689677,-4880629 4849523))
32618;POLYGON((-2390603 7443973,-3159822 6691944,-4555975 6681652,-3603506 7490340,-2390603 7443973))
32619;POLYGON((-409754 9135528,-1018552 8657229,-1912559 8786873,-1165891 9293971,-409754 9135528))
32620;POLYGON((1140723 10147196,667293 9873686,148835 10068852,723934 10351958,1140723 10147196))
32621;POLYGON((2329226 10657042,1969450 10533477,1725898 10743548,2158787 10864088,2329226 10657042))
32622;POLYGON((3214859 10805674,2950002 10788925,2902279 10981273,3218008 10987279,3214859 10805674))
32623;POLYGON((3848474 10702750,3662442 10759338,3749229 10914632,3969059 10843139,3848474 10702750))
32624;POLYGON((4273614 10432587,4152651 10536911,4327112 10645377,4468984 10524487,4273614 10432587))
32625;POLYGON((4527379 10058972,4459784 10191784,4686767 10250275,4765729 10100913,4527379 10058972))
32626;POLYGON((4641205 9629244,4617082 9776368,4870749 9786105,4899341 9623502,4641205 9629244))
32627;POLYGON((4641582 9177738,4652611 9328985,4914443 9293859,4903043 9128796,4641582 9177738))
32628;POLYGON((4550693 8728653,4589920 8876927,4847066 8802251,4804199 8642088,4550693 8728653))
32629;POLYGON((4386991 8298426,4448647 8438984,4692560 8330617,4625175 8180136,4386991 8298426))
32630;POLYGON((4165721 7897665,4245051 8027514,4470385 7891268,4384095 7753352,4165721 7897665))
32631;POLYGON((3899376 7532704,3992495 7650125,4196219 7491392,4095521 7367569,3899376 7532704))
32632;POLYGON((3598111 7206840,3701870 7311008,3882577 7134558,3771031 7025423,3598111 7206840))
32633;POLYGON((3270108 6921296,3381979 7011984,3539341 6821880,3419741 6727421,3270108 6921296))
32634;POLYGON((2921897 6675960,3039869 6753315,3174232 6552912,3048742 6472752,2921897 6675960))
32635;POLYGON((2558640 6469934,2681128 6534316,2793210 6326308,2663487 6259887,2558640 6469934))
32636;POLYGON((2184384 6301942,2310148 6353798,2400820 6140305,2268117 6087006,2184384 6301942))
32637;POLYGON((1802282 6170620,1930357 6210401,2000491 5993062,1865748 5952295,1802282 6170620))
32638;POLYGON((1414794 6074709,1544427 6102813,1594791 5882890,1458712 5854153,1414794 6074709))
32639;POLYGON((1023866 6013191,1154454 6029925,1185648 5808400,1048768 5791314,1023866 6013191))
32640;POLYGON((631090 5985372,762132 5990929,774548 5768595,637294 5762926,631090 5985372))
32641;POLYGON((237867 5990929,368909 5985372,362705 5762926,225451 5768595,237867 5990929))
32642;POLYGON((-154454 6029925,-23866 6013191,-48768 5791314,-185648 5808400,-154454 6029925))
32643;POLYGON((-544427 6102813,-414794 6074709,-458712 5854153,-594791 5882890,-544427 6102813))
32644;POLYGON((-930357 6210401,-802282 6170620,-865748 5952295,-1000491 5993062,-930357 6210401))
32645;POLYGON((-1310148 6353798,-1184384 6301942,-1268117 6087006,-1400820 6140305,-1310148 6353798))
32646;POLYGON((-1681128 6534316,-1558640 6469934,-1663487 6259887,-1793210 6326308,-1681128 6534316))
32647;POLYGON((-2039869 6753315,-1921897 6675960,-2048742 6472752,-2174232 6552912,-2039869 6753315))
32648;POLYGON((-2381979 7011984,-2270108 6921296,-2419741 6727421,-2539341 6821880,-2381979 7011984))
32649;POLYGON((-2701870 7311008,-2598111 7206840,-2771031 7025423,-2882577 7134558,-2701870 7311008))
32650;POLYGON((-2992495 7650125,-2899376 7532704,-3095521 7367569,-3196219 7491392,-2992495 7650125))
32651;POLYGON((-3245051 8027514,-3165721 7897665,-3384095 7753352,-3470385 7891268,-3245051 8027514))
32652;POLYGON((-3448647 8438984,-3386991 8298426,-3625175 8180136,-3692560 8330617,-3448647 8438984))
32653;POLYGON((-3589920 8876927,-3550693 8728653,-3804199 8642088,-3847066 8802251,-3589920 8876927))
32654;POLYGON((-3652611 9328985,-3641582 9177738,-3903043 9128796,-3914443 9293859,-3652611 9328985))
32655;POLYGON((-3617082 9776368,-3641205 9629244,-3899341 9623502,-3870749 9786105,-3617082 9776368))
32656;POLYGON((-3459784 10191784,-3527379 10058972,-3765729 10100913,-3686767 10250275,-3459784 10191784))
32657;POLYGON((-3152651 10536911,-3273614 10432587,-3468984 10524487,-3327112 10645377,-3152651 10536911))
32658;POLYGON((-2662442 10759338,-2848474 10702750,-2969059 10843139,-2749229 10914632,-2662442 10759338))
32659;POLYGON((-1950002 10788925,-2214859 10805674,-2218008 10987279,-1902279 10981273,-1950002 10788925))
32660;POLYGON((-969450 10533477,-1329226 10657042,-1158787 10864088,-725898 10743548,-969450 10533477))
