32601;POLYGON((1652229 13160320,788012 13172801,668182 14651195,1592640 14806807,1652229 13160320))
32602;POLYGON((4813522 12775015,3658153 12968896,3746438 14995901,4991145 15016645,4813522 12775015))
32603;POLYGON((8979858 11696665,7466285 12148495,7858078 14874130,9498552 14694315,8979858 11696665))
32604;POLYGON((14376226 9654361,12425308 10461756,13243110 14070656,15368721 13605634,14376226 9654361))
32605;POLYGON((21267090 6305709,18785979 7591558,20184929 12309620,22900765 11451906,21267090 6305709))
32606;POLYGON((29961514 1223028,26841899 3140295,29016085 9242350,32444991 7857194,29961514 1223028))
32607;POLYGON((40818728 -6122331,36934929 -3385160,40124563 4433479,44409346 2353825,40818728 -6122331))
32608;POLYGON((54254148 -16377728,49461059 -12590493,53960585 -2654808,59266404 -5634008,54254148 -16377728))
32609;POLYGON((70745878 -30329176,64876745 -25213138,71043965 -12680547,77560908 -16808736,70745878 -30329176))
32610;POLYGON((90841707 -48923699,83705737 -42143809,91972026 -26441943,99917881 -32020122,90841707 -48923699))
32611;POLYGON((-89841707 -48923699,-97446874 -56343616,-107393648 -38158566,-98917881 -32020122,-89841707 -48923699))
32612;POLYGON((-69745878 -30329176,-76014832 -35959584,-83528504 -21384041,-76560908 -16808736,-69745878 -30329176))
32613;POLYGON((-53254148 -16377728,-58386254 -20574313,-63953501 -8966097,-58266404 -5634008,-53254148 -16377728))
32614;POLYGON((-39818728 -6122331,-43988479 -9181701,-48014947 -840,-43409346 2353825,-39818728 -6122331))
32615;POLYGON((-28961514 1223028,-32320978 -944671,-35142269 6260852,-31444991 7857194,-28961514 1223028))
32616;POLYGON((-20267090 6305709,-22948184 4828020,-24839703 10434836,-21900765 11451906,-20267090 6305709))
32617;POLYGON((-13376226 9654361,-15492832 8702517,-16678564 13022907,-14368721 13605634,-13376226 9654361))
32618;POLYGON((-7979858 11696665,-9629777 11138316,-10290072 14429880,-8498552 14694315,-7979858 11696665))
32619;POLYGON((-3813522 12775015,-5080278 12504617,-5358735 14978697,-3991145 15016645,-3813522 12775015))
32620;POLYGON((-652229 13160320,-1606730 13094734,-1616239 14923736,-592640 14806807,-652229 13160320))
32621;POLYGON((1694242 13064074,992177 13138725,1164162 14462444,1911015 14245594,1694242 13064074))
32622;POLYGON((3385643 12648855,2885900 12814398,3172780 13745461,3699047 13470052,3385643 12648855))
32623;POLYGON((4555176 12037381,4216078 12256834,4568165 12885369,4920385 12581796,4555176 12037381))
32624;POLYGON((5313046 11320280,5100207 11566570,5481357 11964174,5697771 11654110,5313046 11320280))
32625;POLYGON((5749670 10562680,5634966 10816568,6019722 11039680,6131464 10737968,5749670 10562680))
32626;POLYGON((5938556 9809768,5899199 10058104,6270396 10150845,6302560 9867078,5938556 9809768))
32627;POLYGON((5938876 9091412,5956588 9325691,6303370 9322241,6275957 9062066,5938876 9091412))
32628;POLYGON((5797745 8425964,5858031 8641145,6174222 8567721,6102980 8333908,5797745 8425964))
32629;POLYGON((5552233 7823356,5643739 8016899,5926528 7893396,5823691 7686688,5552233 7823356))
32630;POLYGON((5231121 7287561,5345075 7458673,5593978 7300008,5468902 7119790,5231121 7287561))
32631;POLYGON((4856427 6818538,4986157 6967580,5202201 6784781,5061916 6629605,4856427 6818538))
32632;POLYGON((4444711 6413715,4585231 6541750,4770341 6342846,4620026 6210813,4444711 6413715))
32633;POLYGON((4008192 6069105,4155850 6177563,4312394 5968287,4155768 5857333,4008192 6069105))
32634;POLYGON((3555676 5780113,3707864 5870554,3838329 5654908,3677988 5562997,3555676 5780113))
32635;POLYGON((3093338 5542094,3248249 5616046,3355020 5396737,3192701 5321994,3093338 5542094))
32636;POLYGON((2625351 5350733,2781782 5409581,2867001 5188370,2703808 5129155,2625351 5350733))
32637;POLYGON((2154403 5202272,2311597 5247197,2377084 5025158,2213656 4980108,2154403 5202272))
32638;POLYGON((1682109 5093638,1839624 5125583,1886836 4903308,1723486 4871355,1682109 5093638))
32639;POLYGON((1209331 5022507,1366947 5042162,1396957 4819914,1233780 4800288,1209331 5022507))
32640;POLYGON((736446 4987329,894076 4995124,907578 4772959,744533 4765182,736446 4987329))
32641;POLYGON((263553 4987329,421184 4983436,418491 4761299,255466 4765182,263553 4987329))
32642;POLYGON((-209331 5022507,-51706 5006840,-70657 4784650,-233780 4800288,-209331 5022507))
32643;POLYGON((-682109 5093638,-524544 5065853,-560192 4843581,-723486 4871355,-682109 5093638))
32644;POLYGON((-1154403 5202272,-997066 5161766,-1050231 4939527,-1213656 4980108,-1154403 5202272))
32645;POLYGON((-1625351 5350733,-1468599 5296646,-1540483 5074797,-1703808 5129155,-1625351 5350733))
32646;POLYGON((-2093338 5542094,-1937811 5473322,-2029994 5252596,-2192701 5321994,-2093338 5542094))
32647;POLYGON((-2555676 5780113,-2402413 5695332,-2516829 5477008,-2677988 5562997,-2555676 5780113))
32648;POLYGON((-3008192 6069105,-2858778 5966827,-2997663 5752948,-3155768 5857333,-3008192 6069105))
32649;POLYGON((-3444711 6413715,-3301464 6292376,-3467255 6086037,-3620026 6210813,-3444711 6413715))
32650;POLYGON((-3856427 6818538,-3722619 6676640,-3917792 6482367,-4061916 6629605,-3856427 6818538))
32651;POLYGON((-4231121 7287561,-4111258 7123888,-4338075 6948110,-4468902 7119790,-4231121 7287561))
32652;POLYGON((-4552233 7823356,-4452382 7637269,-4712527 7488928,-4823691 7686688,-4552233 7823356))
32653;POLYGON((-4797745 8425964,-4725929 8217815,-5020003 8109127,-5102980 8333908,-4797745 8425964))
32654;POLYGON((-4938876 9091412,-4905530 8863080,-5232372 8810488,-5275957 9062066,-4938876 9091412))
32655;POLYGON((-4938556 9809768,-4957060 9565366,-5312868 9590709,-5302560 9867078,-4938556 9809768))
32656;POLYGON((-4749670 10562680,-4836964 10309438,-5214162 10441392,-5131464 10737968,-4749670 10562680))
32657;POLYGON((-4313046 11320280,-4490329 11069652,-4876154 11345471,-4697771 11654110,-4313046 11320280))
32658;POLYGON((-3555176 12037381,-3848696 11806400,-4223461 12274024,-3920385 12581796,-3555176 12037381))
32659;POLYGON((-2385643 12648855,-2827590 12461769,-3162562 13182351,-2699047 13470052,-2385643 12648855))
32660;POLYGON((-694242 13064074,-1323739 12954309,-1578603 14005220,-911015 14245594,-694242 13064074))
