32601;POLYGON((1465661 15774987,519844 15516698,16642 17491285,983915 17991908,1465661 15774987))
32602;POLYGON((4951909 16352445,3673636 16198453,3252062 18971953,4570269 19444216,4951909 16352445))
32603;POLYGON((9590959 16504539,7900991 16512824,7622294 20332256,9376765 20738291,9590959 16504539))
32604;POLYGON((15649393 16023404,13453848 16269282,13398841 21446250,15690883 21735261,15649393 16023404))
32605;POLYGON((23441641 14642054,20630013 15221788,20903275 22146460,23852354 22251887,23441641 14642054))
32606;POLYGON((33336297 12022546,29779293 13057465,30513984 22214960,34260106 22051225,33336297 12022546))
32607;POLYGON((45762964 7742478,41310158 9383673,42673510 21373164,47379803 20831959,45762964 7742478))
32608;POLYGON((61219682 1279701,55696974 3713326,57896513 19270199,63752026 18216276,61219682 1279701))
32609;POLYGON((80280935 -8004916,73487816 -4551670,76778376 15469751,84001091 13736173,80280935 -8004916))
32610;POLYGON((103606281 -20886833,95312888 -16139047,100004481 9435246,108844563 6818059,103606281 -20886833))
32611;POLYGON((-102606281 -20886833,-111456372 -26136533,-117285418 3853769,-107844563 6818059,-102606281 -20886833))
32612;POLYGON((-79280935 -8004916,-86547066 -11856565,-90733445 11732713,-83001091 13736173,-79280935 -8004916))
32613;POLYGON((-60219682 1279701,-66142195 -1466341,-69037532 16956061,-62752026 18216276,-60219682 1279701))
32614;POLYGON((-44762964 7742478,-49551815 5859721,-51446800 20136337,-46379803 20831959,-44762964 7742478))
32615;POLYGON((-32336297 12022546,-36174073 10803939,-37306939 21774940,-33260106 22051225,-32336297 12022546))
32616;POLYGON((-22441641 14642054,-25486368 13925441,-26050471 22278144,-22852354 22251887,-22441641 14642054))
32617;POLYGON((-14649393 16023404,-17037138 15678084,-17187699 21971340,-14690883 21735261,-14649393 16023404))
32618;POLYGON((-8590959 16504539,-10438243 16426381,-10298320 21111678,-8376765 20738291,-8590959 16504539))
32619;POLYGON((-3951909 16352445,-5357924 16459574,-5023669 19899194,-3570269 19444216,-3951909 16352445))
32620;POLYGON((-465661 15774987,-1514318 16004016,-1059586 18486593,16084 17991908,-465661 15774987))
32621;POLYGON((2092296 14931250,1330497 15233991,1850145 16987748,2623889 16483993,2092296 14931250))
32622;POLYGON((3909695 13940489,3375957 14281116,3919787 15485076,4454662 14993850,3909695 13940489))
32623;POLYGON((5142297 12889837,4787973 13242447,5327115 14035853,5675138 13571620,5142297 12889837))
32624;POLYGON((5918250 11840871,5703442 12187415,6218360 12677604,6422054 12249289,5918250 11840871))
32625;POLYGON((6342021 10835174,6234313 11163709,6712688 11432638,6806465 11044969,6342021 10835174))
32626;POLYGON((6497916 9898979,6471244 10202212,6906206 10311828,6917608 9966445,6497916 9898979))
32627;POLYGON((6453220 9047015,6486867 9321109,6875542 9317725,6826343 9014078,6453220 9047015))
32628;POLYGON((6260978 8285641,6338688 8529239,6681022 8447077,6588201 8183156,6260978 8285641))
32629;POLYGON((5962439 7615367,6071636 7828816,6369462 7692843,6246055 7465738,5962439 7615367))
32630;POLYGON((5589189 7032831,5720298 7217578,5976608 7045752,5832443 6852095,5589189 7032831))
32631;POLYGON((5164986 6532337,5310855 6690464,5529246 6495496,5371581 6331777,5164986 6532337))
32632;POLYGON((4707339 6106999,4862739 6240875,5047008 6031596,4881069 5894398,4707339 6106999))
32633;POLYGON((4228835 5749574,4390044 5861613,4543901 5644018,4373335 5530167,4228835 5749574))
32634;POLYGON((3738250 5453035,3902707 5545528,4029585 5323567,3856832 5230231,3738250 5453035))
32635;POLYGON((3241461 5210955,3407479 5285962,3510420 5062129,3337021 4986865,3241461 5210955))
32636;POLYGON((2742185 5017721,2908727 5077014,2990320 4852781,2817156 4793554,2742185 5017721))
32637;POLYGON((2242568 4868653,2409063 4913684,2471424 4689821,2298907 4644996,2242568 4868653))
32638;POLYGON((1743639 4760040,1909843 4791938,1954618 4568736,1782840 4537064,1743639 4760040))
32639;POLYGON((1245674 4689135,1411561 4708711,1439944 4486147,1268783 4466744,1245674 4689135))
32640;POLYGON((748464 4654130,914143 4661883,926893 4439746,756099 4432069,748464 4654130))
32641;POLYGON((251535 4654130,417181 4650259,414639 4428236,243900 4432069,251535 4654130))
32642;POLYGON((-245674 4689135,-79874 4673541,-97776 4451293,-268783 4466744,-245674 4689135))
32643;POLYGON((-743639 4760040,-577546 4732323,-611288 4509563,-782840 4537064,-743639 4760040))
32644;POLYGON((-1242568 4868653,-1076155 4828109,-1126638 4604676,-1298907 4644996,-1242568 4868653))
32645;POLYGON((-1742185 5017721,-1575614 4963328,-1644180 4739289,-1817156 4793554,-1742185 5017721))
32646;POLYGON((-2241461 5210955,-2075178 5141367,-2163629 4917153,-2337021 4986865,-2241461 5210955))
32647;POLYGON((-2738250 5453035,-2573121 5366586,-2683730 5143171,-2856832 5230231,-2738250 5453035))
32648;POLYGON((-3228835 5749574,-3066307 5644295,-3201818 5423450,-3373335 5530167,-3228835 5749574))
32649;POLYGON((-3707339 6106999,-3549653 5980668,-3713249 5765319,-3881069 5894398,-3707339 6106999))
32650;POLYGON((-4164986 6532337,-4015442 6382564,-4210664 6177268,-4371581 6331777,-4164986 6532337))
32651;POLYGON((-4589189 7032831,-4452470 6857209,-4683082 6668806,-4832443 6852095,-4589189 7032831))
32652;POLYGON((-4962439 7615367,-4845006 7411685,-5114775 7250170,-5246055 7465738,-4962439 7615367))
32653;POLYGON((-5260978 8285641,-5171536 8052197,-5483910 7931860,-5588201 8183156,-5260978 8285641))
32654;POLYGON((-5453220 9047015,-5403275 8783034,-5760928 8723951,-5826343 9014078,-5453220 9047015))
32655;POLYGON((-5497916 9898979,-5502417 9605172,-5906645 9635120,-5917608 9966445,-5497916 9898979))
32656;POLYGON((-5342021 10835174,-5420106 10514455,-5870029 10671338,-5806465 11044969,-5342021 10835174))
32657;POLYGON((-4918250 11840871,-5094092 11499260,-5585648 11834170,-5422054 12249289,-4918250 11840871))
32658;POLYGON((-4142297 12889837,-4446076 12537578,-4970754 13118600,-4675138 13571620,-4142297 12889837))
32659;POLYGON((-2909695 13940489,-3378683 13593417,-3921971 14510319,-3454662 14993850,-2909695 13940489))
32660;POLYGON((-1092296 14931250,-1772074 14612436,-2311582 15982402,-1623889 16483993,-1092296 14931250))
