32701;POLYGON((981664 -1495914,275413 -1642040,48033 -985874,665244 -784755,981664 -1495914))
32702;POLYGON((3553224 -662648,2615326 -1013974,2087488 -188152,2901083 222518,3553224 -662648))
32703;POLYGON((6920545 940228,5699651 304572,4756426 1311424,5808218 2008904,6920545 940228))
32704;POLYGON((11255441 3591283,9691192 2571150,8187196 3763864,9526104 4845452,11255441 3591283))
32705;POLYGON((16759110 7640267,14780950 6110365,12534360 7484066,14217320 9070985,16759110 7640267))
32706;POLYGON((23665887 13521649,21191777 11326833,17977504 12862996,20070457 15104811,23665887 13521649))
32707;POLYGON((32247324 21769976,29182347 18719914,24724286 20381515,27303255 23461138,32247324 21769976))
32708;POLYGON((42816600 33037244,39051451 28900396,33013742 30626023,36165985 34765357,42816600 33037244))
32709;POLYGON((55733276 48112422,51142639 42609279,43119845 44306065,46945106 49772337,55733276 48112422))
32710;POLYGON((71408422 67943316,65849219 60738844,55355344 62274057,59967193 69386888,71408422 67943316))
32711;POLYGON((-76325613 75800143,83619629 84356171,70075880 85547293,-63869070 77129774,-76325613 75800143))
32712;POLYGON((-59629941 54142472,-64849219 60738844,-54355344 62274057,-50019222 55749142,-59629941 54142472))
32713;POLYGON((-45842147 37595888,-50142639 42609279,-42119845 44306065,-38530830 39314878,-45842147 37595888))
32714;POLYGON((-34532791 25154350,-38051451 28900396,-32013742 30626023,-29063029 26867241,-34532791 25154350))
32715;POLYGON((-25325728 15978494,-28182347 18719914,-23724286 20381515,-21316438 17603768,-25325728 15978494))
32716;POLYGON((-17892864 9372948,-20191777 11326833,-16977504 12862996,-15029142 10858047,-17892864 9372948))
32717;POLYGON((-11949281 4766046,-13780950 6110365,-11534360 7484066,-9972946 6080712,-11949281 4766046))
32718;POLYGON((-7248706 1691764,-8691192 2571150,-7187196 3763864,-5949904 2822513,-7248706 1691764))
32719;POLYGON((-3579327 -226296,-4699651 304572,-3756426 1311424,-2789099 719293,-3579327 -226296))
32720;POLYGON((-759935 -1289037,-1615326 -1013974,-1087488 -188152,-343674 -521277,-759935 -1289037))
32721;POLYGON((1363630 -1734246,724586 -1642040,951966 -985874,1511901 -1131344,1363630 -1734246))
32722;POLYGON((2921733 -1747410,2458036 -1781438,2474658 -1279501,2884339 -1293041,2921733 -1747410))
32723;POLYGON((4023906 -1471079,3701187 -1588072,3576040 -1222807,3863825 -1147316,4023906 -1471079))
32724;POLYGON((4761550 -1012915,4551201 -1180415,4336448 -933572,4526100 -801530,4761550 -1012915))
32725;POLYGON((5210374 -452575,5088761 -646761,4823058 -500447,4934356 -335963,5210374 -452575))
32726;POLYGON((5432596 152472,5380354 -51390,5091654 11220,5140940 190666,5432596 152472))
32727;POLYGON((5478913 762071,5480309 560259,5188216 554467,5188887 736575,5478913 762071))
32728;POLYGON((5390251 1349328,5432630 1157277,5150339 1096608,5113289 1273052,5390251 1349328))
32729;POLYGON((5199324 1897307,5272606 1719732,5008505 1615852,4942510 1781294,5199324 1897307))
32730;POLYGON((4931994 2396346,5028242 2235802,4787197 2098535,4699259 2249830,4931994 2396346))
32731;POLYGON((4608463 2841935,4721505 2699464,4505885 2536905,4401532 2672467,4608463 2841935))
32732;POLYGON((4244307 3233048,4369408 3108690,4179883 2927364,4063427 3046671,4244307 3233048))
32733;POLYGON((3851354 3570880,3984938 3464055,3821092 3269105,3695856 3372322,3851354 3570880))
32734;POLYGON((3438443 3857893,3577856 3767686,3438642 3563076,3307148 3650768,3438443 3857893))
32735;POLYGON((3012047 4097135,3155358 4022499,3039432 3811211,2903568 3884142,3012047 4097135))
32736;POLYGON((2576809 4291758,2722646 4231653,2628596 4015878,2489749 4074862,2576809 4291758))
32737;POLYGON((2135971 4444703,2283385 4398187,2209887 4179491,2069060 4225296,2135971 4444703))
32738;POLYGON((1691732 4558493,1840087 4524779,1786007 4304256,1643914 4337541,1691732 4558493))
32739;POLYGON((1245545 4635115,1394424 4613605,1358875 4392005,1216025 4413279,1245545 4635115))
32740;POLYGON((798356 4675954,947487 4666257,929865 4444098,786627 4453699,798356 4675954))
32741;POLYGON((350812 4681764,500000 4683699,500000 4461369,356670 4459452,350812 4681764))
32742;POLYGON((-96557 4652653,52512 4666257,70134 4444098,-73009 4430633,-96557 4652653))
32743;POLYGON((-543165 4588082,-394424 4613605,-358875 4392005,-501520 4366774,-543165 4588082))
32744;POLYGON((-988184 4486874,-840087 4524779,-786007 4304256,-927743 4266862,-988184 4486874))
32745;POLYGON((-1430358 4347236,-1283385 4398187,-1209887 4179491,-1350146 4129372,-1430358 4347236))
32746;POLYGON((-1867765 4166815,-1722646 4231653,-1628596 4015878,-1766577 3952334,-1867765 4166815))
32747;POLYGON((-2297547 3942791,-2155358 4022499,-2039432 3811211,-2174016 3733450,-2297547 3942791))
32748;POLYGON((-2715572 3672054,-2577856 3767686,-2438642 3563076,-2568288 3470287,-2715572 3672054))
32749;POLYGON((-3116031 3351476,-2984938 3464055,-2821092 3269105,-2943718 3160572,-3116031 3351476))
32750;POLYGON((-3490938 2978335,-3369408 3108690,-3179883 2927364,-3292718 2802629,-3490938 2978335))
32751;POLYGON((-3829540 2550923,-3721505 2699464,-3505885 2536905,-3605301 2395996,-3829540 2550923))
32752;POLYGON((-4117600 2069402,-4028242 2235802,-3787197 2098535,-3868502 1942282,-4117600 2069402))
32753;POLYGON((-4336566 1536956,-4272606 1719732,-4008505 1615852,-4065711 1446299,-4336566 1536956))
32754;POLYGON((-4462586 961319,-4432630 1157277,-4150339 1096608,-4175887 917554,-4462586 961319))
32755;POLYGON((-4465374 356732,-4480309 560259,-4188216 554467,-4172665 372147,-4465374 356732))
32756;POLYGON((-4306903 -253563,-4380354 -51390,-4091654 11220,-4023322 -164833,-4306903 -253563))
32757;POLYGON((-3939919 -834244,-4088761 -646761,-3823058 -500447,-3687617 -656355,-3939919 -834244))
32758;POLYGON((-3306251 -1334112,-3551201 -1180415,-3336448 -933572,-3116467 -1049818,-3306251 -1334112))
32759;POLYGON((-2334921 -1681503,-2701187 -1588072,-2576040 -1222807,-2250477 -1272698,-2334921 -1681503))
32760;POLYGON((-940016 -1778798,-1458036 -1781438,-1474658 -1279501,-1018289 -1227332,-940016 -1778798))
