32701;POLYGON((-32252376 -24443590,-30548944 -21288481,-27380630 -22775517,-28766368 -26014846,-32252376 -24443590))
32702;POLYGON((-38038249 -35924008,-35989826 -31731711,-31779997 -33485759,-33417696 -37777028,-38038249 -35924008))
32703;POLYGON((-44997360 -51098745,-42533555 -45570639,-36981342 -47637771,-38918715 -53281433,-44997360 -51098745))
32704;POLYGON((-53364726 -71003581,-50403055 -63769693,-43135336 -66201542,-45427832 -73569459,-53364726 -71003581))
32705;POLYGON((-63414799 -96914781,-59859093 -87520375,-50416819 -90374272,-53128610 -99923091,-63414799 -96914781))
32706;POLYGON((-75466538 -130393001,-71205200 -118283313,-59027841 -121622307,-62232884 -133908677,-75466538 -130393001))
32707;POLYGON((-89888927 -173333071,-84793046 -157836031,-69200955 -161728759,-72984154 -177426556,-89888927 -173333071))
32708;POLYGON((-107106933 -228020168,-101028245 -208326931,-81202781 -212847316,-85661236 -232767043,-107106933 -228020168))
32709;POLYGON((-127607957 -297192919,-120376641 -272336029,-95337855 -277562761,-100582212 -302673305,-127607957 -297192919))
32710;POLYGON((-151948771 -384113987,-143371078 -352942982,-111952775 -358958749,-118108673 -390411686,-151948771 -384113987))
32711;POLYGON((-180762965 -492648712,-170618682 -453802976,-131440646 -460693408,-138650270 -499850043,-180762965 -492648712))
32712;POLYGON((152948771 -384113987,162022808 -417680841,125599151 -424270075,119108673 -390411686,152948771 -384113987))
32713;POLYGON((128607957 -297192919,136265285 -324016893,107115672 -329760254,101582212 -302673305,128607957 -297192919))
32714;POLYGON((108106933 -228020168,114549829 -249318618,91368654 -254300891,86661236 -232767043,108106933 -228020168))
32715;POLYGON((90888927 -173333071,96294918 -190131612,77981008 -194434257,73984154 -177426556,90888927 -173333071))
32716;POLYGON((76466538 -130393001,80990821 -143550800,66620636 -147250989,63232884 -133908677,76466538 -130393001))
32717;POLYGON((64414799 -96914781,68192501 -107147223,56996084 -110317162,54128610 -99923091,64414799 -96914781))
32718;POLYGON((54364726 -71003581,57512999 -78902508,48852504 -81608998,46427832 -73569459,54364726 -71003581))
32719;POLYGON((45997360 -51098745,48617315 -57150444,41967892 -59454634,39918715 -53281433,45997360 -51098745))
32720;POLYGON((39038249 -35924008,41216746 -40525128,36149621 -42482440,34417696 -37777028,39038249 -35924008))
32721;POLYGON((33252376 -24443590,35063668 -27915153,31231232 -29575347,29766368 -26014846,33252376 -24443590))
32722;POLYGON((28439503 -15823685,29946743 -18423355,27069480 -19830696,25828616 -17155665,28439503 -15823685))
32723;POLYGON((24429918 -9398868,25686532 -11331628,23541632 -12525146,22487979 -10528924,24429918 -9398868))
32724;POLYGON((21080557 -4642972,22131495 -6070365,20542990 -7084173,19645262 -5603659,21080557 -4642972))
32725;POLYGON((18271490 -1144019,19154362 -2192077,17984641 -3055736,17216349 -1963468,18271490 -1144019))
32726;POLYGON((15902749 1417207,16648841 651200,15791415 -87714,15130232 714887,15902749 1417207))
32727;POLYGON((13891483 3285327,14526675 2727123,13900040 2091297,13327229 2679641,13891483 3285327))
32728;POLYGON((12169411 4645622,12714988 4239221,12257489 3688172,11757389 4119282,12169411 4645622))
32729;POLYGON((10680563 5636734,11153942 5340416,10819497 4858772,10379069 5175261,10680563 5636734))
32730;POLYGON((9379290 6361106,9794653 6144184,9549246 5719127,9157667 5952453,9379290 6361106))
32731;POLYGON((8228519 6893476,8597370 6733664,8416204 6354572,8064513 6527675,8228519 6893476))
32732;POLYGON((7198234 7287685,7529878 7168999,7395099 6827106,7075883 6956520,7198234 7287685))
32733;POLYGON((6264170 7582053,6566129 7493164,6465030 7181258,6172156 7278768,6264170 7582053))
32734;POLYGON((5406697 7803554,5685062 7736517,5608692 7448665,5337073 7522588,5406697 7803554))
32735;POLYGON((4609872 7970995,4869599 7920287,4811711 7651596,4557106 7707753,4609872 7970995))
32736;POLYGON((3860646 8097385,4105807 8059196,4062072 7805601,3820914 7848035,3860646 8097385))
32737;POLYGON((3148202 8191655,3382190 8163377,3349632 7921460,3118882 7952960,3148202 8191655))
32738;POLYGON((2463412 8259879,2689111 8239747,2665704 8006584,2442728 8029051,2463412 8259879))
32739;POLYGON((1798381 8306103,2018311 8292955,2002708 8065987,1785171 8080678,1798381 8306103))
32740;POLYGON((1146074 8332895,1362505 8326015,1353862 8102934,1139635 8110627,1146074 8332895))
32741;POLYGON((500000 8341674,715053 8340702,712922 8119358,500000 8120444,500000 8341674))
32742;POLYGON((-146074 8332895,69665 8337781,73938 8116091,-139635 8110627,-146074 8332895))
32743;POLYGON((-798381 8306103,-579861 8317102,-568966 8092970,-785171 8080678,-798381 8306103))
32744;POLYGON((-1463412 8259879,-1239901 8277578,-1221813 8048812,-1442728 8029051,-1463412 8259879))
32745;POLYGON((-2148202 8191655,-1917278 8217055,-1890999 7981274,-2118882 7952960,-2148202 8191655))
32746;POLYGON((-2860646 8097385,-2619559 8132028,-2583541 7886564,-2820914 7848035,-2860646 8097385))
32747;POLYGON((-3609872 7970995,-3355416 8017175,-3307351 7758956,-3557106 7707753,-3609872 7970995))
32748;POLYGON((-4406697 7803554,-4135047 7864632,-4071561 7590043,-4337073 7522588,-4406697 7803554))
32749;POLYGON((-5264170 7582053,-4970691 7662912,-4886886 7367633,-5172156 7278768,-5264170 7582053))
32750;POLYGON((-6198234 7287685,-5877243 7395370,-5766072 7074185,-6075883 6956520,-6198234 7287685))
32751;POLYGON((-7228519 6893476,-6873008 7038063,-6724401 6684642,-7064513 6527675,-7228519 6893476))
32752;POLYGON((-8379290 6361106,-7980591 6556865,-7780297 6163510,-8157667 5952453,-8379290 6361106))
32753;POLYGON((-9680563 5636734,-9227955 5903641,-8956027 5461002,-9379069 5175261,-9680563 5636734))
32754;POLYGON((-11169411 4645622,-10649663 5011299,-10278511 4508062,-10757389 4119282,-11169411 4645622))
32755;POLYGON((-12891483 3285327,-12288324 3787487,-11780256 3210024,-12327229 2679641,-12891483 3285327))
32756;POLYGON((-14902749 1417207,-14196257 2106687,-13500426 1438689,-14130232 714887,-14902749 1417207))
32757;POLYGON((-17271490 -1144019,-16437402 -199542,-15486053 -977456,-16216349 -1963468,-17271490 -1144019))
32758;POLYGON((-20080557 -4642972,-19089487 -3354479,-17793404 -4265168,-18645262 -5603659,-20080557 -4642972))
32759;POLYGON((-23429918 -9398868,-22246473 -7650607,-20489526 -8720816,-21487979 -10528924,-23429918 -9398868))
32760;POLYGON((-27439503 -15823685,-26021298 -13466773,-23653956 -14727539,-24828616 -17155665,-27439503 -15823685))
