32701;POLYGON((105213 -217650,98402 -203446,300835 -99646,304473 -106576,105213 -217650))
32702;POLYGON((128026 -259032,120042 -245451,312451 -120054,316780 -126587,128026 -259032))
32703;POLYGON((154024 -298441,145037 -285530,326094 -139207,331066 -145281,154024 -298441))
32704;POLYGON((182630 -335817,172845 -323582,341610 -156930,347170 -162494,182630 -335817))
32705;POLYGON((213173 -371241,202823 -359638,358828 -173076,364912 -178086,213173 -371241))
32706;POLYGON((244878 -404967,234232 -393890,377556 -187525,384100 -191949,244878 -404967))
32707;POLYGON((276872 -437449,266234 -426723,397594 -200195,404529 -204014,276872 -437449))
32708;POLYGON((308174 -469379,297882 -458744,418733 -211041,425987 -214249,308174 -469379))
32709;POLYGON((337698 -501721,328126 -490822,440759 -220061,448261 -222668,337698 -501721))
32710;POLYGON((364247 -535755,355807 -524129,463461 -227299,471143 -229331,364247 -535755))
32711;POLYGON((386513 -573125,379653 -560180,486636 -232851,494433 -234351,386513 -573125))
32712;POLYGON((627786 -547749,620346 -560180,513363 -232851,521129 -231180,627786 -547749))
32713;POLYGON((653058 -512804,644192 -524129,536538 -227299,544168 -225080,653058 -512804))
32714;POLYGON((681729 -480057,671873 -490822,559240 -220061,566667 -217255,681729 -480057))
32715;POLYGON((712565 -448112,702117 -458744,581266 -211041,588421 -207630,712565 -448112))
32716;POLYGON((744442 -415904,733765 -426723,602405 -200195,609217 -196173,744442 -415904))
32717;POLYGON((776346 -382654,765767 -393890,622443 -187525,628842 -182903,776346 -382654))
32718;POLYGON((807367 -347833,797176 -359638,641171 -173076,647088 -167877,807367 -347833))
32719;POLYGON((836698 -311125,827154 -323582,658389 -156930,663759 -151191,836698 -311125))
32720;POLYGON((863635 -272393,854962 -285530,673905 -139207,678669 -132973,863635 -272393))
32721;POLYGON((887568 -231655,879957 -245451,687548 -120054,691652 -113381,887568 -231655))
32722;POLYGON((907983 -189051,901597 -203446,699164 -99646,702561 -92599,907983 -189051))
32723;POLYGON((924458 -144827,919426 -159730,708619 -78182,711271 -70830,924458 -144827))
32724;POLYGON((936656 -99309,933082 -114603,715806 -55879,717682 -48297,936656 -99309))
32725;POLYGON((944327 -52886,942286 -68435,720641 -32966,721719 -25235,944327 -52886))
32726;POLYGON((947299 -5991,946838 -21647,723066 -9687,723334 -1888,947299 -5991))
32727;POLYGON((945477 40907,946620 25303,723054 13710,722506 21491,945477 40907))
32728;POLYGON((938837 87326,941584 71937,720600 36972,719244 44652,938837 87326))
32729;POLYGON((927425 132774,931754 117763,715732 59846,713580 67342,927425 132774))
32730;POLYGON((911349 176761,917216 162290,708500 82084,705577 89313,911349 176761))
32731;POLYGON((890777 218811,898121 205038,698984 103442,695322 110325,890777 218811))
32732;POLYGON((865931 258466,874672 245541,687289 123686,682927 130148,865931 258466))
32733;POLYGON((837085 295295,847126 283358,673542 142595,668529 148565,837085 295295))
32734;POLYGON((804556 328896,815787 318078,657895 159962,652286 165375,804556 328896))
32735;POLYGON((768704 358907,781000 349323,640519 175597,634376 180394,768704 358907))
32736;POLYGON((729922 385002,743149 376757,621606 189330,614995 193459,729922 385002))
32737;POLYGON((688638 406900,702650 400082,601362 201011,594357 204426,688638 406900))
32738;POLYGON((645302 424366,659946 419049,580010 210512,572686 213176,645302 424366))
32739;POLYGON((600387 437214,615504 433454,557783 217729,550221 219614,600387 437214))
32740;POLYGON((554382 445306,569808 443144,534924 222585,527207 223669,554382 445306))
32741;POLYGON((507787 448557,523353 448014,511684 225026,503896 225298,507787 448557))
32742;POLYGON((461108 446931,476646 448014,488315 225026,480542 224483,461108 446931))
32743;POLYGON((414850 440445,430191 443144,465075 222585,457400 221233,414850 440445))
32744;POLYGON((369517 429170,384495 433454,442216 217729,434725 215583,369517 429170))
32745;POLYGON((325601 413225,340053 419049,419989 210512,412762 207594,325601 413225))
32746;POLYGON((283582 392780,297349 400082,398637 201011,391754 197354,283582 392780))
32747;POLYGON((243917 368055,256850 376757,378393 189330,371930 184974,243917 368055))
32748;POLYGON((207043 339316,218999 349323,359480 175597,353507 170589,207043 339316))
32749;POLYGON((173365 306873,184212 318078,342104 159962,336688 154356,173365 306873))
32750;POLYGON((143254 271077,152873 283358,326457 142595,321656 136453,143254 271077))
32751;POLYGON((117042 232317,125327 245541,312710 123686,308577 117075,117042 232317))
32752;POLYGON((95018 191016,101878 205038,301015 103442,297595 96435,95018 191016))
32753;POLYGON((77422 147622,82783 162290,291499 82084,288830 74757,77422 147622))
32754;POLYGON((64440 102608,68245 117763,284267 59846,282379 52280,64440 102608))
32755;POLYGON((56201 56458,58415 71937,279399 36972,278311 29248,56201 56458))
32756;POLYGON((52772 9664,53379 25303,276945 13710,276669 5913,52772 9664))
32757;POLYGON((54153 -37284,53161 -21647,276933 -9687,277471 -17472,54153 -37284))
32758;POLYGON((60273 -83915,57713 -68435,279358 -32966,280705 -40656,60273 -83915))
32759;POLYGON((70986 -129780,66917 -114603,284193 -55879,286331 -63392,70986 -129780))
32760;POLYGON((86068 -174475,80573 -159730,291380 -78182,294285 -85441,86068 -174475))
