32701;POLYGON((-1721975 -894043,-1770096 -862181,-1655847 -881419,-1624569 -927716,-1721975 -894043))
32702;POLYGON((-1568269 -936737,-1620652 -932068,-1561253 -1004811,-1530138 -1034840,-1568269 -936737))
32703;POLYGON((-1410118 -883666,-1462449 -913390,-1471645 -1075893,-1445476 -1086113,-1410118 -883666))
32704;POLYGON((-1263225 -711256,-1309784 -783568,-1402722 -1083901,-1387683 -1070647,-1263225 -711256))
32705;POLYGON((-1147998 -392797,-1181413 -516962,-1374613 -1017781,-1378519 -977349,-1147998 -392797))
32706;POLYGON((-1090327 101771,-1101306 -84653,-1412598 -866459,-1445158 -795210,-1090327 101771))
32707;POLYGON((-1122444 806078,-1099483 545775,-1547909 -619186,-1621003 -513679,-1122444 806078))
32708;POLYGON((-1283861 1757525,-1212920 1410446,-1818595 -265953,-1946583 -123100,-1283861 1757525))
32709;POLYGON((-1622391 2997488,-1486543 2549386,-2270471 202008,-2470524 384755,-1622391 2997488))
32710;POLYGON((-2195254 4571508,-1974308 4006730,-2958143 791638,-3250609 1016069,-2195254 4571508))
32711;POLYGON((-3070275 6529467,-2740367 5830892,-3946123 1507352,-4354910 1774245,-3070275 6529467))
32712;POLYGON((3740367 5830892,4070275 6529467,5354910 1774245,4946123 1507352,3740367 5830892))
32713;POLYGON((2974308 4006730,3195254 4571508,4250609 1016069,3958143 791638,2974308 4006730))
32714;POLYGON((2486543 2549386,2622391 2997488,3470524 384755,3270471 202008,2486543 2549386))
32715;POLYGON((2212920 1410446,2283861 1757525,2946583 -123100,2818595 -265953,2212920 1410446))
32716;POLYGON((2099483 545775,2122444 806078,2621003 -513679,2547909 -619186,2099483 545775))
32717;POLYGON((2101306 -84653,2090327 101771,2445158 -795210,2412598 -866459,2101306 -84653))
32718;POLYGON((2181413 -516962,2147998 -392797,2378519 -977349,2374613 -1017781,2181413 -516962))
32719;POLYGON((2309784 -783568,2263225 -711256,2387683 -1070647,2402722 -1083901,2309784 -783568))
32720;POLYGON((2462449 -913390,2410118 -883666,2445476 -1086113,2471645 -1075893,2462449 -913390))
32721;POLYGON((2620652 -932068,2568269 -936737,2530138 -1034840,2561253 -1004811,2620652 -932068))
32722;POLYGON((2770096 -862181,2721975 -894043,2624569 -927716,2655847 -881419,2770096 -862181))
32723;POLYGON((2900255 -723466,2859525 -776243,2715655 -775191,2743504 -715980,2900255 -723466))
32724;POLYGON((3003763 -533041,2972563 -601306,2793655 -587097,2815479 -518089,3003763 -533041))
32725;POLYGON((3075858 -305625,3055519 -384724,2851646 -372527,2865678 -296574,3075858 -305625))
32726;POLYGON((3113895 -53750,3105090 -139736,2885038 -139749,2890189 -59414,3113895 -53750))
32727;POLYGON((3116915 212021,3119801 122463,2891134 103838,2886858 186284,3116915 212021))
32728;POLYGON((3085267 482894,3099603 392513,2868749 351720,2854930 434301,3085267 482894))
32729;POLYGON((3020287 751640,3045536 662682,2817881 598251,2794729 679274,3020287 751640))
32730;POLYGON((2924017 1012403,2959435 926679,2739422 838623,2707389 916660,2924017 1012403))
32731;POLYGON((2798981 1260524,2843687 1179465,2634915 1068808,2594626 1142681,2798981 1260524))
32732;POLYGON((2647990 1492363,2701024 1417080,2506355 1285499,2458546 1354254,2647990 1492363))
32733;POLYGON((2473993 1705142,2534365 1636474,2356024 1486035,2301495 1548913,2473993 1705142))
32734;POLYGON((2279959 1896799,2346682 1835363,2186359 1668319,2125937 1724734,2279959 1896799))
32735;POLYGON((2068794 2065845,2140911 2012080,1999849 1830744,1934364 1880254,2068794 2065845))
32736;POLYGON((1843283 2211250,1919882 2165457,1798967 1972106,1729232 2014388,1843283 2211250))
32737;POLYGON((1606059 2332333,1686280 2294705,1586122 2091535,1512917 2126359,1606059 2332333))
32738;POLYGON((1359590 2428666,1442628 2399323,1363625 2188421,1287701 2215631,1359590 2428666))
32739;POLYGON((1106188 2500001,1191289 2479010,1133690 2262354,1055759 2281849,1106188 2500001))
32740;POLYGON((848030 2546206,934481 2533602,898429 2313073,819180 2324792,848030 2546206))
32741;POLYGON((587192 2567218,674311 2563016,659880 2340425,579976 2344334,587192 2567218))
32742;POLYGON((325688 2563016,412807 2567218,420023 2344334,340119 2340425,325688 2563016))
32743;POLYGON((65518 2533602,151969 2546206,180819 2324792,101570 2313073,65518 2533602))
32744;POLYGON((-191289 2479010,-106188 2500001,-55759 2281849,-133690 2262354,-191289 2479010))
32745;POLYGON((-442628 2399323,-359590 2428666,-287701 2215631,-363625 2188421,-442628 2399323))
32746;POLYGON((-686280 2294705,-606059 2332333,-512917 2126359,-586122 2091535,-686280 2294705))
32747;POLYGON((-919882 2165457,-843283 2211250,-729232 2014388,-798967 1972106,-919882 2165457))
32748;POLYGON((-1140911 2012080,-1068794 2065845,-934364 1880254,-999849 1830744,-1140911 2012080))
32749;POLYGON((-1346682 1835363,-1279959 1896799,-1125937 1724734,-1186359 1668319,-1346682 1835363))
32750;POLYGON((-1534365 1636474,-1473993 1705142,-1301495 1548913,-1356024 1486035,-1534365 1636474))
32751;POLYGON((-1701024 1417080,-1647990 1492363,-1458546 1354254,-1506355 1285499,-1701024 1417080))
32752;POLYGON((-1843687 1179465,-1798981 1260524,-1594626 1142681,-1634915 1068808,-1843687 1179465))
32753;POLYGON((-1959435 926679,-1924017 1012403,-1707389 916660,-1739422 838623,-1959435 926679))
32754;POLYGON((-2045536 662682,-2020287 751640,-1794729 679274,-1817881 598251,-2045536 662682))
32755;POLYGON((-2099603 392513,-2085267 482894,-1854930 434301,-1868749 351720,-2099603 392513))
32756;POLYGON((-2119801 122463,-2116915 212021,-1886858 186284,-1891134 103838,-2119801 122463))
32757;POLYGON((-2105090 -139736,-2113895 -53750,-1890189 -59414,-1885038 -139749,-2105090 -139736))
32758;POLYGON((-2055519 -384724,-2075858 -305625,-1865678 -296574,-1851646 -372527,-2055519 -384724))
32759;POLYGON((-1972563 -601306,-2003763 -533041,-1815479 -518089,-1793655 -587097,-1972563 -601306))
32760;POLYGON((-1859525 -776243,-1900255 -723466,-1743504 -715980,-1715655 -775191,-1859525 -776243))
