32701;POLYGON((1189612 16933248,1221958 15281550,-1732962 8587878,-1989966 9563145,1189612 16933248))
32702;POLYGON((-221958 15281550,-189612 16933248,2989966 9563145,2732962 8587878,-221958 15281550))
32703;POLYGON((-185041 11019476,-217420 12331247,2323587 6837079,2165703 6054962,-185041 11019476))
32704;POLYGON((8166 7664956,-70367 8692036,1930841 4661762,1849198 4044824,8166 7664956))
32705;POLYGON((308363 5067391,199082 5857558,1746793 2956493,1722120 2479915,308363 5067391))
32706;POLYGON((674986 3096863,547574 3691276,1716911 1649750,1733133 1291589,674986 3096863))
32707;POLYGON((1075154 1641777,939780 2075735,1795873 678380,1839736 419313,1075154 1641777))
32708;POLYGON((1482697 606716,1347397 910351,1946467 -13154,2007193 -190070,1482697 606716))
32709;POLYGON((1877264 -89503,1748226 109400,2138582 -473478,2207547 -583030,1877264 -89503))
32710;POLYGON((2243500 -515585,2125334 -399797,2348272 -744961,2418718 -799991,2243500 -515585))
32711;POLYGON((2570308 -729340,2466284 -678516,2556913 -864333,2623675 -875928,2570308 -729340))
32712;POLYGON((2850168 -779103,2762433 -778104,2750421 -863249,2809693 -840927,2850168 -779103))
32713;POLYGON((3078532 -705013,3008308 -741296,2918559 -768822,2967672 -720697,3078532 -705013))
32714;POLYGON((3253278 -540147,3201033 -603406,3054301 -604114,3091525 -537053,3253278 -540147))
32715;POLYGON((3374227 -311532,3339833 -393373,3153266 -388589,3177643 -308355,3374227 -311532))
32716;POLYGON((3442711 -41045,3425579 -134697,3213222 -138536,3224404 -49919,3442711 -41045))
32717;POLYGON((3461204 253795,3460404 153732,3233634 132546,3231755 225605,3461204 253795))
32718;POLYGON((3432999 559138,3447361 456914,3215288 413596,3200841 507891,3432999 559138))
32719;POLYGON((3361931 864180,3390131 763090,3159947 695655,3133690 788617,3361931 864180))
32720;POLYGON((3252150 1160639,3292782 1063195,3070076 971576,3032942 1061176,3252150 1160639))
32721;POLYGON((3107932 1442294,3159567 1350366,2948597 1235747,2901626 1320415,3107932 1442294))
32722;POLYGON((2933526 1704583,2994758 1619529,2798695 1483852,2742980 1562395,2933526 1704583))
32723;POLYGON((2733047 1944263,2802525 1867037,2623664 1712643,2560305 1784182,2733047 1944263))
32724;POLYGON((2510385 2159121,2586841 2090362,2426784 1919744,2356856 1983650,2510385 2159121))
32725;POLYGON((2269160 2347723,2351420 2287836,2211235 2103477,2135764 2159319,2269160 2347723))
32726;POLYGON((2012690 2509214,2099682 2458431,1980037 2262706,1899987 2310201,2012690 2509214))
32727;POLYGON((1743989 2643143,1834741 2601578,1736015 2396703,1652285 2435680,1743989 2643143))
32728;POLYGON((1465782 2749326,1559417 2717019,1481797 2505036,1395216 2535400,1465782 2749326))
32729;POLYGON((1180537 2827738,1276257 2804685,1219810 2587473,1131151 2609177,1180537 2827738))
32730;POLYGON((890512 2878426,987586 2864607,952318 2643907,862301 2656933,890512 2878426))
32731;POLYGON((597812 2901451,695550 2896847,681447 2674300,590760 2678642,597812 2901451))
32732;POLYGON((304449 2896847,402187 2901451,409239 2678642,318552 2674300,304449 2896847))
32733;POLYGON((12413 2864607,109487 2878426,137698 2656933,47681 2643907,12413 2864607))
32734;POLYGON((-276257 2804685,-180537 2827738,-131151 2609177,-219810 2587473,-276257 2804685))
32735;POLYGON((-559417 2717019,-465782 2749326,-395216 2535400,-481797 2505036,-559417 2717019))
32736;POLYGON((-834741 2601578,-743989 2643143,-652285 2435680,-736015 2396703,-834741 2601578))
32737;POLYGON((-1099682 2458431,-1012690 2509214,-899987 2310201,-980037 2262706,-1099682 2458431))
32738;POLYGON((-1351420 2287836,-1269160 2347723,-1135764 2159319,-1211235 2103477,-1351420 2287836))
32739;POLYGON((-1586841 2090362,-1510385 2159121,-1356856 1983650,-1426784 1919744,-1586841 2090362))
32740;POLYGON((-1802525 1867037,-1733047 1944263,-1560305 1784182,-1623664 1712643,-1802525 1867037))
32741;POLYGON((-1994758 1619529,-1933526 1704583,-1742980 1562395,-1798695 1483852,-1994758 1619529))
32742;POLYGON((-2159567 1350366,-2107932 1442294,-1901626 1320415,-1948597 1235747,-2159567 1350366))
32743;POLYGON((-2292782 1063195,-2252150 1160639,-2032942 1061176,-2070076 971576,-2292782 1063195))
32744;POLYGON((-2390131 763090,-2361931 864180,-2133690 788617,-2159947 695655,-2390131 763090))
32745;POLYGON((-2447361 456914,-2432999 559138,-2200841 507891,-2215288 413596,-2447361 456914))
32746;POLYGON((-2460404 153732,-2461204 253795,-2231755 225605,-2233634 132546,-2460404 153732))
32747;POLYGON((-2425579 -134697,-2442711 -41045,-2224404 -49919,-2213222 -138536,-2425579 -134697))
32748;POLYGON((-2339833 -393373,-2374227 -311532,-2177643 -308355,-2153266 -388589,-2339833 -393373))
32749;POLYGON((-2201033 -603406,-2253278 -540147,-2091525 -537053,-2054301 -604114,-2201033 -603406))
32750;POLYGON((-2008308 -741296,-2078532 -705013,-1967672 -720697,-1918559 -768822,-2008308 -741296))
32751;POLYGON((-1762433 -778104,-1850168 -779103,-1809693 -840927,-1750421 -863249,-1762433 -778104))
32752;POLYGON((-1466284 -678516,-1570308 -729340,-1623675 -875928,-1556913 -864333,-1466284 -678516))
32753;POLYGON((-1125334 -399797,-1243500 -515585,-1418718 -799991,-1348272 -744961,-1125334 -399797))
32754;POLYGON((-748226 109400,-877264 -89503,-1207547 -583030,-1138582 -473478,-748226 109400))
32755;POLYGON((-347397 910351,-482697 606716,-1007193 -190070,-946467 -13154,-347397 910351))
32756;POLYGON((60219 2075735,-75154 1641777,-839736 419313,-795873 678380,60219 2075735))
32757;POLYGON((452425 3691276,325013 3096863,-733133 1291589,-716911 1649750,452425 3691276))
32758;POLYGON((800917 5857558,691636 5067391,-722120 2479915,-746793 2956493,800917 5857558))
32759;POLYGON((1070367 8692036,991833 7664956,-849198 4044824,-930841 4661762,1070367 8692036))
32760;POLYGON((1217420 12331247,1185041 11019476,-1165703 6054962,-1323587 6837079,1217420 12331247))
