32601;POLYGON((-2623826 14861763,-3160576 14449137,-3794682 15571754,-3266973 16147886,-2623826 14861763))
32602;POLYGON((-557493 16076740,-1328452 15678292,-1982685 17344527,-1213087 17962820,-557493 16076740))
32603;POLYGON((2331154 17192854,1264874 16837824,616850 19232216,1692927 19879744,2331154 17192854))
32604;POLYGON((6249589 18101229,4814617 17829698,4210432 21189474,5670727 21846369,6249589 18101229))
32605;POLYGON((11445622 18655435,9554529 18520884,9045917 23148379,10983263 23786018,11445622 18655435))
32606;POLYGON((18213141 18663005,15762469 18735280,15418536 25012687,17942994 25591566,18213141 18663005))
32607;POLYGON((26898387 17875655,23766495 18244381,23677491 26651144,26918680 27118431,26898387 17875655))
32608;POLYGON((37906785 15978078,33951509 16756557,34233150 27889773,38342788 28176488,37906785 15978078))
32609;POLYGON((51710360 12575197,46766476 13904841,47564874 28503037,52719522 28520842,51710360 12575197))
32610;POLYGON((68855766 7177715,62732244 9233057,64229485 28203777,70633528 27841330,68855766 7177715))
32611;POLYGON((89972941 -814148,82449986 2180177,84870423 26631819,92759273 25750662,89972941 -814148))
32612;POLYGON((115784423 -12128902,106610297 -7937241,110227608 23341142,119871152 21771084,115784423 -12128902))
32613;POLYGON((-97016642 -4176460,-105610297 -7937241,-109227608 23341142,-100201227 24660491,-97016642 -4176460))
32614;POLYGON((-74419834 4835166,-81449986 2180177,-83870423 26631819,-76504720 27322831,-74419834 4835166))
32615;POLYGON((-56024873 11024838,-61732244 9233057,-63229485 28203777,-57266462 28425518,-56024873 11024838))
32616;POLYGON((-41172022 15033117,-45766476 13904841,-46564874 28503037,-41779834 28384439,-41172022 15033117))
32617;POLYGON((-29287860 17384225,-32951509 16756557,-33233150 27889773,-29431327 27534078,-29287860 17384225))
32618;POLYGON((-19876408 18502956,-22766495 18244381,-22677491 26651144,-19690923 26139854,-19876408 18502956))
32619;POLYGON((-12510894 18729707,-14762469 18735280,-14418536 25012687,-12103168 24409064,-12510894 18729707))
32620;POLYGON((-6826138 18333786,-8554529 18520884,-8045917 23148379,-6278920 22500517,-6826138 18333786))
32621;POLYGON((-2511524 17525110,-3814617 17829698,-3210432 21189474,-1887736 20532994,-2511524 17525110))
32622;POLYGON((695453 16464451,-264874 16837824,383149 19232216,1349117 18592603,695453 16464451))
32623;POLYGON((3015109 15272337,2328452 15678292,2982685 17344527,3665074 16739146,3015109 15272337))
32624;POLYGON((4630956 14036730,4160576 14449137,4794682 15571754,5254100 15011576,4630956 14036730))
32625;POLYGON((5694616 12819607,5393233 13220330,5989777 13941575,6276004 13432635,5694616 12819607))
32626;POLYGON((6330245 11662539,6159271 12039682,6707695 12468138,6861223 12012760,6330245 11662539))
32627;POLYGON((6638527 10591383,6566779 10937817,7061718 11155515,7115136 10753326,6638527 10591383))
32628;POLYGON((6700236 9620176,6702798 9932326,7142684 10000551,7121911 9649307,6700236 9620176))
32629;POLYGON((6579412 8754329,6636617 9031178,7022549 8995176,6947931 8691426,6579412 8754329))
32630;POLYGON((6326158 7993204,6422695 8235500,6757538 8128246,6644807 7867850,6326158 7993204))
32631;POLYGON((5979094 7332162,6103227 7541790,6390902 7386976,6252020 7165504,5979094 7332162))
32632;POLYGON((5567486 6764148,5710381 6943646,5955329 6758029,5799208 6571058,5567486 6764148))
32633;POLYGON((5113082 6280889,5268223 6433090,5475005 6228308,5308134 6071627,5113082 6280889))
32634;POLYGON((4631666 5873775,4794369 6001545,4967389 5785508,4794354 5655256,4631666 5873775))
32635;POLYGON((4134371 5534470,4301370 5640527,4444686 5418466,4268610 5311216,4134371 5534470))
32636;POLYGON((3628764 5255311,3797875 5342118,3915088 5117363,3737988 5030156,3628764 5255311))
32637;POLYGON((3119730 5029554,3289575 5099247,3383773 4873805,3206851 4804161,3119730 5029554))
32638;POLYGON((2610184 4851492,2779974 4905855,2853715 4680818,2677585 4626720,2610184 4851492))
32639;POLYGON((2101627 4716492,2270988 4756949,2326312 4532793,2151178 4492661,2101627 4716492))
32640;POLYGON((1594581 4620984,1763426 4648610,1801874 4425404,1627664 4398061,1594581 4620984))
32641;POLYGON((1088914 4562422,1257343 4577954,1279990 4355506,1106456 4340155,1088914 4562422))
32642;POLYGON((584102 4539238,752320 4543092,759800 4321059,586592 4317252,584102 4539238))
32643;POLYGON((79417 4550813,247679 4543092,240199 4321059,66926 4328685,79417 4550813))
32644;POLYGON((-425892 4597455,-257343 4577954,-279990 4355506,-453714 4374787,-425892 4597455))
32645;POLYGON((-932440 4680414,-763426 4648610,-801874 4425404,-976371 4456903,-932440 4680414))
32646;POLYGON((-1440513 4801905,-1270988 4756949,-1326312 4532793,-1501781 4577431,-1440513 4801905))
32647;POLYGON((-1949840 4965152,-1779974 4905855,-1853715 4680818,-2030149 4739901,-1949840 4965152))
32648;POLYGON((-2459288 5174429,-2289575 5099247,-2383773 4873805,-2560847 4949056,-2459288 5174429))
32649;POLYGON((-2966470 5435087,-2797875 5342118,-2915088 5117363,-3092014 5210952,-2966470 5435087))
32650;POLYGON((-3467227 5753534,-3301370 5640527,-3444686 5418466,-3620020 5533030,-3467227 5753534))
32651;POLYGON((-3954977 6137146,-3794369 6001545,-3967389 5785508,-4138780 5924165,-3954977 6137146))
32652;POLYGON((-4419885 6594069,-4268223 6433090,-4475005 6228308,-4638887 6394637,-4419885 6594069))
32653;POLYGON((-4847850 7132881,-4710381 6943646,-4955329 6758029,-5106532 6956018,-4847850 7132881))
32654;POLYGON((-5219274 7762049,-5103227 7541790,-5390902 7386976,-5522195 7620925,-5219274 7762049))
32655;POLYGON((-5507587 8489149,-5422695 8235500,-5757538 8128246,-5859064 8402609,-5507587 8489149))
32656;POLYGON((-5677507 9319783,-5636617 9031178,-6022549 8995176,-6081176 9314322,-5677507 9319783))
32657;POLYGON((-5683015 10256124,-5702798 9932326,-6142684 10000551,-6141241 10368440,-5683015 10256124))
32658;POLYGON((-5465011 11295038,-5566779 10937817,-6061718 11155515,-5978114 11575261,-5465011 11295038))
32659;POLYGON((-4948632 12425685,-5159271 12039682,-5707695 12468138,-5513917 12941443,-4948632 12425685))
32660;POLYGON((-4040208 13626544,-4393233 13220330,-4989777 13941575,-4650746 14468013,-4040208 13626544))
