32701;POLYGON((-22961169 -16351547,-21936101 -14027843,-19608838 -14527816,-20399067 -16828517,-22961169 -16351547))
32702;POLYGON((-26368062 -24824325,-25173991 -21727076,-22075081 -22137754,-22963561 -25189900,-26368062 -24824325))
32703;POLYGON((-30342287 -36065773,-28948546 -31965177,-24848529 -32211434,-25847977 -36235442,-30342287 -36065773))
32704;POLYGON((-34985405 -50877400,-33356481 -45486438,-27968551 -45462318,-29092919 -50733019,-34985405 -50877400))
32705;POLYGON((-40414720 -70254537,-38509646 -63217713,-31478300 -62777433,-32742856 -69634727,-40414720 -70254537))
32706;POLYGON((-46765236 -95423355,-44536917 -86303803,-35424956 -85250839,-36846364 -94111876,-46765236 -95423355))
32707;POLYGON((-54191773 -127883083,-51586262 -116147886,-39859976 -114221836,-41456384 -125594893,-54191773 -127883083))
32708;POLYGON((-62871265 -169453896,-59826979 -154457463,-44839354 -151318376,-46630481 -165818557,-62871265 -169453896))
32709;POLYGON((-73005238 -222330981,-69452107 -203296309,-50423893 -198506129,-52431122 -216873061,-73005238 -222330981))
32710;POLYGON((-84822478 -289145295,-80681038 -265142937,-56679481 -258143689,-58925956 -281261373,-84822478 -289145295))
32711;POLYGON((-98581907 -373031551,-93762318 -342956119,-63677382 -333044414,-66188103 -361963408,-98581907 -373031551))
32712;POLYGON((-114575651 -477704000,-108976648 -440248002,-71494535 -426545440,-74296463 -462507540,-114575651 -477704000))
32713;POLYGON((104649453 -405411106,109976648 -440248002,72494535 -426545440,69792798 -393081920,104649453 -405411106))
32714;POLYGON((90179444 -315039773,94762318 -342956119,64677382 -333044414,62257640 -306187187,90179444 -315039773))
32715;POLYGON((77745151 -242910096,81681038 -265142937,57679481 -258143689,55515439 -236717609,77745151 -242910096))
32716;POLYGON((67076937 -185703002,70452107 -203296309,51423893 -198506129,49491181 -181518774,67076937 -185703002))
32717;POLYGON((57936299 -140627544,60826979 -154457463,45839354 -151318376,44115426 -137936215,57936299 -140627544))
32718;POLYGON((50112931 -105350374,52586262 -116147886,40859976 -114221836,39324013 -103748844,50112931 -105350374))
32719;POLYGON((43421987 -77932640,45536917 -86303803,36424956 -85250839,35057774 -77109387,43421987 -77932640))
32720;POLYGON((37701538 -56773747,39509646 -63217713,32478300 -62777433,31262254 -56491270,37701538 -56773747))
32721;POLYGON((32810221 -40561466,34356481 -45486438,28968551 -45462318,27887452 -40641498,32810221 -40561466))
32722;POLYGON((28625055 -28227878,29948546 -31965177,25848529 -32211434,24887558 -28539025,28625055 -28227878))
32723;POLYGON((25039439 -18910680,26173991 -21727076,23075081 -22137754,22220706 -19358172,25039439 -18910680))
32724;POLYGON((21961307 -11919374,22936101 -14027843,20608838 -14527816,19848736 -12436663,21961307 -11919374))
32725;POLYGON((19311437 -6705926,20151551 -8274958,18413977 -8812608,17736955 -7247851,19311437 -6705926))
32726;POLYGON((17021914 -2839442,17748820 -4001062,16457995 -4542368,15853918 -3376752,17021914 -2839442))
32727;POLYGON((15034729 15503,15666743 -841105,14711490 -1364949,14171210 -499508,15034729 15503))
32728;POLYGON((13300505 2117297,13853200 1487118,13147945 992635,12663228 1634075,13300505 2117297))
32729;POLYGON((11777361 3662789,12263931 3199411,11743523 2739807,11306983 3215255,11777361 3662789))
32730;POLYGON((10429876 4800247,10861469 4458942,10476864 4035497,10081898 4388642,10429876 4800247))
32731;POLYGON((9228179 5640033,9614188 5387651,9328890 4998984,8969615 5262364,9228179 5640033))
32732;POLYGON((8147126 6263332,8495452 6075588,8282618 5718795,7953803 5916374,8147126 6263332))
32733;POLYGON((7165580 6729165,7482865 6588475,7322969 6259911,7019982 6409149,7165580 6729165))
32734;POLYGON((6265771 7079967,6557601 6973739,6436592 6669525,6155334 6783018,6265771 7079967))
32735;POLYGON((5432740 7345939,5703820 7265239,5611684 6981587,5348536 7068339,5432740 7345939))
32736;POLYGON((4653852 7548387,4908164 7486933,4837820 7220306,4589583 7286707,4653852 7548387))
32737;POLYGON((3918366 7702231,4159302 7655633,4105780 7402826,3869621 7453376,3918366 7702231))
32738;POLYGON((3217067 7817842,3447551 7783057,3407386 7541198,3180780 7579048,3217067 7817842))
32739;POLYGON((2541945 7902364,2764531 7877306,2735332 7643828,2516012 7671154,2541945 7902364))
32740;POLYGON((1885910 7960625,2102875 7943900,2083030 7716487,1868929 7734754,1885910 7960625))
32741;POLYGON((1242543 7995747,1455967 7986476,1444443 7763001,1233644 7773137,1242543 7995747))
32742;POLYGON((605866 8009528,817706 8007242,813926 7785705,604609 7788206,605866 8009528))
32743;POLYGON((-29860 8002657,182293 8007242,186073 7785705,-23538 7780691,-29860 8002657))
32744;POLYGON((-670349 7974790,-455967 7986476,-444443 7763001,-656136 7750230,-670349 7974790))
32745;POLYGON((-1321475 7924517,-1102875 7943900,-1083030 7716487,-1298652 7695327,-1321475 7924517))
32746;POLYGON((-1989484 7849191,-1764531 7877306,-1735332 7643828,-1956843 7613188,-1989484 7849191))
32747;POLYGON((-2681219 7744607,-2447551 7783057,-2407386 7541198,-2636913 7499398,-2681219 7744607))
32748;POLYGON((-3404351 7604478,-3159302 7655633,-3105780 7402826,-3345671 7347399,-3404351 7604478))
32749;POLYGON((-4167661 7419632,-3908164 7486933,-3837820 7220306,-4090695 7147703,-4167661 7419632))
32750;POLYGON((-4981341 7176842,-4703820 7265239,-4611684 6981587,-4880494 6886743,-4981341 7176842))
32751;POLYGON((-5857353 6857173,-5557601 6973739,-5436592 6669525,-5724668 6545272,-5857353 6857173))
32752;POLYGON((-6809829 6433716,-6482865 6588475,-6322969 6259911,-6634085 6096169,-6809829 6433716))
32753;POLYGON((-7855543 5868543,-7495452 6075588,-7282618 5718795,-7621043 5501507,-7855543 5868543))
32754;POLYGON((-9014444 5108715,-8614188 5387651,-8328890 4998984,-8699450 4708721,-9014444 5108715))
32755;POLYGON((-10310262 4081140,-9861469 4458942,-9476864 4035497,-9884999 3645691,-10310262 4081140))
32756;POLYGON((-11771210 2686062,-11263931 3199411,-10743523 2739807,-11195351 2214519,-11771210 2686062))
32757;POLYGON((-13430759 788932,-12853200 1487118,-12147945 992635,-12650322 283785,-13430759 788932))
32758;POLYGON((-15328530 -1789585,-14666743 -841105,-13711490 -1364949,-14272077 -2320961,-15328530 -1789585))
32759;POLYGON((-17511280 -5285774,-16748820 -4001062,-15457995 -4542368,-16085323 -5828760,-17511280 -5285774))
32760;POLYGON((-20034004 -10007484,-19151551 -8274958,-17413977 -8812608,-18117516 -10537117,-20034004 -10007484))
