32701;POLYGON((-2275927 -3150176,-2759906 -2924014,-2496117 -2228949,-2042491 -2362718,-2275927 -3150176))
32702;POLYGON((-426454 -3697447,-1114422 -3541067,-959581 -2544434,-321094 -2582844,-426454 -3697447))
32703;POLYGON((2136182 -3950750,1192573 -3907867,1175145 -2527324,2043916 -2420827,2136182 -3950750))
32704;POLYGON((5586978 -3751479,4325899 -3879861,4052826 -2014518,5206064 -1698429,5586978 -3751479))
32705;POLYGON((10134383 -2892670,8482352 -3267291,7845731 -794303,9347631 -185489,10134383 -2892670))
32706;POLYGON((16025030 -1108600,13895284 -1825268,12757515 1404066,14683662 2410994,16025030 -1108600))
32707;POLYGON((23548886 1937183,20839617 757651,19027470 4922348,21466335 6459405,23548886 1937183))
32708;POLYGON((33044879 6665538,29637305 4872559,26935151 10187016,29989722 12417822,33044879 6665538))
32709;POLYGON((44906996 13597261,40663273 11005091,36805401 17724838,40594953 20850252,44906996 13597261))
32710;POLYGON((59590881 23370657,54351848 19752299,49013797 28180495,53675798 32444976,59590881 23370657))
32711;POLYGON((77620962 36761295,71203706 31841659,63992521 42336419,69684693 48035154,77620962 36761295))
32712;POLYGON((99598108 54704135,91793349 48152389,82236689 61135005,89139214 68621885,99598108 54704135))
32713;POLYGON((-90793349 48152389,-98598108 54704135,-88139214 68621885,-81236689 61135005,-90793349 48152389))
32714;POLYGON((-70203706 31841659,-76620962 36761295,-68684693 48035154,-62992521 42336419,-70203706 31841659))
32715;POLYGON((-53351848 19752299,-58590881 23370657,-52675798 32444976,-48013797 28180495,-53351848 19752299))
32716;POLYGON((-39663273 11005091,-43906996 13597261,-39594953 20850252,-35805401 17724838,-39663273 11005091))
32717;POLYGON((-28637305 4872559,-32044879 6665538,-28989722 12417822,-25935151 10187016,-28637305 4872559))
32718;POLYGON((-19839617 757651,-22548886 1937183,-20466335 6459405,-18027470 4922348,-19839617 757651))
32719;POLYGON((-12895284 -1825268,-15025030 -1108600,-13683662 2410994,-11757515 1404066,-12895284 -1825268))
32720;POLYGON((-7482352 -3267291,-9134383 -2892670,-8347631 -185489,-6845731 -794303,-7482352 -3267291))
32721;POLYGON((-3325899 -3879861,-4586978 -3751479,-4206064 -1698429,-3052826 -2014518,-3325899 -3879861))
32722;POLYGON((-192573 -3907867,-1136182 -3950750,-1043916 -2420827,-175145 -2527324,-192573 -3907867))
32723;POLYGON((2114422 -3541067,1426454 -3697447,1321094 -2582844,1959581 -2544434,2114422 -3541067))
32724;POLYGON((3759906 -2924014,3275927 -3150176,3042491 -2362718,3496117 -2228949,3759906 -2924014))
32725;POLYGON((4880883 -2164588,4558073 -2428171,4248685 -1896216,4555256 -1704343,4880883 -2164588))
32726;POLYGON((5590318 -1341304,5393477 -1618996,5046291 -1284745,5237028 -1062163,5590318 -1341304))
32727;POLYGON((5980542 -509496,5880991 -785088,5523120 -602267,5623588 -368567,5980542 -509496))
32728;POLYGON((6126296 293495,6100900 30732,5750874 98865,5781819 330165,6126296 293495))
32729;POLYGON((6087455 1044018,6117754 800681,5787554 783033,5765642 1003057,6087455 1044018))
32730;POLYGON((5911433 1728581,5982870 1508227,5679599 1427314,5618074 1630659,5911433 1728581))
32731;POLYGON((5635298 2341009,5736546 2145033,5463779 2018204,5373041 2201985,5635298 2341009))
32732;POLYGON((5287622 2880176,5409999 2708511,5168850 2548966,5056959 2712068,5287622 2880176))
32733;POLYGON((4890076 3348256,5027036 3199902,4816994 3017547,4690104 3160034,4890076 3348256))
32734;POLYGON((4458793 3749378,4605498 3622807,4425064 3424958,4287795 3547627,4458793 3749378))
32735;POLYGON((4005529 4088641,4158483 3982095,4005640 3774052,3861395 3878099,4005529 4088641))
32736;POLYGON((3538626 4371410,3695376 4283104,3567922 4068621,3419150 4155402,3538626 4371410))
32737;POLYGON((3063814 4602838,3222697 4531101,3118482 4312760,2966898 4383628,3063814 4602838))
32738;POLYGON((2584856 4787562,2744802 4730918,2661871 4510430,2508635 4566623,2584856 4787562))
32739;POLYGON((2104071 4929519,2264439 4886740,2201129 4665179,2046988 4707755,2104071 4929519))
32740;POLYGON((1622747 5031860,1783201 5001987,1738182 4779973,1583591 4809776,1622747 5031860))
32741;POLYGON((1141463 5096914,1301872 5079263,1274173 4857109,1119385 4874747,1141463 5096914))
32742;POLYGON((660349 5126182,820705 5120344,809720 4898169,654863 4904007,660349 5126182))
32743;POLYGON((179294 5120344,339650 5126182,345136 4904007,190279 4898169,179294 5120344))
32744;POLYGON((-301872 5079263,-141463 5096914,-119385 4874747,-274173 4857109,-301872 5079263))
32745;POLYGON((-783201 5001987,-622747 5031860,-583591 4809776,-738182 4779973,-783201 5001987))
32746;POLYGON((-1264439 4886740,-1104071 4929519,-1046988 4707755,-1201129 4665179,-1264439 4886740))
32747;POLYGON((-1744802 4730918,-1584856 4787562,-1508635 4566623,-1661871 4510430,-1744802 4730918))
32748;POLYGON((-2222697 4531101,-2063814 4602838,-1966898 4383628,-2118482 4312760,-2222697 4531101))
32749;POLYGON((-2695376 4283104,-2538626 4371410,-2419150 4155402,-2567922 4068621,-2695376 4283104))
32750;POLYGON((-3158483 3982095,-3005529 4088641,-2861395 3878099,-3005640 3774052,-3158483 3982095))
32751;POLYGON((-3605498 3622807,-3458793 3749378,-3287795 3547627,-3425064 3424958,-3605498 3622807))
32752;POLYGON((-4027036 3199902,-3890076 3348256,-3690104 3160034,-3816994 3017547,-4027036 3199902))
32753;POLYGON((-4409999 2708511,-4287622 2880176,-4056959 2712068,-4168850 2548966,-4409999 2708511))
32754;POLYGON((-4736546 2145033,-4635298 2341009,-4373041 2201985,-4463779 2018204,-4736546 2145033))
32755;POLYGON((-4982870 1508227,-4911433 1728581,-4618074 1630659,-4679599 1427314,-4982870 1508227))
32756;POLYGON((-5117754 800681,-5087455 1044018,-4765642 1003057,-4787554 783033,-5117754 800681))
32757;POLYGON((-5100900 30732,-5126296 293495,-4781819 330165,-4750874 98865,-5100900 30732))
32758;POLYGON((-4880991 -785088,-4980542 -509496,-4623588 -368567,-4523120 -602267,-4880991 -785088))
32759;POLYGON((-4393477 -1618996,-4590318 -1341304,-4237028 -1062163,-4046291 -1284745,-4393477 -1618996))
32760;POLYGON((-3558073 -2428171,-3880883 -2164588,-3555256 -1704343,-3248685 -1896216,-3558073 -2428171))
