32601;POLYGON((-12946349 23551235,-12774538 21782731,-14712377 22321854,-15066041 24235877,-12946349 23551235))
32602;POLYGON((-13310395 29887677,-13217361 27589094,-15750320 28626559,-16077370 31136983,-13310395 29887677))
32603;POLYGON((-13377347 38101604,-13394243 35125752,-16691164 36882472,-16973325 40159716,-13377347 38101604))
32604;POLYGON((-13038956 48703549,-13204460 44868056,-17475291 47640742,-17689320 51896797,-13038956 48703549))
32605;POLYGON((-12161988 62322933,-12523520 57403471,-18027355 61585103,-18144195 67081649,-12161988 62322933))
32606;POLYGON((-10584316 79730302,-11199386 73452844,-18253662 79557367,-18237515 86615061,-10584316 79730302))
32607;POLYGON((-8110621 101862660,-9048305 93894676,-18039289 102586563,-17846590 111595621,-8110621 101862660))
32608;POLYGON((-4507703 129852199,-5850251 119792683,-17244920 131922050,-16823224 143354229,-4507703 129852199))
32609;POLYGON((500642 165058699,-1343948 152426942,-15703396 169070969,-14990152 183493076,500642 165058699))
32610;POLYGON((7239177 209105930,4778532 193328922,-13215949 215840402,-12137185 233929466,7239177 209105930))
32611;POLYGON((16087229 263922370,12877635 244320727,-9548133 274384631,-8017018 296944853,16087229 263922370))
32612;POLYGON((27485178 331786575,23372637 307558879,-4425415 347257895,-2340719 375239532,27485178 331786575))
32613;POLYGON((-26485178 331786575,-30936911 357757943,1046275 405267694,3340719 375239532,-26485178 331786575))
32614;POLYGON((-15087229 263922370,-18579587 284970475,7313381 321198834,9017018 296944853,-15087229 263922370))
32615;POLYGON((-6239177 209105930,-8933711 226076642,11917962 253412756,13137185 233929466,-6239177 209105930))
32616;POLYGON((499357 165058699,-1537028 178670258,15163892 199056363,15990152 183493076,499357 165058699))
32617;POLYGON((5507703 129852199,4009396 140711432,17311831 155714957,17823224 143354229,5507703 129852199))
32618;POLYGON((9110621 101862660,8047822 110479574,18583859 121355568,18846590 111595621,9110621 101862660))
32619;POLYGON((11584316 79730302,10869998 86531156,19167772 94276087,19237515 86615061,11584316 79730302))
32620;POLYGON((13161988 62322933,12722872 67661916,19221045 73059745,19144195 67081649,13161988 62322933))
32621;POLYGON((14038956 48703549,13813847 52873154,18874494 56534565,18689320 51896797,14038956 48703549))
32622;POLYGON((14377347 38101604,14315617 41341815,18235628 43737400,17973325 40159716,14377347 38101604))
32623;POLYGON((14310395 29887677,14370595 32394053,17391718 33882180,17077370 31136983,14310395 29887677))
32624;POLYGON((13946349 23551235,14094945 25481999,16412590 26332030,16066041 24235877,13946349 23551235))
32625;POLYGON((13372016 18681223,13582251 20163428,15353156 20574911,14989796 18981122,13372016 18681223))
32626;POLYGON((12655955 14949226,12906820 16084103,14255694 16202474,13887169 14994744,12655955 14949226))
32627;POLYGON((11851343 12094952,12126658 12962503,13151894 12891818,12786733 11978730,11851343 12094952))
32628;POLYGON((10998524 9913809,11286121 10576731,12064671 10389862,11708848 9700214,10998524 9913809))
32629;POLYGON((10127265 8246350,10418270 8753357,11009779 8500064,10667202 7978916,10127265 8246350))
32630;POLYGON((9258734 6969383,9546935 7357996,9997214 7071225,9670152 6676587,9258734 6969383))
32631;POLYGON((8407223 5988544,8688524 6287419,9032437 5988135,8721887 5688224,8407223 5988544))
32632;POLYGON((7581620 5232169,7853576 5463001,8117417 5163845,7823419 4934828,7581620 5232169))
32633;POLYGON((6786669 4646271,7048092 4825361,7251521 4533344,6973414 4357512,6786669 4646271))
32634;POLYGON((6024017 4190496,6274644 4329995,6432243 4048454,6168885 3912759,6024017 4190496))
32635;POLYGON((5293074 3834886,5533305 3943795,5655810 3673763,5405746 3568664,5293074 3834886))
32636;POLYGON((4591706 3557349,4822388 3642290,4917653 3383432,4679248 3301998,4591706 3557349))
32637;POLYGON((3916774 3341686,4139036 3407503,4212770 3158729,3984312 3095958,3916774 3341686))
32638;POLYGON((3264537 3176113,3479673 3226320,3535997 2986162,3315760 2938470,3264537 3176113))
32639;POLYGON((2630944 3052139,2840327 3089256,2882183 2856095,2668472 2820943,2630944 3052139))
32640;POLYGON((2011825 2963772,2216848 2989558,2246294 2761741,2037469 2737372,2011825 2963772))
32641;POLYGON((1402997 2906944,1605053 2922567,1623465 2698458,1417940 2683714,1402997 2906944))
32642;POLYGON((800318 2879132,1000782 2885278,1008990 2663275,805227 2657478,800318 2879132))
32643;POLYGON((199681 2879132,399919 2876066,398285 2654587,194772 2657478,199681 2879132))
32644;POLYGON((-402997 2906944,-201624 2894534,-213172 2672005,-417940 2683714,-402997 2906944))
32645;POLYGON((-1011825 2963772,-807944 2941479,-829918 2716314,-1037469 2737372,-1011825 2963772))
32646;POLYGON((-1630944 3052139,-1423170 3018964,-1456569 2789549,-1668472 2820943,-1630944 3052139))
32647;POLYGON((-2264537 3176113,-2051472 3130507,-2097884 2895197,-2315760 2938470,-2264537 3176113))
32648;POLYGON((-2916774 3341686,-2697036 3281408,-2758785 3038553,-2984312 3095958,-2916774 3341686))
32649;POLYGON((-3591706 3557349,-3363967 3479247,-3444351 3227262,-3679248 3301998,-3591706 3557349))
32650;POLYGON((-4293074 3834886,-4056138 3734604,-4159755 3472116,-4405746 3568664,-4293074 3834886))
32651;POLYGON((-5024017 4190496,-4776926 4062062,-4910131 3788178,-5168885 3912759,-5024017 4190496))
32652;POLYGON((-5786669 4646271,-5528853 4481554,-5700369 4196315,-5973414 4357512,-5786669 4646271))
32653;POLYGON((-6581620 5232169,-6313094 5020167,-6534818 4725250,-6823419 4934828,-6581620 5232169))
32654;POLYGON((-7407223 5988544,-7128834 5714466,-7416890 5414256,-7721887 5688224,-7407223 5988544))
32655;POLYGON((-8258734 6969383,-7972469 6613487,-8348537 6316622,-8670152 6676587,-8258734 6969383))
32656;POLYGON((-9127265 8246350,-8836619 7782495,-9329615 7504048,-9667202 7978916,-9127265 8246350))
32657;POLYGON((-9998524 9913809,-9708949 9307665,-10357096 9072136,-10708848 9700214,-9998524 9913809))
32658;POLYGON((-10851343 12094952,-10570759 11301822,-11424133 11147156,-11786733 11978730,-10851343 12094952))
32659;POLYGON((-11655955 14949226,-11395357 13911417,-12518955 13894298,-12887169 14994744,-11655955 14949226))
32660;POLYGON((-12372016 18681223,-12146160 17324906,-13623587 17527608,-13989796 18981122,-12372016 18681223))
