32701;POLYGON((-2116201 -701437,-2320926 -704349,-2300338 -661134,-2137973 -665384,-2116201 -701437))
32702;POLYGON((-1360030 -520462,-1637080 -612986,-1760209 -603403,-1543112 -531389,-1360030 -520462))
32703;POLYGON((-361716 -1294,-723863 -219067,-1048025 -289027,-768163 -111367,-361716 -1294))
32704;POLYGON((920569 981570,458778 593419,-138889 377390,212581 697636,920569 981570))
32705;POLYGON((2534351 2585857,1956406 1970802,994578 1515350,1427358 2024151,2534351 2585857))
32706;POLYGON((4533434 5007779,3820663 4095718,2382370 3273079,2907062 4027123,4533434 5007779))
32707;POLYGON((6978543 8489182,6109895 7193950,4057236 5832818,4685392 6901423,6978543 8489182))
32708;POLYGON((9938004 13325655,8889815 11542207,6054815 9416808,6798984 10884089,9938004 13325655))
32709;POLYGON((13488475 19875698,12234219 17476932,8413785 14294058,9287557 16261368,13488475 19875698))
32710;POLYGON((17715726 28571026,16225751 25404216,11175999 20787955,12194058 23376619,17715726 28571026))
32711;POLYGON((22715474 39928112,20956714 35810918,14386638 29284782,15564807 32639148,22715474 39928112))
32712;POLYGON((28594274 54561059,26529950 49277079,18094353 40243215,19449648 44534056,28594274 54561059))
32713;POLYGON((-27594274 54561059,-29769314 60288644,-19867979 49180108,-18449648 44534056,-27594274 54561059))
32714;POLYGON((-21715474 39928112,-23571810 44408372,-15800067 36285289,-14564807 32639148,-21715474 39928112))
32715;POLYGON((-16715726 28571026,-18291446 32032784,-12263670 26203246,-11194058 23376619,-16715726 28571026))
32716;POLYGON((-12488475 19875698,-13817847 22512132,-9207737 18421245,-8287557 16261368,-12488475 19875698))
32717;POLYGON((-8938004 13325655,-10051787 15298898,-6584790 12505858,-5798984 10884089,-8938004 13325655))
32718;POLYGON((-5978543 8489182,-6904273 9934461,-4350775 8092776,-3685392 6901423,-5978543 8489182))
32719;POLYGON((-3533434 5007779,-4295701 6037119,-2464911 4877635,-1907062 4027123,-3533434 5007779))
32720;POLYGON((-1534351 2585857,-2155051 3291385,-889551 2607819,-427358 2024151,-1534351 2585857))
32721;POLYGON((79430 981570,-419142 1438452,409966 1075133,787418 697636,79430 981570))
32722;POLYGON((1361716 -1294,968064 267736,1465455 109303,1768163 -111367,1361716 -1294))
32723;POLYGON((2360030 -520462,2056119 -390581,2306024 -427769,2543112 -531389,2360030 -520462))
32724;POLYGON((3116201 -701437,2888684 -672099,2958208 -647065,3137973 -665384,3116201 -701437))
32725;POLYGON((3666910 -642950,3504101 -683913,3446109 -636874,3576067 -594959,3666910 -642950))
32726;POLYGON((4044203 -421685,3935905 -509573,3791525 -466643,3878454 -384046,4044203 -421685))
32727;POLYGON((4275954 -96338,4213313 -213360,4014086 -190304,4064068 -82063,4275954 -96338))
32728;POLYGON((4386302 288911,4361660 156059,4131380 150858,4149847 273362,4386302 288911))
32729;POLYGON((4396046 701474,4402819 562530,4159085 525779,4150861 654093,4396046 701474))
32730;POLYGON((4323011 1117881,4355566 979789,4111094 911538,4080437 1039526,4323011 1117881))
32731;POLYGON((4182388 1521737,4235934 1389287,3999645 1291638,3950285 1414970,4182388 1521737))
32732;POLYGON((3987035 1902041,4057527 1778391,3835440 1654560,3770626 1770292,3987035 1902041))
32733;POLYGON((3747767 2251814,3831811 2138915,3627774 1992583,3550312 2098814,3747767 2251814))
32734;POLYGON((3473606 2567003,3568379 2465940,3384653 2300822,3296949 2396414,3473606 2567003))
32735;POLYGON((3172023 2845617,3275194 2756869,3112922 2576452,3017016 2660813,3172023 2845617))
32736;POLYGON((2849153 3087049,2958812 3010700,2818378 2818100,2715994 2891007,2849153 3087049))
32737;POLYGON((2509992 3291563,2624588 3227454,2505896 3025362,2398474 3086830,2509992 3291563))
32738;POLYGON((2158581 3459907,2276864 3407754,2179548 3198437,2068286 3248617,2158581 3459907))
32739;POLYGON((1798178 3593033,1919138 3552510,1842717 3337849,1728612 3376951,1798178 3593033))
32740;POLYGON((1431413 3691894,1554234 3662693,1498223 3444246,1382108 3472485,1431413 3691894))
32741;POLYGON((1060438 3757306,1184447 3739176,1148432 3518248,1031017 3535806,1060438 3757306))
32742;POLYGON((687071 3789858,811690 3782633,795381 3560348,677292 3567352,687071 3789858))
32743;POLYGON((312928 3789858,437633 3793469,440892 3570852,322707 3567352,312928 3789858))
32744;POLYGON((-60438 3757306,63833 3771786,86688 3549836,-31017 3535806,-60438 3757306))
32745;POLYGON((-431413 3691894,-308127 3717380,-265486 3497146,-382108 3472485,-431413 3691894))
32746;POLYGON((-798178 3593033,-676515 3629750,-613752 3412409,-728612 3376951,-798178 3593033))
32747;POLYGON((-1158581 3459907,-1039305 3508147,-955974 3295079,-1068286 3248617,-1158581 3459907))
32748;POLYGON((-1509992 3291563,-1394041 3351651,-1289649 3144515,-1398474 3086830,-1509992 3291563))
32749;POLYGON((-1849153 3087049,-1737692 3159292,-1611783 2960092,-1715994 2891007,-1849153 3087049))
32750;POLYGON((-2172023 2845617,-2066497 2930227,-1918775 2741367,-2017016 2660813,-2172023 2845617))
32751;POLYGON((-2473606 2567003,-2375796 2663991,-2206300 2488307,-2296949 2396414,-2473606 2567003))
32752;POLYGON((-2747767 2251814,-2659858 2360853,-2469188 2201594,-2550312 2098814,-2747767 2251814))
32753;POLYGON((-2987035 1902041,-2911678 2022275,-2701306 1883026,-2770626 1770292,-2987035 1902041))
32754;POLYGON((-3182388 1521737,-3122778 1651538,-2895436 1536038,-2950285 1414970,-3182388 1521737))
32755;POLYGON((-3323011 1117881,-3282967 1254534,-3043155 1166366,-3080437 1039526,-3323011 1117881))
32756;POLYGON((-3396046 701474,-3380097 840787,-3134713 782881,-3150861 654093,-3396046 701474))
32757;POLYGON((-3386302 288911,-3399790 424722,-3158911 398616,-3149847 273362,-3386302 288911))
32758;POLYGON((-3275954 -96338,-3325134 27244,-3102972 32038,-3064068 -82063,-3275954 -96338))
32759;POLYGON((-3044203 -421685,-3136360 -322350,-2952423 -291427,-2878454 -384046,-3044203 -421685))
32760;POLYGON((-2666910 -642950,-2810485 -584048,-2690963 -537554,-2576067 -594959,-2666910 -642950))
