32601;POLYGON((-1943581 10745683,-1990809 10693957,-2111406 10683040,-2044164 10724479,-1943581 10745683))
32602;POLYGON((-1780432 10853323,-1838169 10826172,-1891889 10774381,-1807011 10780401,-1780432 10853323))
32603;POLYGON((-1590535 10871732,-1656280 10877053,-1620368 10747843,-1518937 10706300,-1590535 10871732))
32604;POLYGON((-1383551 10774505,-1453702 10821570,-1300950 10564541,-1184947 10460753,-1383551 10774505))
32605;POLYGON((-1172874 10530780,-1242509 10630404,-940619 10177588,-813112 9993938,-1172874 10530780))
32606;POLYGON((-976321 10104712,-1038965 10269430,-549832 9530849,-415191 9246332,-976321 10104712))
32607;POLYGON((-816894 9454913,-864253 9699173,-143182 8557541,-7317 8147266,-816894 9454913))
32608;POLYGON((-723613 8533843,-745290 8874214,259863 7178679,389247 6613312,-723613 8533843))
32609;POLYGON((-732439 7287167,-715617 7742559,634167 5301345,747277 4546495,-732439 7287167))
32610;POLYGON((-887268 5653050,-816367 6244952,948032 2816786,1032681 1832321,-887268 5653050))
32611;POLYGON((-1241019 3561420,-1097327 4314153,1162245 -401705,1203517 -1662404,-1241019 3561420))
32612;POLYGON((-1856803 933165,-1618074 1874156,1229039 -4501108,1208916 -6091972,-1856803 933165))
32613;POLYGON((2856803 933165,3132829 -77250,-163733 -7806269,-208916 -6091972,2856803 933165))
32614;POLYGON((2241019 3561420,2413731 2749143,-226489 -3026779,-203517 -1662404,2241019 3561420))
32615;POLYGON((1887268 5653050,1980187 5010388,-104674 761301,-32681 1832321,1887268 5653050))
32616;POLYGON((1732439 7287167,1765409 6788793,147618 3719869,252722 4546495,1732439 7287167))
32617;POLYGON((1723613 8533843,1713215 8157355,485594 5988874,610752 6613312,1723613 8533843))
32618;POLYGON((1816894 9454913,1776826 9180567,872658 7688790,1007317 8147266,1816894 9454913))
32619;POLYGON((1976321 10104712,1917753 9915186,1279402 8922869,1415191 9246332,1976321 10104712))
32620;POLYGON((2172874 10530780,2104766 10410942,1682670 9779181,1813112 9993938,2172874 10530780))
32621;POLYGON((2383551 10774505,2312954 10711204,2064709 10332460,2184947 10460753,2383551 10774505))
32622;POLYGON((2590535 10871732,2522861 10853599,2412379 10645776,2518937 10706300,2590535 10871732))
32623;POLYGON((2780432 10853323,2719698 10870591,2716454 10772034,2807011 10780401,2780432 10853323))
32624;POLYGON((2943581 10745683,2892632 10790016,2970970 10755320,3044164 10724479,2943581 10745683))
32625;POLYGON((3073433 10571245,3034142 10635578,3172659 10632107,3227906 10572713,3073433 10571245))
32626;POLYGON((3166001 10348915,3139444 10427311,3320425 10432330,3357764 10353075,3166001 10348915))
32627;POLYGON((3219363 10094489,3205979 10182005,3414895 10180334,3434847 10088242,3219363 10094489))
32628;POLYGON((3233231 9821037,3232959 9913597,3458016 9895725,3461462 9796406,3233231 9821037))
32629;POLYGON((3208574 9539249,3220972 9633533,3452709 9594105,3440785 9491988,3208574 9539249))
32630;POLYGON((3147292 9257762,3171642 9351100,3402568 9287732,3376579 9186260,3147292 9257762))
32631;POLYGON((3051941 8983447,3087333 9073728,3311614 8986085,3272954 8887887,3051941 8983447))
32632;POLYGON((2925499 8721685,2970905 8807267,3184078 8696362,3134178 8603408,2925499 8721685))
32633;POLYGON((2771179 8476600,2825513 8556232,3024241 8423910,2964513 8337634,2771179 8476600))
32634;POLYGON((2592281 8251280,2654441 8324037,2836297 8172590,2768102 8094007,2592281 8251280))
32635;POLYGON((2392072 8047974,2460978 8113187,2624256 7945099,2548879 7874895,2392072 8047974))
32636;POLYGON((2173710 7868259,2248326 7925468,2391879 7743230,2310509 7681844,2173710 7868259))
32637;POLYGON((1940183 7713194,2019534 7762095,2142636 7568105,2056362 7515794,1940183 7713194))
32638;POLYGON((1694286 7583450,1777462 7623856,1879692 7420359,1789503 7377253,1694286 7583450))
32639;POLYGON((1438609 7479421,1524769 7511224,1605914 7300292,1512702 7266441,1438609 7479421))
32640;POLYGON((1175552 7401313,1263916 7424461,1323893 7207997,1228468 7183402,1175552 7401313))
32641;POLYGON((907351 7349217,997191 7363689,1035987 7143455,939091 7128098,907351 7349217))
32642;POLYGON((636118 7323166,726739 7328955,744369 7106606,646695 7100467,636118 7323166))
32643;POLYGON((363881 7323166,454614 7320271,451089 7097397,353304 7100467,363881 7323166))
32644;POLYGON((92648 7349217,182823 7337639,158140 7115816,60908 7128098,92648 7349217))
32645;POLYGON((-175552 7401313,-86617 7381055,-132473 7161889,-228468 7183402,-175552 7401313))
32646;POLYGON((-438609 7479421,-351630 7450498,-418666 7235676,-512702 7266441,-438609 7479421))
32647;POLYGON((-694286 7583450,-610024 7545903,-698212 7337230,-789503 7377253,-694286 7583450))
32648;POLYGON((-940183 7713194,-859460 7667108,-968679 7466542,-1056362 7515794,-940183 7713194))
32649;POLYGON((-1173710 7868259,-1097411 7813791,-1227389 7623461,-1310509 7681844,-1173710 7868259))
32650;POLYGON((-1392072 8047974,-1321151 7985386,-1471377 7807592,-1548879 7874895,-1392072 8047974))
32651;POLYGON((-1592281 8251280,-1527753 8180975,-1697376 8018155,-1768102 8094007,-1592281 8251280))
32652;POLYGON((-1771179 8476600,-1714114 8399171,-1901816 8253828,-1964513 8337634,-1771179 8476600))
32653;POLYGON((-1925499 8721685,-1876994 8637965,-2080847 8512543,-2134178 8603408,-1925499 8721685))
32654;POLYGON((-2051941 8983447,-2013093 8894571,-2230390 8791248,-2272954 8887887,-2051941 8983447))
32655;POLYGON((-2147292 9257762,-2119154 9165233,-2346208 9085622,-2376579 9186260,-2147292 9257762))
32656;POLYGON((-2208574 9539249,-2192101 9445014,-2424021 9389748,-2440785 9491988,-2208574 9539249))
32657;POLYGON((-2233231 9821037,-2229215 9727568,-2459648 9695716,-2461462 9796406,-2233231 9821037))
32658;POLYGON((-2219363 10094489,-2228348 10004879,-2449184 9993180,-2434847 10088242,-2219363 10094489))
32659;POLYGON((-2166001 10348915,-2188189 10266974,-2389230 10268836,-2357764 10353075,-2166001 10348915))
32660;POLYGON((-2073433 10571245,-2108565 10501616,-2277153 10505821,-2227906 10572713,-2073433 10571245))
