32601;POLYGON((-9269053 20720456,-9377004 19368453,-10953539 20249136,-10980165 21779721,-9269053 20720456))
32602;POLYGON((-8648453 25480365,-8909649 23767272,-10923885 25254743,-10832922 27222520,-8648453 25480365))
32603;POLYGON((-7472715 31502170,-7935987 29336600,-10502883 31683601,-10253819 34205802,-7472715 31502170))
32604;POLYGON((-5573761 39100019,-6298917 36370203,-9559921 39913713,-9102852 43134951,-5573761 39100019))
32605;POLYGON((-2747141 48656551,-3806702 45226612,-7934740 50410259,-7208864 54507723,-2747141 48656551))
32606;POLYGON((1253510 60635123,-227600 56340820,-5432768 63741907,-4364728 68931292,1253510 60635123))
32607;POLYGON((6722564 75593678,4716047 70237590,-1819988 80599403,-322060 87141661,6722564 75593678))
32608;POLYGON((14009052 94200435,11354276 87546523,3182671 101816687,5214568 110025653,14009052 94200435))
32609;POLYGON((23523916 117251528,20076550 109019025,9905469 128394720,12593932 138645705,23523916 117251528))
32610;POLYGON((35747870 145690780,31339411 135547357,18736508 161528285,22224989 174267713,35747870 145690780))
32611;POLYGON((51239916 180631773,45674780 168185911,30128948 202635996,34584286 218392158,51239916 180631773))
32612;POLYGON((70646511 223382389,63698899 208174916,44608792 253393766,50223942 272788791,70646511 223382389))
32613;POLYGON((-77110828 239625463,86121973 256966731,62783281 315771995,-55273508 293553126,-77110828 239625463))
32614;POLYGON((-56239202 193943551,-62698899 208174916,-43608792 253393766,-38403416 235287145,-56239202 193943551))
32615;POLYGON((-39518732 156555023,-44674780 168185911,-29128948 202635996,-25015987 187949644,-39518732 156555023))
32616;POLYGON((-26271648 126081321,-30339411 135547357,-17736508 161528285,-14532028 149672759,-26271648 126081321))
32617;POLYGON((-15910852 101346950,-19076550 109019025,-8905469 128394720,-6450720 118870288,-15910852 101346950))
32618;POLYGON((-7930510 81354072,-10354276 87546523,-2182671 101816687,-341424 94201768,-7930510 81354072))
32619;POLYGON((-1897328 65259630,-3716047 70237590,2819988 80599403,4163905 74540195,-1897328 65259630))
32620;POLYGON((2557526 52354829,1227600 56340820,6432768 63741907,7377754 58943107,2557526 52354829))
32621;POLYGON((5745876 42046803,4806702 45226612,8934740 50410259,9563520 46626805,5745876 42046803))
32622;POLYGON((7929385 33842294,7298917 36370203,10559921 39913713,10941471 36943451,7929385 33842294))
32623;POLYGON((9325831 27333195,8935987 29336600,11502883 31683601,11694195 29360825,9325831 27333195))
32624;POLYGON((10114834 22183788,9909649 23767272,11923885 25254743,11971574 23444508,10114834 22183788))
32625;POLYGON((10443055 18119550,10377004 19368453,11953539 20249136,11895294 18842298,10443055 18119550))
32626;POLYGON((10428900 14917374,10465383 15900902,11697025 16361734,11562924 15270646,10428900 14917374))
32627;POLYGON((10166746 12397080,10276732 13170998,11237895 13348131,11051581 12502917,10166746 12397080))
32628;POLYGON((9730724 10414089,9891536 11023042,10641469 11013941,10421197 10359314,9730724 10414089))
32629;POLYGON((9178073 8853138,9372319 9332637,9957862 9205729,9717429 8698273,9178073 8853138))
32630;POLYGON((8552104 7622938,8766727 8001045,9224649 7803298,8974205 7409183,8552104 7622938))
32631;POLYGON((7884783 6651652,8110242 6950398,8469202 6713210,8215963 6406272,7884783 6651652))
32632;POLYGON((7198972 5883107,7428533 6119683,7710716 5863372,7459573 5623525,7198972 5883107))
32633;POLYGON((6510352 5273653,6739481 5461388,6961947 5198562,6715981 5010496,6510352 5273653))
32634;POLYGON((5829042 4789571,6054895 4938740,6230682 4676776,5991604 4528896,5829042 4789571))
32635;POLYGON((5160956 4404968,5381956 4523446,5520968 4266266,5289474 4149846,5160956 4404968))
32636;POLYGON((4508905 4100078,4724400 4193862,4834115 3943186,4610181 3851700,4508905 4100078))
32637;POLYGON((3873488 3859916,4083478 3933540,4169507 3689731,3952611 3618327,3873488 3859916))
32638;POLYGON((3253783 3673214,3458709 3730076,3525227 3492699,3314526 3437801,3253783 3673214))
32639;POLYGON((2647873 3531612,2848458 3574218,2898531 3342393,2692991 3301398,2647873 3531612))
32640;POLYGON((2053222 3429036,2250361 3459187,2286192 3231802,2084672 3202862,2053222 3429036))
32641;POLYGON((1466939 3361248,1661624 3380175,1684728 3156004,1486036 3137866,1466939 3361248))
32642;POLYGON((885948 3325528,1079218 3333984,1090542 3111753,893470 3103657,885948 3325528))
32643;POLYGON((307084 3320469,500000 3318785,500000 3097202,303332 3098814,307084 3320469))
32644;POLYGON((-272843 3345873,-79218 3333984,-90542 3111753,-288019 3123139,-272843 3345873))
32645;POLYGON((-857014 3402738,-661624 3380175,-684728 3156004,-884228 3177635,-857014 3402738))
32646;POLYGON((-1448542 3493328,-1250361 3459187,-1286192 3231802,-1488921 3264595,-1448542 3493328))
32647;POLYGON((-2050396 3621345,-1848458 3574218,-1898531 3342393,-2105668 3387784,-2050396 3621345))
32648;POLYGON((-2665253 3792208,-2458709 3730076,-2525227 3492699,-2737885 3552768,-2665253 3792208))
32649;POLYGON((-3295271 4013457,-3083478 3933540,-3169507 3689731,-3388669 3767376,-3295271 4013457))
32650;POLYGON((-3941757 4295308,-3724400 4193862,-3834115 3943186,-4060532 4042371,-3941757 4295308))
32651;POLYGON((-4604685 4651405,-4381956 4523446,-4520968 4266266,-4755017 4392351,-4604685 4651405))
32652;POLYGON((-5282069 5099784,-5054895 4938740,-5230682 4676776,-5472177 4836956,-5282069 5099784))
32653;POLYGON((-5969144 5664126,-5739481 5461388,-5961947 5198562,-6209888 5402436,-5969144 5664126))
32654;POLYGON((-6657328 6375329,-6428533 6119683,-6710716 5863372,-6962979 6123669,-6657328 6375329))
32655;POLYGON((-7332962 7273471,-7110242 6950398,-7469202 6713210,-7722155 7046704,-7332962 7273471))
32656;POLYGON((-7975774 8410230,-7766727 8001045,-8224649 7803298,-8472689 8231942,-7975774 8410230))
32657;POLYGON((-8557067 9851833,-8372319 9332637,-8957862 9205729,-9192868 9758052,-8557067 9851833))
32658;POLYGON((-9037580 11682623,-8891536 11023042,-9641469 11013941,-9852157 11726738,-9037580 11682623))
32659;POLYGON((-9365027 14009319,-9276732 13170998,-10237895 13348131,-10409079 14268499,-9365027 14009319))
32660;POLYGON((-9471262 16966079,-9465383 15900902,-10697025 16361734,-10808762 17549501,-9471262 16966079))
