32701;POLYGON((-2078532 -705013,-2142783 -658694,-2012972 -665555,-1967672 -720697,-2078532 -705013))
32702;POLYGON((-1850168 -779103,-1932161 -766400,-1865825 -809167,-1809693 -840927,-1850168 -779103))
32703;POLYGON((-1570308 -729340,-1669091 -762010,-1688303 -875233,-1623675 -875928,-1570308 -729340))
32704;POLYGON((-1243500 -515585,-1357256 -607860,-1488437 -839391,-1418718 -799991,-1243500 -515585))
32705;POLYGON((-877264 -89503,-1003119 -258481,-1277673 -673072,-1207547 -583030,-877264 -89503))
32706;POLYGON((-482697 606716,-616515 340627,-1071526 -342989,-1007193 -190070,-482697 606716))
32707;POLYGON((-75154 1641777,-211299 1254372,-890304 189400,-839736 419313,-75154 1641777))
32708;POLYGON((325013 3096863,193930 2559589,-759911 968484,-733133 1291589,325013 3096863))
32709;POLYGON((691636 5067391,575037 4346744,-712717 2045113,-722120 2479915,691636 5067391))
32710;POLYGON((991833 7664956,901482 6721812,-788521 3477283,-849198 4044824,991833 7664956))
32711;POLYGON((1185041 11019476,1135377 9808353,-1035587 5330852,-1165703 6054962,1185041 11019476))
32712;POLYGON((1221958 15281550,1230454 13749796,-1511780 7680308,-1732962 8587878,1221958 15281550))
32713;POLYGON((-189612 16933248,1130960 18711949,-2285779 10609598,2989966 9563145,-189612 16933248))
32714;POLYGON((-217420 12331247,-230454 13749796,2511780 7680308,2323587 6837079,-217420 12331247))
32715;POLYGON((-70367 8692036,-135377 9808353,2035587 5330852,1930841 4661762,-70367 8692036))
32716;POLYGON((199082 5857558,98517 6721812,1788521 3477283,1746793 2956493,199082 5857558))
32717;POLYGON((547574 3691276,424962 4346744,1712717 2045113,1716911 1649750,547574 3691276))
32718;POLYGON((939780 2075735,806069 2559589,1759911 968484,1795873 678380,939780 2075735))
32719;POLYGON((1347397 910351,1211299 1254372,1890304 189400,1946467 -13154,1347397 910351))
32720;POLYGON((1748226 109400,1616515 340627,2071526 -342989,2138582 -473478,1748226 109400))
32721;POLYGON((2125334 -399797,2003119 -258481,2277673 -673072,2348272 -744961,2125334 -399797))
32722;POLYGON((2466284 -678516,2357256 -607860,2488437 -839391,2556913 -864333,2466284 -678516))
32723;POLYGON((2762433 -778104,2669091 -762010,2688303 -875233,2750421 -863249,2762433 -778104))
32724;POLYGON((3008308 -741296,2932161 -766400,2865825 -809167,2918559 -768822,3008308 -741296))
32725;POLYGON((3201033 -603406,3142783 -658694,3012972 -665555,3054301 -604114,3201033 -603406))
32726;POLYGON((3339833 -393373,3299534 -469847,3124541 -465011,3153266 -388589,3339833 -393373))
32727;POLYGON((3425579 -134697,3402782 -225075,3197634 -224837,3213222 -138536,3425579 -134697))
32728;POLYGON((3460404 153732,3454281 55281,3231198 40578,3233634 132546,3460404 153732))
32729;POLYGON((3447361 456914,3456810 355000,3225618 319398,3215288 413596,3447361 456914))
32730;POLYGON((3390131 763090,3413872 661308,3182364 601999,3159947 695655,3390131 763090))
32731;POLYGON((3292782 1063195,3329429 964298,3103697 880659,3070076 971576,3292782 1063195))
32732;POLYGON((3159567 1350366,3207692 1256425,2992409 1149286,2948597 1235747,3159567 1350366))
32733;POLYGON((2994758 1619529,3052944 1532060,2851618 1403156,2798695 1483852,2994758 1619529))
32734;POLYGON((2802525 1867037,2869400 1787116,2684596 1638688,2623664 1712643,2802525 1867037))
32735;POLYGON((2586841 2090362,2661106 2018725,2494639 1853236,2426784 1919744,2586841 2090362))
32736;POLYGON((2351420 2287836,2431869 2224958,2284969 2044908,2211235 2103477,2351420 2287836))
32737;POLYGON((2099682 2458431,2185209 2404595,2058663 2212404,1980037 2262706,2099682 2458431))
32738;POLYGON((1834741 2601578,1924342 2556933,1818614 2354872,1736015 2396703,1834741 2601578))
32739;POLYGON((1559417 2717019,1652183 2681624,1567515 2471794,1481797 2505036,1559417 2717019))
32740;POLYGON((1276257 2804685,1371367 2778548,1307859 2562880,1219810 2587473,1276257 2804685))
32741;POLYGON((987586 2864607,1084286 2847712,1041960 2627989,952318 2643907,987586 2864607))
32742;POLYGON((695550 2896847,793142 2889172,771986 2667064,681447 2674300,695550 2896847))
32743;POLYGON((402187 2901451,500000 2902985,500000 2680089,409239 2678642,402187 2901451))
32744;POLYGON((109487 2878426,206857 2889172,228013 2667064,137698 2656933,109487 2878426))
32745;POLYGON((-180537 2827738,-84286 2847712,-41960 2627989,-131151 2609177,-180537 2827738))
32746;POLYGON((-465782 2749326,-371367 2778548,-307859 2562880,-395216 2535400,-465782 2749326))
32747;POLYGON((-743989 2643143,-652183 2681624,-567515 2471794,-652285 2435680,-743989 2643143))
32748;POLYGON((-1012690 2509214,-924342 2556933,-818614 2354872,-899987 2310201,-1012690 2509214))
32749;POLYGON((-1269160 2347723,-1185209 2404595,-1058663 2212404,-1135764 2159319,-1269160 2347723))
32750;POLYGON((-1510385 2159121,-1431869 2224958,-1284969 2044908,-1356856 1983650,-1510385 2159121))
32751;POLYGON((-1733047 1944263,-1661106 2018725,-1494639 1853236,-1560305 1784182,-1733047 1944263))
32752;POLYGON((-1933526 1704583,-1869400 1787116,-1684596 1638688,-1742980 1562395,-1933526 1704583))
32753;POLYGON((-2107932 1442294,-2052944 1532060,-1851618 1403156,-1901626 1320415,-2107932 1442294))
32754;POLYGON((-2252150 1160639,-2207692 1256425,-1992409 1149286,-2032942 1061176,-2252150 1160639))
32755;POLYGON((-2361931 864180,-2329429 964298,-2103697 880659,-2133690 788617,-2361931 864180))
32756;POLYGON((-2432999 559138,-2413872 661308,-2182364 601999,-2200841 507891,-2432999 559138))
32757;POLYGON((-2461204 253795,-2456810 355000,-2225618 319398,-2231755 225605,-2461204 253795))
32758;POLYGON((-2442711 -41045,-2454281 55281,-2231198 40578,-2224404 -49919,-2442711 -41045))
32759;POLYGON((-2374227 -311532,-2402782 -225075,-2197634 -224837,-2177643 -308355,-2374227 -311532))
32760;POLYGON((-2253278 -540147,-2299534 -469847,-2124541 -465011,-2091525 -537053,-2253278 -540147))
