32701;POLYGON((-1666391 -673684,-1687395 -608674,-1485836 -574449,-1470673 -638325,-1666391 -673684))
32702;POLYGON((-1595636 -851898,-1620216 -795545,-1437772 -761634,-1420603 -820856,-1595636 -851898))
32703;POLYGON((-1520195 -999644,-1545222 -954198,-1386477 -933971,-1370280 -987711,-1520195 -999644))
32704;POLYGON((-1451533 -1110202,-1472820 -1077888,-1341792 -1089282,-1330487 -1137051,-1451533 -1110202))
32705;POLYGON((-1404667 -1177124,-1416776 -1160042,-1316543 -1226548,-1315154 -1268342,-1404667 -1177124))
32706;POLYGON((-1398782 -1194577,-1394814 -1194578,-1327047 -1346380,-1341887 -1382859,-1398782 -1194577))
32707;POLYGON((-1457907 -1157765,-1429270 -1176304,-1393680 -1451584,-1432547 -1484285,-1457907 -1157765))
32708;POLYGON((-1611664 -1063435,-1547814 -1101389,-1541493 -1547835,-1613892 -1579418,-1611664 -1063435))
32709;POLYGON((-1896075 -910487,-1784241 -967942,-1800892 -1644455,-1918272 -1678992,-1896075 -910487))
32710;POLYGON((-2354457 -700676,-2179331 -776681,-2208373 -1755323,-2384392 -1798628,-2354457 -700676))
32711;POLYGON((-3038376 -439439,-2781790 -531717,-2807328 -1899915,-3058130 -1959926,-3038376 -439439))
32712;POLYGON((-4008696 -136846,-3649261 -241461,-3648912 -2104495,-3993433 -2191702,-4008696 -136846))
32713;POLYGON((5849422 80334,-4849422 80334,-4792976 -2403463,5792976 -2403463,5849422 80334))
32714;POLYGON((4649261 -241461,5008696 -136846,4993433 -2191702,4648912 -2104495,4649261 -241461))
32715;POLYGON((3781790 -531717,4038376 -439439,4058130 -1959926,3807328 -1899915,3781790 -531717))
32716;POLYGON((3179331 -776681,3354457 -700676,3384392 -1798628,3208373 -1755323,3179331 -776681))
32717;POLYGON((2784241 -967942,2896075 -910487,2918272 -1678992,2800892 -1644455,2784241 -967942))
32718;POLYGON((2547814 -1101389,2611664 -1063435,2613892 -1579418,2541493 -1547835,2547814 -1101389))
32719;POLYGON((2429270 -1176304,2457907 -1157765,2432547 -1484285,2393680 -1451584,2429270 -1176304))
32720;POLYGON((2394814 -1194578,2398782 -1194577,2341887 -1382859,2327047 -1346380,2394814 -1194578))
32721;POLYGON((2416776 -1160042,2404667 -1177124,2315154 -1268342,2316543 -1226548,2416776 -1160042))
32722;POLYGON((2472820 -1077888,2451533 -1110202,2330487 -1137051,2341792 -1089282,2472820 -1077888))
32723;POLYGON((2545222 -954198,2520195 -999644,2370280 -987711,2386477 -933971,2545222 -954198))
32724;POLYGON((2620216 -795545,2595636 -851898,2420603 -820856,2437772 -761634,2620216 -795545))
32725;POLYGON((2687395 -608674,2666391 -673684,2470673 -638325,2485836 -574449,2687395 -608674))
32726;POLYGON((2739182 -400250,2723996 -471718,2512378 -442841,2523349 -375357,2739182 -400250))
32727;POLYGON((2770348 -176663,2762490 -252498,2539848 -237678,2545102 -167749,2770348 -176663))
32728;POLYGON((2777594 56115,2777973 -22150,2549076 -26382,2547631 44788,2777594 56115))
32729;POLYGON((2759168 292625,2768217 213687,2537577 187440,2528890 258663,2759168 292625))
32730;POLYGON((2714551 527981,2732324 449934,2504094 400276,2487975 470425,2714551 527981))
32731;POLYGON((2644166 757897,2670433 682103,2448341 608829,2424871 676865,2644166 757897))
32732;POLYGON((2549141 978687,2583461 906308,2370781 810089,2340246 875082,2549141 978687))
32733;POLYGON((2431112 1187243,2472895 1119253,2272436 1001381,2235273 1062519,2431112 1187243))
32734;POLYGON((2292052 1380999,2340611 1318196,2154733 1180386,2111485 1236974,2292052 1380999))
32735;POLYGON((2134141 1557883,2188733 1500906,2019374 1345136,1970651 1396594,2134141 1557883))
32736;POLYGON((1959659 1716257,2019518 1665607,1868234 1494000,1814686 1539855,1959659 1716257))
32737;POLYGON((1770914 1854863,1835272 1810922,1703282 1625660,1645575 1665536,1770914 1854863))
32738;POLYGON((1570186 1972757,1638288 1935807,1526523 1739072,1465326 1772676,1570186 1972757))
32739;POLYGON((1359693 2069253,1430808 2039498,1339957 1833433,1275932 1860545,1359693 2069253))
32740;POLYGON((1141577 2143870,1215000 2121451,1145558 1908146,1079352 1928605,1141577 2143870))
32741;POLYGON((917903 2196286,992954 2181295,945256 1962780,877506 1976476,917903 2196286))
32742;POLYGON((690670 2226302,766689 2218794,740946 1997048,672275 2003913,690670 2226302))
32743;POLYGON((461830 2233813,538169 2233813,534489 2010781,465510 2010781,461830 2233813))
32744;POLYGON((233310 2218794,309329 2226302,327724 2003913,259053 1997048,233310 2218794))
32745;POLYGON((7045 2181295,82096 2196286,122493 1976476,54743 1962780,7045 2181295))
32746;POLYGON((-215000 2121451,-141577 2143870,-79352 1928605,-145558 1908146,-215000 2121451))
32747;POLYGON((-430808 2039498,-359693 2069253,-275932 1860545,-339957 1833433,-430808 2039498))
32748;POLYGON((-638288 1935807,-570186 1972757,-465326 1772676,-526523 1739072,-638288 1935807))
32749;POLYGON((-835272 1810922,-770914 1854863,-645575 1665536,-703282 1625660,-835272 1810922))
32750;POLYGON((-1019518 1665607,-959659 1716257,-814686 1539855,-868234 1494000,-1019518 1665607))
32751;POLYGON((-1188733 1500906,-1134141 1557883,-970651 1396594,-1019374 1345136,-1188733 1500906))
32752;POLYGON((-1340611 1318196,-1292052 1380999,-1111485 1236974,-1154733 1180386,-1340611 1318196))
32753;POLYGON((-1472895 1119253,-1431112 1187243,-1235273 1062519,-1272436 1001381,-1472895 1119253))
32754;POLYGON((-1583461 906308,-1549141 978687,-1340246 875082,-1370781 810089,-1583461 906308))
32755;POLYGON((-1670433 682103,-1644166 757897,-1424871 676865,-1448341 608829,-1670433 682103))
32756;POLYGON((-1732324 449934,-1714551 527981,-1487975 470425,-1504094 400276,-1732324 449934))
32757;POLYGON((-1768217 213687,-1759168 292625,-1528890 258663,-1537577 187440,-1768217 213687))
32758;POLYGON((-1777973 -22150,-1777594 56115,-1547631 44788,-1549076 -26382,-1777973 -22150))
32759;POLYGON((-1762490 -252498,-1770348 -176663,-1545102 -167749,-1539848 -237678,-1762490 -252498))
32760;POLYGON((-1723996 -471718,-1739182 -400250,-1523349 -375357,-1512378 -442841,-1723996 -471718))
