32601;POLYGON((-23429918 19398868,-22246473 17650607,-23903962 16216094,-25264226 17856057,-23429918 19398868))
32602;POLYGON((-27439503 25823685,-26021298 23466773,-28262694 21678339,-29914209 23896309,-27439503 25823685))
32603;POLYGON((-32252376 34443590,-30548944 31288481,-33558200 29046461,-35566573 32023871,-32252376 34443590))
32604;POLYGON((-38038249 45924008,-35989826 41731711,-39999412 38910303,-42442747 42876160,-38038249 45924008))
32605;POLYGON((-44997360 61098745,-42533555 55570639,-47834546 52011947,-50805277 57252662,-44997360 61098745))
32606;POLYGON((-53364726 81003581,-50403055 73769693,-57356769 69276658,-60963666 76147365,-53364726 81003581))
32607;POLYGON((-63414799 106914781,-59859093 97520375,-68910414 91848444,-73280778 100785954,-63414799 106914781))
32608;POLYGON((-75466538 140393001,-71205200 128283313,-82897761 121130678,-88179823 132668227,-75466538 140393001))
32609;POLYGON((-89888927 183333071,-84793046 167836031,-99786428 158832245,-106151945 173616187,-89888927 183333071))
32610;POLYGON((-107106933 238020168,-101028245 218326931,-120117376 207019712,-127764445 225828333,-107106933 238020168))
32611;POLYGON((-127607957 307192919,-120376641 282336029,-144513572 268176017,-153669668 291940642,-127607957 307192919))
32612;POLYGON((-151948771 394113987,-143371078 362942982,-173689332 345266227,-184614573 375094801,-151948771 394113987))
32613;POLYGON((-180762965 502648712,-170618682 463802976,-208460359 441810902,-221451018 479014236,-180762965 502648712))
32614;POLYGON((152948771 394113987,162022808 427680841,197193476 407225154,185614573 375094801,152948771 394113987))
32615;POLYGON((128607957 307192919,136265285 334016893,164384866 317594026,154669668 291940642,128607957 307192919))
32616;POLYGON((108106933 238020168,114549829 259318618,136887706 246177263,128764445 225828333,108106933 238020168))
32617;POLYGON((90888927 183333071,96294918 200131612,113921250 189648113,107151945 173616187,90888927 183333071))
32618;POLYGON((76466538 140393001,80990821 153550800,94802712 145209983,89179823 132668227,76466538 140393001))
32619;POLYGON((64414799 106914781,68192501 117147223,78937465 110525673,74280778 100785954,64414799 106914781))
32620;POLYGON((54364726 81003581,57512999 88902508,65809924 83654031,61963666 76147365,54364726 81003581))
32621;POLYGON((45997360 61098745,48617315 67150444,54975110 62993498,51805277 57252662,45997360 61098745))
32622;POLYGON((39038249 45924008,41216746 50525128,46050848 47232000,43442747 42876160,39038249 45924008))
32623;POLYGON((33252376 34443590,35063668 37915153,38710587 35302699,36566573 32023871,33252376 34443590))
32624;POLYGON((28439503 25823685,29946743 28423355,32676805 26345104,30914209 23896309,28439503 25823685))
32625;POLYGON((24429918 19398868,25686532 21331628,27714985 19671104,26264226 17856057,24429918 19398868))
32626;POLYGON((21080557 14642972,22131495 16070365,23628120 14735459,22430990 13399656,21080557 14642972))
32627;POLYGON((18271490 11144019,19154362 12192077,20251732 11110349,19259843 10133409,18271490 11144019))
32628;POLYGON((15902749 8582792,16648841 9348799,17449378 8463571,16622768 7752719,15902749 8582792))
32629;POLYGON((13891483 6714672,14526675 7272876,15108610 6540015,14414493 6024572,13891483 6714672))
32630;POLYGON((12169411 5354377,12714988 5760778,13137368 5146058,12549024 4772827,12169411 5354377))
32631;POLYGON((10680563 4363265,11153942 4659583,11460779 4136547,10956571 3866000,10680563 4363265))
32632;POLYGON((9379290 3638893,9794653 3855815,10018333 3404056,9580847 3207199,9379290 3638893))
32633;POLYGON((8228519 3106523,8597370 3266335,8761414 2870117,8376706 2725968,8228519 3106523))
32634;POLYGON((7198234 2712314,7529878 2831000,7651149 2478172,7308102 2371742,7198234 2712314))
32635;POLYGON((6264170 2417946,6566129 2506835,6656570 2187978,6346337 2108692,6264170 2417946))
32636;POLYGON((5406697 2196445,5685062 2263482,5753035 1971241,5468573 1911723,5406697 2196445))
32637;POLYGON((4609872 2029004,4869599 2079712,4920907 1808286,4656584 1763437,4609872 2029004))
32638;POLYGON((3860646 1902614,4105807 1940803,4144441 1685548,3895712 1651873,3860646 1902614))
32639;POLYGON((3148202 1808344,3382190 1836622,3410879 1593748,3174022 1568868,3148202 1808344))
32640;POLYGON((2463412 1740120,2689111 1760252,2709700 1526591,2481597 1508906,2463412 1740120))
32641;POLYGON((1798381 1693896,2018311 1707044,2032018 1479868,1809982 1468331,1798381 1693896))
32642;POLYGON((1146074 1667104,1362505 1673984,1370091 1450865,1151726 1444832,1146074 1667104))
32643;POLYGON((500000 1658325,715053 1659297,716922 1437987,500000 1437135,500000 1658325))
32644;POLYGON((-146074 1667104,69665 1662218,65915 1440548,-151726 1444832,-146074 1667104))
32645;POLYGON((-798381 1693896,-579861 1682897,-589426 1458683,-809982 1468331,-798381 1693896))
32646;POLYGON((-1463412 1740120,-1239901 1722421,-1255798 1493365,-1481597 1508906,-1463412 1740120))
32647;POLYGON((-2148202 1808344,-1917278 1782944,-1940404 1546533,-2174022 1568868,-2148202 1808344))
32648;POLYGON((-2860646 1902614,-2619559 1867971,-2651321 1621349,-2895712 1651873,-2860646 1902614))
32649;POLYGON((-3609872 2029004,-3355416 1982824,-3397918 1722637,-3656584 1763437,-3609872 2029004))
32650;POLYGON((-4406697 2196445,-4135047 2135367,-4191390 1857569,-4468573 1911723,-4406697 2196445))
32651;POLYGON((-5264170 2417946,-4970691 2337087,-5045400 2036686,-5346337 2108692,-5264170 2417946))
32652;POLYGON((-6198234 2712314,-5877243 2604629,-5976878 2275355,-6308102 2371742,-6198234 2712314))
32653;POLYGON((-7228519 3106523,-6873008 2961936,-7006998 2595810,-7376706 2725968,-7228519 3106523))
32654;POLYGON((-8379290 3638893,-7980591 3443134,-8162351 3029910,-8580847 3207199,-8379290 3638893))
32655;POLYGON((-9680563 4363265,-9227955 4096358,-9476354 3622795,-9956571 3866000,-9680563 4363265))
32656;POLYGON((-11169411 5354377,-10649663 4988700,-10990905 4437638,-11549024 4772827,-11169411 5354377))
32657;POLYGON((-12891483 6714672,-12288324 6212512,-12758333 5561697,-13414493 6024572,-12891483 6714672))
32658;POLYGON((-14902749 8582792,-14196257 7893312,-14843644 7113907,-15622768 7752719,-14902749 8582792))
32659;POLYGON((-17271490 11144019,-16437402 10199542,-17327108 9254278,-18259843 10133409,-17271490 11144019))
32660;POLYGON((-20080557 14642972,-19089487 13354479,-20307206 12195362,-21430990 13399656,-20080557 14642972))
