32601;POLYGON((-8206590 16776406,-8309978 15806017,-9472359 16422880,-9461647 17531344,-8206590 16776406))
32602;POLYGON((-7619566 20152199,-7865973 18943872,-9328532 20031066,-9198013 21437669,-7619566 20152199))
32603;POLYGON((-6513454 24351227,-6948987 22849049,-8786382 24607001,-8495173 26388653,-6513454 24351227))
32604;POLYGON((-4729015 29564339,-5410423 27700628,-7713934 30398359,-7211489 32649606,-4729015 29564339))
32605;POLYGON((-2071658 36021767,-3068066 33715003,-5948666 37708954,-5173182 40545310,-2071658 36021767))
32606;POLYGON((1694127 43999878,299303 41152360,-3292560 46909204,-2169217 50470965,1694127 43999878))
32607;POLYGON((6850904 53828827,4957847 50324015,493352 58448095,2054335 62904681,6850904 53828827))
32608;POLYGON((13735005 65901188,11225189 61600713,5694996 72866768,7800477 78421640,13735005 65901188))
32609;POLYGON((22743872 80681652,19477546 75421959,12651807 90813891,15428040 97710101,22743872 80681652))
32610;POLYGON((34344039 98717877,30157496 92306474,21763878 113062967,25359030 121589379,34344039 98717877))
32611;POLYGON((49079794 120652594,43782402 112863872,33499722 140531736,38086603 151029993,49079794 120652594))
32612;POLYGON((67582531 147237052,60953540 137807649,48404673 174303849,54183677 187176133,67582531 147237052))
32613;POLYGON((90580839 179345915,82365932 167969582,67109947 215652992,74312231 231370638,90580839 179345915))
32614;POLYGON((-89580839 179345915,-98387228 191447499,-81046112 248154786,-73312231 231370638,-89580839 179345915))
32615;POLYGON((-66582531 147237052,-73710142 157279127,-59409810 200940821,-53183677 187176133,-66582531 147237052))
32616;POLYGON((-48079794 120652594,-53794941 128956939,-42047140 162271676,-37086603 151029993,-48079794 120652594))
32617;POLYGON((-33344039 98717877,-37878265 105561554,-28264258 130732289,-24359030 121589379,-33344039 98717877))
32618;POLYGON((-21743872 80681652,-25297480 86302315,-17459624 105115159,-14428040 97710101,-21743872 80681652))
32619;POLYGON((-12735005 65901188,-15480339 70501882,-9114485 84394492,-6800477 78421640,-12735005 65901188))
32620;POLYGON((-5850904 53828827,-7935384 57582315,-2784036 67702920,-1054335 62904681,-5850904 53828827))
32621;POLYGON((-694127 43999878,-2243063 47052532,1910766 54310602,3169217 50470965,-694127 43999878))
32622;POLYGON((3071658 36021767,1952479 38497054,5290756 43606536,6173182 40545310,3071658 36021767))
32623;POLYGON((5729015 29564339,4950952 31565929,7625504 35081915,8211489 32649606,5729015 29564339))
32624;POLYGON((7513454 24351227,7002841 25965757,9139690 28315369,9495173 26388653,7513454 24351227))
32625;POLYGON((8619566 20152199,8315732 21451721,10018920 22959935,10198013 21437669,8619566 20152199))
32626;POLYGON((9206590 16776406,9060062 17820544,10415007 18731606,10461647 17531344,9206590 16776406))
32627;POLYGON((9403442 14066446,9374327 14904285,10450760 15399328,10400196 14454281,9403442 14066446))
32628;POLYGON((9313241 11893177,9369774 12564917,10224288 12776306,10104412 12032714,9313241 11893177))
32629;POLYGON((9017347 10151203,9134595 10689590,9812852 10712490,9645387 10127358,9017347 10151203))
32630;POLYGON((8578957 8754969,8737669 9186534,9276290 9088125,9077846 8627295,8578957 8754969))
32631;POLYGON((8046261 7635404,8231861 7981526,8660044 7808264,8443037 7444770,8046261 7635404))
32632;POLYGON((7455214 6737052,7656923 7014863,7997806 6798107,7771262 6510800,7455214 6737052))
32633;POLYGON((6831924 6015634,7041999 6238785,7313815 5999106,7084063 5771504,6831924 6015634))
32634;POLYGON((6194709 5435995,6407797 5615303,6624829 5365718,6396087 5185052,6194709 5435995))
32635;POLYGON((5555829 4970386,5768421 5114372,5941792 4862728,5716668 4719164,5555829 4970386))
32636;POLYGON((4922932 4597038,5132913 4712371,5271235 4463065,5051128 4349075,4922932 4597038))
32637;POLYGON((4300241 4298993,4506520 4390854,4616420 4146045,4401857 4055902,4300241 4298993))
32638;POLYGON((3689508 4063146,3891727 4135525,3978260 3895966,3769155 3825344,3689508 4063146))
32639;POLYGON((3090757 3879484,3289061 3935416,3356049 3701005,3151903 3646672,3090757 3879484))
32640;POLYGON((2502854 3740479,2697721 3782229,2748002 3552363,2548057 3511941,2502854 3740479))
32641;POLYGON((1923923 3640620,2116040 3669825,2151668 3443622,1955008 3415413,1923923 3640620))
32642;POLYGON((1351638 3576061,1541817 3593835,1564201 3370263,1369825 3353121,1351638 3576061))
32643;POLYGON((783423 3544369,972541 3551378,982546 3329329,789409 3322575,783423 3544369))
32644;POLYGON((216576 3544369,405542 3540872,403549 3319206,210590 3322575,216576 3544369))
32645;POLYGON((-351638 3576061,-161912 3561928,-175979 3339497,-369825 3353121,-351638 3576061))
32646;POLYGON((-923923 3640620,-732546 3615325,-759224 3390996,-955008 3415413,-923923 3640620))
32647;POLYGON((-1502854 3740479,-1308988 3703065,-1349315 3475750,-1548057 3511941,-1502854 3740479))
32648;POLYGON((-2090757 3879484,-1893665 3828497,-1949251 3597203,-2151903 3646672,-2090757 3879484))
32649;POLYGON((-2689508 4063146,-2488630 3996545,-2561773 3760465,-2769155 3825344,-2689508 4063146))
32650;POLYGON((-3300241 4298993,-3095304 4214018,-3189146 3972687,-3401857 4055902,-3300241 4298993))
32651;POLYGON((-3922932 4597038,-3714105 4490041,-3832846 4243594,-4051128 4349075,-3922932 4597038))
32652;POLYGON((-4555829 4970386,-4343929 4836612,-4493110 4586196,-4716668 4719164,-4555829 4970386))
32653;POLYGON((-5194709 5435995,-4981474 5269307,-5168329 5017720,-5396087 5185052,-5194709 5435995))
32654;POLYGON((-5831924 6015634,-5620351 5808175,-5854267 5560807,-6084063 5771504,-5831924 6015634))
32655;POLYGON((-6455214 6737052,-6249986 6478826,-6543060 6245025,-6771262 6510800,-6455214 6737052))
32656;POLYGON((-7046261 7635404,-6854258 7313769,-7221994 7108769,-7443037 7444770,-7046261 7635404))
32657;POLYGON((-7578957 8754969,-7409867 8354033,-7872018 8201592,-8077846 8627295,-7578957 8754969))
32658;POLYGON((-8017347 10151203,-7884390 9651097,-8465976 9587069,-8645387 10127358,-8017347 10151203))
32659;POLYGON((-8313241 11893177,-8234002 11269196,-8966531 11346246,-9104412 12032714,-8313241 11893177))
32660;POLYGON((-8403442 14066446,-8400841 13288044,-9323756 13581784,-9400196 14454281,-8403442 14066446))
