32701;POLYGON((110227608 -13341142,101201227 -14660491,98016642 14176460,106610297 17937241,110227608 -13341142))
32702;POLYGON((-109227608 -13341142,-118871152 -11771084,-114784423 22128902,-105610297 17937241,-109227608 -13341142))
32703;POLYGON((-83870423 -16631819,-91759273 -15750662,-88972941 10814148,-81449986 7819822,-83870423 -16631819))
32704;POLYGON((-63229485 -18203777,-69633528 -17841330,-67855766 2822284,-61732244 766942,-63229485 -18203777))
32705;POLYGON((-46564874 -18503037,-51719522 -18520842,-50710360 -2575197,-45766476 -3904841,-46564874 -18503037))
32706;POLYGON((-33233150 -17889773,-37342788 -18176488,-36906785 -5978078,-32951509 -6756557,-33233150 -17889773))
32707;POLYGON((-22677491 -16651144,-25918680 -17118431,-25898387 -7875655,-22766495 -8244381,-22677491 -16651144))
32708;POLYGON((-14418536 -15012687,-16942994 -15591566,-17213141 -8663005,-14762469 -8735280,-14418536 -15012687))
32709;POLYGON((-8045917 -13148379,-9983263 -13786018,-10445622 -8655435,-8554529 -8520884,-8045917 -13148379))
32710;POLYGON((-3210432 -11189474,-4670727 -11846369,-5249589 -8101229,-3814617 -7829698,-3210432 -11189474))
32711;POLYGON((383149 -9232216,-692927 -9879744,-1331154 -7192854,-264874 -6837824,383149 -9232216))
32712;POLYGON((2982685 -7344527,2213087 -7962820,1557493 -6076740,2328452 -5678292,2982685 -7344527))
32713;POLYGON((4794682 -5571754,4266973 -6147886,3623826 -4861763,4160576 -4449137,4794682 -5571754))
32714;POLYGON((5989777 -3941575,5650746 -4468013,5040208 -3626544,5393233 -3220330,5989777 -3941575))
32715;POLYGON((6707695 -2468138,6513917 -2941443,5948632 -2425685,6159271 -2039682,6707695 -2468138))
32716;POLYGON((7061718 -1155515,6978114 -1575261,6465011 -1295038,6566779 -937817,7061718 -1155515))
32717;POLYGON((7142684 -551,7141241 -368440,6683015 -256124,6702798 67673,7142684 -551))
32718;POLYGON((7022549 1004823,7081176 685677,6677507 680216,6636617 968821,7022549 1004823))
32719;POLYGON((6757538 1871753,6859064 1597390,6507587 1510850,6422695 1764499,6757538 1871753))
32720;POLYGON((6390902 2613023,6522195 2379074,6219274 2237950,6103227 2458209,6390902 2613023))
32721;POLYGON((5955329 3241970,6106532 3043981,5847850 2867118,5710381 3056353,5955329 3241970))
32722;POLYGON((5475005 3771691,5638887 3605362,5419885 3405930,5268223 3566909,5475005 3771691))
32723;POLYGON((4967389 4214491,5138780 4075834,4954977 3862853,4794369 3998454,4967389 4214491))
32724;POLYGON((4444686 4581533,4620020 4466969,4467227 4246465,4301370 4359472,4444686 4581533))
32725;POLYGON((3915088 4882636,4092014 4789047,3966470 4564912,3797875 4657881,3915088 4882636))
32726;POLYGON((3383773 5126194,3560847 5050943,3459288 4825570,3289575 4900752,3383773 5126194))
32727;POLYGON((2853715 5319181,3030149 5260098,2949840 5034847,2779974 5094144,2853715 5319181))
32728;POLYGON((2326312 5467206,2501781 5422568,2440513 5198094,2270988 5243050,2326312 5467206))
32729;POLYGON((1801874 5574595,1976371 5543096,1932440 5319585,1763426 5351389,1801874 5574595))
32730;POLYGON((1279990 5644493,1453714 5625212,1425892 5402544,1257343 5422045,1279990 5644493))
32731;POLYGON((759800 5678940,933073 5671314,920582 5449186,752320 5456907,759800 5678940))
32732;POLYGON((240199 5678940,413407 5682747,415897 5460761,247679 5456907,240199 5678940))
32733;POLYGON((-279990 5644493,-106456 5659844,-88914 5437577,-257343 5422045,-279990 5644493))
32734;POLYGON((-801874 5574595,-627664 5601938,-594581 5379015,-763426 5351389,-801874 5574595))
32735;POLYGON((-1326312 5467206,-1151178 5507338,-1101627 5283507,-1270988 5243050,-1326312 5467206))
32736;POLYGON((-1853715 5319181,-1677585 5373279,-1610184 5148507,-1779974 5094144,-1853715 5319181))
32737;POLYGON((-2383773 5126194,-2206851 5195838,-2119730 4970445,-2289575 4900752,-2383773 5126194))
32738;POLYGON((-2915088 4882636,-2737988 4969843,-2628764 4744688,-2797875 4657881,-2915088 4882636))
32739;POLYGON((-3444686 4581533,-3268610 4688783,-3134371 4465529,-3301370 4359472,-3444686 4581533))
32740;POLYGON((-3967389 4214491,-3794354 4344743,-3631666 4126224,-3794369 3998454,-3967389 4214491))
32741;POLYGON((-4475005 3771691,-4308134 3928372,-4113082 3719110,-4268223 3566909,-4475005 3771691))
32742;POLYGON((-4955329 3241970,-4799208 3428941,-4567486 3235851,-4710381 3056353,-4955329 3241970))
32743;POLYGON((-5390902 2613023,-5252020 2834495,-4979094 2667837,-5103227 2458209,-5390902 2613023))
32744;POLYGON((-5757538 1871753,-5644807 2132149,-5326158 2006795,-5422695 1764499,-5757538 1871753))
32745;POLYGON((-6022549 1004823,-5947931 1308573,-5579412 1245670,-5636617 968821,-6022549 1004823))
32746;POLYGON((-6142684 -551,-6121911 350692,-5700236 379823,-5702798 67673,-6142684 -551))
32747;POLYGON((-6061718 -1155515,-6115136 -753326,-5638527 -591383,-5566779 -937817,-6061718 -1155515))
32748;POLYGON((-5707695 -2468138,-5861223 -2012760,-5330245 -1662539,-5159271 -2039682,-5707695 -2468138))
32749;POLYGON((-4989777 -3941575,-5276004 -3432635,-4694616 -2819607,-4393233 -3220330,-4989777 -3941575))
32750;POLYGON((-3794682 -5571754,-4254100 -5011576,-3630956 -4036730,-3160576 -4449137,-3794682 -5571754))
32751;POLYGON((-1982685 -7344527,-2665074 -6739146,-2015109 -5272337,-1328452 -5678292,-1982685 -7344527))
32752;POLYGON((616850 -9232216,-349117 -8592603,304546 -6464451,1264874 -6837824,616850 -9232216))
32753;POLYGON((4210432 -11189474,2887736 -10532994,3511524 -7525110,4814617 -7829698,4210432 -11189474))
32754;POLYGON((9045917 -13148379,7278920 -12500517,7826138 -8333786,9554529 -8520884,9045917 -13148379))
32755;POLYGON((15418536 -15012687,13103168 -14409064,13510894 -8729707,15762469 -8735280,15418536 -15012687))
32756;POLYGON((23677491 -16651144,20690923 -16139854,20876408 -8502956,23766495 -8244381,23677491 -16651144))
32757;POLYGON((34233150 -17889773,30431327 -17534078,30287860 -7384225,33951509 -6756557,34233150 -17889773))
32758;POLYGON((47564874 -18503037,42779834 -18384439,42172022 -5033117,46766476 -3904841,47564874 -18503037))
32759;POLYGON((64229485 -18203777,58266462 -18425518,57024873 -1024838,62732244 766942,64229485 -18203777))
32760;POLYGON((84870423 -16631819,77504720 -17322831,75419834 5164833,82449986 7819822,84870423 -16631819))
