32701;POLYGON((-387215 -173123,-391466 -141583,-165745 -104656,-162206 -128088,-387215 -173123))
32702;POLYGON((-369323 -267125,-376106 -235911,-152991 -174637,-147353 -197720,-369323 -267125))
32703;POLYGON((-344617 -359921,-353527 -329135,-134130 -243424,-126598 -266021,-344617 -359921))
32704;POLYGON((-314574 -451435,-325073 -421061,-109844 -310660,-100690 -332692,-314574 -451435))
32705;POLYGON((-281107 -542011,-292505 -511881,-81021 -376178,-70593 -397641,-281107 -542011))
32706;POLYGON((-246619 -632538,-258058 -602287,-48783 -440058,-37508 -461044,-246619 -632538))
32707;POLYGON((-214074 -724588,-224499 -693606,-14503 -502689,-2899 -523409,-214074 -724588))
32708;POLYGON((-187059 -820582,-195200 -787956,20168 -564840,31482 -585650,-187059 -820582))
32709;POLYGON((-169861 -923975,-174207 -888426,53272 -627750,63574 -649181,-169861 -923975))
32710;POLYGON((-167551 -1039472,-166319 -999279,82521 -693215,90966 -716009,-167551 -1039472))
32711;POLYGON((-186067 -1173273,-177176 -1126187,105261 -763700,110879 -788848,-186067 -1173273))
32712;POLYGON((-232311 -1333342,-213347 -1276493,118442 -842457,120123 -871240,-232311 -1333342))
32713;POLYGON((-314252 -1529722,-282433 -1459512,118586 -933660,115069 -967699,-314252 -1529722))
32714;POLYGON((-441032 -1774877,-393174 -1686859,101747 -1042553,91606 -1083864,-441032 -1774877))
32715;POLYGON((1351042 -1605328,1393174 -1686859,898252 -1042553,890488 -1003917,1351042 -1605328))
32716;POLYGON((1255232 -1394205,1282433 -1459512,881413 -933660,879779 -901576,1255232 -1394205))
32717;POLYGON((1198030 -1223260,1213347 -1276493,881557 -842457,884683 -815049,1198030 -1223260))
32718;POLYGON((1171089 -1081684,1177176 -1126187,894738 -763700,901415 -739465,1171089 -1081684))
32719;POLYGON((1167163 -960856,1166319 -999279,917478 -693215,926643 -670973,1167163 -960856))
32720;POLYGON((1180002 -854020,1174207 -888426,946727 -627750,957453 -606598,1180002 -854020))
32721;POLYGON((1204258 -756001,1195200 -787956,979831 -564840,991318 -544111,1204258 -756001))
32722;POLYGON((1235392 -662952,1224499 -693606,1014503 -502689,1026060 -481912,1235392 -662952))
32723;POLYGON((1269590 -572130,1258058 -602287,1048783 -440058,1059830 -418930,1269590 -572130))
32724;POLYGON((1303691 -481700,1292505 -511881,1081021 -376178,1091069 -354530,1303691 -481700))
32725;POLYGON((1335111 -390561,1325073 -421061,1109844 -310660,1118492 -288435,1335111 -390561))
32726;POLYGON((1361780 -298202,1353527 -329135,1134130 -243424,1141057 -220653,1361780 -298202))
32727;POLYGON((1382083 -204572,1376106 -235911,1152991 -174637,1157949 -151421,1382083 -204572))
32728;POLYGON((1394803 -109972,1391466 -141583,1165745 -104656,1168550 -81147,1394803 -109972))
32729;POLYGON((1399075 -14960,1398630 -46634,1171903 -33980,1172429 -10368,1399075 -14960))
32730;POLYGON((1394336 79719,1396940 48247,1171142 36790,1169318 60287,1394336 79719))
32731;POLYGON((1380291 173208,1386015 142234,1163297 106987,1159098 130137,1380291 173208))
32732;POLYGON((1356872 264579,1365715 234416,1148337 175904,1141782 198467,1356872 264579))
32733;POLYGON((1324206 352882,1336107 323847,1126356 242819,1117501 264555,1324206 352882))
32734;POLYGON((1282590 437175,1297432 409580,1097557 307017,1086492 327692,1282590 437175))
32735;POLYGON((1232459 516550,1250084 490692,1062241 367806,1049085 387197,1232459 516550))
32736;POLYGON((1174370 590156,1194579 566312,1020792 424528,1005691 442424,1174370 590156))
32737;POLYGON((1108977 657209,1131542 635632,973671 476571,956793 492781,1108977 657209))
32738;POLYGON((1037017 717004,1061685 697919,921402 523376,902934 537726,1037017 717004))
32739;POLYGON((959293 768920,985789 752525,864565 564445,844712 576783,959293 768920))
32740;POLYGON((876665 812428,904698 798889,803787 599343,782766 609540,876665 812428))
32741;POLYGON((790031 847091,819297 836543,739734 627706,717774 635655,790031 847091))
32742;POLYGON((700325 872565,730510 865112,673100 649239,650440 654857,700325 872565))
32743;POLYGON((608502 888598,639285 884314,604608 663718,581492 666949,608502 888598))
32744;POLYGON((515536 895036,546592 893962,534994 670994,511669 671804,515536 895036))
32745;POLYGON((422406 891816,453407 893962,465005 670994,441721 669375,422406 891816))
32746;POLYGON((330094 878968,360714 884314,395391 663718,372399 659686,330094 878968))
32747;POLYGON((239576 856618,269489 865112,326899 649239,304445 642835,239576 856618))
32748;POLYGON((151813 824984,180702 836543,260265 627706,238593 618998,151813 824984))
32749;POLYGON((67747 784381,95301 798889,196212 599343,175555 588420,67747 784381))
32750;POLYGON((-11708 735213,14210 752525,135434 564445,116018 551421,-11708 735213))
32751;POLYGON((-85681 677980,-61685 697919,78597 523376,60636 508388,-85681 677980))
32752;POLYGON((-153349 613272,-131542 635632,26328 476571,10022 459779,-153349 613272))
32753;POLYGON((-213950 541767,-194579 566312,-20792 424528,-35263 406112,-213950 541767))
32754;POLYGON((-266801 464223,-250084 490692,-62241 367806,-74715 347963,-266801 464223))
32755;POLYGON((-311310 381471,-297432 409580,-97557 307017,-107898 285963,-311310 381471))
32756;POLYGON((-346999 294401,-336107 323847,-126356 242819,-134452 220780,-346999 294401))
32757;POLYGON((-373523 203947,-365715 234416,-148337 175904,-154110 153118,-373523 203947))
32758;POLYGON((-390696 111059,-386015 142234,-163297 106987,-166703 83695,-390696 111059))
32759;POLYGON((-398516 16676,-396940 48247,-171142 36790,-172178 13230,-398516 16676))
32760;POLYGON((-397199 -78313,-398630 -46634,-171903 -33980,-170606 -57580,-397199 -78313))
