32601;POLYGON((-729063 10240911,-734020 10197136,-963916 10232802,-958463 10284484,-729063 10240911))
32602;POLYGON((-708148 10371625,-716047 10328169,-944156 10387361,-935530 10438515,-708148 10371625))
32603;POLYGON((-680052 10501271,-690042 10458168,-916005 10540218,-905417 10590781,-680052 10501271))
32604;POLYGON((-647883 10630198,-658830 10587249,-883491 10691454,-872564 10741655,-647883 10630198))
32605;POLYGON((-615692 10759588,-626131 10716291,-851953 10842128,-842796 10892591,-615692 10759588))
32606;POLYGON((-588622 10891716,-596709 10847176,-828262 10994602,-823547 11046469,-588622 10891716))
32607;POLYGON((-573072 11030243,-576524 10983064,-821066 11152922,-824117 11207992,-573072 11030243))
32608;POLYGON((-576874 11180562,-572908 11128730,-841061 11323274,-855948 11384173,-576874 11180562))
32609;POLYGON((-609490 11350200,-594759 11290941,-901287 11514505,-932935 11584875,-609490 11350200))
32610;POLYGON((-682226 11549277,-652742 11478900,-1017456 11738733,-1071755 11823459,-682226 11549277))
32611;POLYGON((-808463 11791036,-759520 11704744,-1208301 12012043,-1292231 12117502,-808463 11791036))
32612;POLYGON((-1003908 12092433,-929996 11984121,-1495960 12355281,-1617729 12489633,-1003908 12092433))
32613;POLYGON((-1286865 12474816,-1181577 12336836,-1906393 12794956,-2075579 12968466,-1286865 12474816))
32614;POLYGON((-1678526 12964677,-1534458 12787576,-2469824 13364250,-2697533 13589657,-1678526 12964677))
32615;POLYGON((2404205 12624688,2534458 12787576,3469824 13364250,3262958 13157727,2404205 12624688))
32616;POLYGON((2087519 12209701,2181577 12336836,2906393 12794956,2754167 12635783,2087519 12209701))
32617;POLYGON((1865073 11883918,1929996 11984121,2495960 12355281,2387797 12231589,1865073 11883918))
32618;POLYGON((1717635 11624366,1759520 11704744,2208301 12012043,2135097 11914306,1717635 11624366))
32619;POLYGON((1628661 11412703,1652742 11478900,2017456 11738733,1971427 11659421,1628661 11412703))
32620;POLYGON((1584026 11234520,1594759 11290941,1901287 11514505,1875830 11447768,1584026 11234520))
32621;POLYGON((1571757 11078716,1572908 11128730,1841061 11323274,1830621 11264668,1571757 11078716))
32622;POLYGON((1581803 10936954,1576524 10983064,1821066 11152922,1821017 11099166,1581803 10936954))
32623;POLYGON((1605811 10803177,1596709 10847176,1828262 10994602,1834793 10943367,1605811 10803177))
32624;POLYGON((1636925 10673189,1626131 10716291,1851953 10842128,1861967 10791851,1636925 10673189))
32625;POLYGON((1669603 10544288,1658830 10587249,1883491 10691454,1894513 10641180,1669603 10544288))
32626;POLYGON((1699445 10414957,1690042 10458168,1916005 10540218,1926097 10489467,1699445 10414957))
32627;POLYGON((1723046 10284594,1716047 10328169,1944156 10387361,1951840 10336012,1723046 10284594))
32628;POLYGON((1737851 10153292,1734020 10197136,1963916 10232802,1968105 10180996,1737851 10153292))
32629;POLYGON((1742034 10021642,1741906 10065511,1972366 10077169,1972302 10025235,1742034 10021642))
32630;POLYGON((1734386 9890588,1738302 9934138,1967521 9921578,1962723 9869964,1734386 9890588))
32631;POLYGON((1714217 9761295,1722355 9804119,1948172 9767456,1938384 9716681,1714217 9761295))
32632;POLYGON((1681268 9635048,1693672 9676710,1913746 9616396,1898897 9567009,1681268 9635048))
32633;POLYGON((1635634 9513180,1652236 9553234,1864186 9470052,1844354 9422602,1635634 9513180))
32634;POLYGON((1577698 9397005,1598343 9435019,1799846 9330053,1775225 9285067,1577698 9397005))
32635;POLYGON((1508076 9287779,1532536 9323342,1721404 9197947,1692276 9155916,1508076 9287779))
32636;POLYGON((1427566 9186667,1455557 9219402,1629783 9075159,1596502 9036526,1427566 9186667))
32637;POLYGON((1337107 9094723,1368302 9124292,1526092 8962970,1489059 8928127,1337107 9094723))
32638;POLYGON((1237748 9012881,1271788 9038987,1411576 8862499,1371226 8831783,1237748 9012881))
32639;POLYGON((1130620 8941946,1167120 8964335,1287570 8774706,1244366 8748401,1130620 8941946))
32640;POLYGON((1016911 8882593,1055470 8901054,1155475 8700389,1109894 8678727,1016911 8882593))
32641;POLYGON((897855 8835372,938058 8849736,1016732 8640194,969259 8623358,897855 8835372))
32642;POLYGON((774712 8800708,816135 8810846,872803 8594623,823930 8582750,774712 8800708))
32643;POLYGON((648763 8778906,690979 8784730,725166 8564043,675386 8557226,648763 8778906))
32644;POLYGON((521300 8770156,563876 8771615,575303 8548694,525110 8546986,521300 8770156))
32645;POLYGON((393619 8774533,436123 8771615,424696 8548694,374586 8552108,393619 8774533))
32646;POLYGON((267021 8792000,309020 8784730,274833 8564043,225300 8572553,267021 8792000))
32647;POLYGON((142800 8822404,183864 8810846,127196 8594623,78734 8608163,142800 8822404))
32648;POLYGON((22240 8865481,61941 8849736,-16732 8640194,-63628 8658656,22240 8865481))
32649;POLYGON((-93388 8920845,-55470 8901054,-155475 8700389,-200317 8723621,-93388 8920845))
32650;POLYGON((-202844 8987988,-167120 8964335,-287570 8774706,-329874 8802509,-202844 8987988))
32651;POLYGON((-304922 9066278,-271788 9038987,-411576 8862499,-450870 8894625,-304922 9066278))
32652;POLYGON((-398468 9154951,-368302 9124292,-526092 8962970,-561923 8999116,-398468 9154951))
32653;POLYGON((-482406 9253119,-455557 9219402,-629783 9075159,-661722 9114971,-482406 9253119))
32654;POLYGON((-555754 9359765,-532536 9323342,-721404 9197947,-749066 9241014,-555754 9359765))
32655;POLYGON((-617663 9473759,-598343 9435019,-799846 9330053,-822899 9375917,-617663 9473759))
32656;POLYGON((-667453 9593873,-652236 9553234,-864186 9470052,-882373 9518208,-667453 9593873))
32657;POLYGON((-704656 9718809,-693672 9676710,-913746 9616396,-926909 9666307,-704656 9718809))
32658;POLYGON((-729075 9847233,-722355 9804119,-948172 9767456,-956280 9818571,-729075 9847233))
32659;POLYGON((-740843 9977837,-738302 9934138,-967521 9921578,-970702 9973354,-740843 9977837))
32660;POLYGON((-740497 10109406,-741906 10065511,-972366 10077169,-970946 10129105,-740497 10109406))
