32601;POLYGON((-3071248 10497793,-3181704 10399365,-3369001 10473978,-3237513 10585720,-3071248 10497793))
32602;POLYGON((-2624538 10705872,-2793879 10653366,-2906318 10765449,-2703385 10828259,-2624538 10705872))
32603;POLYGON((-1977961 10729533,-2217991 10747001,-2214077 10884836,-1923890 10871746,-1977961 10729533))
32604;POLYGON((-1092383 10482413,-1416790 10601178,-1242117 10743195,-846053 10618802,-1092383 10482413))
32605;POLYGON((77443 9853146,-347148 10113422,68544 10224421,592312 9942964,77443 9853146))
32606;POLYGON((1583614 8699990,1040664 9152767,1786912 9179169,2463834 8682290,1583614 8699990))
32607;POLYGON((3485874 6844616,2803749 7553821,3993317 7417796,4852930 6631953,3485874 6844616))
32608;POLYGON((5852481 4064972,5007426 5109961,6780843 4702232,7857275 3535734,5852481 4064972))
32609;POLYGON((8761140 87152,7726144 1565535,10256883 736667,11589397 -923713,8761140 87152))
32610;POLYGON((12300016 -5423846,11044462 -3392993,14544820 -4843052,16178408 -7135923,12300016 -5423846))
32611;POLYGON((16568817 -12874559,15058116 -10147081,19785851 -12481441,21771872 -15575124,16568817 -12874559))
32612;POLYGON((21679960 -22754785,19875153 -19157382,26140946 -22716916,28537814 -26814329,21679960 -22754785))
32613;POLYGON((27759823 -35650731,25617151 -30976418,33792969 -36196999,36666889 -41541111,27759823 -35650731))
32614;POLYGON((34950075 -52259661,32420531 -46262706,42948937 -53695307,46374697 -60575222,34950075 -52259661))
32615;POLYGON((-31420531 -46262706,-33950075 -52259661,-45374697 -60575222,-41948937 -53695307,-31420531 -46262706))
32616;POLYGON((-24617151 -30976418,-26759823 -35650731,-35666889 -41541111,-32792969 -36196999,-24617151 -30976418))
32617;POLYGON((-18875153 -19157382,-20679960 -22754785,-27537814 -26814329,-25140946 -22716916,-18875153 -19157382))
32618;POLYGON((-14058116 -10147081,-15568817 -12874559,-20771872 -15575124,-18785851 -12481441,-14058116 -10147081))
32619;POLYGON((-10044462 -3392993,-11300016 -5423846,-15178408 -7135923,-13544820 -4843052,-10044462 -3392993))
32620;POLYGON((-6726144 1565535,-7761140 87152,-10589397 -923713,-9256883 736667,-6726144 1565535))
32621;POLYGON((-4007426 5109961,-4852481 4064972,-6857275 3535734,-5780843 4702232,-4007426 5109961))
32622;POLYGON((-1803749 7553821,-2485874 6844616,-3852930 6631953,-2993317 7417796,-1803749 7553821))
32623;POLYGON((-40664 9152767,-583614 8699990,-1463834 8682290,-786912 9179169,-40664 9152767))
32624;POLYGON((1347148 10113422,922556 9853146,407687 9942964,931455 10224421,1347148 10113422))
32625;POLYGON((2416790 10601178,2092383 10482413,1846053 10618802,2242117 10743195,2416790 10601178))
32626;POLYGON((3217991 10747001,2977961 10729533,2923890 10871746,3214077 10884836,3217991 10747001))
32627;POLYGON((3793879 10653366,3624538 10705872,3703385 10828259,3906318 10765449,3793879 10653366))
32628;POLYGON((4181704 10399365,4071248 10497793,4237513 10585720,4369001 10473978,4181704 10399365))
32629;POLYGON((4413484 10045100,4351782 10171283,4571161 10217909,4644547 10077412,4413484 10045100))
32630;POLYGON((4516609 9635420,4495012 9775898,4742144 9779673,4768625 9625199,4516609 9635420))
32631;POLYGON((4514386 9203067,4525547 9348098,4782130 9310871,4771039 9152960,4514386 9203067))
32632;POLYGON((4426533 8771318,4464248 8914052,4717461 8839659,4676528 8685582,4426533 8771318))
32633;POLYGON((4269629 8356160,4328696 8491959,4569901 8385217,4505480 8239767,4269629 8356160))
32634;POLYGON((4057523 7968080,4133605 8093965,4357297 7959967,4274569 7826107,4057523 7968080))
32635;POLYGON((3801697 7613499,3891208 7727705,4094162 7571372,3997316 7450744,3801697 7613499))
32636;POLYGON((3511598 7295929,3611597 7397548,3792200 7223359,3684593 7116684,3511598 7295929))
32637;POLYGON((3194933 7016866,3303027 7105577,3460756 6917429,3345050 6824824,3194933 7016866))
32638;POLYGON((2857935 6776485,2972195 6852341,3107221 6653513,2985506 6574722,2857935 6776485))
32639;POLYGON((2505602 6574168,2624486 6637436,2737375 6430611,2611274 6365177,2505602 6574168))
32640;POLYGON((2141914 6408885,2264196 6459935,2355694 6247257,2226456 6194651,2141914 6408885))
32641;POLYGON((1770024 6279477,1894733 6318697,1965614 6101858,1834194 6061560,1770024 6279477))
32642;POLYGON((1392437 6184849,1518799 6212588,1569760 5992915,1436888 5964477,1392437 6184849))
32643;POLYGON((1011175 6124103,1138562 6140632,1170151 5919182,1036398 5902261,1011175 6124103))
32644;POLYGON((627928 6096620,755803 6102110,768381 5879757,634213 5874141,627928 6096620))
32645;POLYGON((244196 6102110,372071 6096620,365786 5874141,231618 5879757,244196 6102110))
32646;POLYGON((-138562 6140632,-11175 6124103,-36398 5902261,-170151 5919182,-138562 6140632))
32647;POLYGON((-518799 6212588,-392437 6184849,-436888 5964477,-569760 5992915,-518799 6212588))
32648;POLYGON((-894733 6318697,-770024 6279477,-834194 6061560,-965614 6101858,-894733 6318697))
32649;POLYGON((-1264196 6459935,-1141914 6408885,-1226456 6194651,-1355694 6247257,-1264196 6459935))
32650;POLYGON((-1624486 6637436,-1505602 6574168,-1611274 6365177,-1737375 6430611,-1624486 6637436))
32651;POLYGON((-1972195 6852341,-1857935 6776485,-1985506 6574722,-2107221 6653513,-1972195 6852341))
32652;POLYGON((-2303027 7105577,-2194933 7016866,-2345050 6824824,-2460756 6917429,-2303027 7105577))
32653;POLYGON((-2611597 7397548,-2511598 7295929,-2684593 7116684,-2792200 7223359,-2611597 7397548))
32654;POLYGON((-2891208 7727705,-2801697 7613499,-2997316 7450744,-3094162 7571372,-2891208 7727705))
32655;POLYGON((-3133605 8093965,-3057523 7968080,-3274569 7826107,-3357297 7959967,-3133605 8093965))
32656;POLYGON((-3328696 8491959,-3269629 8356160,-3505480 8239767,-3569901 8385217,-3328696 8491959))
32657;POLYGON((-3464248 8914052,-3426533 8771318,-3676528 8685582,-3717461 8839659,-3464248 8914052))
32658;POLYGON((-3525547 9348098,-3514386 9203067,-3771039 9152960,-3782130 9310871,-3525547 9348098))
32659;POLYGON((-3495012 9775898,-3516609 9635420,-3768625 9625199,-3742144 9779673,-3495012 9775898))
32660;POLYGON((-3351782 10171283,-3413484 10045100,-3644547 10077412,-3571161 10217909,-3351782 10171283))
