32601;POLYGON((-19944714 7573513,-18841045 6893204,-19428779 5507749,-20599741 6058595,-19944714 7573513))
32602;POLYGON((-23744747 10111823,-22390222 9174215,-23202201 7356105,-24647798 8116877,-23744747 10111823))
32603;POLYGON((-28420974 13594292,-26752393 12310686,-27866720 9902734,-29657259 10946149,-28420974 13594292))
32604;POLYGON((-34189560 18337369,-32130207 16593284,-33647924 13385986,-35868910 14805958,-34189560 18337369))
32605;POLYGON((-41311616 24746466,-38769034 22395726,-40819447 18112510,-43574091 20029030,-41311616 24746466))
32606;POLYGON((-50100335 33335679,-46963868 30193497,-49710765 24472679,-53122771 27037504,-50100335 33335679))
32607;POLYGON((-60928889 44750699,-57066963 40585667,-60715841 32958564,-64932481 36361824,-60928889 44750699))
32608;POLYGON((-74239114 59795271,-69496250 54320124,-74302651 44184731,-79498143 48662543,-74239114 59795271))
32609;POLYGON((-90551035 79461540,-84744581 72322585,-91023640 58912158,-97402851 64755333,-90551035 79461540))
32610;POLYGON((-110473251 104964662,-103389820 95729743,-111527154 78075554,-119329631 85639523,-110473251 104964662))
32611;POLYGON((-134714245 137782070,-126105842 125926940,-136569885 102814420,-146074242 112530473,-134714245 137782070))
32612;POLYGON((-164094636 179697803,-153674465 164590759,-167030393 134508166,-178559057 146896118,-164094636 179697803))
32613;POLYGON((-199560426 232852312,-186998362 213736956,-203923720 174815636,-217848063 190498039,-199560426 232852312))
32614;POLYGON((-242197275 299798196,-227114988 275774168,-248417177 225719393,-265163037 245437429,-242197275 299798196))
32615;POLYGON((-293245853 383562318,-275211571 353563857,-301847313 289575152,-321900928 314206313,-293245853 383562318))
32616;POLYGON((243197275 299798196,259212789 325686454,283954294 266688397,266163037 245437429,243197275 299798196))
32617;POLYGON((200560426 232852312,213918000 253496148,233662740 207436951,218848063 190498039,200560426 232852312))
32618;POLYGON((165094636 179697803,176189814 196050214,191842445 160307532,179559057 146896118,165094636 179697803))
32619;POLYGON((135714245 137782070,144892661 150645197,157215235 123074637,147074242 112530473,135714245 137782070))
32620;POLYGON((111473251 104964662,119035624 115009761,128666382 93868836,120329631 85639523,111473251 104964662))
32621;POLYGON((91551035 79461540,97757811 87246882,105228032 71129111,98402851 64755333,91551035 79461540))
32622;POLYGON((75239114 59795271,80314772 65782110,86063819 53560188,80498143 48662543,75239114 59795271))
32623;POLYGON((61928889 44750699,66065914 49317468,70454613 40094523,65932481 36361824,61928889 44750699))
32624;POLYGON((51100335 33335679,54462886 36790542,57785366 29858578,54122771 27037504,51100335 33335679))
32625;POLYGON((42311616 24746466,45038891 27338362,47533013 22143040,44574091 20029030,42311616 24746466))
32626;POLYGON((35189560 18337369,37398871 20265676,39255362 16376672,36868910 14805958,35189560 18337369))
32627;POLYGON((29420974 13594292,31210558 15017237,32580960 12103468,30657259 10946149,29420974 13594292))
32628;POLYGON((24744747 10111823,26196311 11153747,27199862 8962829,25647798 8116877,24744747 10111823))
32629;POLYGON((20944714 7573513,22125730 8331109,22855278 6672467,21599741 6058595,20944714 7573513))
32630;POLYGON((17843221 5735047,18808995 6282668,19336035 5013774,18315582 4571056,17843221 5735047))
32631;POLYGON((15295375 4409985,16090895 4804129,16469827 3819396,15634598 3501579,15295375 4409985))
32632;POLYGON((13183927 3457804,13845495 3740864,14117194 2962783,13427063 2735198,13183927 3457804))
32633;POLYGON((11414739 2773958,11971422 2977322,12166195 2349470,11589136 2186478,11414739 2773958))
32634;POLYGON((9912821 2281718,10387712 2428309,10527721 1909898,10038382 1792802,9912821 2281718))
32635;POLYGON((8618874 1925551,9030189 2031878,9131411 1593566,8709880 1508924,8618874 1925551))
32636;POLYGON((7486309 1665825,7848332 1743610,7922123 1364329,7552865 1302615,7486309 1665825))
32637;POLYGON((6478708 1474638,6802587 1532094,6856910 1196681,6527864 1151237,6478708 1474638))
32638;POLYGON((5567673 1332595,5862101 1375408,5902465 1072863,5604292 1039094,5567673 1332595))
32639;POLYGON((4731038 1226363,5002807 1258427,5032986 980661,4758438 955428,4731038 1226363))
32640;POLYGON((3951397 1146859,4205861 1170818,4228414 911757,3971825 892935,3951397 1146859))
32641;POLYGON((3214908 1087945,3456348 1105583,3473001 860533,3229872 846696,3214908 1087945))
32642;POLYGON((2510336 1045511,2742258 1058015,2754160 823228,2520838 813427,2510336 1045511))
32643;POLYGON((1828294 1016853,2053661 1024997,2061563 797355,1834978 790976,1828294 1016853))
32644;POLYGON((1160640 1000278,1382059 1004532,1386425 781327,1163892 777996,1160640 1000278))
32645;POLYGON((500000 994852,719870 995452,720945 774218,500000 773748,500000 994852))
32646;POLYGON((-160640 1000278,60001 997257,57844 775632,-163892 777996,-160640 1000278))
32647;POLYGON((-828294 1016853,-604520 1010046,-610028 785645,-834978 790976,-828294 1016853))
32648;POLYGON((-1510336 1045511,-1280908 1034529,-1290080 804822,-1520838 813427,-1510336 1045511))
32649;POLYGON((-2214908 1087945,-1977000 1072127,-1990385 834291,-2229872 846696,-2214908 1087945))
32650;POLYGON((-2951397 1146859,-2701706 1125171,-2720174 875906,-2971825 892935,-2951397 1146859))
32651;POLYGON((-3731038 1226363,-3465571 1197245,-3490440 932528,-3758438 955428,-3731038 1226363))
32652;POLYGON((-4567673 1332595,-4281473 1293727,-4314711 1008461,-4604292 1039094,-4567673 1332595))
32653;POLYGON((-5478708 1474638,-5165508 1422594,-5210032 1110113,-5527864 1151237,-5478708 1474638))
32654;POLYGON((-6486309 1665825,-6138106 1595587,-6198202 1246949,-6552865 1302615,-6486309 1665825))
32655;POLYGON((-7618874 1925551,-7225406 1829845,-7307311 1432822,-7709880 1508924,-7618874 1925551))
32656;POLYGON((-8912821 2281718,-8460933 2150117,-8573622 1687799,-9038382 1792802,-8912821 2281718))
32657;POLYGON((-10414739 2773958,-9887623 2591711,-10043842 2040571,-10589136 2186478,-10414739 2773958))
32658;POLYGON((-12183927 3457804,-11560230 3204332,-11777825 2531611,-12427063 2735198,-12183927 3457804))
32659;POLYGON((-14295375 4409985,-13548155 4056978,-13851763 3217198,-14634598 3501579,-14295375 4409985))
32660;POLYGON((-16843221 5735047,-15938735 5244095,-16361893 4174480,-17315582 4571056,-16843221 5735047))
