32701;POLYGON((-9677465 -2856754,-9522161 -2079088,-8701158 -1969924,-8788086 -2678073,-9677465 -2856754))
32702;POLYGON((-10029207 -5615431,-9933476 -4618941,-8889823 -4268835,-8898741 -5160801,-10029207 -5615431))
32703;POLYGON((-10152719 -9148626,-10142012 -7872765,-8816046 -7163935,-8716956 -8286671,-10152719 -9148626))
32704;POLYGON((-9958228 -13667587,-10064838 -12036684,-8382340 -10806583,-8137460 -12217983,-9958228 -13667587))
32705;POLYGON((-9332955 -19435090,-9597271 -17355218,-7466507 -15383028,-7028871 -17154063,-9332955 -19435090))
32706;POLYGON((-8137070 -26775800,-8608976 -24131159,-5917269 -21121133,-5229166 -23338307,-8137070 -26775800))
32707;POLYGON((-6199207 -36088223,-6939626 -32736965,-3549421 -28298094,-2540665 -31066262,-6199207 -36088223))
32708;POLYGON((-3311490 -47858400,-4394097 -43627861,-138462 -37249274,1275519 -40694850,-3311490 -47858400))
32709;POLYGON((775925 -62675524,-737173 -57356798,4585321 -48378246,6505585 -52652833,775925 -62675524))
32710;POLYGON((6360842 -81249661,4312264 -74591443,10943343 -62168156,13489722 -67452659,6360842 -81249661))
32711;POLYGON((13795554 -104431751,11087584 -96133407,19315796 -79194540,22629396 -85703772,13795554 -104431751))
32712;POLYGON((23493945 -133236098,19981317 -122939879,30149360 -100139702,34395277 -108127550,23493945 -133236098))
32713;POLYGON((35939191 -168865545,31452646 -156147883,43965563 -125808786,49335812 -135573970,35939191 -168865545))
32714;POLYGON((51692065 -212739551,46035518 -197101365,61369814 -157147686,68086501 -169040157,51692065 -212739551))
32715;POLYGON((71399903 -266525397,64347377 -247381330,83061142 -195262920,91379869 -209690950,71399903 -266525397))
32716;POLYGON((-56787263 -229476733,-63347377 -247381330,-82061142 -195262920,-74307044 -181729353,-56787263 -229476733))
32717;POLYGON((-39792538 -182497233,-45035518 -197101365,-60369814 -157147686,-54128613 -146006640,-39792538 -182497233))
32718;POLYGON((-26311142 -144288882,-30452646 -156147883,-42965563 -125808786,-37993217 -116672261,-26311142 -144288882))
32719;POLYGON((-15754473 -113353242,-18981317 -122939879,-29149360 -100139702,-25234158 -92675577,-15754473 -113353242))
32720;POLYGON((-7614446 -88418532,-10087584 -96133407,-18315796 -79194540,-15275036 -73119719,-7614446 -88418532))
32721;POLYGON((-1454964 -68410539,-3312264 -74591443,-9943343 -62168156,-7620243 -57242384,-1454964 -68410539))
32722;POLYGON((3095977 -52426495,1737173 -57356798,-3585321 -48378246,-1846155 -44398559,3095977 -52426495))
32723;POLYGON((6353593 -39711719,5394097 -43627861,1138462 -37249274,2407000 -34045022,6353593 -39711719))
32724;POLYGON((8583022 -29638803,7939626 -32736965,4549421 -28298094,5442647 -25726501,8583022 -29638803))
32725;POLYGON((10005496 -21689156,9608976 -24131159,6917269 -21121133,7514737 -19063354,10005496 -21689156))
32726;POLYGON((10803976 -15436709,10597271 -17355218,8466507 -15383028,8834043 -13740662,10803976 -15436709))
32727;POLYGON((11128282 -10533593,11064838 -12036684,9382340 -10806583,9573890 -9498597,11128282 -10533593))
32728;POLYGON((11099738 -6697629,11142012 -7872765,9816046 -7163935,9875347 -6123974,11099738 -6697629))
32729;POLYGON((10815365 -3701454,10933476 -4618941,9889823 -4268835,9851916 -3442874,10815365 -3701454))
32730;POLYGON((10351633 -1363127,10522161 -2079088,9701158 -1969924,9593731 -1314233,10351633 -1363127))
32731;POLYGON((9767808 461920,9972718 -96999,9326716 -144914,9171307 375692,9767808 461920))
32732;POLYGON((9108907 1887754,9334609 1450866,8825800 1304402,8638857 1718070,9108907 1887754))
32733;POLYGON((8408297 3003739,8644818 2661520,8243397 2456435,8037205 2785543,8408297 3003739))
32734;POLYGON((7689949 3879394,7930216 3610610,7612839 3373412,7396327 3635648,7689949 3879394))
32735;POLYGON((6970378 4568442,7209606 4356723,6958105 4104428,6737534 4313695,6970378 4568442))
32736;POLYGON((6260300 5112122,6495472 4944929,6295788 4687997,6075347 4855154,6260300 5112122))
32737;POLYGON((5566011 5541900,5795444 5409687,5636764 5154154,5419055 5287639,5566011 5541900))
32738;POLYGON((4890529 5881640,5113519 5777182,4987578 5526186,4774020 5632512,4890529 5881640))
32739;POLYGON((4234515 6149333,4451056 6067196,4351571 5822033,4142731 5906193,4234515 6149333))
32740;POLYGON((3597002 6358446,3807560 6294572,3729795 6055413,3525642 6121202,3597002 6358446))
32741;POLYGON((2975947 6518964,3181294 6470359,3121718 6236711,2921819 6286974,2975947 6518964))
32742;POLYGON((2368641 6638181,2569734 6602673,2525761 6373672,2329427 6410500,2368641 6638181))
32743;POLYGON((1771990 6721277,1969890 6697345,1939684 6471930,1746074 6496801,1771990 6721277))
32744;POLYGON((1182704 6771731,1378522 6758385,1360862 6535395,1169047 6549282,1182704 6771731))
32745;POLYGON((597402 6791602,792271 6788302,786460 6566533,595468 6569968,597402 6791602))
32746;POLYGON((12670 6781688,207728 6788302,213539 6566533,22383 6559647,12670 6781688))
32747;POLYGON((-574909 6741593,-378522 6758385,-360862 6535395,-553169 6517926,-574909 6741593))
32748;POLYGON((-1168733 6669690,-969890 6697345,-939684 6471930,-1134101 6443204,-1168733 6669690))
32749;POLYGON((-1772131 6562998,-1569734 6602673,-1525761 6373672,-1723195 6332559,-1772131 6562998))
32750;POLYGON((-2388278 6416942,-2181294 6470359,-2121718 6236711,-2322969 6181540,-2388278 6416942))
32751;POLYGON((-3020038 6224990,-2807560 6294572,-2729795 6055413,-2935479 5983860,-3020038 6224990))
32752;POLYGON((-3669715 5978130,-3451056 6067196,-3351571 5822033,-3562005 5730960,-3669715 5978130))
32753;POLYGON((-4338687 5664156,-4113519 5777182,-3987578 5526186,-4202619 5411430,-4338687 5664156))
32754;POLYGON((-5026910 5266720,-4795444 5409687,-4636764 5154154,-4855593 5010255,-5026910 5266720))
32755;POLYGON((-5732241 4764088,-5495472 4944929,-5295788 4687997,-5516630 4507849,-5732241 4764088))
32756;POLYGON((-6449593 4127546,-6209606 4356723,-5958105 4104428,-6177879 3878848,-6449593 4127546))
32757;POLYGON((-7169867 3319384,-6930216 3610610,-6612839 3373412,-6826726 3090599,-7169867 3319384))
32758;POLYGON((-7878648 2290378,-7644818 2661520,-7243397 2456435,-7444315 2101317,-7878648 2290378))
32759;POLYGON((-8554652 976684,-8334609 1450866,-7825800 1304402,-8003784 857835,-8554652 976684))
32760;POLYGON((-9167879 -703948,-8972718 -96999,-8326716 -144914,-8468189 -707103,-9167879 -703948))
