32601;POLYGON((-12676595 12806180,-12264167 11875821,-13228690 11570594,-13739106 12522726,-12676595 12806180))
32602;POLYGON((-13951387 16190820,-13520580 14954255,-14809060 14730814,-15369646 16007183,-13951387 16190820))
32603;POLYGON((-15273094 20681614,-14828235 19042424,-16544652 18962547,-17160112 20667800,-15273094 20681614))
32604;POLYGON((-16624514 26619655,-16172090 24454900,-18449515 24607654,-19124464 26875704,-16624514 26619655))
32605;POLYGON((-17981038 34437161,-17530165 31591495,-20537310 32102135,-21276154 35102731,-17981038 34437161))
32606;POLYGON((-19309123 44677063,-18872076 40955874,-22820947 41996902,-23627751 45943294,-19309123 44677063))
32607;POLYGON((-20564593 58015721,-20157392 53177189,-25312160 54981966,-26190491 60139781,-20564593 58015721))
32608;POLYGON((-21690742 75289094,-21333806 69035064,-28021020 71914374,-28973774 78611832,-21690742 75289094))
32609;POLYGON((-22616240 97522726,-22335108 89488268,-30955391 93850302,-31984593 102489909,-22616240 97522726))
32610;POLYGON((-23252826 125965892,-23078952 115707430,-34120313 122081703,-35226900 133153545,-23252826 125965892))
32611;POLYGON((-23492787 162130291,-23464401 149112180,-37517318 158177922,-38700893 172274721,-23492787 162130291))
32612;POLYGON((-23206199 207833694,-23369256 191413093,-41143673 204032724,-42402235 221866795,-23206199 207833694))
32613;POLYGON((-22237941 265248937,-22647144 244658857,-44991546 261917204,-46321196 284339478,-22237941 265248937))
32614;POLYGON((-20404445 336958708,-21124353 311289081,-49047096 334539041,-50441714 362560318,-20404445 336958708))
32615;POLYGON((-17490205 426016572,-18596431 394193185,-53289473 425108614,-54740369 459923207,-17490205 426016572))
32616;POLYGON((20564748 364551476,19596431 394193185,54289473 425108614,52856196 392703539,20564748 364551476))
32617;POLYGON((22732863 287423429,22124353 311289081,50047096 334539041,48673302 308507224,22732863 287423429))
32618;POLYGON((23967635 225552245,23647144 244658857,45991546 261917204,44685029 241128284,23967635 225552245))
32619;POLYGON((24462875 176205375,24369256 191413093,42143673 204032724,40909773 187531698,24462875 176205375))
32620;POLYGON((24382814 137079755,24464401 149112180,38517318 158177922,37359268 145162311,24382814 137079755))
32621;POLYGON((23865430 106244978,24078952 115707430,35120313 122081703,34039547 111881065,23865430 106244978))
32622;POLYGON((23025523 82092428,23335108 89488268,31955391 93850302,30951834 85907915,23025523 82092428))
32623;POLYGON((21957545 63289888,22333806 69035064,29021020 71914374,28093346 65770927,21957545 63289888))
32624;POLYGON((20738205 48741249,21157392 53177189,26312160 54981966,25458030 50261112,20738205 48741249))
32625;POLYGON((19428838 37550887,19872076 40955874,23820947 41996902,23037221 38392507,19428838 37550887))
32626;POLYGON((18077579 28992331,18530165 31591495,21537310 32102135,20820235 29367096,18077579 28992331))
32627;POLYGON((16721315 22480862,17172090 24454900,19449515 24607654,18794897 22544148,16721315 22480862))
32628;POLYGON((15387455 17549681,15828235 19042424,17544652 18962547,16948003 17413564,15387455 17549681))
32629;POLYGON((14095514 13829315,14520580 14954255,15809060 14730814,15265722 13572876,14095514 13829315))
32630;POLYGON((12858514 11029951,13264167 11875821,14228690 11570594,13733949 10707522,12858514 11029951))
32631;POLYGON((11684231 8926381,12068392 9561902,12789418 9216441,12338598 8574070,11684231 8926381))
32632;POLYGON((10576282 7345296,10938147 7823167,11477311 7464331,11065845 6986067,10576282 7345296))
32633;POLYGON((9535061 6154640,9874803 6514875,10278830 6159096,9902327 5802211,9535061 6154640))
32634;POLYGON((8558548 5254801,8877065 5527476,9181009 5183985,8835293 4916570,8558548 5254801))
32635;POLYGON((7642983 4571375,7941685 4778878,8171571 4452099,7852723 4250579,7642983 4571375))
32636;POLYGON((6783430 4049323,7064063 4208159,7239023 3899442,6943394 3746578,6783430 4049323))
32637;POLYGON((5974229 3648285,6238736 3770522,6372704 3479359,6096928 3362664,5974229 3648285))
32638;POLYGON((5209348 3338909,5459762 3433300,5562802 3158151,5303799 3068658,5209348 3338909))
32639;POLYGON((4482657 3099995,4721020 3172846,4800349 2911673,4555309 2842991,4482657 3099995))
32640;POLYGON((3788109 2916330,4016419 2972157,4077179 2722749,3843549 2670350,3788109 2916330))
32641;POLYGON((3119868 2777077,3340042 2819086,3385870 2579241,3161328 2539944,3119868 2777077))
32642;POLYGON((2472360 2674600,2686225 2705039,2719663 2472647,2502088 2444243,2472360 2674600))
32643;POLYGON((1840293 2603636,2049583 2624035,2072368 2397103,1859802 2378100,1840293 2603636))
32644;POLYGON((1218620 2560730,1424992 2572066,1438246 2348707,1228858 2338158,1218620 2560730))
32645;POLYGON((602485 2543869,807542 2546667,811893 2325075,603932 2322472,602485 2543869))
32646;POLYGON((-12862 2552278,192457 2546667,188106 2325075,-20138 2330295,-12862 2552278))
32647;POLYGON((-632157 2586343,-424992 2572066,-438246 2348707,-648495 2361997,-632157 2586343))
32648;POLYGON((-1260209 2647648,-1049583 2624035,-1072368 2397103,-1286394 2419109,-1260209 2647648))
32649;POLYGON((-1901995 2739134,-1686225 2705039,-1719663 2472647,-1939336 2504484,-1901995 2739134))
32650;POLYGON((-2562720 2865411,-2340042 2819086,-2385870 2579241,-2613196 2622618,-2562720 2865411))
32651;POLYGON((-3247863 3033246,-3016419 2972157,-3077179 2722749,-3314344 2780164,-3247863 3033246))
32652;POLYGON((-3963176 3252299,-3721020 3172846,-3800349 2911673,-4049748 2986709,-3963176 3252299))
32653;POLYGON((-4714647 3536166,-4459762 3433300,-4562802 3158151,-4827072 3255889,-4714647 3536166))
32654;POLYGON((-5508395 3903843,-5238736 3770522,-5372704 3479359,-5654742 3606962,-5508395 3903843))
32655;POLYGON((-6350510 4381683,-6064063 4208159,-6239023 3899442,-6542005 4066930,-6350510 4381683))
32656;POLYGON((-7246812 5006013,-6941685 4778878,-7171571 4452099,-7498956 4673391,-7246812 5006013))
32657;POLYGON((-8202523 5826512,-7877065 5527476,-8181009 5183985,-8536538 5478237,-8202523 5826512))
32658;POLYGON((-9221851 6910540,-8874803 6514875,-9278830 6159096,-9666512 6552418,-9221851 6910540))
32659;POLYGON((-10307467 8348577,-9938147 7823167,-10477311 7464331,-10901397 7991935,-10307467 8348577))
32660;POLYGON((-11459863 10260967,-11068392 9561902,-11789418 9216441,-12254364 9925306,-11459863 10260967))
