32601;POLYGON((-12151894 12891818,-11786733 11978730,-12745516 11740367,-13206451 12683850,-12151894 12891818))
32602;POLYGON((-13255694 16202474,-12887169 14994744,-14162205 14867250,-14657153 16126860,-13255694 16202474))
32603;POLYGON((-14353156 20574911,-13989796 18981122,-15681254 19037775,-16210311 20714365,-14353156 20574911))
32604;POLYGON((-15412590 26332030,-15066041 24235877,-17301861 24581208,-17863972 26803618,-15412590 26332030))
32605;POLYGON((-16391718 33882180,-16077370 31136983,-19019485 31916804,-19612148 34848110,-16391718 33882180))
32606;POLYGON((-17235628 43737400,-16973325 40159716,-20824913 41573573,-21443840 45418375,-17235628 43737400))
32607;POLYGON((-17874494 56534565,-17689320 51896797,-22703213 54213264,-23341958 59226124,-17874494 56534565))
32608;POLYGON((-18221045 73059745,-18144195 67081649,-24632560 70656925,-25282093 77152073,-18221045 73059745))
32609;POLYGON((-18167772 94276087,-18237515 86615061,-26582928 91915387,-27231173 100277825,-18167772 94276087))
32610;POLYGON((-17583859 121355568,-17846590 111595621,-28514647 119224071,-29145966 129922199,-17583859 121355568))
32611;POLYGON((-16311831 155714957,-16823224 143354229,-30376808 154082496,-30971439 167682405,-16311831 155714957))
32612;POLYGON((-14163892 199056363,-14990152 183493076,-32105528 198298933,-32638969 215480499,-14163892 199056363))
32613;POLYGON((-10917962 253412756,-12137185 233929466,-33622045 254040608,-34064383 275615545,-10917962 253412756))
32614;POLYGON((-6313381 321198834,-8017018 296944853,-34830656 323889936,-35145844 350821958,-6313381 321198834))
32615;POLYGON((-46275 405267694,-2340719 375239532,-35616479 410907245,-35761552 444334500,-46275 405267694))
32616;POLYGON((5425415 347257895,3340719 375239532,36616479 410907245,36409467 379783291,5425415 347257895))
32617;POLYGON((10548133 274384631,9017018 296944853,35830656 323889936,35468668 298860968,10548133 274384631))
32618;POLYGON((14215949 215840402,13137185 233929466,34622045 254040608,34145653 234029261,14215949 215840402))
32619;POLYGON((16703396 169070969,15990152 183493076,33105528 198298933,32548649 182394538,16703396 169070969))
32620;POLYGON((18244920 131922050,17823224 143354229,31376808 154082496,30767472 141519418,18244920 131922050))
32621;POLYGON((19039289 102586563,18846590 111595621,29514647 119224071,28875706 109362268,19039289 102586563))
32622;POLYGON((19253662 79557367,19237515 86615061,27582928 91915387,26932704 84223029,19253662 79557367))
32623;POLYGON((19027355 61585103,19144195 67081649,25632560 70656925,24985442 64694912,19027355 61585103))
32624;POLYGON((18475291 47640742,18689320 51896797,23703213 54213264,23070208 49621511,18475291 47640742))
32625;POLYGON((17691164 36882472,17973325 40159716,21824913 41573573,21214140 38058900,17691164 36882472))
32626;POLYGON((16750320 28626559,17077370 31136983,20019485 31916804,19436626 29242317,16750320 28626559))
32627;POLYGON((15712377 22321854,16066041 24235877,18301861 24581208,17750568 22557027,15712377 22321854))
32628;POLYGON((14623587 17527608,14989796 18981122,16681254 19037775,16163512 17512993,14623587 17527608))
32629;POLYGON((13518955 13894298,13887169 14994744,15162205 14867250,14678654 13723001,13518955 13894298))
32630;POLYGON((12424133 11147156,12786733 11978730,13745516 11740367,13295736 10883903,12424133 11147156))
32631;POLYGON((11357096 9072136,11708848 9700214,12429064 9400990,12011823 8760645,11357096 9072136))
32632;POLYGON((10329615 7504048,10667202 7978916,11208511 7651830,10821980 7172790,10329615 7504048))
32633;POLYGON((9348537 6316622,9670152 6676587,10077916 6342476,9719850 5983246,9348537 6316622))
32634;POLYGON((8416890 5414256,8721887 5688224,9030251 5359440,8698142 5088937,8416890 5414256))
32635;POLYGON((7534818 4725250,7823419 4934828,8057830 4617983,7749033 4413160,7534818 4725250))
32636;POLYGON((6700369 4196315,6973414 4357512,7152660 4055469,6864491 3899408,6700369 4196315))
32637;POLYGON((5910131 3788178,6168885 3912759,6306714 3626050,6036527 3506441,5910131 3788178))
32638;POLYGON((5159755 3472116,5405746 3568664,5512138 3296455,5257383 3204416,5159755 3472116))
32639;POLYGON((4444351 3227262,4679248 3301998,4761402 3042731,4519655 2971898,4444351 3227262))
32640;POLYGON((3758785 3038553,3984312 3095958,4047383 2847749,3816371 2793591,3758785 3038553))
32641;POLYGON((3097884 2895197,3315760 2938470,3363417 2699340,3141020 2658656,3097884 2895197))
32642;POLYGON((2456569 2789549,2668472 2820943,2703291 2588938,2487536 2559496,2456569 2789549))
32643;POLYGON((1829918 2716314,2037469 2737372,2061217 2510611,1850256 2490898,1829918 2716314))
32644;POLYGON((1213172 2672005,1417940 2683714,1431762 2460397,1223849 2449448,1213172 2672005))
32645;POLYGON((601714 2654587,805227 2657478,809765 2435866,603224 2433164,601714 2654587))
32646;POLYGON((-8990 2663275,194772 2657478,190234 2435866,-16579 2441285,-8990 2663275))
32647;POLYGON((-623465 2698458,-417940 2683714,-431762 2460397,-640501 2474189,-623465 2698458))
32648;POLYGON((-1246294 2761741,-1037469 2737372,-1061217 2510611,-1273578 2533436,-1246294 2761741))
32649;POLYGON((-1882183 2856095,-1668472 2820943,-1703291 2588938,-1921050 2621928,-1882183 2856095))
32650;POLYGON((-2535997 2986162,-2315760 2938470,-2363417 2699340,-2588459 2744226,-2535997 2986162))
32651;POLYGON((-3212770 3158729,-2984312 3095958,-3047383 2847749,-3281731 2907053,-3212770 3158729))
32652;POLYGON((-3917653 3383432,-3679248 3301998,-3761402 3042731,-4007225 3120051,-3917653 3383432))
32653;POLYGON((-4655810 3673763,-4405746 3568664,-4512138 3296455,-4771762 3396868,-4655810 3673763))
32654;POLYGON((-5432243 4048454,-5168885 3912759,-5306714 3626050,-5582606 3756674,-5432243 4048454))
32655;POLYGON((-6251521 4533344,-5973414 4357512,-6152660 4055469,-6447409 4226216,-6251521 4533344))
32656;POLYGON((-7117417 5163845,-6823419 4934828,-7057830 4617983,-7374101 4842551,-7117417 5163845))
32657;POLYGON((-8032437 5988135,-7721887 5688224,-8030251 5359440,-8370723 5656605,-8032437 5988135))
32658;POLYGON((-8997214 7071225,-8670152 6676587,-9077916 6342476,-9445202 6737728,-8997214 7071225))
32659;POLYGON((-10009779 8500064,-9667202 7978916,-10208511 7651830,-10605046 8179435,-10009779 8500064))
32660;POLYGON((-11064671 10389862,-10708848 9700214,-11429064 9400990,-11856973 10106530,-11064671 10389862))
