32701;POLYGON((-511211 -88750,-512653 -53000,-285046 -40279,-283662 -67906,-511211 -88750))
32702;POLYGON((-500662 -195809,-505180 -160180,-278313 -123050,-274386 -150520,-500662 -195809))
32703;POLYGON((-481619 -302113,-488831 -266791,-264141 -205151,-257878 -232277,-481619 -302113))
32704;POLYGON((-455530 -407315,-464900 -372376,-243238 -286081,-234935 -312740,-455530 -407315))
32705;POLYGON((-424349 -511489,-435165 -476853,-216582 -365550,-206630 -391703,-424349 -511489))
32706;POLYGON((-390611 -615262,-401958 -580650,-185453 -443546,-174351 -469265,-390611 -615262))
32707;POLYGON((-357517 -719976,-368249 -684849,-151468 -520418,-139838 -545918,-357517 -719976))
32708;POLYGON((-329022 -827878,-337731 -791374,-116624 -596976,-105223 -622644,-329022 -827878))
32709;POLYGON((-309938 -942337,-314918 -903194,-83337 -674592,-73072 -701034,-309938 -942337))
32710;POLYGON((-306041 -1068097,-305253 -1024563,-54493 -755336,-46438 -783421,-306041 -1068097))
32711;POLYGON((-324190 -1211569,-315219 -1161304,-33494 -842114,-28907 -873024,-324190 -1211569))
32712;POLYGON((-372455 -1381154,-352469 -1321113,-24315 -938833,-24659 -974125,-372455 -1381154))
32713;POLYGON((-460252 -1587619,-425953 -1513925,-31561 -1050588,-38521 -1092258,-460252 -1587619))
32714;POLYGON((-598497 -1844513,-546070 -1752313,-60531 -1183865,-76038 -1234424,-598497 -1844513))
32715;POLYGON((-799760 -2168639,-724821 -2051940,-117280 -1346777,-143535 -1409334,-799760 -2168639))
32716;POLYGON((1657911 -1944151,1724821 -2051940,1117280 -1346777,1094870 -1288605,1657911 -1944151))
32717;POLYGON((1500143 -1666889,1546070 -1752313,1060531 -1183865,1048103 -1136584,1500143 -1666889))
32718;POLYGON((1396821 -1445270,1425953 -1513925,1031561 -1050588,1027009 -1011296,1396821 -1445270))
32719;POLYGON((1336496 -1264717,1352469 -1321113,1024315 -938833,1025791 -905201,1336496 -1264717))
32720;POLYGON((1309269 -1113583,1315219 -1161304,1033494 -842114,1039389 -812299,1309269 -1113583))
32721;POLYGON((1306636 -982722,1305253 -1024563,1054493 -755336,1063415 -727913,1306636 -982722))
32722;POLYGON((1321350 -865099,1314918 -903194,1083337 -674592,1094092 -648490,1321350 -865099))
32723;POLYGON((1347288 -755448,1337731 -791374,1116624 -596976,1128194 -571420,1347288 -755448))
32724;POLYGON((1379329 -649972,1368249 -684849,1151468 -520418,1162998 -494880,1379329 -649972))
32725;POLYGON((1413244 -546075,1401958 -580650,1185453 -443546,1196233 -417698,1413244 -546075))
32726;POLYGON((1445590 -442136,1435165 -476853,1216582 -365550,1226034 -339230,1445590 -442136))
32727;POLYGON((1473620 -337309,1464900 -372376,1243238 -286081,1250899 -259258,1473620 -337309))
32728;POLYGON((1495196 -231352,1488831 -266791,1264141 -205151,1269653 -177893,1495196 -231352))
32729;POLYGON((1508709 -124485,1505180 -160180,1278313 -123050,1281412 -95505,1508709 -124485))
32730;POLYGON((1513009 -17266,1512653 -53000,1285046 -40279,1285550 -12648,1513009 -17266))
32731;POLYGON((1507343 89510,1510371 54023,1283868 42513,1281666 69987,1507343 89510))
32732;POLYGON((1491299 194894,1497813 159983,1274516 124577,1269564 151630,1491299 194894))
32733;POLYGON((1464750 297850,1474764 263867,1256914 205103,1249223 231460,1464750 297850))
32734;POLYGON((1427816 397308,1441265 364610,1231144 283259,1220774 308639,1427816 397308))
32735;POLYGON((1380818 492207,1397575 461145,1197432 358212,1184486 382345,1380818 492207))
32736;POLYGON((1324250 581528,1344133 552435,1156123 429158,1140740 451782,1324250 581528))
32737;POLYGON((1258743 664312,1281528 637499,1107668 495330,1090020 516202,1258743 664312))
32738;POLYGON((1185043 739685,1210470 715435,1052609 556019,1032893 574915,1185043 739685))
32739;POLYGON((1103986 806863,1131767 785425,991561 610576,969997 627298,1103986 806863))
32740;POLYGON((1016484 865159,1046309 846752,925206 658427,902033 672799,1016484 865159))
32741;POLYGON((923504 913991,955044 898797,854276 699075,829749 710948,923504 913991))
32742;POLYGON((826056 952880,858971 941047,779548 732099,753934 741352,826056 952880))
32743;POLYGON((725186 981449,759124 973091,701832 757162,675407 763702,725186 981449))
32744;POLYGON((621961 999427,656564 994624,621965 774013,595011 777772,621961 999427))
32745;POLYGON((517463 1006645,552370 1005441,540799 782480,513605 783423,517463 1006645))
32746;POLYGON((412783 1003034,447629 1005441,459200 782480,432054 780596,412783 1003034))
32747;POLYGON((309013 988629,343435 994624,378034 774013,351225 769321,309013 988629))
32748;POLYGON((207238 963565,240875 973091,298167 757162,271981 749710,207238 963565))
32749;POLYGON((108533 928080,141028 941047,220451 732099,195169 721960,108533 928080))
32750;POLYGON((13949 882514,44955 898797,145723 699075,121619 686354,13949 882514))
32751;POLYGON((-75488 827313,-46309 846752,74793 658427,52129 643254,-75488 827313))
32752;POLYGON((-158797 763024,-131767 785425,8438 610576,-12535 593108,-158797 763024))
32753;POLYGON((-235047 690301,-210470 715435,-52609 556019,-71659 536440,-235047 690301))
32754;POLYGON((-303373 609894,-281528 637499,-107668 495330,-124582 473849,-303373 609894))
32755;POLYGON((-362997 522649,-344133 552435,-156123 429158,-170711 406003,-362997 522649))
32756;POLYGON((-413247 429499,-397575 461145,-197432 358212,-209533 333634,-413247 429499))
32757;POLYGON((-453580 331444,-441265 364610,-231144 283259,-240630 257522,-453580 331444))
32758;POLYGON((-483615 229535,-474764 263867,-256914 205103,-263696 178483,-483615 229535))
32759;POLYGON((-503160 124842,-497813 159983,-274516 124577,-278550 97352,-503160 124842))
32760;POLYGON((-512255 18419,-510371 54023,-283868 42513,-285160 14958,-512255 18419))
