32601;POLYGON((-512653 10053000,-513009 10017266,-742034 10021642,-741906 10065511,-512653 10053000))
32602;POLYGON((-505180 10160180,-508709 10124485,-737851 10153292,-734020 10197136,-505180 10160180))
32603;POLYGON((-488831 10266791,-495196 10231352,-723046 10284594,-716047 10328169,-488831 10266791))
32604;POLYGON((-464900 10372376,-473620 10337309,-699445 10414957,-690042 10458168,-464900 10372376))
32605;POLYGON((-435165 10476853,-445590 10442136,-669603 10544288,-658830 10587249,-435165 10476853))
32606;POLYGON((-401958 10580650,-413244 10546075,-636925 10673189,-626131 10716291,-401958 10580650))
32607;POLYGON((-368249 10684849,-379329 10649972,-605811 10803177,-596709 10847176,-368249 10684849))
32608;POLYGON((-337731 10791374,-347288 10755448,-581803 10936954,-576524 10983064,-337731 10791374))
32609;POLYGON((-314918 10903194,-321350 10865099,-571757 11078716,-572908 11128730,-314918 10903194))
32610;POLYGON((-305253 11024563,-306636 10982722,-584026 11234520,-594759 11290941,-305253 11024563))
32611;POLYGON((-315219 11161304,-309269 11113583,-628661 11412703,-652742 11478900,-315219 11161304))
32612;POLYGON((-352469 11321113,-336496 11264717,-717635 11624366,-759520 11704744,-352469 11321113))
32613;POLYGON((-425953 11513925,-396821 11445270,-865073 11883918,-929996 11984121,-425953 11513925))
32614;POLYGON((-546070 11752313,-500143 11666889,-1087519 12209701,-1181577 12336836,-546070 11752313))
32615;POLYGON((-724821 12051940,-657911 11944151,-1404205 12624688,-1534458 12787576,-724821 12051940))
32616;POLYGON((1724821 12051940,1799760 12168639,2678526 12964677,2534458 12787576,1724821 12051940))
32617;POLYGON((1546070 11752313,1598497 11844513,2286865 12474816,2181577 12336836,1546070 11752313))
32618;POLYGON((1425953 11513925,1460252 11587619,2003908 12092433,1929996 11984121,1425953 11513925))
32619;POLYGON((1352469 11321113,1372455 11381154,1808463 11791036,1759520 11704744,1352469 11321113))
32620;POLYGON((1315219 11161304,1324190 11211569,1682226 11549277,1652742 11478900,1315219 11161304))
32621;POLYGON((1305253 11024563,1306041 11068097,1609490 11350200,1594759 11290941,1305253 11024563))
32622;POLYGON((1314918 10903194,1309938 10942337,1576874 11180562,1572908 11128730,1314918 10903194))
32623;POLYGON((1337731 10791374,1329022 10827878,1573072 11030243,1576524 10983064,1337731 10791374))
32624;POLYGON((1368249 10684849,1357517 10719976,1588622 10891716,1596709 10847176,1368249 10684849))
32625;POLYGON((1401958 10580650,1390611 10615262,1615692 10759588,1626131 10716291,1401958 10580650))
32626;POLYGON((1435165 10476853,1424349 10511489,1647883 10630198,1658830 10587249,1435165 10476853))
32627;POLYGON((1464900 10372376,1455530 10407315,1680052 10501271,1690042 10458168,1464900 10372376))
32628;POLYGON((1488831 10266791,1481619 10302113,1708148 10371625,1716047 10328169,1488831 10266791))
32629;POLYGON((1505180 10160180,1500662 10195809,1729063 10240911,1734020 10197136,1505180 10160180))
32630;POLYGON((1512653 10053000,1511211 10088750,1740497 10109406,1741906 10065511,1512653 10053000))
32631;POLYGON((1510371 9945976,1512255 9981580,1740843 9977837,1738302 9934138,1510371 9945976))
32632;POLYGON((1497813 9840016,1503160 9875157,1729075 9847233,1722355 9804119,1497813 9840016))
32633;POLYGON((1474764 9736132,1483615 9770464,1704656 9718809,1693672 9676710,1474764 9736132))
32634;POLYGON((1441265 9635389,1453580 9668555,1667453 9593873,1652236 9553234,1441265 9635389))
32635;POLYGON((1397575 9538854,1413247 9570500,1617663 9473759,1598343 9435019,1397575 9538854))
32636;POLYGON((1344133 9447564,1362997 9477350,1555754 9359765,1532536 9323342,1344133 9447564))
32637;POLYGON((1281528 9362500,1303373 9390105,1482406 9253119,1455557 9219402,1281528 9362500))
32638;POLYGON((1210470 9284564,1235047 9309698,1398468 9154951,1368302 9124292,1210470 9284564))
32639;POLYGON((1131767 9214574,1158797 9236975,1304922 9066278,1271788 9038987,1131767 9214574))
32640;POLYGON((1046309 9153247,1075488 9172686,1202844 8987988,1167120 8964335,1046309 9153247))
32641;POLYGON((955044 9101202,986050 9117485,1093388 8920845,1055470 8901054,955044 9101202))
32642;POLYGON((858971 9058952,891466 9071919,977759 8865481,938058 8849736,858971 9058952))
32643;POLYGON((759124 9026908,792761 9036434,857199 8822404,816135 8810846,759124 9026908))
32644;POLYGON((656564 9005375,690986 9011370,732978 8792000,690979 8784730,656564 9005375))
32645;POLYGON((552370 8994558,587216 8996965,606380 8774533,563876 8771615,552370 8994558))
32646;POLYGON((447629 8994558,482536 8993354,478699 8770156,436123 8771615,447629 8994558))
32647;POLYGON((343435 9005375,378038 9000572,351236 8778906,309020 8784730,343435 9005375))
32648;POLYGON((240875 9026908,274813 9018550,225287 8800708,183864 8810846,240875 9026908))
32649;POLYGON((141028 9058952,173943 9047119,102144 8835372,61941 8849736,141028 9058952))
32650;POLYGON((44955 9101202,76495 9086008,-16911 8882593,-55470 8901054,44955 9101202))
32651;POLYGON((-46309 9153247,-16484 9134840,-130620 8941946,-167120 8964335,-46309 9153247))
32652;POLYGON((-131767 9214574,-103986 9193136,-237748 9012881,-271788 9038987,-131767 9214574))
32653;POLYGON((-210470 9284564,-185043 9260314,-337107 9094723,-368302 9124292,-210470 9284564))
32654;POLYGON((-281528 9362500,-258743 9335687,-427566 9186667,-455557 9219402,-281528 9362500))
32655;POLYGON((-344133 9447564,-324250 9418471,-508076 9287779,-532536 9323342,-344133 9447564))
32656;POLYGON((-397575 9538854,-380818 9507792,-577698 9397005,-598343 9435019,-397575 9538854))
32657;POLYGON((-441265 9635389,-427816 9602691,-635634 9513180,-652236 9553234,-441265 9635389))
32658;POLYGON((-474764 9736132,-464750 9702149,-681268 9635048,-693672 9676710,-474764 9736132))
32659;POLYGON((-497813 9840016,-491299 9805105,-714217 9761295,-722355 9804119,-497813 9840016))
32660;POLYGON((-510371 9945976,-507343 9910489,-734386 9890588,-738302 9934138,-510371 9945976))
