32701;POLYGON((-6620947 -1381399,-6647790 -918646,-6115136 -753326,-6061718 -1155515,-6620947 -1381399))
32702;POLYGON((-6351171 -2925826,-6475903 -2383945,-5861223 -2012760,-5707695 -2468138,-6351171 -2925826))
32703;POLYGON((-5723263 -4726558,-5978950 -4096078,-5276004 -3432635,-4989777 -3941575,-5723263 -4726558))
32704;POLYGON((-4621975 -6811925,-5049861 -6083456,-4254100 -5011576,-3794682 -5571754,-4621975 -6811925))
32705;POLYGON((-2904660 -9209204,-3555617 -8373856,-2665074 -6739146,-1982685 -7344527,-2904660 -9209204))
32706;POLYGON((-396593 -11943149,-1332735 -10993055,-349117 -8592603,616850 -9232216,-396593 -11943149))
32707;POLYGON((3114221 -15034157,1817743 -13963131,2887736 -10532994,4210432 -11189474,3114221 -15034157))
32708;POLYGON((7882797 -18496037,6135822 -17300366,7278920 -12500517,9045917 -13148379,7882797 -18496037))
32709;POLYGON((14213478 -22333320,11908662 -21012709,13103168 -14409064,15418536 -15012687,14213478 -22333320))
32710;POLYGON((22466862 -26538061,19477303 -25096764,20690923 -16139854,23677491 -16651144,22466862 -26538061))
32711;POLYGON((33067352 -31086099,29243999 -29534228,30431327 -17534078,34233150 -17889773,33067352 -31086099))
32712;POLYGON((46511362 -35932693,41680208 -34287744,42779834 -18384439,47564874 -18503037,46511362 -35932693))
32713;POLYGON((63376219 -41007502,57335254 -39296106,58266462 -18425518,64229485 -18203777,63376219 -41007502))
32714;POLYGON((84329772 -46208826,76845697 -44468754,77504720 -17322831,84870423 -16631819,84329772 -46208826))
32715;POLYGON((110140744 -51397071,100945439 -49679503,101201227 -14660491,110227608 -13341142,110140744 -51397071))
32716;POLYGON((-109140744 -51397071,-118972601 -53093083,-118871152 -11771084,-109227608 -13341142,-109140744 -51397071))
32717;POLYGON((-83329772 -46208826,-91352639 -47947817,-91759273 -15750662,-83870423 -16631819,-83329772 -46208826))
32718;POLYGON((-62376219 -41007502,-68870655 -42733266,-69633528 -17841330,-63229485 -18203777,-62376219 -41007502))
32719;POLYGON((-45511362 -35932693,-50721865 -37603257,-51719522 -18520842,-46564874 -18503037,-45511362 -35932693))
32720;POLYGON((-32067352 -31086099,-36205986 -32671352,-37342788 -18176488,-33233150 -17889773,-32067352 -31086099))
32721;POLYGON((-21466862 -26538061,-24716619 -28017670,-25918680 -17118431,-22677491 -16651144,-21466862 -26538061))
32722;POLYGON((-13213478 -22333320,-15731403 -23694891,-16942994 -15591566,-14418536 -15012687,-13213478 -22333320))
32723;POLYGON((-6882797 -18496037,-8802877 -19733522,-9983263 -13786018,-8045917 -13148379,-6882797 -18496037))
32724;POLYGON((-2114221 -15034157,-3550045 -16146466,-4670727 -11846369,-3210432 -11189474,-2114221 -15034157))
32725;POLYGON((1396593 -11943149,349388 -12932970,-692927 -9879744,383149 -9232216,1396593 -11943149))
32726;POLYGON((3904660 -9209204,3166148 -10081995,2213087 -7962820,2982685 -7344527,3904660 -9209204))
32727;POLYGON((5621975 -6811925,5125905 -7575071,4266973 -6147886,4794682 -5571754,5621975 -6811925))
32728;POLYGON((6723263 -4726558,6415203 -5388673,5650746 -4468013,5989777 -3941575,6723263 -4726558))
32729;POLYGON((7351171 -2925826,7186836 -3496185,6513917 -2941443,6707695 -2468138,7351171 -2925826))
32730;POLYGON((7620947 -1381399,7564698 -1869485,6978114 -1575261,7061718 -1155515,7620947 -1381399))
32731;POLYGON((7624628 -65044,7648126 -480198,7141241 -368440,7142684 -551,7624628 -65044))
32732;POLYGON((7434763 1050497,7515778 699341,7081176 685677,7022549 1004823,7434763 1050497))
32733;POLYGON((7107702 1990876,7229065 1695377,6859064 1597390,6757538 1871753,7107702 1990876))
32734;POLYGON((6686480 2779699,6835163 2532234,6522195 2379074,6390902 2613023,6686480 2779699))
32735;POLYGON((6203324 3438268,6369646 3232002,6106532 3043981,5955329 3241970,6203324 3438268))
32736;POLYGON((5681803 3985458,5858750 3814373,5638887 3605362,5475005 3771691,5681803 3985458))
32737;POLYGON((5138664 4437700,5321312 4296587,5138780 4075834,4967389 4214491,5138664 4437700))
32738;POLYGON((4585367 4809059,4770398 4693486,4620020 4466969,4444686 4581533,4585367 4809059))
32739;POLYGON((4029357 5111362,4214668 5017624,4092014 4789047,3915088 4882636,4029357 5111362))
32740;POLYGON((3475099 5354367,3659478 5279431,3560847 5050943,3383773 5126194,3475099 5354367))
32741;POLYGON((2924897 5545963,3107773 5487394,3030149 5260098,2853715 5319181,2924897 5545963))
32742;POLYGON((2379538 5692356,2560784 5648261,2501781 5422568,2326312 5467206,2379538 5692356))
32743;POLYGON((1838775 5798259,2018565 5767222,1976371 5543096,1801874 5574595,1838775 5798259))
32744;POLYGON((1301693 5867054,1480387 5848088,1453714 5625212,1279990 5644493,1301693 5867054))
32745;POLYGON((766962 5900919,945037 5893424,933073 5671314,759800 5678940,766962 5900919))
32746;POLYGON((233037 5900919,411022 5904660,413407 5682747,240199 5678940,233037 5900919))
32747;POLYGON((-301693 5867054,-123261 5882149,-106456 5659844,-279990 5644493,-301693 5867054))
32748;POLYGON((-838775 5798259,-659398 5825183,-627664 5601938,-801874 5574595,-838775 5798259))
32749;POLYGON((-1379538 5692356,-1198807 5731963,-1151178 5507338,-1326312 5467206,-1379538 5692356))
32750;POLYGON((-1924897 5545963,-1742567 5599521,-1677585 5373279,-1853715 5319181,-1924897 5545963))
32751;POLYGON((-2475099 5354367,-2291183 5423605,-2206851 5195838,-2383773 5126194,-2475099 5354367))
32752;POLYGON((-3029357 5111362,-2844259 5198526,-2737988 4969843,-2915088 4882636,-3029357 5111362))
32753;POLYGON((-3585367 4809059,-3400059 4916977,-3268610 4688783,-3444686 4581533,-3585367 4809059))
32754;POLYGON((-4138664 4437700,-3954921 4569845,-3794354 4344743,-3967389 4214491,-4138664 4437700))
32755;POLYGON((-4681803 3985458,-4502498 4146013,-4308134 3928372,-4475005 3771691,-4681803 3985458))
32756;POLYGON((-5203324 3438268,-5032795 3632179,-4799208 3428941,-4955329 3241970,-5203324 3438268))
32757;POLYGON((-5686480 2779699,-5530987 3012712,-5252020 2834495,-5390902 2613023,-5686480 2779699))
32758;POLYGON((-6107702 1990876,-5975965 2269556,-5644807 2132149,-5757538 1871753,-6107702 1990876))
32759;POLYGON((-6434763 1050497,-6338613 1382209,-5947931 1308573,-6022549 1004823,-6434763 1050497))
32760;POLYGON((-6624628 -65044,-6579758 327810,-6121911 350692,-6142684 -551,-6624628 -65044))
