32601;POLYGON((-8234002 11269196,-8134595 10689590,-8812852 10712490,-8966531 11346246,-8234002 11269196))
32602;POLYGON((-8400841 13288044,-8369774 12564917,-9224288 12776306,-9323756 13581784,-8400841 13288044))
32603;POLYGON((-8309978 15806017,-8374327 14904285,-9450760 15399328,-9472359 16422880,-8309978 15806017))
32604;POLYGON((-7865973 18943872,-8060062 17820544,-9415007 18731606,-9328532 20031066,-7865973 18943872))
32605;POLYGON((-6948987 22849049,-7315732 21451721,-9018920 22959935,-8786382 24607001,-6948987 22849049))
32606;POLYGON((-5410423 27700628,-6002841 25965757,-8139690 28315369,-7713934 30398359,-5410423 27700628))
32607;POLYGON((-3068066 33715003,-3950952 31565929,-6625504 35081915,-5948666 37708954,-3068066 33715003))
32608;POLYGON((299303 41152360,-952479 38497054,-4290756 43606536,-3292560 46909204,299303 41152360))
32609;POLYGON((4957847 50324015,3243063 47052532,-910766 54310602,493352 58448095,4957847 50324015))
32610;POLYGON((11225189 61600713,8935384 57582315,3784036 67702920,5694996 72866768,11225189 61600713))
32611;POLYGON((19477546 75421959,16480339 70501882,10114485 84394492,12651807 90813891,19477546 75421959))
32612;POLYGON((30157496 92306474,26297480 86302315,18459624 105115159,21763878 113062967,30157496 92306474))
32613;POLYGON((43782402 112863872,38878265 105561554,29264258 130732289,33499722 140531736,43782402 112863872))
32614;POLYGON((60953540 137807649,54794941 128956939,43047140 162271676,48404673 174303849,60953540 137807649))
32615;POLYGON((82365932 167969582,74710142 157279127,60409810 200940821,67109947 215652992,82365932 167969582))
32616;POLYGON((-98387228 191447499,99387228 191447499,82046112 248154786,-81046112 248154786,-98387228 191447499))
32617;POLYGON((-73710142 157279127,-81365932 167969582,-66109947 215652992,-59409810 200940821,-73710142 157279127))
32618;POLYGON((-53794941 128956939,-59953540 137807649,-47404673 174303849,-42047140 162271676,-53794941 128956939))
32619;POLYGON((-37878265 105561554,-42782402 112863872,-32499722 140531736,-28264258 130732289,-37878265 105561554))
32620;POLYGON((-25297480 86302315,-29157496 92306474,-20763878 113062967,-17459624 105115159,-25297480 86302315))
32621;POLYGON((-15480339 70501882,-18477546 75421959,-11651807 90813891,-9114485 84394492,-15480339 70501882))
32622;POLYGON((-7935384 57582315,-10225189 61600713,-4694996 72866768,-2784036 67702920,-7935384 57582315))
32623;POLYGON((-2243063 47052532,-3957847 50324015,506647 58448095,1910766 54310602,-2243063 47052532))
32624;POLYGON((1952479 38497054,700696 41152360,4292560 46909204,5290756 43606536,1952479 38497054))
32625;POLYGON((4950952 31565929,4068066 33715003,6948666 37708954,7625504 35081915,4950952 31565929))
32626;POLYGON((7002841 25965757,6410423 27700628,8713934 30398359,9139690 28315369,7002841 25965757))
32627;POLYGON((8315732 21451721,7948987 22849049,9786382 24607001,10018920 22959935,8315732 21451721))
32628;POLYGON((9060062 17820544,8865973 18943872,10328532 20031066,10415007 18731606,9060062 17820544))
32629;POLYGON((9374327 14904285,9309978 15806017,10472359 16422880,10450760 15399328,9374327 14904285))
32630;POLYGON((9369774 12564917,9400841 13288044,10323756 13581784,10224288 12776306,9369774 12564917))
32631;POLYGON((9134595 10689590,9234002 11269196,9966531 11346246,9812852 10712490,9134595 10689590))
32632;POLYGON((8737669 9186534,8884390 9651097,9465976 9587069,9276290 9088125,8737669 9186534))
32633;POLYGON((8231861 7981526,8409867 8354033,8872018 8201592,8660044 7808264,8231861 7981526))
32634;POLYGON((7656923 7014863,7854258 7313769,8221994 7108769,7997806 6798107,7656923 7014863))
32635;POLYGON((7041999 6238785,7249986 6478826,7543060 6245025,7313815 5999106,7041999 6238785))
32636;POLYGON((6407797 5615303,6620351 5808175,6854267 5560807,6624829 5365718,6407797 5615303))
32637;POLYGON((5768421 5114372,5981474 5269307,6168329 5017720,5941792 4862728,5768421 5114372))
32638;POLYGON((5132913 4712371,5343929 4836612,5493110 4586196,5271235 4463065,5132913 4712371))
32639;POLYGON((4506520 4390854,4714105 4490041,4832846 4243594,4616420 4146045,4506520 4390854))
32640;POLYGON((3891727 4135525,4095304 4214018,4189146 3972687,3978260 3895966,3891727 4135525))
32641;POLYGON((3289061 3935416,3488630 3996545,3561773 3760465,3356049 3701005,3289061 3935416))
32642;POLYGON((2697721 3782229,2893665 3828497,2949251 3597203,2748002 3552363,2697721 3782229))
32643;POLYGON((2116040 3669825,2308988 3703065,2349315 3475750,2151668 3443622,2116040 3669825))
32644;POLYGON((1541817 3593835,1732546 3615325,1759224 3390996,1564201 3370263,1541817 3593835))
32645;POLYGON((972541 3551378,1161912 3561928,1175979 3339497,982546 3329329,972541 3551378))
32646;POLYGON((405542 3540872,594457 3540872,596450 3319206,403549 3319206,405542 3540872))
32647;POLYGON((-161912 3561928,27458 3551378,17453 3329329,-175979 3339497,-161912 3561928))
32648;POLYGON((-732546 3615325,-541817 3593835,-564201 3370263,-759224 3390996,-732546 3615325))
32649;POLYGON((-1308988 3703065,-1116040 3669825,-1151668 3443622,-1349315 3475750,-1308988 3703065))
32650;POLYGON((-1893665 3828497,-1697721 3782229,-1748002 3552363,-1949251 3597203,-1893665 3828497))
32651;POLYGON((-2488630 3996545,-2289061 3935416,-2356049 3701005,-2561773 3760465,-2488630 3996545))
32652;POLYGON((-3095304 4214018,-2891727 4135525,-2978260 3895966,-3189146 3972687,-3095304 4214018))
32653;POLYGON((-3714105 4490041,-3506520 4390854,-3616420 4146045,-3832846 4243594,-3714105 4490041))
32654;POLYGON((-4343929 4836612,-4132913 4712371,-4271235 4463065,-4493110 4586196,-4343929 4836612))
32655;POLYGON((-4981474 5269307,-4768421 5114372,-4941792 4862728,-5168329 5017720,-4981474 5269307))
32656;POLYGON((-5620351 5808175,-5407797 5615303,-5624829 5365718,-5854267 5560807,-5620351 5808175))
32657;POLYGON((-6249986 6478826,-6041999 6238785,-6313815 5999106,-6543060 6245025,-6249986 6478826))
32658;POLYGON((-6854258 7313769,-6656923 7014863,-6997806 6798107,-7221994 7108769,-6854258 7313769))
32659;POLYGON((-7409867 8354033,-7231861 7981526,-7660044 7808264,-7872018 8201592,-7409867 8354033))
32660;POLYGON((-7884390 9651097,-7737669 9186534,-8276290 9088125,-8465976 9587069,-7884390 9651097))
