32701;POLYGON((-3956551 35098,-4003478 204079,-3742144 220326,-3701152 69153,-3956551 35098))
32702;POLYGON((-3702411 -441790,-3807512 -289456,-3571161 -217909,-3479751 -350702,-3702411 -441790))
32703;POLYGON((-3244718 -835326,-3422821 -716977,-3237513 -585720,-3083808 -683698,-3244718 -835326))
32704;POLYGON((-2533029 -1080984,-2801991 -1020383,-2703385 -828259,-2473256 -869146,-2533029 -1080984))
32705;POLYGON((-1506881 -1091696,-1888060 -1120695,-1923890 -871746,-1600630 -825957,-1506881 -1091696))
32706;POLYGON((-94273 -752273,-613052 -912776,-846053 -618802,-410015 -447711,-94273 -752273))
32707;POLYGON((1790011 87139,1103648 -259119,592312 57035,1164112 403122,1790011 87139))
32708;POLYGON((4246257 1618703,3357087 1017416,2463834 1317709,3198156 1901907,4246257 1618703))
32709;POLYGON((7391834 4085713,6258702 3142019,4852930 3368046,5780782 4269597,7391834 4085713))
32710;POLYGON((11363410 7792741,9938472 6397623,7857275 6464265,9014434 7781641,11363410 7792741))
32711;POLYGON((16319355 13117235,14547252 11136001,11589397 10923713,13016969 12778151,16319355 13117235))
32712;POLYGON((22442352 20522684,20259320 17790396,16178408 17135923,17923434 19675426,22442352 20522684))
32713;POLYGON((29942213 30573507,27275116 26889816,21771872 25575124,23887983 28978979,29942213 30573507))
32714;POLYGON((39058925 43951792,35824218 39075147,28537814 36814329,31085936 41298166,39058925 43951792))
32715;POLYGON((50065923 61476061,46168533 55117217,36666889 51541111,39715997 57362568,50065923 61476061))
32716;POLYGON((63273597 84122185,58605727 75936982,46374697 70575222,50002629 78040251,63273597 84122185))
32717;POLYGON((-49065923 61476061,-53207498 68402517,-41948937 63695307,-38715997 57362568,-49065923 61476061))
32718;POLYGON((-38058925 43951792,-41503360 49287810,-32792969 46196999,-30085936 41298166,-38058925 43951792))
32719;POLYGON((-28942213 30573507,-31788685 34625795,-25140946 32716916,-22887983 28978979,-28942213 30573507))
32720;POLYGON((-21442352 20522684,-23778120 23547937,-18785851 22481441,-16923434 19675426,-21442352 20522684))
32721;POLYGON((-15319355 13117235,-17220907 15328858,-13544820 14843052,-12016969 12778151,-15319355 13117235))
32722;POLYGON((-10363410 7792741,-11897522 9366871,-9256883 9263332,-8014434 7781641,-10363410 7792741))
32723;POLYGON((-6391834 4085713,-7616565 5166588,-5780843 5297767,-4780782 4269597,-6391834 4085713))
32724;POLYGON((-3246257 1618703,-4211861 2323427,-2993317 2582203,-2198156 1901907,-3246257 1618703))
32725;POLYGON((-790011 87139,-1539785 509884,-786912 820830,-164112 403122,-790011 87139))
32726;POLYGON((1094273 -752273,523211 -536563,931455 -224421,1410015 -447711,1094273 -752273))
32727;POLYGON((2506881 -1091696,2082871 -1024077,2242117 -743195,2600630 -825957,2506881 -1091696))
32728;POLYGON((3533029 -1080984,3229222 -1115711,3214077 -884836,3473256 -869146,3533029 -1080984))
32729;POLYGON((4244718 -835326,4038476 -937429,3906318 -765449,4083808 -683698,4244718 -835326))
32730;POLYGON((4702411 -441790,4574765 -585008,4369001 -473978,4479751 -350702,4702411 -441790))
32731;POLYGON((4956551 35098,4891711 -129922,4644547 -77412,4701152 69153,4956551 35098))
32732;POLYGON((5048929 548646,5033848 375662,4768625 374800,4781629 531411,5048929 548646))
32733;POLYGON((5013913 1066059,5037890 894713,4771039 847039,4749215 1004343,5013913 1066059))
32734;POLYGON((4879541 1565187,4933871 1401856,4676528 1314417,4627122 1466049,4879541 1565187))
32735;POLYGON((4668492 2031865,4746155 1880525,4505480 1760232,4434434 1902072,4668492 2031865))
32736;POLYGON((4398939 2457772,4494330 2320660,4274569 2173892,4186713 2303470,4398939 2457772))
32737;POLYGON((4085300 2838733,4193989 2716869,3997316 2549255,3896547 2665277,4085300 2838733))
32738;POLYGON((3738888 3173388,3857412 3066981,3684593 2883315,3574021 2985290,3738888 3173388))
32739;POLYGON((3368475 3462189,3494161 3370940,3345050 3175175,3227134 3263134,3368475 3462189))
32740;POLYGON((2980773 3706638,3111586 3629965,2985506 3425277,2862169 3499560,2980773 3706638))
32741;POLYGON((2580851 3908739,2715260 3845946,2611274 3634822,2484005 3695920,2580851 3908739))
32742;POLYGON((2172477 4070617,2309352 4021000,2226456 3805348,2096398 3853796,2172477 4070617))
32743;POLYGON((1758424 4194249,1896935 4157177,1834194 3938439,1702218 3974737,1758424 4194249))
32744;POLYGON((1340718 4281302,1480258 4256263,1436888 4035522,1303666 4060088,1340718 4281302))
32745;POLYGON((920857 4333021,1060973 4319650,1036398 4097738,902458 4110873,920857 4333021))
32746;POLYGON((500000 4350175,640333 4348271,634213 4125858,500000 4127729,500000 4350175))
32747;POLYGON((79142 4333021,219368 4342556,231618 4120242,97541 4110873,79142 4333021))
32748;POLYGON((-340718 4281302,-200941 4302420,-170151 4080817,-303666 4060088,-340718 4281302))
32749;POLYGON((-758424 4194249,-619512 4227260,-569760 4007084,-702218 3974737,-758424 4194249))
32750;POLYGON((-1172477 4070617,-1034977 4115987,-965614 3898141,-1096398 3853796,-1172477 4070617))
32751;POLYGON((-1580851 3908739,-1445510 3967065,-1355694 3752742,-1484005 3695920,-1580851 3908739))
32752;POLYGON((-1980773 3706638,-1848614 3778605,-1737375 3569388,-1862169 3499560,-1980773 3706638))
32753;POLYGON((-2368475 3462189,-2240881 3548507,-2107221 3346486,-2227134 3263134,-2368475 3462189))
32754;POLYGON((-2738888 3173388,-2617714 3274692,-2460756 3082570,-2574021 2985290,-2738888 3173388))
32755;POLYGON((-3085300 2838733,-2972990 2955436,-2792200 2776640,-2896547 2665277,-3085300 2838733))
32756;POLYGON((-3398939 2457772,-3298674 2589867,-3094162 2428627,-3186713 2303470,-3398939 2457772))
32757;POLYGON((-3668492 2031865,-3584359 2178641,-3357297 2040032,-3434434 1902072,-3668492 2031865))
32758;POLYGON((-3879541 1565187,-3816728 1724865,-3569901 1614782,-3627122 1466049,-3879541 1565187))
32759;POLYGON((-4013913 1066059,-3978940 1235308,-3717461 1160340,-3749215 1004343,-4013913 1066059))
32760;POLYGON((-4048929 548646,-4049907 721973,-3782130 689128,-3781629 531411,-4048929 548646))
