32601;POLYGON((-12908398 10098091,-12396874 9352938,-13138777 8853037,-13729343 9587897,-12908398 10098091))
32602;POLYGON((-14560281 12835777,-13989187 11831077,-14993804 11303286,-15671155 12301214,-14560281 12835777))
32603;POLYGON((-16408034 16520933,-15768688 15169746,-17125474 14627284,-17906508 15978106,-16408034 16520933))
32604;POLYGON((-18479592 21464006,-17762360 19653967,-19587331 19119823,-20491887 20939965,-18479592 21464006))
32605;POLYGON((-20805879 28063452,-20000108 25650796,-22442171 25161566,-23493465 27600360,-20805879 28063452))
32606;POLYGON((-23421030 36825741,-22514971 33628273,-25763378 33239049,-26988474 36486147,-23421030 36825741))
32607;POLYGON((-26362612 48388724,-25343347 44177637,-29636393 43968130,-31066727 48262154,-26362612 48388724))
32608;POLYGON((-29671858 63548743,-28525221 58039141,-34160331 58121273,-35832278 63759829,-29671858 63548743))
32609;POLYGON((-33393902 83291874,-32104400 76131872,-39449741 76659068,-41405243 84010273,-33393902 83291874))
32610;POLYGON((-37578031 108829703,-36128758 99587973,-45636535 100766428,-47923777 110282087,-37578031 108829703))
32611;POLYGON((-42277936 141640090,-40650489 129791694,-52872075 131893906,-55546220 144124504,-42277936 141640090))
32612;POLYGON((-47551983 183513339,-45726371 168423704,-61329443 171804603,-64453429 187416273,-47551983 183513339))
32613;POLYGON((-53463481 236604279,-51418034 217511155,-71205884 222627174,-74851281 242420801,-53463481 236604279))
32614;POLYGON((-60080970 303490721,-57792242 279483952,-82725450 286915427,-86973381 311848081,-60080970 303490721))
32615;POLYGON((-67478514 387238816,-64921185 357237758,-96141831 367715072,-101083965 398923933,-67478514 387238816))
32616;POLYGON((-75736003 491475849,-72882776 454204244,-111741395 468638159,-117481009 507467145,-75736003 491475849))
32617;POLYGON((68478514 387238816,71131341 419511149,107279846 432512481,102083965 398923933,68478514 387238816))
32618;POLYGON((61080970 303490721,63456323 329366397,92441977 338736816,87973381 311848081,61080970 303490721))
32619;POLYGON((54463481 236604279,56587327 257226226,79688008 263812720,75851281 242420801,54463481 236604279))
32620;POLYGON((48551983 183513339,50448380 199845910,68742814 204325693,65453429 187416273,48551983 183513339))
32621;POLYGON((43277936 141640090,44969136 154492477,59362911 157401872,56546220 144124504,43277936 141640090))
32622;POLYGON((38578031 108829703,40084574 118876930,51333490 120636219,48923777 110282087,38578031 108829703))
32623;POLYGON((34393902 83291874,35734711 91093545,44465642 92028216,42405243 84010273,34393902 83291874))
32624;POLYGON((30671858 63548743,31864327 69565730,38593789 69924523,36832278 63759829,30671858 63548743))
32625;POLYGON((27362612 48388724,28422696 52997926,33573294 52968058,32066727 48262154,27362612 48388724))
32626;POLYGON((24421030 36825741,25363329 40333098,29278258 40053014,27988474 36486147,24421030 36825741))
32627;POLYGON((21805879 28063452,22643717 30715348,25599481 30285288,24493465 27600360,21805879 28063452))
32628;POLYGON((19479592 21464006,20225100 23457201,22442597 22947905,21491887 20939965,19479592 21464006))
32629;POLYGON((17408034 16520933,18072222 18011168,19726353 17470947,18906508 15978106,17408034 16520933))
32630;POLYGON((15560281 12835777,16153115 13945170,17381052 13405597,16671155 12301214,15560281 12835777))
32631;POLYGON((13908398 10098091,14438870 10921451,15347124 10401878,14729343 9587897,13908398 10098091))
32632;POLYGON((12427234 8068456,12903431 8678632,13573838 8189718,13033021 7591031,12427234 8068456))
32633;POLYGON((11094216 6564183,11523388 7016550,12018136 6562973,11541452 6122696,11094216 6564183))
32634;POLYGON((9889150 5447395,10277776 5783580,10643589 5366080,10220203 5041628,9889150 5447395))
32635;POLYGON((8794026 4615189,9147879 4866136,9419458 4483012,9040243 4242883,8794026 4615189))
32636;POLYGON((7792839 3991617,8117042 4180076,8319866 3828253,7977144 3649418,7792839 3991617))
32637;POLYGON((6871394 3521230,7170488 3663747,7323052 3339510,7010371 3205326,6871394 3521230))
32638;POLYGON((6017136 3163956,6295136 3272447,6410729 2971918,6122662 2870483,6017136 3163956))
32639;POLYGON((5218974 2891096,5479425 2974071,5567503 2693493,5299477 2616378,5218974 2891096))
32640;POLYGON((4467106 2682261,4713142 2745750,4780384 2481639,4528523 2422924,4467106 2682261))
32641;POLYGON((3752852 2523066,3987252 2571311,4038341 2320519,3799338 2276072,3752852 2523066))
32642;POLYGON((3068493 2403431,3293733 2439398,3331929 2199107,3102930 2166067,3068493 2403431))
32643;POLYGON((2407101 2316374,2625413 2342104,2652958 2109792,2431461 2086204,2407101 2316374))
32644;POLYGON((1762382 2257164,1975803 2274024,1994203 2047411,1777969 2031977,1762382 2257164))
32645;POLYGON((1128517 2222765,1338944 2231604,1349149 2008589,1136122 2000504,1128517 2222765))
32646;POLYGON((500000 2211481,709243 2212730,711760 1991327,500000 1990185,500000 2211481))
32647;POLYGON((-128517 2222765,81316 2216485,76269 1994761,-136122 2000504,-128517 2222765))
32648;POLYGON((-762382 2257164,-550165 2243050,-563025 2019061,-777969 2031977,-762382 2257164))
32649;POLYGON((-1407101 2316374,-1190638 2293724,-1211956 2065452,-1431461 2086204,-1407101 2316374))
32650;POLYGON((-2068493 2403431,-1845799 2371066,-1876696 2136358,-2102930 2166067,-2068493 2403431))
32651;POLYGON((-2752852 2523066,-2521768 2479191,-2563968 2235693,-2799338 2276072,-2752852 2523066))
32652;POLYGON((-3467106 2682261,-3225241 2624254,-3281292 2369351,-3528523 2422924,-3467106 2682261))
32653;POLYGON((-4218974 2891096,-3963658 2815186,-4037240 2545953,-4299477 2616378,-4218974 2891096))
32654;POLYGON((-5017136 3163956,-4745358 3064776,-4841747 2777950,-5122662 2870483,-5017136 3163956))
32655;POLYGON((-5871394 3521230,-5579752 3391189,-5706453 3083185,-6010371 3205326,-5871394 3521230))
32656;POLYGON((-6792839 3991617,-6477482 3820053,-6645097 3487052,-6977144 3649418,-6792839 3991617))
32657;POLYGON((-7794026 4615189,-7450596 4387255,-7673980 4025392,-8040243 4242883,-7794026 4615189))
32658;POLYGON((-8889150 5447395,-8512722 5142610,-8812478 4748318,-9220203 5041628,-8889150 5447395))
32659;POLYGON((-10094216 6564183,-9679243 6154583,-10083648 5725152,-10541452 6122696,-10094216 6564183))
32660;POLYGON((-11427234 8068456,-10967479 7516286,-11514902 7050688,-12033021 7591031,-11427234 8068456))
