32601;POLYGON((-3723529 9855751,-3757133 9702773,-4020651 9710375,-3982167 9880817,-3723529 9855751))
32602;POLYGON((-3527790 10285377,-3610028 10148517,-3852126 10210478,-3757675 10366638,-3527790 10285377))
32603;POLYGON((-3163534 10636578,-3305940 10531425,-3501944 10652541,-3337161 10778012,-3163534 10636578))
32604;POLYGON((-2591834 10851640,-2808139 10799401,-2924150 10981493,-2671714 11053690,-2591834 10851640))
32605;POLYGON((-1766528 10853197,-2072986 10882125,-2063473 11122177,-1702645 11110723,-1766528 10853197))
32606;POLYGON((-633187 10539427,-1048927 10686509,-853880 10974221,-359986 10839039,-633187 10539427))
32607;POLYGON((872026 9778423,324604 10091356,783017 10405987,1439152 10095057,872026 9778423))
32608;POLYGON((2823609 8401639,2118407 8941121,2939729 9247492,3792409 8694247,2823609 8401639))
32609;POLYGON((5308082 6196305,4414835 7038686,5724817 7282193,6814156 6402506,5308082 6196305))
32610;POLYGON((8425483 2896724,7309245 4137038,9265012 4237511,10637685 2926237,8425483 2896724))
32611;POLYGON((12290980 -1825674,10911575 -70249,13707520 -226019,15417573 -2098990,12290980 -1825674))
32612;POLYGON((17036626 -8373632,15348047 -5959852,19222529 -6527116,21332259 -9121341,17036626 -8373632))
32613;POLYGON((22813250 -17236820,20763012 -13990950,26005919 -15177761,28586831 -18687299,22813250 -17236820))
32614;POLYGON((29792497 -29006198,27320940 -24719041,34282197 -26798991,37416026 -31458097,29792497 -29006198))
32615;POLYGON((38169012 -44390095,35208557 -38811434,44307648 -42138636,48087464 -48228125,38169012 -44390095))
32616;POLYGON((48162793 -64232144,44637139 -57064546,56373731 -62091134,60905124 -69945477,48162793 -64232144))
32617;POLYGON((-40308935 -50462831,-43637139 -57064546,-55373731 -62091134,-51105420 -54865866,-40308935 -50462831))
32618;POLYGON((-31419098 -33693856,-34208557 -38811434,-43307648 -42138636,-39754249 -36560300,-31419098 -33693856))
32619;POLYGON((-23996924 -20804635,-26320940 -24719041,-33282197 -26798991,-30342431 -22551837,-23996924 -20804635))
32620;POLYGON((-17839586 -11043828,-19763012 -13990950,-25005919 -15177761,-22590622 -11997246,-17839586 -11043828))
32621;POLYGON((-12768024 -3783225,-14348047 -5959852,-18222529 -6527116,-16253495 -4193057,-12768024 -3783225))
32622;POLYGON((-8624704 1498928,-9911575 -70249,-12707520 -226019,-11116424 1443543,-8624704 1498928))
32623;POLYGON((-5271531 5232857,-6309245 4137038,-8265012 4237511,-6992407 5391786,-5271531 5232857))
32624;POLYGON((-2587910 7770530,-3414835 7038686,-4724817 7282193,-3719210 8042497,-2587910 7770530))
32625;POLYGON((-468946 9397434,-1118407 8941121,-1939729 9247492,-1156719 9711552,-468946 9397434))
32626;POLYGON((1176215 10342953,675395 10091356,216982 10405987,815493 10651715,1176215 10342953))
32627;POLYGON((2425921 10789480,2048927 10686509,1853880 10974221,2300412 11063020,2425921 10789480))
32628;POLYGON((3347417 10880357,3072986 10882125,3063473 11122177,3385635 11101815,3347417 10880357))
32629;POLYGON((3998138 10726765,3808139 10799401,3924150 10981493,4145243 10888583,3998138 10726765))
32630;POLYGON((4426879 10413651,4305940 10531425,4501944 10652541,4641513 10514666,4426879 10413651))
32631;POLYGON((4674873 10004793,4610028 10148517,4852126 10210478,4926458 10047998,4674873 10004793))
32632;POLYGON((4776750 9547094,4757133 9702773,5020651 9710375,5043223 9537951,4776750 9547094))
32633;POLYGON((4761417 9074186,4777978 9231887,5045456 9191529,5027334 9019392,4761417 9074186))
32634;POLYGON((4652842 8609430,4698096 8762346,4957614 8681045,4907813 8516046,4652842 8609430))
32635;POLYGON((4470751 8168378,4538554 8312060,4782369 8196782,4708170 8043248,4470751 8168378))
32636;POLYGON((4231254 7760773,4316602 7892512,4540047 7749743,4447273 7610162,4231254 7760773))
32637;POLYGON((3947400 7392153,4046252 7510486,4246857 7345991,4140120 7221554,3947400 7392153))
32638;POLYGON((3629660 7065109,3738785 7169434,3915589 6988146,3798499 6879174,3629660 7065109))
32639;POLYGON((3286355 6780266,3403194 6870544,3556219 6676555,3431570 6582814,3286355 6780266))
32640;POLYGON((2924030 6537020,3046577 6613550,3176434 6410160,3046358 6331104,2924030 6537020))
32641;POLYGON((2547777 6334090,2674479 6397348,2782077 6187150,2648179 6122093,2547777 6334090))
32642;POLYGON((2161523 6169911,2291184 6220431,2377527 6005422,2240998 5953655,2161523 6169911))
32643;POLYGON((1768271 6042914,1899978 6081206,1966019 5862898,1827733 5823775,1768271 6042914))
32644;POLYGON((1370317 5951712,1503372 5978210,1549924 5757739,1410521 5730724,1370317 5951712))
32645;POLYGON((969448 5895222,1103301 5910247,1130978 5688480,990931 5673183,969448 5895222))
32646;POLYGON((567109 5872738,701305 5876481,710488 5654109,570168 5650300,567109 5872738))
32647;POLYGON((164565 5883972,298694 5876481,289511 5654109,149244 5661732,164565 5883972))
32648;POLYGON((-236941 5929068,-103301 5910247,-130978 5688480,-270856 5707650,-236941 5929068))
32649;POLYGON((-636045 6008597,-503372 5978210,-549924 5757739,-689014 5788740,-636045 6008597))
32650;POLYGON((-1031091 6123521,-899978 6081206,-966019 5862898,-1103800 5906170,-1031091 6123521))
32651;POLYGON((-1419972 6275138,-1291184 6220431,-1377527 6005422,-1513289 6061543,-1419972 6275138))
32652;POLYGON((-1799944 6464972,-1674479 6397348,-1782077 6187150,-1914852 6256794,-1799944 6464972))
32653;POLYGON((-2167415 6694616,-2046577 6613550,-2176434 6410160,-2304903 6494038,-2167415 6694616))
32654;POLYGON((-2517709 6965483,-2403194 6870544,-2556219 6676555,-2678615 6775324,-2517709 6965483))
32655;POLYGON((-2844801 7278456,-2738785 7169434,-2915589 6988146,-3029575 7102269,-2844801 7278456))
32656;POLYGON((-3140999 7633390,-3046252 7510486,-3246857 7345991,-3349386 7475547,-3140999 7633390))
32657;POLYGON((-3396594 8028447,-3316602 7892512,-3540047 7749743,-3627197 7894162,-3396594 8028447))
32658;POLYGON((-3599449 8459195,-3538554 8312060,-3782369 8196782,-3849149 8354492,-3599449 8459195))
32659;POLYGON((-3734531 8917454,-3698096 8762346,-3957614 8681045,-3997743 8849013,-3734531 8917454))
32660;POLYGON((-3783384 9389808,-3777978 9231887,-4045456 9191529,-4051109 9364672,-3783384 9389808))
