32701;POLYGON((-14893348 2158437,-14170553 2790124,-13531834 2086116,-14183488 1413513,-14893348 2158437))
32702;POLYGON((-17326855 -192942,-16468241 674957,-15592200 -161816,-16354208 -1081173,-17326855 -192942))
32703;POLYGON((-20231220 -3414846,-19204388 -2227278,-18007114 -3230939,-18903961 -4483121,-20231220 -3414846))
32704;POLYGON((-23717057 -7807117,-22482778 -6191062,-20854729 -7404137,-21915764 -9101163,-23717057 -7807117))
32705;POLYGON((-27917729 -13757732,-26428802 -11572869,-24228553 -13048155,-25488771 -15334237,-27917729 -13757732))
32706;POLYGON((-32993045 -21763397,-31193017 -18830666,-28239890 -20633421,-29740807 -23692329,-32993045 -21763397))
32707;POLYGON((-39133361 -32453658,-36955115 -28546803,-33020550 -30757340,-34811168 -34820999,-39133361 -32453658))
32708;POLYGON((-46564112 -46618960,-43928307 -41454716,-38725838 -44171435,-40863707 -49529898,-46564112 -46618960))
32709;POLYGON((-55550792 -65243050,-52364152 -58469831,-45537845 -61812755,-48090227 -68825697,-55550792 -65243050))
32710;POLYGON((-66404413 -89540171,-62557854 -80725112,-53669048 -84839990,-56714190 -93949872,-66404413 -89540171))
32711;POLYGON((-79487457 -120997497,-74854043 -109611697,-63366238 -114674751,-66994759 -126421807,-79487457 -120997497))
32712;POLYGON((-95220346 -161423311,-89653078 -146825107,-74914794 -153048487,-79231183 -168087707,-95220346 -161423311))
32713;POLYGON((-114088463 -213001402,-107417873 -194417510,-88643310 -202055559,-93767556 -221175831,-114088463 -213001402))
32714;POLYGON((-136649727 -278352233,-128681289 -254856577,-104928601 -264212972,-110997944 -288358572,-136649727 -278352233))
32715;POLYGON((-163542762 -360601400,-154054106 -331091444,-124201092 -342527331,-131371912 -372821945,-163542762 -360601400))
32716;POLYGON((-195495679 -463455975,-184233591 -426626366,-146950619 -440569584,-155400459 -478343048,-195495679 -463455975))
32717;POLYGON((174592814 -392395371,185233591 -426626366,147950619 -440569584,139948240 -405450743,174592814 -392395371))
32718;POLYGON((146098737 -303720705,155054106 -331091444,125201092 -342527331,118416069 -314419387,146098737 -303720705))
32719;POLYGON((122168740 -233111450,129681289 -254856577,105928601 -264212972,100190680 -241857952,122168740 -233111450))
32720;POLYGON((102135377 -177257071,108417873 -194417510,89643310 -202055559,84802710 -184392415,102135377 -177257071))
32721;POLYGON((85414763 -133376712,90653078 -146825107,75914794 -153048487,71840227 -139187278,85414763 -133376712))
32722;POLYGON((71498210 -99148172,75854043 -109611697,64366238 -114674751,60943070 -103873489,71498210 -99148172))
32723;POLYGON((59944446 -72644366,63557854 -80725112,54669048 -84839990,51797587 -76483956,59944446 -72644366))
32724;POLYGON((50372424 -52276733,53364152 -58469831,46537845 -61812755,44131758 -55396090,50372424 -52276733))
32725;POLYGON((42454660 -36745042,44928307 -41454716,39725838 -44171435,37710688 -39280845,42454660 -36745042))
32726;POLYGON((35911119 -24993097,37955115 -28546803,34020550 -30757340,32332448 -27057734,35911119 -24993097))
32727;POLYGON((30503589 -16169845,32193017 -18830666,29239890 -20633421,27824260 -17855321,30503589 -16169845))
32728;POLYGON((26030545 -9595430,27428802 -11572869,25228553 -13048155,24039001 -10976726,26030545 -9595430))
32729;POLYGON((22322474 -4731733,23482778 -6191062,21854729 -7404137,20852015 -5869687,22322474 -4731733))
32730;POLYGON((19237627 -1156988,20204388 -2227278,19007114 -3230939,18158218 -2100745,19237627 -1156988))
32731;POLYGON((16658194 1455942,17468241 674957,16592200 -161816,15869477 666847,16658194 1455942))
32732;POLYGON((14486863 3357997,15170553 2790124,14531834 2086116,13912260 2691885,14486863 3357997))
32733;POLYGON((12643751 4739425,13225951 4327144,12761025 3728630,12225517 4171006,12643751 4739425))
32734;POLYGON((11063680 5742705,11564637 5443130,11225990 4928381,10758806 5251846,11063680 5742705))
32735;POLYGON((9693770 6473189,10129879 6254756,9882424 5806500,9470630 6043899,9693770 6473189))
32736;POLYGON((8491339 7007773,8875812 6847549,8693966 6452082,8326973 6627364,8491339 7007773))
32737;POLYGON((7422077 7401861,7765524 7283399,7630868 6929844,7300022 7060261,7422077 7401861))
32738;POLYGON((6458471 7694874,6769394 7606521,6668829 7286233,6367064 7384067,6458471 7694874))
32739;POLYGON((5578466 7914535,5863684 7848130,5787996 7554209,5509531 7628114,5578466 7914535))
32740;POLYGON((4764332 8080150,5029337 8030027,4972106 7756926,4712188 7812945,4764332 8080150))
32741;POLYGON((4001720 8205045,4250971 8167304,4207758 7910517,3962448 7952837,4001720 8205045))
32742;POLYGON((3278874 8298351,3516043 8270327,3483803 8026136,3249793 8057640,3278874 8298351))
32743;POLYGON((2585991 8366273,2814164 8346162,2790827 8111438,2565286 8134086,2585991 8366273))
32744;POLYGON((1914697 8412951,2136535 8399563,2120720 8171601,1901174 8186697,1914697 8412951))
32745;POLYGON((1257612 8441036,1475487 8433626,1466320 8210020,1250536 8218381,1257612 8441036))
32746;POLYGON((607995 8452045,824103 8450219,821099 8228745,606996 8230807,607995 8452045))
32747;POLYGON((-40564 8446556,175896 8450219,178900 8228745,-35538 8224611,-40564 8446556))
32748;POLYGON((-694432 8424283,-475487 8433626,-466320 8210020,-683121 8199479,-694432 8424283))
32749;POLYGON((-1360209 8384036,-1136535 8399563,-1120720 8171601,-1342006 8154099,-1360209 8384036))
32750;POLYGON((-2045022 8323572,-1814164 8346162,-1790827 8111438,-2018900 8086011,-2045022 8323572))
32751;POLYGON((-2756872 8239300,-2516043 8270327,-2483803 8026136,-2721246 7991284,-2756872 8239300))
32752;POLYGON((-3505031 8125783,-3250971 8167304,-3207758 7910517,-3457543 7864006,-3505031 8125783))
32753;POLYGON((-4300539 7974984,-4029337 8030027,-3972106 7756926,-4237732 7695490,-4300539 7974984))
32754;POLYGON((-5156801 7775144,-4863684 7848130,-4787996 7554209,-5073653 7473110,-5156801 7775144))
32755;POLYGON((-6090325 7509188,-5769394 7606521,-5668829 7286233,-5979587 7178655,-6090325 7509188))
32756;POLYGON((-7121607 7152517,-6765524 7283399,-6630868 6929844,-6972906 6786051,-7121607 7152517))
32757;POLYGON((-8276201 6670031,-7875812 6847549,-7693966 6452082,-8074843 6258302,-8276201 6670031))
32758;POLYGON((-9585991 6012201,-9129879 6254756,-8882424 5806500,-9311398 5543463,-9585991 6012201))
32759;POLYGON((-11090677 5109993,-10564637 5443130,-10225990 4928381,-10714384 4569441,-11090677 5109993))
32760;POLYGON((-12839520 3868413,-12225951 4327144,-11761025 3728630,-12322652 3237398,-12839520 3868413))
