32601;POLYGON((-6579758 9672189,-6515778 9300658,-6981747 9272445,-7074536 9681511,-6579758 9672189))
32602;POLYGON((-6647790 10918646,-6648126 10480198,-7205288 10581776,-7238657 11076341,-6647790 10918646))
32603;POLYGON((-6475903 12383945,-6564698 11869485,-7228332 12163422,-7178733 12759858,-6475903 12383945))
32604;POLYGON((-5978950 14096078,-6186836 13496185,-6974010 14069076,-6811406 14786395,-5978950 14096078))
32605;POLYGON((-5049861 16083456,-5415203 15388673,-6344764 16358632,-6031374 17218770,-5049861 16083456))
32606;POLYGON((-3555617 18373856,-4125905 17575071,-5218428 19101058,-4707315 20129180,-3555617 18373856))
32607;POLYGON((-1332735 20993055,-2166148 20081995,-3443821 22375313,-2677310 23600119,-1332735 20993055))
32608;POLYGON((1817743 23963131,650611 22932970,-835833 26271295,256245 27725354,1817743 23963131))
32609;POLYGON((6135822 27300366,4550045 26146466,2830026 30890835,4332279 32610919,6135822 27300366))
32610;POLYGON((11908662 31012709,9802877 29733522,7823651 36348720,9837255 38376151,11908662 31012709))
32611;POLYGON((19477303 35096764,16731403 33694891,14466947 42773747,17111997 45154757,19477303 35096764))
32612;POLYGON((29243999 39534228,25716619 38017670,23141072 50309806,26559132 53095902,29243999 39534228))
32613;POLYGON((41680208 44287744,37205986 42671352,34294329 59116985,38651214 62365328,41680208 44287744))
32614;POLYGON((57335254 49296106,51721865 47603257,48450730 69372710,53939519 73146490,57335254 49296106))
32615;POLYGON((76845697 54468754,69870655 52733266,66219282 81272886,73063575 85641713,76845697 54468754))
32616;POLYGON((100945439 59679503,92352639 57947817,88304001 95033067,96761425 100073363,100945439 59679503))
32617;POLYGON((-118972601 63093083,119972601 63093083,115514701 110889637,-114514701 110889637,-118972601 63093083))
32618;POLYGON((-91352639 57947817,-99945439 59679503,-95761425 100073363,-87304001 95033067,-91352639 57947817))
32619;POLYGON((-68870655 52733266,-75845697 54468754,-72063575 85641713,-65219282 81272886,-68870655 52733266))
32620;POLYGON((-50721865 47603257,-56335254 49296106,-52939519 73146490,-47450730 69372710,-50721865 47603257))
32621;POLYGON((-36205986 42671352,-40680208 44287744,-37651214 62365328,-33294329 59116985,-36205986 42671352))
32622;POLYGON((-24716619 38017670,-28243999 39534228,-25559132 53095902,-22141072 50309806,-24716619 38017670))
32623;POLYGON((-15731403 33694891,-18477303 35096764,-16111997 45154757,-13466947 42773747,-15731403 33694891))
32624;POLYGON((-8802877 29733522,-10908662 31012709,-8837255 38376151,-6823651 36348720,-8802877 29733522))
32625;POLYGON((-3550045 26146466,-5135822 27300366,-3332279 32610919,-1830026 30890835,-3550045 26146466))
32626;POLYGON((349388 22932970,-817743 23963131,743754 27725354,1835833 26271295,349388 22932970))
32627;POLYGON((3166148 20081995,2332735 20993055,3677310 23600119,4443821 22375313,3166148 20081995))
32628;POLYGON((5125905 17575071,4555617 18373856,5707315 20129180,6218428 19101058,5125905 17575071))
32629;POLYGON((6415203 15388673,6049861 16083456,7031374 17218770,7344764 16358632,6415203 15388673))
32630;POLYGON((7186836 13496185,6978950 14096078,7811406 14786395,7974010 14069076,7186836 13496185))
32631;POLYGON((7564698 11869485,7475903 12383945,8178733 12759858,8228332 12163422,7564698 11869485))
32632;POLYGON((7648126 10480198,7647790 10918646,8238657 11076341,8205288 10581776,7648126 10480198))
32633;POLYGON((7515778 9300658,7579758 9672189,8074536 9681511,7981747 9272445,7515778 9300658))
32634;POLYGON((7229065 8304622,7338613 8617790,7751408 8528675,7617369 8191103,7229065 8304622))
32635;POLYGON((6835163 7467765,6975965 7730443,7319173 7577984,7157647 7300011,6835163 7467765))
32636;POLYGON((6369646 6767997,6530987 6987287,6815379 6795672,6636561 6567271,6369646 6767997))
32637;POLYGON((5858750 6185626,6032795 6367820,6267624 6153354,6078868 5966143,5858750 6185626))
32638;POLYGON((5321312 5703412,5502498 5853986,5695616 5627364,5502048 5474399,5321312 5703412))
32639;POLYGON((4770398 5306513,4954921 5430154,5112912 5198156,4917942 5073738,4770398 5306513))
32640;POLYGON((4214668 4982375,4400059 5083022,4528367 4849744,4334114 4749249,4214668 4982375))
32641;POLYGON((3659478 4720568,3844259 4801473,3947320 4569207,3754953 4488929,3659478 4720568))
32642;POLYGON((3107773 4512605,3291183 4576394,3372547 4346240,3182557 4283259,3107773 4512605))
32643;POLYGON((2560784 4351738,2742567 4400478,2805012 4172772,2617422 4124832,2560784 4351738))
32644;POLYGON((2018565 4232777,2198807 4268036,2244440 4042626,2058958 4008043,2018565 4232777))
32645;POLYGON((1480387 4151911,1659398 4174816,1689739 3951253,1505876 3928831,1480387 4151911))
32646;POLYGON((945037 4106575,1123261 4117850,1139307 3895509,956457 3884483,945037 4106575))
32647;POLYGON((411022 4095339,588977 4095339,591253 3873499,408746 3873499,411022 4095339))
32648;POLYGON((-123261 4117850,54962 4106575,43542 3884483,-139307 3895509,-123261 4117850))
32649;POLYGON((-659398 4174816,-480387 4151911,-505876 3928831,-689739 3951253,-659398 4174816))
32650;POLYGON((-1198807 4268036,-1018565 4232777,-1058958 4008043,-1244440 4042626,-1198807 4268036))
32651;POLYGON((-1742567 4400478,-1560784 4351738,-1617422 4124832,-1805012 4172772,-1742567 4400478))
32652;POLYGON((-2291183 4576394,-2107773 4512605,-2182557 4283259,-2372547 4346240,-2291183 4576394))
32653;POLYGON((-2844259 4801473,-2659478 4720568,-2754953 4488929,-2947320 4569207,-2844259 4801473))
32654;POLYGON((-3400059 5083022,-3214668 4982375,-3334114 4749249,-3528367 4849744,-3400059 5083022))
32655;POLYGON((-3954921 5430154,-3770398 5306513,-3917942 5073738,-4112912 5198156,-3954921 5430154))
32656;POLYGON((-4502498 5853986,-4321312 5703412,-4502048 5474399,-4695616 5627364,-4502498 5853986))
32657;POLYGON((-5032795 6367820,-4858750 6185626,-5078868 5966143,-5267624 6153354,-5032795 6367820))
32658;POLYGON((-5530987 6987287,-5369646 6767997,-5636561 6567271,-5815379 6795672,-5530987 6987287))
32659;POLYGON((-5975965 7730443,-5835163 7467765,-6157647 7300011,-6319173 7577984,-5975965 7730443))
32660;POLYGON((-6338613 8617790,-6229065 8304622,-6617369 8191103,-6751408 8528675,-6338613 8617790))
