32601;POLYGON((-3776750 9547094,-3783384 9389808,-4051109 9364672,-4043223 9537951,-3776750 9547094))
32602;POLYGON((-3674873 10004793,-3723529 9855751,-3982167 9880817,-3926458 10047998,-3674873 10004793))
32603;POLYGON((-3426879 10413651,-3527790 10285377,-3757675 10366638,-3641513 10514666,-3426879 10413651))
32604;POLYGON((-2998138 10726765,-3163534 10636578,-3337161 10778012,-3145243 10888583,-2998138 10726765))
32605;POLYGON((-2347417 10880357,-2591834 10851640,-2671714 11053690,-2385635 11101815,-2347417 10880357))
32606;POLYGON((-1425921 10789480,-1766528 10853197,-1702645 11110723,-1300412 11063020,-1425921 10789480))
32607;POLYGON((-176215 10342953,-633187 10539427,-359986 10839039,184506 10651715,-176215 10342953))
32608;POLYGON((1468946 9397434,872026 9778423,1439152 10095057,2156719 9711552,1468946 9397434))
32609;POLYGON((3587910 7770530,2823609 8401639,3792409 8694247,4719210 8042497,3587910 7770530))
32610;POLYGON((6271531 5232857,5308082 6196305,6814156 6402506,7992407 5391786,6271531 5232857))
32611;POLYGON((9624704 1498928,8425483 2896724,10637685 2926237,12116424 1443543,9624704 1498928))
32612;POLYGON((13768024 -3783225,12290980 -1825674,15417573 -2098990,17253495 -4193057,13768024 -3783225))
32613;POLYGON((18839586 -11043828,17036626 -8373632,21332259 -9121341,23590622 -11997246,18839586 -11043828))
32614;POLYGON((24996924 -20804635,22813250 -17236820,28586831 -18687299,31342431 -22551837,24996924 -20804635))
32615;POLYGON((32419098 -33693856,29792497 -29006198,37416026 -31458097,40754249 -36560300,32419098 -33693856))
32616;POLYGON((41308935 -50462831,38169012 -44390095,48087464 -48228125,52105420 -54865866,41308935 -50462831))
32617;POLYGON((-47162793 -64232144,48162793 -64232144,60905124 -69945477,-59905124 -69945477,-47162793 -64232144))
32618;POLYGON((-37169012 -44390095,-40308935 -50462831,-51105420 -54865866,-47087464 -48228125,-37169012 -44390095))
32619;POLYGON((-28792497 -29006198,-31419098 -33693856,-39754249 -36560300,-36416026 -31458097,-28792497 -29006198))
32620;POLYGON((-21813250 -17236820,-23996924 -20804635,-30342431 -22551837,-27586831 -18687299,-21813250 -17236820))
32621;POLYGON((-16036626 -8373632,-17839586 -11043828,-22590622 -11997246,-20332259 -9121341,-16036626 -8373632))
32622;POLYGON((-11290980 -1825674,-12768024 -3783225,-16253495 -4193057,-14417573 -2098990,-11290980 -1825674))
32623;POLYGON((-7425483 2896724,-8624704 1498928,-11116424 1443543,-9637685 2926237,-7425483 2896724))
32624;POLYGON((-4308082 6196305,-5271531 5232857,-6992407 5391786,-5814156 6402506,-4308082 6196305))
32625;POLYGON((-1823609 8401639,-2587910 7770530,-3719210 8042497,-2792409 8694247,-1823609 8401639))
32626;POLYGON((127973 9778423,-468946 9397434,-1156719 9711552,-439152 10095057,127973 9778423))
32627;POLYGON((1633187 10539427,1176215 10342953,815493 10651715,1359986 10839039,1633187 10539427))
32628;POLYGON((2766528 10853197,2425921 10789480,2300412 11063020,2702645 11110723,2766528 10853197))
32629;POLYGON((3591834 10851640,3347417 10880357,3385635 11101815,3671714 11053690,3591834 10851640))
32630;POLYGON((4163534 10636578,3998138 10726765,4145243 10888583,4337161 10778012,4163534 10636578))
32631;POLYGON((4527790 10285377,4426879 10413651,4641513 10514666,4757675 10366638,4527790 10285377))
32632;POLYGON((4723529 9855751,4674873 10004793,4926458 10047998,4982167 9880817,4723529 9855751))
32633;POLYGON((4783384 9389808,4776750 9547094,5043223 9537951,5051109 9364672,4783384 9389808))
32634;POLYGON((4734531 8917454,4761417 9074186,5027334 9019392,4997743 8849013,4734531 8917454))
32635;POLYGON((4599449 8459195,4652842 8609430,4907813 8516046,4849149 8354492,4599449 8459195))
32636;POLYGON((4396594 8028447,4470751 8168378,4708170 8043248,4627197 7894162,4396594 8028447))
32637;POLYGON((4140999 7633390,4231254 7760773,4447273 7610162,4349386 7475547,4140999 7633390))
32638;POLYGON((3844801 7278456,3947400 7392153,4140120 7221554,4029575 7102269,3844801 7278456))
32639;POLYGON((3517709 6965483,3629660 7065109,3798499 6879174,3678615 6775324,3517709 6965483))
32640;POLYGON((3167415 6694616,3286355 6780266,3431570 6582814,3304903 6494038,3167415 6694616))
32641;POLYGON((2799944 6464972,2924030 6537020,3046358 6331104,2914852 6256794,2799944 6464972))
32642;POLYGON((2419972 6275138,2547777 6334090,2648179 6122093,2513289 6061543,2419972 6275138))
32643;POLYGON((2031091 6123521,2161523 6169911,2240998 5953655,2103800 5906170,2031091 6123521))
32644;POLYGON((1636045 6008597,1768271 6042914,1827733 5823775,1689014 5788740,1636045 6008597))
32645;POLYGON((1236941 5929068,1370317 5951712,1410521 5730724,1270856 5707650,1236941 5929068))
32646;POLYGON((835434 5883972,969448 5895222,990931 5673183,850755 5661732,835434 5883972))
32647;POLYGON((432890 5872738,567109 5872738,570168 5650300,429831 5650300,432890 5872738))
32648;POLYGON((30551 5895222,164565 5883972,149244 5661732,9068 5673183,30551 5895222))
32649;POLYGON((-370317 5951712,-236941 5929068,-270856 5707650,-410521 5730724,-370317 5951712))
32650;POLYGON((-768271 6042914,-636045 6008597,-689014 5788740,-827733 5823775,-768271 6042914))
32651;POLYGON((-1161523 6169911,-1031091 6123521,-1103800 5906170,-1240998 5953655,-1161523 6169911))
32652;POLYGON((-1547777 6334090,-1419972 6275138,-1513289 6061543,-1648179 6122093,-1547777 6334090))
32653;POLYGON((-1924030 6537020,-1799944 6464972,-1914852 6256794,-2046358 6331104,-1924030 6537020))
32654;POLYGON((-2286355 6780266,-2167415 6694616,-2304903 6494038,-2431570 6582814,-2286355 6780266))
32655;POLYGON((-2629660 7065109,-2517709 6965483,-2678615 6775324,-2798499 6879174,-2629660 7065109))
32656;POLYGON((-2947400 7392153,-2844801 7278456,-3029575 7102269,-3140120 7221554,-2947400 7392153))
32657;POLYGON((-3231254 7760773,-3140999 7633390,-3349386 7475547,-3447273 7610162,-3231254 7760773))
32658;POLYGON((-3470751 8168378,-3396594 8028447,-3627197 7894162,-3708170 8043248,-3470751 8168378))
32659;POLYGON((-3652842 8609430,-3599449 8459195,-3849149 8354492,-3907813 8516046,-3652842 8609430))
32660;POLYGON((-3761417 9074186,-3734531 8917454,-3997743 8849013,-4027334 9019392,-3761417 9074186))
