32701;POLYGON((-1404205 -2624688,-1286865 -2474816,-598497 -1844513,-657911 -1944151,-1404205 -2624688))
32702;POLYGON((2678526 -2964677,-1678526 -2964677,-799760 -2168639,1799760 -2168639,2678526 -2964677))
32703;POLYGON((2286865 -2474816,2404205 -2624688,1657911 -1944151,1598497 -1844513,2286865 -2474816))
32704;POLYGON((2003908 -2092433,2087519 -2209701,1500143 -1666889,1460252 -1587619,2003908 -2092433))
32705;POLYGON((1808463 -1791036,1865073 -1883918,1396821 -1445270,1372455 -1381154,1808463 -1791036))
32706;POLYGON((1682226 -1549277,1717635 -1624366,1336496 -1264717,1324190 -1211569,1682226 -1549277))
32707;POLYGON((1609490 -1350200,1628661 -1412703,1309269 -1113583,1306041 -1068097,1609490 -1350200))
32708;POLYGON((1576874 -1180562,1584026 -1234520,1306636 -982722,1309938 -942337,1576874 -1180562))
32709;POLYGON((1573072 -1030243,1571757 -1078716,1321350 -865099,1329022 -827878,1573072 -1030243))
32710;POLYGON((1588622 -891716,1581803 -936954,1347288 -755448,1357517 -719976,1588622 -891716))
32711;POLYGON((1615692 -759588,1605811 -803177,1379329 -649972,1390611 -615262,1615692 -759588))
32712;POLYGON((1647883 -630198,1636925 -673189,1413244 -546075,1424349 -511489,1647883 -630198))
32713;POLYGON((1680052 -501271,1669603 -544288,1445590 -442136,1455530 -407315,1680052 -501271))
32714;POLYGON((1708148 -371625,1699445 -414957,1473620 -337309,1481619 -302113,1708148 -371625))
32715;POLYGON((1729063 -240911,1723046 -284594,1495196 -231352,1500662 -195809,1729063 -240911))
32716;POLYGON((1740497 -109406,1737851 -153292,1508709 -124485,1511211 -88750,1740497 -109406))
32717;POLYGON((1740843 22162,1742034 -21642,1513009 -17266,1512255 18419,1740843 22162))
32718;POLYGON((1729075 152766,1734386 109411,1507343 89510,1503160 124842,1729075 152766))
32719;POLYGON((1704656 281190,1714217 238704,1491299 194894,1483615 229535,1704656 281190))
32720;POLYGON((1667453 406126,1681268 364951,1464750 297850,1453580 331444,1667453 406126))
32721;POLYGON((1617663 526240,1635634 486819,1427816 397308,1413247 429499,1617663 526240))
32722;POLYGON((1555754 640234,1577698 602994,1380818 492207,1362997 522649,1555754 640234))
32723;POLYGON((1482406 746880,1508076 712220,1324250 581528,1303373 609894,1482406 746880))
32724;POLYGON((1398468 845048,1427566 813332,1258743 664312,1235047 690301,1398468 845048))
32725;POLYGON((1304922 933721,1337107 905276,1185043 739685,1158797 763024,1304922 933721))
32726;POLYGON((1202844 1012011,1237748 987118,1103986 806863,1075488 827313,1202844 1012011))
32727;POLYGON((1093388 1079154,1130620 1058053,1016484 865159,986050 882514,1093388 1079154))
32728;POLYGON((977759 1134518,1016911 1117406,923504 913991,891466 928080,977759 1134518))
32729;POLYGON((857199 1177595,897855 1164627,826056 952880,792761 963565,857199 1177595))
32730;POLYGON((732978 1207999,774712 1199291,725186 981449,690986 988629,732978 1207999))
32731;POLYGON((606380 1225466,648763 1221093,621961 999427,587216 1003034,606380 1225466))
32732;POLYGON((478699 1229843,521300 1229843,517463 1006645,482536 1006645,478699 1229843))
32733;POLYGON((351236 1221093,393619 1225466,412783 1003034,378038 999427,351236 1221093))
32734;POLYGON((225287 1199291,267021 1207999,309013 988629,274813 981449,225287 1199291))
32735;POLYGON((102144 1164627,142800 1177595,207238 963565,173943 952880,102144 1164627))
32736;POLYGON((-16911 1117406,22240 1134518,108533 928080,76495 913991,-16911 1117406))
32737;POLYGON((-130620 1058053,-93388 1079154,13949 882514,-16484 865159,-130620 1058053))
32738;POLYGON((-237748 987118,-202844 1012011,-75488 827313,-103986 806863,-237748 987118))
32739;POLYGON((-337107 905276,-304922 933721,-158797 763024,-185043 739685,-337107 905276))
32740;POLYGON((-427566 813332,-398468 845048,-235047 690301,-258743 664312,-427566 813332))
32741;POLYGON((-508076 712220,-482406 746880,-303373 609894,-324250 581528,-508076 712220))
32742;POLYGON((-577698 602994,-555754 640234,-362997 522649,-380818 492207,-577698 602994))
32743;POLYGON((-635634 486819,-617663 526240,-413247 429499,-427816 397308,-635634 486819))
32744;POLYGON((-681268 364951,-667453 406126,-453580 331444,-464750 297850,-681268 364951))
32745;POLYGON((-714217 238704,-704656 281190,-483615 229535,-491299 194894,-714217 238704))
32746;POLYGON((-734386 109411,-729075 152766,-503160 124842,-507343 89510,-734386 109411))
32747;POLYGON((-742034 -21642,-740843 22162,-512255 18419,-513009 -17266,-742034 -21642))
32748;POLYGON((-737851 -153292,-740497 -109406,-511211 -88750,-508709 -124485,-737851 -153292))
32749;POLYGON((-723046 -284594,-729063 -240911,-500662 -195809,-495196 -231352,-723046 -284594))
32750;POLYGON((-699445 -414957,-708148 -371625,-481619 -302113,-473620 -337309,-699445 -414957))
32751;POLYGON((-669603 -544288,-680052 -501271,-455530 -407315,-445590 -442136,-669603 -544288))
32752;POLYGON((-636925 -673189,-647883 -630198,-424349 -511489,-413244 -546075,-636925 -673189))
32753;POLYGON((-605811 -803177,-615692 -759588,-390611 -615262,-379329 -649972,-605811 -803177))
32754;POLYGON((-581803 -936954,-588622 -891716,-357517 -719976,-347288 -755448,-581803 -936954))
32755;POLYGON((-571757 -1078716,-573072 -1030243,-329022 -827878,-321350 -865099,-571757 -1078716))
32756;POLYGON((-584026 -1234520,-576874 -1180562,-309938 -942337,-306636 -982722,-584026 -1234520))
32757;POLYGON((-628661 -1412703,-609490 -1350200,-306041 -1068097,-309269 -1113583,-628661 -1412703))
32758;POLYGON((-717635 -1624366,-682226 -1549277,-324190 -1211569,-336496 -1264717,-717635 -1624366))
32759;POLYGON((-865073 -1883918,-808463 -1791036,-372455 -1381154,-396821 -1445270,-865073 -1883918))
32760;POLYGON((-1087519 -2209701,-1003908 -2092433,-460252 -1587619,-500143 -1666889,-1087519 -2209701))
